Left,Mid,Right,Loss,Loss_left,Loss_right,gain,glasso
0,20,40,1350.5134987794906,974.6275273883916,1007.7137978024459,-631.8278264113469,5.148264961411201
1,21,41,1351.0310038565303,979.9392486569577,1000.0922686925287,-629.0005134929561,8.115792770526923
2,22,42,1350.216319259389,978.8563273005658,998.4794720746804,-627.1194801158572,8.810981963540371
3,23,43,1345.3556730570217,973.7769402254262,1001.2591149015983,-629.6803820700029,3.5143729326197217
4,24,44,1337.8898316697164,964.2249398741781,1000.0776022834681,-626.4127104879299,4.424322963161558
5,25,45,1344.236606396996,976.5752280766392,998.1752841724934,-630.5139058521365,1.2182368515547068
6,26,46,1346.978316082326,977.4265951987578,996.3388169734968,-626.7870960899286,2.3753995821447234
7,27,47,1345.7841253564088,977.0467064604877,996.5908484000287,-627.8534295041077,1.869186329509489
8,28,48,1345.1559360815797,977.9539047709995,997.6095837241562,-630.407552413576,0.11298599661859043
9,29,49,1350.480731757973,978.1793874449608,1000.4078678021469,-628.1065234891348,1.9054091115604024
10,30,50,1355.2969737378278,980.9019072294636,1002.9908981020353,-628.5958315936712,4.710590538707038
11,31,51,1359.8686328173708,983.1997625814898,1006.4752588793406,-629.8063886434597,4.198082656673478
12,32,52,1362.6723901907887,988.6593815591045,1004.3841521230479,-630.3711434913637,7.258920572770535
13,33,53,1358.186500828471,991.3699224872178,987.863941649169,-621.0473633079157,10.001402178824378
14,34,54,1359.2040204232667,989.6804959654248,993.8326258321498,-624.3091013743078,8.878243620926582
15,35,55,1365.0448702802316,999.7880990613018,989.1719373075227,-623.915166088593,8.108744698546843
16,36,56,1375.1864356201154,1002.5716355978616,1000.7879792923748,-628.173179270121,7.668698127495645
17,37,57,1379.6924113145888,1005.467075088156,1001.6597243797987,-627.434388153366,9.657295851229264
18,38,58,1381.3349488906579,1007.6588773154068,1003.1227553386987,-629.4466837634477,9.728803089795292
19,39,59,1380.1526504782055,1009.6450709546464,1000.0699051585179,-629.5623256349588,9.32185057982008
20,40,60,1386.597986246285,1007.7137978024459,1010.3230570192968,-631.4388685754577,8.487788654207293
21,41,61,1388.744794228804,1000.0922686925287,1015.9899995075525,-627.3374739712772,11.389999302242245
22,42,62,1393.8035794466177,998.4794720746804,1021.7154603519423,-626.391352980005,12.166992608803298
23,43,63,1393.2512040714685,1001.2591149015983,1019.3933707819054,-627.4012816120353,13.669366677828862
24,44,64,1399.1646677139297,1000.0776022834681,1021.8421644324511,-622.7550990019895,15.765893869621209
25,45,65,1397.2891000842274,998.1752841724934,1023.3496693838879,-624.2358534721538,12.99938146240902
26,46,66,1395.018563413083,996.3388169734968,1022.8999215056697,-624.2201750660834,10.717799833785648
27,47,67,1400.8174015514942,996.5908484000287,1027.491668067482,-623.2651149160165,10.164487444517363
28,48,68,1410.204629556209,997.6095837241562,1032.3177056072493,-619.7226597751965,13.376341454634485
29,49,69,1420.195579948659,1000.4078678021469,1037.7766231762623,-617.9889110297502,13.553255028674812
30,50,70,1422.0025313932447,1002.9908981020353,1036.6940380233273,-617.6824047321179,16.163270861268984
31,51,71,1420.5446568131551,1006.4752588793406,1031.8707031553135,-617.801305221499,17.71429198071405
32,52,72,1414.34670437563,1004.3841521230479,1028.1538550267987,-618.1913027742166,15.284645115772719
33,53,73,1414.8753953927453,987.863941649169,1032.83918353617,-605.8277297925936,18.165831966746055
34,54,74,1415.4754218297637,993.8326258321498,1024.0047447211318,-602.361948723518,17.657383106018983
35,55,75,1412.8200323515484,989.1719373075227,1027.2158203491747,-603.567725305149,12.088426233319979
36,56,76,1413.4018040449164,1000.7879792923748,1017.9131798847997,-605.2993551322579,9.923472009215288
37,57,77,1410.5353089112436,1001.6597243797987,1013.0441691728047,-604.1685846413598,8.705327798058647
38,58,78,1415.1952357035598,1003.1227553386987,1011.9334261204338,-599.8609457555726,11.38676488571889
39,59,79,1417.6056182000589,1000.0699051585179,1013.0917047248233,-595.5559916832824,11.140398340323372
40,60,80,1422.8871317322923,1010.3230570192968,1006.578195801558,-594.0141210885624,12.285376710807327
41,61,81,1422.3471479380232,1015.9899995075525,999.1370022590776,-592.779853828607,13.86040051155328
42,62,82,1423.2597172626083,1021.7154603519423,1000.8064594347745,-599.2622025241085,12.297967349017426
43,63,83,1416.463732784529,1019.3933707819054,1004.0986376707302,-607.0282756681067,10.732758826565373
44,64,84,1404.6291134246749,1021.8421644324511,1001.7194556541059,-618.9325066618821,8.72824423515658
45,65,85,1401.2003206218542,1023.3496693838879,995.967292383652,-618.1166411456857,10.581461908852134
46,66,86,1402.4792380660213,1022.8999215056697,999.1686175443605,-619.589300984009,11.313422401326193
47,67,87,1400.8803558331583,1027.491668067482,993.3687939732516,-619.9801062075753,10.895460974249431
48,68,88,1400.8534958604723,1032.3177056072493,977.5531665916797,-609.0173763384566,16.226077743941573
49,69,89,1394.934329588295,1037.7766231762623,969.8567069511081,-612.6990005390753,13.35419744448427
50,70,90,1404.1597075662157,1036.6940380233273,982.5841578583608,-615.1184883154724,5.167694827280002
51,71,91,1394.9614475691153,1031.8707031553135,978.6768423952975,-615.5860979814959,5.448771456645545
52,72,92,1397.401346837853,1028.1538550267987,979.4568642721277,-610.2093724610736,6.0436847503150375
53,73,93,1396.7972026052403,1032.83918353617,979.505743122583,-615.5477240535126,5.900691328902212
54,74,94,1402.7405460526943,1024.0047447211318,992.1530264049247,-613.4172250733623,8.08437353494162
55,75,95,1395.4608276181393,1027.2158203491747,998.9829045086193,-630.7378972396546,5.3867480353573
56,76,96,1383.9409868771063,1017.9131798847997,1003.2255560964603,-637.1977491041537,4.29165544199077
57,77,97,1376.6212943863184,1013.0441691728047,1007.1798903185097,-643.602765104996,1.1571724863806594
58,78,98,1373.3917821586485,1011.9334261204338,1001.7635646751964,-640.3052086369817,1.9000717320154763
59,79,99,1374.480591470043,1013.0917047248233,996.9071679575202,-635.5182812123005,1.7939004480331278
60,80,100,1366.8917538041328,1006.578195801558,996.9549041498212,-636.6413461472464,4.3714521715335195
61,81,101,1364.7899497808476,999.1370022590776,1005.3067475055549,-639.6537999837849,4.908271384487307
62,82,102,1363.1735835004076,1000.8064594347745,1000.6125272180484,-638.2454031524153,3.4489708777701935
63,83,103,1362.1797831439624,1004.0986376707302,999.3601421964544,-641.2789967232222,2.9982126340989907
64,84,104,1367.188761575499,1001.7194556541059,1010.6359761878763,-645.1666702664832,1.1673642222348235
65,85,105,1363.3020549034534,995.967292383652,1012.0299033805586,-644.6951408607572,1.2277308748440419
66,86,106,1360.9382920225817,999.1686175443605,1003.662552320629,-641.8928778424079,4.259825082888369
67,87,107,1352.7187130891475,993.3687939732516,999.180915918897,-639.8309968030012,4.603241119925087
68,88,108,1343.1730419847358,977.5531665916797,1000.6504969901769,-635.0306215971207,4.906369465396892
69,89,109,1335.507274963283,969.8567069511081,1000.5189618218627,-634.8683938096879,4.709690512213342
70,90,110,1322.9592762902994,982.5841578583608,989.4362532283783,-649.0611347964395,4.734182605766591
71,91,111,1320.9868820940549,978.6768423952975,989.6635893717084,-647.3535496729512,3.9469645927247257
72,92,112,1327.2452254668683,979.4568642721277,997.1349466657401,-649.3465854709996,3.243928208282682
73,93,113,1326.6829527352256,979.505743122583,997.9102975106773,-650.7330878980347,2.162892824992241
74,94,114,1330.7865770585804,992.1530264049247,991.8706202517681,-653.2370695981124,0.28976266519930505
75,95,115,1351.4802569509661,998.9829045086193,993.6268363017456,-641.1294838593988,-3.6617017591466947
76,96,116,1354.710762011584,1003.2255560964603,988.0658065268848,-636.5806006117612,0.4706717056300249
77,97,117,1353.4923819655214,1007.1798903185097,984.3322260645066,-638.0197344174949,0.7368846787808252
78,98,118,1348.8588465546081,1001.7635646751964,982.3051589105689,-635.2098770311572,2.155648445542738
79,99,119,1344.0861613922812,996.9071679575202,979.0415787403342,-631.8625853055732,1.435221624636597
80,100,120,1343.602101623668,996.9549041498212,977.9540319514447,-631.3068344775979,3.4401200771419553
81,101,121,1348.7521587176839,1005.3067475055549,984.6418940569963,-641.1964828448672,3.855630600651807
82,102,122,1351.2638254164208,1000.6125272180484,983.7518378832701,-633.1005396848977,6.279480136735401
83,103,123,1355.8583476398117,999.3601421964544,991.9768495058847,-635.4786440625276,7.47069533460558
84,104,124,1357.4378713334404,1010.6359761878763,979.2291197994202,-632.4272246538562,6.454592118236292
85,105,125,1356.2865005326005,1012.0299033805586,975.7748386825248,-631.5182415304828,5.063047269551134
86,106,126,1351.4758057742636,1003.662552320629,977.0164643661691,-629.2032109125346,7.543609411225816
87,107,127,1361.1927936580244,999.180915918897,987.2997132780636,-625.2878355389362,11.5191309238337
88,108,128,1364.7271289954092,1000.6504969901769,987.8632480467797,-623.7866160415474,12.487535051040595
89,109,129,1363.6323289392683,1000.5189618218627,985.1225964719201,-622.0092293545147,13.046638076141107
90,110,130,1350.0942563697786,989.4362532283783,987.1660145165228,-626.5080113751224,6.4491884677331655
91,111,131,1358.2339723003993,989.6635893717084,991.6666416564861,-623.0962587277954,6.35070697998799
92,112,132,1365.088211242888,997.1349466657401,998.2009974343828,-630.247732857235,6.292651464232449
93,113,133,1371.0776832438337,997.9102975106773,1005.5239892388026,-632.3566035056463,6.551143303584581
94,114,134,1363.8420619590127,991.8706202517681,1003.7815187856083,-631.8100770783637,7.638649484314669
95,115,135,1370.6959689085024,993.6268363017456,1005.7012312378732,-628.6320986311164,8.654900014814416
96,116,136,1372.694021281494,988.0658065268848,1014.3863210098104,-629.758106255201,7.437832156531158
97,117,137,1376.2826601126917,984.3322260645066,1021.8937520042225,-629.9433179560374,9.560096496703522
98,118,138,1377.2612697689224,982.3051589105689,1022.9181937669962,-627.9620829086427,9.769630944349501
99,119,139,1380.4001376706506,979.0415787403342,1023.4784840135679,-622.1199250832515,10.555910987393872
100,120,140,1374.5672746988969,977.9540319514447,1022.6356223674532,-626.022379620001,6.23595153560359
101,121,141,1375.34373898075,984.6418940569963,1022.2651815766004,-631.5633366528468,6.635074495755362
102,122,142,1373.910987916034,983.7518378832701,1022.5790817561848,-632.4199317234209,6.671568285576541
103,123,143,1377.1060184777987,991.9768495058847,1016.6820879697693,-631.5529189978554,10.506797434924806
104,124,144,1379.9445349599118,979.2291197994202,1024.3232435022524,-623.6078283417608,13.025967100116304
105,125,145,1384.0024550185126,975.7748386825248,1030.6760764018522,-622.4484600658643,11.73750307591854
106,126,146,1382.6196806097441,977.0164643661691,1028.4291329215416,-622.8259166779667,11.963636724689195
107,127,147,1385.052647238836,987.2997132780636,1018.5661516678397,-620.8132177070672,13.33428459071456
108,128,148,1388.995646215076,987.8632480467797,1018.7546233354502,-617.622225167154,15.912965115807538
109,129,149,1391.3983716895755,985.1225964719201,1020.9392901942783,-614.663514976623,14.302934399052333
110,130,150,1400.571902525381,987.1660145165228,1023.9691182700662,-610.5632302612082,15.859333785032277
111,131,151,1402.0631430884464,991.6666416564861,1008.8911426683562,-598.4946412363961,18.900764857992044
112,132,152,1399.3765963260319,998.2009974343828,1001.5563639752377,-600.3807650835886,17.957689142785966
113,133,153,1401.675228962759,1005.5239892388026,994.0292560764701,-597.8780163525137,16.910156418744577
114,134,154,1402.0157471744433,1003.7815187856083,994.4899954932038,-596.2557671043687,17.352990912869018
115,135,155,1402.191431677569,1005.7012312378732,983.6249148119884,-587.1347143722926,24.02507942497266
116,136,156,1408.6608390728393,1014.3863210098104,986.7119818839199,-592.437463820891,20.97650184343263
117,137,157,1427.9808878528395,1021.8937520042225,995.7277251378571,-589.6405892892401,19.265228472149488
118,138,158,1427.0334494873296,1022.9181937669962,989.8085585477438,-585.6933028274104,19.982048330215207
119,139,159,1424.0552631587657,1023.4784840135679,984.1097754175933,-583.5329962723954,18.187854891717052
120,140,160,1420.4780502088993,1022.6356223674532,983.596386906362,-585.7539590649158,17.300496088575528
121,141,161,1416.2044571839115,1022.2651815766004,987.1783366029306,-593.2390609956196,14.02173455659522
122,142,162,1416.8102896503708,1022.5790817561848,986.3066828880858,-592.0754749938999,14.748468495328552
123,143,163,1407.3535115929756,1016.6820879697693,986.1000008091478,-595.4285771859415,12.75266592827029
124,144,164,1407.5695364794158,1024.3232435022524,985.456471456989,-602.2101784798256,17.3588105388626
125,145,165,1423.943805860018,1030.6760764018522,1002.7866925680951,-609.5189631099292,10.573833636493987
126,146,166,1425.8549544958173,1028.4291329215416,1005.2712756115018,-607.8454540372261,10.279030328306362
127,147,167,1408.5025635023653,1018.5661516678397,1005.9232169858415,-615.9868051513158,6.519024703261152
128,148,168,1412.397039342196,1018.7546233354502,1008.3079943535615,-614.6655783468159,9.052001277244699
129,149,169,1413.8298040236866,1020.9392901942783,1009.0673400533299,-616.1768262239216,9.908819352498767
130,150,170,1408.6999597863419,1023.9691182700662,1009.0481077244146,-624.317266208139,8.666098260311173
131,151,171,1403.8249350457127,1008.8911426683562,1010.2004542406148,-615.2666618632584,8.921342722747568
132,152,172,1402.3370552636661,1001.5563639752377,1014.0667503072877,-613.2860590188593,12.12234626717634
133,153,173,1396.0443514594747,994.0292560764701,1013.3036208425485,-611.288525459544,13.202106881029295
134,154,174,1395.8060122138374,994.4899954932038,1012.9486776837566,-611.632660963123,11.90954465545201
135,155,175,1385.3804960687648,983.6249148119884,1009.0376309105981,-607.2820496538216,17.41743565621198
136,156,176,1375.082430388564,986.7119818839199,1007.4418186862445,-619.0713701816003,14.795376046943602
137,157,177,1375.5309238860766,995.7277251378571,1004.8299496257241,-625.0267508775046,10.056540090863678
138,158,178,1369.482881502363,989.8085585477438,1006.2121068345608,-626.5377838799418,10.761065306379578
139,159,179,1358.7895929517763,984.1097754175933,1002.463392280179,-627.783574745996,9.723708480396454
140,160,180,1355.7705387872463,983.596386906362,1002.29914549768,-630.1249936167958,10.639574934915913
141,161,181,1365.6334146688496,987.1783366029306,1003.0746647846465,-624.6195867187275,11.021956675841352
142,162,182,1365.0298561965074,986.3066828880858,1004.1531540742592,-625.4299807658376,13.432181947095387
143,163,183,1368.2824290256108,986.1000008091478,1007.2938665025969,-625.1114382861338,15.923438409739106
144,164,184,1368.2479203624825,985.456471456989,1005.0834098893656,-622.2919609838721,9.737079648504277
145,165,185,1367.0180373426638,1002.7866925680951,998.908228236734,-634.6768834621653,7.1918887350018394
146,166,186,1372.604717234731,1005.2712756115018,1001.7179151591375,-634.3844735359082,7.619755939336528
147,167,187,1376.2202245218898,1005.9232169858415,1001.4364490002254,-631.139441464177,8.80795987296085
148,168,188,1372.010329084631,1008.3079943535615,998.4866551927825,-634.7843204617129,6.010319176983103
149,169,189,1372.9639373246227,1009.0673400533299,1000.2312564572526,-636.3346591859597,6.267745824242297
150,170,190,1373.9103994500924,1009.0481077244146,995.1315924685686,-630.2693007428907,11.360158787915907
151,171,191,1372.8227020411832,1010.2004542406148,994.7259642012974,-632.1037164007289,10.14520660307403
152,172,192,1373.8690742125607,1014.0667503072877,987.0959761174854,-627.2936522122125,10.932935770683116
153,173,193,1371.489686640717,1013.3036208425485,986.694650869158,-628.5085850709893,11.29345014677699
154,174,194,1377.0258408136087,1012.9486776837566,998.2127699137753,-634.1356067839233,10.333119896847279
155,175,195,1376.1113022069303,1009.0376309105981,1003.793156834055,-636.7194855377229,10.321257048881307
156,176,196,1372.9011004206195,1007.4418186862445,1000.6446456593885,-635.1853639250135,13.299271340107794
157,177,197,1367.5613009382184,1004.8299496257241,998.9813600452808,-636.2500087327865,11.474452784609184
158,178,198,1369.9419576091102,1006.2121068345608,997.3942365967074,-633.664385822158,12.78108597056223
159,179,199,1377.2032762482625,1002.463392280179,1005.9472437763899,-631.2073598083064,11.854305948485035
160,180,200,1374.2466564109386,1002.29914549768,1004.0691582527254,-632.1216473394668,10.43159209812086
161,181,201,1374.0588980770553,1003.0746647846465,1002.2303932736829,-631.2461599812741,9.719075970747326
162,182,202,1374.0019647386857,1004.1531540742592,997.9329572681224,-628.0841466036959,11.479091508496595
163,183,203,1381.1286458399886,1007.2938665025969,1003.8584623922183,-630.0236830548265,12.884798676629089
164,184,204,1377.0881328737896,1005.0834098893656,1001.7704523364425,-629.7657293520185,13.265338293377567
165,185,205,1372.8618034759952,998.908228236734,1002.1206984446796,-628.1671232054184,12.07281088741604
166,186,206,1376.2031704739422,1001.7179151591375,999.5546674520344,-625.0694121372296,16.386550714090504
167,187,207,1379.9661079190203,1001.4364490002254,1002.0125283842656,-623.4828694654707,15.545744121077291
168,188,208,1378.9953697628519,998.4866551927825,1002.9245019437415,-622.415787373672,12.888243089203002
169,189,209,1375.738356693033,1000.2312564572526,999.8925336498303,-624.3854334140499,10.757913888385701
