Left,Mid,Right,Loss,Loss_left,Loss_right,gain,glasso
0,20,40,1385.6736958138358,1021.8084362765514,1007.938779510371,-644.0735199730866,8.442876561420917
1,21,41,1381.665548482862,1015.5645788918648,1008.492376416491,-642.3914068254937,8.45528969924294
2,22,42,1394.8956149692676,1016.46463358759,1020.2578054755938,-641.8268240939162,9.110196651334263
3,23,43,1394.1609532000716,1020.5037696956799,1010.3862386164722,-636.7290551120805,11.130304117517198
4,24,44,1384.2663816511122,1004.8287554917705,1009.4407719634623,-630.0031458041208,11.92122255378149
5,25,45,1383.0078763716817,1013.4263612143989,1003.6515537753622,-634.0700386180795,9.112724443052002
6,26,46,1383.840076432766,1014.1960696986182,999.4520902854736,-629.8080835513258,11.108752481158604
7,27,47,1380.8978746612952,1014.1206436821006,1001.2716028079459,-634.4943718287514,10.46428355854539
8,28,48,1381.3247174936773,1016.6573800819497,1000.3839485965558,-635.7166111848283,9.709099647425319
9,29,49,1368.851579313643,1005.8592059461726,1002.9330576177068,-639.9406842502362,7.880374791797067
10,30,50,1369.5039032678883,1005.3142797395885,1000.5703912378667,-636.380767709567,9.08857321620303
11,31,51,1361.5212777234376,998.8242695064753,1001.1713665456293,-638.474358328667,8.956953621091657
12,32,52,1364.244791457838,995.8249586251197,1002.5776011144028,-634.1577682816846,11.626848877060638
13,33,53,1368.3298348613885,1009.0038705570549,1002.9862333895383,-643.6602690852046,7.51211202559125
14,34,54,1367.738792922647,1013.8877655130939,997.0225925983933,-643.1715651888403,8.089104254245171
15,35,55,1372.9036367847502,1015.4221541173806,998.9934119604474,-641.5119292930776,9.41483712016452
16,36,56,1371.4178207271455,1014.1305533604865,1000.3124818470413,-643.0252144803824,8.543600675700077
17,37,57,1367.3970854234285,1008.036764664859,1006.1862680416243,-646.8259472830548,9.217345259431227
18,38,58,1362.6923234838255,1001.5658720166066,1003.4264139448,-642.2999624775812,9.898384897087794
19,39,59,1363.040054096613,1007.3023033714018,998.1496672690366,-642.4119165438256,9.917958121325569
20,40,60,1359.9726770445927,1007.938779510371,994.1326134066314,-642.0987158724097,10.522793520532787
21,41,61,1373.7491746203655,1008.492376416491,1004.0923761124425,-638.835577908568,11.718567398764208
22,42,62,1376.8799388754614,1020.2578054755938,988.7950624094811,-632.1729290096137,13.219494341660493
23,43,63,1366.1825249056,1010.3862386164722,983.8647122300727,-628.0684259409447,10.685485192177453
24,44,64,1372.2311151598715,1009.4407719634623,992.2281700440165,-629.4378268476073,10.698738043779144
25,45,65,1369.7417685796827,1003.6515537753622,990.3960260887006,-624.3058112843801,11.828013281438757
26,46,66,1368.8039957538135,999.4520902854736,990.4828697568869,-621.1309642885469,9.834188999030857
27,47,67,1370.5748095080603,1001.2716028079459,990.8990408260515,-621.595834125937,8.905660418583011
28,48,68,1379.1714522768311,1000.3839485965558,1005.5108025980276,-626.7232989177523,9.073042664673153
29,49,69,1390.9816617189103,1002.9330576177068,1013.520180774952,-625.4715766737486,10.130656292750473
30,50,70,1394.7943130760614,1000.5703912378667,1015.9034549515757,-621.679533113381,10.856095421103646
31,51,71,1404.5782384516397,1001.1713665456293,1020.3236320202533,-616.9167601142431,12.499444881618501
32,52,72,1403.1623885845893,1002.5776011144028,1005.9368574064707,-605.3520699362844,14.507911757478269
33,53,73,1406.9164753057034,1002.9862333895383,1005.7767377769769,-601.8464958608117,17.102883322867456
34,54,74,1402.527651465875,997.0225925983933,1007.701983130067,-602.1969242625855,15.739429609868012
35,55,75,1420.545359146537,998.9934119604474,1010.6018973137111,-589.0499501276213,20.493873030741497
36,56,76,1423.1954221656401,1000.3124818470413,1012.3421739453302,-589.4592336267315,18.928656785951716
37,57,77,1428.0030346185717,1006.1862680416243,1007.5489558445856,-585.7321892676382,21.33108965352676
38,58,78,1425.8814824549484,1003.4264139448,1009.0608371064941,-586.6057685963458,21.032566434857927
39,59,79,1414.046429457646,998.1496672690366,1006.3397830088043,-590.443020820195,18.10617526300166
40,60,80,1411.3472004768619,994.1326134066314,1007.5804872633761,-590.3659001931455,18.96480426719893
41,61,81,1421.9358793067238,1004.0923761124425,1014.672174358857,-596.8286711645758,17.87099659921978
42,62,82,1397.633065533205,988.7950624094811,1013.7540200839563,-604.9160169602326,17.66140370899143
43,63,83,1393.3041265899858,983.8647122300727,1014.5572214907033,-605.1178071307902,19.356218759375906
44,64,84,1400.730503655752,992.2281700440165,1014.1996978355762,-605.6973642238406,14.821986192515851
45,65,85,1392.6275352740686,990.3960260887006,1013.2486869771278,-611.0171777917599,13.541392514117547
46,66,86,1387.310823600562,990.4828697568869,1011.422004186939,-614.5940503432639,10.963004955361043
47,67,87,1389.8525956594076,990.8990408260515,1008.6464770570526,-609.6929222236965,11.935080890141421
48,68,88,1388.6351193905496,1005.5108025980276,1006.6592287681974,-623.5349119756754,7.942644069673634
49,69,89,1389.627195335836,1013.520180774952,991.2404397653622,-615.1334252044783,10.115352796308457
50,70,90,1385.755212193395,1015.9034549515757,993.0508645245436,-623.1991072827243,8.425099952446317
51,71,91,1387.605826491848,1020.3236320202533,989.1492899267439,-621.8670954551494,9.166314870685824
52,72,92,1371.8494764111329,1005.9368574064707,995.0474203822919,-629.1348013776296,7.212674941159776
53,73,93,1367.7697758022737,1005.7767377769769,987.1271781552332,-625.1341401299364,4.020402665061738
54,74,94,1369.2960410473738,1007.701983130067,991.379322524369,-629.7852646070621,4.153049646441104
55,75,95,1358.669706856788,1010.6018973137111,982.2889264865847,-634.2211169435079,2.5271290938020456
56,76,96,1355.8201692182388,1012.3421739453302,979.343473168246,-635.8654778953373,1.5165336038346595
57,77,97,1350.159133406241,1007.5489558445856,976.713792728803,-634.1036151671478,2.155308237148347
58,78,98,1354.2141234760645,1009.0608371064941,979.4251973524748,-634.2719109829043,3.02726154760569
59,79,99,1360.0490313111054,1006.3397830088043,994.058715591458,-640.349467289157,6.086317957631877
60,80,100,1361.4239195559844,1007.5804872633761,992.2755643403996,-638.4321320477911,6.778477465444553
61,81,101,1363.6217958178977,1014.672174358857,976.9458644408751,-627.9962429818343,11.35161210008198
62,82,102,1362.9511773144961,1013.7540200839563,975.1970266934788,-625.9998694629392,11.808677752971676
63,83,103,1361.663462162282,1014.5572214907033,975.8403661437735,-628.7341254721948,10.822763274804288
64,84,104,1359.9524053324085,1014.1996978355762,972.3507660342459,-626.5980585374136,9.787902251867877
65,85,105,1372.2977720546342,1013.2486869771278,984.0006241554256,-624.9515390779193,12.494274152503067
66,86,106,1373.8366945240348,1011.422004186939,989.6767016739307,-627.262011336835,12.651083002695373
67,87,107,1370.5645722435534,1008.6464770570526,989.3663619269114,-627.4482667404106,12.045709864333958
68,88,108,1366.6479982184596,1006.6592287681974,986.0015212452997,-626.0127517950375,13.459365999616239
69,89,109,1362.6875251643546,991.2404397653622,986.7601054126101,-615.3130200136177,17.2381539122008
70,90,110,1367.0595426887471,993.0508645245436,994.6267499096034,-620.6180717453999,15.3600145579004
71,91,111,1362.4545486180516,989.1492899267439,987.6386429242623,-614.3333842329546,13.607748964310304
72,92,112,1366.6001391528184,995.0474203822919,990.3258398192186,-618.773121048692,12.56808132583842
73,93,113,1359.8910058054744,987.1271781552332,983.6546448613497,-610.8908172111085,10.483377609845661
74,94,114,1360.8108614795287,991.379322524369,986.7153030251989,-617.2837640700391,12.15683754036263
75,95,115,1361.725891360668,982.2889264865847,1003.8912971816313,-624.4543323075482,10.28148725103074
76,96,116,1363.35859145636,979.343473168246,1005.1911115201167,-621.1759932320026,11.58152803924122
77,97,117,1360.952012443906,976.713792728803,1003.7818991207005,-619.5436794055977,13.450159309384844
78,98,118,1365.023486260197,979.4251973524748,1002.352805261944,-616.7545163542218,17.743909565898093
79,99,119,1364.6472597382567,994.058715591458,1003.4331095776033,-632.8445654308048,14.585534428299184
80,100,120,1360.2333449046123,992.2755643403996,1000.4566098372896,-632.4988292730768,14.419458562168074
81,101,121,1350.1278912580292,976.9458644408751,1007.6224226541965,-634.4403958370424,7.084027975289359
82,102,122,1351.3678203560598,975.1970266934788,1007.7701824908595,-631.5993888282785,8.17990448101159
83,103,123,1352.0665226855272,975.8403661437735,1008.2787497918775,-632.0525932501239,8.675152414842046
84,104,124,1349.4275599671905,972.3507660342459,1012.601067597154,-635.5242736642094,6.779568999115554
85,105,125,1355.4188761493951,984.0006241554256,1004.0836686379664,-632.6654166439969,6.997047640956225
86,106,126,1370.829650291281,989.6767016739307,1015.3116831764105,-634.1587345590601,9.47576121330519
87,107,127,1374.3970524723122,989.3663619269114,1020.3516677778271,-635.3209772324262,10.436195430007388
88,108,128,1375.4093866881308,986.0015212452997,1020.2118379265122,-630.8039724836813,11.461879130974125
89,109,129,1372.7703391916932,986.7601054126101,1019.0872168732654,-633.0769830941824,9.614920863991188
90,110,130,1374.0708899735914,994.6267499096034,1014.7258685916402,-635.2817285276521,10.582827937426146
91,111,131,1373.3433258300822,987.6386429242623,1013.7316951466432,-628.0270122408233,10.38673661208702
92,112,132,1370.5592407886656,990.3258398192186,1007.6224869850764,-627.3890860156293,11.676960828359938
93,113,133,1363.4202861961535,983.6546448613497,1005.1265509125205,-625.3609095777167,11.928399641733563
94,114,134,1365.9862980919838,986.7153030251989,1007.2150005434206,-627.9440054766355,10.667757430342135
95,115,135,1374.6924961894824,1003.8912971816313,1008.128025435717,-637.3268264278659,9.947424777641231
96,116,136,1375.9427125466282,1005.1911115201167,1007.1695268917828,-636.4179258652712,11.536653144459706
97,117,137,1376.4751212103247,1003.7818991207005,1009.1734450073186,-636.4802229176944,12.163021675765776
98,118,138,1373.754447710915,1002.352805261944,1005.9307228827101,-634.5290804337392,12.436275783638507
99,119,139,1377.9141596129857,1003.4331095776033,1010.4020985348673,-635.9210484994849,13.329716545351175
100,120,140,1375.9031793791821,1000.4566098372896,1010.6945781522022,-635.2480086103099,13.290192324625309
101,121,141,1381.5486883310414,1007.6224226541965,1010.2927304327551,-636.3664647559103,10.055719031477793
102,122,142,1388.8357420116172,1007.7701824908595,1015.780969354727,-634.7154098339693,12.537919584752785
103,123,143,1388.1965545688795,1008.2787497918775,1012.9139122980155,-632.9961075210135,12.40929436636111
104,124,144,1389.1886874899824,1012.601067597154,1010.1774882440534,-633.589868351225,12.81747849053204
105,125,145,1383.5230131389876,1004.0836686379664,1011.3999586975351,-631.9606141965139,12.39476512059673
106,126,146,1388.242864917892,1015.3116831764105,1008.9468966143862,-636.0157148729049,7.683003542786764
107,127,147,1389.0527467264144,1020.3516677778271,1001.3821486471882,-632.6810696986008,7.865609988800088
108,128,148,1396.0239133933042,1020.2118379265122,1005.8581968303943,-630.0461213636022,8.177903835387042
109,129,149,1397.4230813401343,1019.0872168732654,1009.5112113459855,-631.1753468791167,7.035201297348635
110,130,150,1391.2578958128129,1014.7258685916402,1001.4289150895843,-624.8968878684116,9.847859058851213
111,131,151,1391.8731082076238,1013.7316951466432,1001.1752033646114,-623.0337903036309,10.662280624554569
112,132,152,1388.3776468184733,1007.6224869850764,1002.7740438103372,-622.0188839769403,8.295037589087542
113,133,153,1388.2708325708438,1005.1265509125205,1003.779433034989,-620.6351513766656,9.226506744968447
114,134,154,1392.264051270025,1007.2150005434206,1010.1100119850789,-625.0609612584744,9.184432545939444
115,135,155,1383.9528119826984,1008.128025435717,992.2025676629912,-616.3777811160096,9.87510226811105
116,136,156,1392.656604430797,1007.1695268917828,990.5742263688069,-605.0871488297926,12.069527598979334
117,137,157,1396.2460974798569,1009.1734450073186,991.5393805971337,-604.4667281245954,11.595433463407971
118,138,158,1393.154697275702,1005.9307228827101,991.7304073829238,-604.5064329899319,13.248543503571113
119,139,159,1394.1686851401423,1010.4020985348673,976.7488246320781,-592.9822380268031,16.916852707402427
120,140,160,1402.5898143935167,1010.6945781522022,985.0027924576382,-593.1075562163237,17.888744085828307
121,141,161,1395.2282777163887,1010.2927304327551,980.0015478781486,-595.0660005945151,12.64800607841903
122,142,162,1389.484393729603,1015.780969354727,972.5541604831883,-598.8507361083123,11.658492695417522
123,143,163,1396.9027729971215,1012.9139122980155,976.8418892027619,-592.8530285036559,14.8121003797728
124,144,164,1385.8682062050834,1010.1774882440534,977.0742962417953,-601.3835782807653,13.702254557239257
125,145,165,1384.577822230912,1011.3999586975351,977.025983840351,-603.8481203069741,13.74270680864538
126,146,166,1372.1301246596977,1008.9468966143862,973.2993197031547,-610.1160916578433,8.465374170069481
127,147,167,1371.0369475979114,1001.3821486471882,977.1214675402141,-607.4666685894908,8.671486203093878
128,148,168,1362.6223146689072,1005.8581968303943,975.8647517009188,-619.1006338624059,5.4366450667707795
129,149,169,1355.9054465707968,1009.5112113459855,974.8655075044575,-628.4712722796462,1.9214939623050213
130,150,170,1357.7630387416502,1001.4289150895843,978.1983383564792,-621.8642147044134,4.918713810644135
131,151,171,1362.1082317076734,1001.1752033646114,988.6087333211836,-627.6757049781218,4.397341781270825
132,152,172,1362.0404245476989,1002.7740438103372,987.7393458763438,-628.4729651389821,3.5821174555800326
133,153,173,1360.9037479196916,1003.779433034989,983.9397465073193,-626.8154316226166,4.658823170355163
134,154,174,1356.0368137738178,1010.1100119850789,974.8836292516563,-628.9568274629173,2.514504337785411
135,155,175,1355.8444268849262,992.2025676629912,992.0016391710601,-628.3597799491251,7.638129672323544
136,156,176,1350.2651706104568,990.5742263688069,987.38574525287,-627.6948010112201,6.3169495345827045
137,157,177,1349.5870500271353,991.5393805971337,989.1920037448328,-631.1443343148312,5.3538113628466135
138,158,178,1348.8953564107587,991.7304073829238,988.8667777283445,-631.7018287005094,6.545711637479599
139,159,179,1334.17347950884,976.7488246320781,980.8298232081245,-623.4051683313626,-6.770129311905293
140,160,180,1337.1379333969267,985.0027924576382,979.2115234083399,-627.0763824690514,-0.47037389341346625
141,161,181,1333.956416798811,980.0015478781486,979.534760758449,-625.5798918377866,-4.327446606934359
142,162,182,1333.1333909371451,972.5541604831883,983.9927674467297,-623.4135369927728,-2.688443734744851
143,163,183,1332.113147502609,976.8418892027619,976.6084426052246,-621.3371843053774,-0.6752459320050548
144,164,184,1336.3274140376025,977.0742962417953,984.5912678554005,-625.3381500595933,0.5937327784087074
145,165,185,1330.6448893585111,977.025983840351,983.0799557485855,-629.4610502304254,1.9836013936488825
146,166,186,1327.7445005042598,973.2993197031547,981.363738009079,-626.9185572079739,2.72659388384443
147,167,187,1327.137512522241,977.1214675402141,974.4014975607762,-624.3854525787494,3.694892974360755
148,168,188,1330.3190171811477,975.8647517009188,977.832422169436,-623.3781566892069,5.504801828916698
149,169,189,1338.7459257399867,974.8655075044575,989.6985617982075,-625.8181435626782,6.408349298278267
150,170,190,1337.915138361816,978.1983383564792,979.5411684622273,-619.8243684568906,6.906051004288088
151,171,191,1338.460887682046,988.6087333211836,976.6420791498247,-626.7899247889625,4.952110783202329
152,172,192,1340.1834391196771,987.7393458763438,977.2861841433914,-624.8420909000581,9.588780684114681
153,173,193,1342.7109602369228,983.9397465073193,978.1232942203479,-619.3520804907444,11.310442745545174
154,174,194,1335.1627050097832,974.8836292516563,977.8033096893959,-617.524233931269,7.43112772991833
155,175,195,1331.0047711176462,992.0016391710601,965.6079502063294,-626.6048182597433,8.556032071085156
156,176,196,1331.6899504720882,987.38574525287,964.7408899965371,-620.436684777319,11.596050287512071
157,177,197,1334.1431140799937,989.1920037448328,971.1216874754014,-626.1705771402405,6.733833048952079
158,178,198,1331.4372015174263,988.8667777283445,968.0703110184222,-625.4998872293404,6.5573888764563435
159,179,199,1339.4465014995767,980.8298232081245,973.8235447340503,-615.2068664425981,-3.5489227393827605
160,180,200,1337.045342269054,979.2115234083399,974.2587788254018,-616.4249599646878,3.265800047844664
161,181,201,1339.4707009956146,979.534760758449,968.4836916364003,-608.5477513992346,4.789216738089067
162,182,202,1343.9975215940594,983.9927674467297,971.908125574052,-611.9033714267221,7.605892413850029
163,183,203,1334.6545960532294,976.6084426052246,974.9072052311919,-616.8610517831871,3.946946071365801
164,184,204,1337.3334480214762,984.5912678554005,976.5219880339475,-623.7798078678718,4.79870433387714
165,185,205,1355.7178612556463,983.0799557485855,1004.0831907869417,-631.4452852798809,6.230208675752692
166,186,206,1363.6934085237804,981.363738009079,1012.2679768707139,-629.9383063560126,9.181120640504105
167,187,207,1363.3928273823542,974.4014975607762,1011.451380669352,-622.460050847774,10.42840543701982
168,188,208,1362.0720727329717,977.832422169436,1010.113371572475,-625.8737210089394,7.193240214455045
169,189,209,1360.6258241433861,989.6985617982075,1000.9056158023341,-629.9783534571554,5.997033431522823
