Left,Mid,Right,Loss,Loss_left,Loss_right,gain,glasso
0,20,40,1338.4698933454415,978.7546004469677,969.7005688609981,-609.9852759625244,1.6336199133305627
1,21,41,1333.9811329777647,967.9842876521544,976.9008980281118,-610.9040527025015,1.945911245055754
2,22,42,1338.616630072253,954.6567109021328,996.5158658781605,-612.5559467080402,3.3155968199674817
3,23,43,1341.5634614894668,962.4739298195273,999.6135919537244,-620.5240602837848,5.067377353303755
4,24,44,1343.3714689836274,962.4246067473129,1002.3580439355792,-621.4111816992645,5.887328924910207
5,25,45,1352.5761081021994,957.8562406165364,1014.1148650303926,-619.3949975447297,7.126241294974875
6,26,46,1352.5319085012575,962.1586713835675,1012.4153621806119,-622.042125062922,5.527213575892233
7,27,47,1357.4231532640042,969.148353797661,1012.3252701146305,-624.0504706482873,4.984450752394878
8,28,48,1352.4701190867995,972.1192276259827,1001.6896224282262,-621.3387309674094,5.3496219397413824
9,29,49,1355.3380215042102,994.1389719920527,989.6581736131247,-628.4591241009671,2.912651853849411
10,30,50,1344.877335523604,977.4095694059223,991.0753279483013,-623.6075618306195,2.8303720801915233
11,31,51,1348.6314376709788,981.8886627226836,993.9105207929246,-627.1677458446293,0.5039305871370061
12,32,52,1350.347757009113,977.547273027888,998.8934373065472,-626.0929533253222,-0.13879456636675513
13,33,53,1350.8030895782929,975.5144396187524,999.2053090650007,-623.9166591054602,-2.5756584369172515
14,34,54,1351.8503901480094,976.0743433856455,1001.4947522847067,-625.7187055223428,-2.3157525102112686
15,35,55,1345.0541720072797,971.2807451592881,1001.1693216108578,-627.3958947628662,-2.3542162093435763
16,36,56,1345.819766443194,974.8493596574804,997.113273354932,-626.1428665692183,-2.604012598201166
17,37,57,1349.8737174411413,976.6105186085556,1003.906674018076,-630.6434751854904,-1.1062574191616932
18,38,58,1357.4063808463143,972.2705373832737,1009.813871085205,-624.6780276221643,-0.6410752372453317
19,39,59,1356.0280634954825,969.3691955162057,1010.7468395589684,-624.0879715796916,-1.8433708516407705
20,40,60,1357.3688933309795,969.7005688609981,1009.6901169625513,-622.0217924925701,-1.5691550818651194
21,41,61,1359.1824285045532,976.9008980281118,1005.7354866354549,-623.4539561590136,-1.9119032396472448
22,42,62,1356.757769089746,996.5158658781605,990.780203671877,-630.5383004602913,1.1961170140822333
23,43,63,1362.6336773511437,999.6135919537244,994.8479851847007,-631.8278997872815,0.35228341220602033
24,44,64,1374.9484288141061,1002.3580439355792,1003.4306181542784,-630.8402332757514,-0.2124476011938441
25,45,65,1382.796868930492,1014.1148650303926,984.5486293736412,-615.8666254735417,2.40935358859997
26,46,66,1380.8495442746273,1012.4153621806119,984.7745193281485,-616.3403372341329,-0.10094215784556582
27,47,67,1389.6942575125763,1012.3252701146305,991.65586963512,-614.2868822371743,2.2046376361724924
28,48,68,1390.5369678793243,1001.6896224282262,999.2717427973803,-610.4243973462824,2.315183458662432
29,49,69,1378.6540212953764,989.6581736131247,998.4859494157685,-609.4901017335169,-1.6483906833262836
30,50,70,1383.0240256815805,991.0753279483013,991.7247255625592,-599.7760278292799,1.7447153697409021
31,51,71,1375.0721755685695,993.9105207929246,983.8527465182854,-602.6910917426403,4.579199214426126
32,52,72,1382.93463555641,998.8934373065472,981.3649179414342,-597.3237196915713,6.066776060427969
33,53,73,1385.416282782985,999.2053090650007,987.4266476914461,-601.2156739734619,8.839222969237994
34,54,74,1386.7182856140134,1001.4947522847067,986.4380972789786,-601.2145639496719,8.89400369771829
35,55,75,1381.6293686778959,1001.1693216108578,982.0414579996037,-601.5814109325656,7.404594633513398
36,56,76,1379.7968394732698,997.113273354932,986.6599772113875,-603.9764110930496,6.057230050417502
37,57,77,1379.8889725629037,1003.906674018076,982.8965118010653,-606.9142132562376,4.137070801613618
38,58,78,1379.4349253027656,1009.813871085205,978.0404932320264,-608.419439014466,4.465762762960253
39,59,79,1382.6341979931244,1010.7468395589684,972.1036963369264,-600.2163379027704,5.076085184049248
40,60,80,1378.3473307608288,1009.6901169625513,968.4437703961115,-599.7865565978341,4.567073407740054
41,61,81,1384.1613998514624,1005.7354866354549,976.2906783750309,-597.8647651590234,9.861851754618215
42,62,82,1386.4572569081142,990.780203671877,997.3802009206735,-601.7031476844363,11.008777697499227
43,63,83,1384.3020208655512,994.8479851847007,996.4286886486791,-606.9746529678287,10.636314637424107
44,64,84,1384.4021938359651,1003.4306181542784,992.1467976304357,-611.1752219487489,10.021201436584079
45,65,85,1367.1570048310316,984.5486293736412,991.6062737270595,-608.9978982696691,5.9539185198655105
46,66,86,1362.10456027908,984.7745193281485,992.3058877376905,-614.9758467867589,2.4274325432543264
47,67,87,1358.2270610268492,991.65586963512,982.8990924197192,-616.3279010279898,-1.4292723934848937
48,68,88,1365.1528158334954,999.2717427973803,989.8016081801571,-623.9205351440419,-1.4857552892722197
49,69,89,1359.7937703870512,998.4859494157685,985.6187691415769,-624.3109481702941,-1.0999159737543778
50,70,90,1354.2214156806995,991.7247255625592,983.5862018620326,-621.0895117438922,-1.648527346654646
51,71,91,1350.8297205771598,983.8527465182854,990.1610087315959,-623.1840346727215,1.4450714556930961
52,72,92,1347.7965398149172,981.3649179414342,989.1737551828064,-622.7421333093234,1.532230908976544
53,73,93,1349.37030065507,987.4266476914461,981.5111112835018,-619.5674583198779,6.234721835917981
54,74,94,1348.019640508965,986.4380972789786,978.7586084765759,-617.1770652465893,6.5208551766982055
55,75,95,1347.979351877299,982.0414579996037,980.3636671647528,-614.4257732870574,5.755226592347185
56,76,96,1349.750562710908,986.6599772113875,978.0384728521956,-614.947887352675,4.835442950474317
57,77,97,1348.3648130952633,982.8965118010653,981.1824504794567,-615.7141491852587,4.001470850919304
58,78,98,1343.2840096457976,978.0404932320264,980.1030204581011,-614.8595040443299,5.385386147107852
59,79,99,1343.143527098902,972.1036963369264,988.1921205824058,-617.15228982043,3.99067414797139
60,80,100,1345.894106295983,968.4437703961115,992.5755182367035,-615.125182336832,7.7628947178012595
61,81,101,1359.0273755224612,976.2906783750309,984.3086003830364,-601.571903235606,19.863990982211703
62,82,102,1363.1639407527337,997.3802009206735,976.0345153493334,-610.2507755172733,14.89658179026253
63,83,103,1363.5273549602775,996.4286886486791,979.3275996810822,-612.2289333694839,11.630660959224315
64,84,104,1361.727451017914,992.1467976304357,981.1268269318448,-611.5461735443664,12.099070687829453
65,85,105,1358.4361924197665,991.6062737270595,982.6176981611347,-615.7877794684277,12.222650710552443
66,86,106,1357.747958519461,992.3058877376905,982.8421991482763,-617.4001283665057,12.610561923488149
67,87,107,1350.9250324472334,982.8990924197192,983.4741912028139,-615.4482511752997,11.86881171268999
68,88,108,1352.1004031428831,989.8016081801571,988.7030960405689,-626.404301077843,8.134609485141482
69,89,109,1353.5785569731052,985.6187691415769,992.211604159403,-624.2518163278746,7.753736260924711
70,90,110,1351.2229512097847,983.5862018620326,992.4418588375149,-624.8051094897628,7.493919897266778
71,91,111,1356.6019305556124,990.1610087315959,995.1142969782258,-628.6733751542092,5.834702486784636
72,92,112,1356.1969587859344,989.1737551828064,997.7207112061476,-630.6975076030196,7.0074881266207285
73,93,113,1351.4142507054607,981.5111112835018,996.4320183701457,-626.5288789481867,8.584293105160782
74,94,114,1351.154340230902,978.7586084765759,997.855582764558,-625.4598510102319,8.842112871644872
75,95,115,1351.6412422525823,980.3636671647528,995.9236336889028,-624.6460586010733,8.187061584535854
76,96,116,1347.7628200728568,978.0384728521956,994.0454312279802,-624.3210840073189,7.139372462896176
77,97,117,1353.962251205981,981.1824504794567,995.9279460634847,-623.1481453369606,11.233370818949197
78,98,118,1357.1362900495067,980.1030204581011,999.4357913520996,-622.4025217606941,11.271561754777622
79,99,119,1357.963845247902,988.1921205824058,997.9501610769535,-628.1784364114571,9.002596509591058
80,100,120,1352.2904703900304,992.5755182367035,985.0469086007179,-625.3319564473909,10.849596842730875
81,101,121,1347.7315053023076,984.3086003830364,970.174705942633,-606.7518010233616,18.606003006615992
82,102,122,1332.1043170946793,976.0345153493334,966.1043587029205,-610.0345569575745,8.294737622235516
83,103,123,1332.224592270826,979.3275996810822,958.5615878460899,-605.664595256346,-1.382474017316099
84,104,124,1336.3316532920594,981.1268269318448,965.4939615388096,-610.289135178595,4.323308363653382
85,105,125,1337.021881398325,982.6176981611347,960.9765618260736,-606.5723785888833,6.007985704038447
86,106,126,1338.899301332075,982.8421991482763,965.9443780999933,-609.8872759161945,7.030496220414534
87,107,127,1340.0242812311349,983.4741912028139,963.6522725967577,-607.1021825684368,9.839509628944711
88,108,128,1338.8434851843713,988.7030960405689,964.2571674919685,-614.116778348166,9.034134681779165
89,109,129,1339.7728838083704,992.211604159403,956.5014516812638,-608.9401720322965,8.952880290414441
90,110,130,1331.9731711530271,992.4418588375149,964.7456788309503,-625.2143665154381,15.724320117631805
91,111,131,1336.1512014877324,995.1142969782258,972.315091559993,-631.2781870504864,12.27814010362681
92,112,132,1340.8093140621404,997.7207112061476,970.9232753653005,-627.8346725093077,7.7501963546063735
93,113,133,1342.9913484328786,996.4320183701457,981.0716642063664,-634.5123341436336,4.3123911542121505
94,114,134,1352.9541957965375,997.855582764558,992.8460571558053,-637.7474441238257,3.4413312567349976
95,115,135,1353.887449569773,995.9236336889028,992.1691483340044,-634.2053324531341,2.969115448759794
96,116,136,1356.6487272450913,994.0454312279802,995.8626699871829,-633.2593739700719,3.822889257764359
97,117,137,1359.1059843986882,995.9279460634847,982.0253332067982,-618.8472948715948,3.7261969235802326
98,118,138,1366.2834649570864,999.4357913520996,986.7446936028359,-619.8970199978492,2.638860671373095
99,119,139,1374.8492077177084,997.9501610769535,995.2563145078993,-618.3572678671444,3.631787056743633
100,120,140,1365.8224100205807,985.0469086007179,994.7342281551573,-613.9587267352945,3.8158287703004135
101,121,141,1360.3876497516637,970.174705942633,1007.9843151093999,-617.7713713003691,7.414830069181107
102,122,142,1362.7469570127732,966.1043587029205,1014.150953515038,-617.5083552051854,6.705423384847677
103,123,143,1350.8186635496058,958.5615878460899,1014.9548064072977,-622.6977307037819,1.8212738614231512
104,124,144,1356.0353336373028,965.4939615388096,1014.508162621488,-623.9667905229949,2.955210920235686
105,125,145,1348.5965423359835,960.9765618260736,1008.3447956955329,-620.7248151856229,3.568879489484061
106,126,146,1352.6633198819604,965.9443780999933,1006.2581533605774,-619.5392115786103,2.948991324464714
107,127,147,1356.891418976342,963.6522725967577,1005.4945511764745,-612.2554047968902,3.0420137458143017
108,128,148,1364.8184184639736,964.2571674919685,1018.1439067128601,-617.582655740855,5.776189776420097
109,129,149,1358.083183630485,956.5014516812638,1011.7495294989035,-610.1677975496823,5.39067147388937
110,130,150,1359.428141168854,964.7456788309503,1011.53697620851,-616.8545138706063,-5.986571122911187
111,131,151,1358.0175905400074,972.315091559993,1004.4224694414659,-618.7199704614513,-5.104625276146862
112,132,152,1360.1542064027876,970.9232753653005,1004.8049414298432,-615.5740103923561,-0.8805745763011146
113,133,153,1380.6091349470353,981.0716642063664,1005.9099430491742,-606.3724723085054,2.377093400514468
114,134,154,1379.0355170284288,992.8460571558053,1001.9610091784914,-615.7715493058679,1.3022624218648389
115,135,155,1384.8229410979625,992.1691483340044,1007.1337999982036,-614.4800072342455,1.8858488854644975
116,136,156,1400.5224908221553,995.8626699871829,1014.734499475314,-610.0746786403415,2.651786410209752
117,137,157,1391.213080783733,982.0253332067982,1017.5350007313777,-608.347253154443,1.7619959296874868
118,138,158,1394.182662722829,986.7446936028359,1014.3180668882453,-606.8800977682522,3.853885664026052
119,139,159,1392.14136104912,995.2563145078993,1001.893788639987,-605.0087420987663,4.386750517786709
120,140,160,1391.1150629104925,994.7342281551573,1000.7387857823347,-604.3579510269994,5.87080037148985
121,141,161,1398.6142795877527,1007.9843151093999,997.3254716464688,-606.6955071681159,8.689148441433872
122,142,162,1398.3248761617137,1014.150953515038,993.9671833979924,-609.7932607513167,8.047766356943612
123,143,163,1401.6986742347285,1014.9548064072977,995.0070610212782,-608.2631931938474,8.443689140363063
124,144,164,1391.6084687169052,1014.508162621488,992.1040416393548,-615.0037355439376,7.7874744987315125
125,145,165,1389.4811696175625,1008.3447956955329,994.2302318650504,-613.0938579430208,6.873372443916992
126,146,166,1390.1890903937565,1006.2581533605774,997.4822085901071,-613.551271556928,6.892965203549238
127,147,167,1388.5895864670701,1005.4945511764745,996.443447227338,-613.3484119367422,6.091520070489423
128,148,168,1387.4783239533422,1018.1439067128601,995.1374972022927,-625.8030799618107,3.4745277180420544
129,149,169,1386.7927433348432,1011.7495294989035,998.3227630706197,-623.27954923468,4.043135826652247
130,150,170,1386.544856527722,1011.53697620851,997.7721556892288,-622.764275370017,2.2145373094305114
131,151,171,1378.2400060606406,1004.4224694414659,999.1378697759324,-625.3203331567577,4.109071918895779
132,152,172,1371.8836132519223,1004.8049414298432,991.502926104496,-624.424254282417,5.883101336723257
133,153,173,1366.1353585446595,1005.9099430491742,988.3367219274153,-628.11130643193,2.7491827341059434
134,154,174,1360.142547376921,1001.9610091784914,986.0358337343374,-627.854295535908,2.825240982345349
135,155,175,1364.2665472621634,1007.1337999982036,990.2832607140975,-633.1505134501376,1.9009439012680787
136,156,176,1360.9392083629284,1014.734499475314,977.4423631334867,-631.2376542458721,1.2111770649397613
137,157,177,1365.6224423350754,1017.5350007313777,979.4662104833601,-631.3787688796624,2.390871091982035
138,158,178,1359.557688473982,1014.3180668882453,973.9911858488556,-628.751564263119,4.825794458116661
139,159,179,1347.3277968587176,1001.893788639987,975.0089144424751,-629.5749062237444,3.6250953697808654
140,160,180,1346.4376346404215,1000.7387857823347,975.8202979633753,-630.1214491052885,5.25269418692119
141,161,181,1345.7685125461549,997.3254716464688,981.9424357128714,-633.4993948131855,6.997633632110819
142,162,182,1346.221547329475,993.9671833979924,984.8351688538196,-632.5808049223369,6.901340206490659
143,163,183,1349.309472739901,995.0070610212782,988.8807863384949,-634.5783746198722,7.137867990688051
144,164,184,1346.310717330006,992.1040416393548,988.4357428661235,-634.2290671754724,7.798880213018151
145,165,185,1350.9913296908346,994.2302318650504,991.2012494547753,-634.4401516289911,6.3019596798857265
146,166,186,1358.5847868878816,997.4822085901071,986.4744075281856,-625.3718292304111,9.300089240052216
147,167,187,1357.855247628836,996.443447227338,986.996087927673,-625.5842875261751,7.830228789194962
148,168,188,1350.505680317071,995.1374972022927,981.4625219005561,-626.0943387857778,6.1768846035821525
149,169,189,1354.1170979859621,998.3227630706197,977.5639242239067,-621.7695893085643,5.839527182385723
150,170,190,1352.0861168570555,997.7721556892288,977.710950495966,-623.3969893281394,3.752206945132457
151,171,191,1352.0691733257947,999.1378697759324,979.9004046228888,-626.9691010730264,5.888136531114014
152,172,192,1353.4842759365292,991.502926104496,980.839359203277,-618.858009371244,6.918424424223417
153,173,193,1352.4431450789298,988.3367219274153,976.6448558589133,-612.5384327073989,9.782051499081035
154,174,194,1354.0595318534365,986.0358337343374,977.4185180523613,-609.3948199332622,12.922429854554593
155,175,195,1360.8714741734648,990.2832607140975,984.7494093538014,-614.1611958944341,15.593246802317026
156,176,196,1348.4189751558918,977.4423631334867,986.4506283340445,-615.4740163116394,12.980722014592175
157,177,197,1343.678637779783,979.4662104833601,988.8267390716713,-624.6143117752486,9.011102535815553
158,178,198,1337.78507181176,973.9911858488556,987.9076345504686,-624.1137485875643,10.679888839166097
159,179,199,1338.8015686628864,975.0089144424751,988.0480998592434,-624.255445638832,8.75942792557123
160,180,200,1336.0372825359632,975.8202979633753,985.630312716457,-625.413328143869,8.598563714769284
161,181,201,1331.6827227311778,981.9424357128714,964.6078871039966,-614.8676000856904,14.594955538991258
162,182,202,1337.3291181175996,984.8351688538196,983.2862396385071,-630.7922903747271,7.660088812890535
163,183,203,1343.6491572520263,988.8807863384949,983.7778353972067,-629.0094644836754,8.445180830308686
164,184,204,1344.840818344479,988.4357428661235,989.9170737974797,-633.5119983191244,6.5389505609082335
165,185,205,1344.0075710940096,991.2012494547753,986.1206190103354,-633.314297371101,4.140053701236866
166,186,206,1341.9269651844088,986.4744075281856,981.1444703172315,-625.6919126610082,4.3922287028347
167,187,207,1344.9514402904215,986.996087927673,987.8847236119345,-629.929371249186,1.7665531014035878
168,188,208,1339.759752410846,981.4625219005561,989.207521445232,-630.9102909349422,0.9499704700617713
169,189,209,1338.040083011645,977.5639242239067,987.9684953338485,-627.4923365461102,-1.9445406561471827
