Left,Mid,Right,Loss_likeli,Loss_AIC,Loss_BIC,Loss_eBIC
0,20,40,46.33774854975161,39.33774854975161,43.537137496874834,14.578760656609234
1,21,41,65.04750167374351,57.04750167374351,60.15674907005916,-11.735273933817552
2,22,42,47.559581843458545,43.559581843458545,45.72700037971032,-22.528603067730273
3,23,43,27.12195726954468,20.12195726954468,19.07148339540288,-48.03121780375176
4,24,44,31.783370967609642,24.783370967609642,25.7248629855564,-42.06941111595262
5,25,45,60.98148990049111,50.43073193114179,51.646406691125435,2.375230615506325
6,26,46,43.93421759038898,29.934217590388982,28.6631451970145,-28.564548411103374
7,27,47,25.77981087193143,20.77981087193143,24.81222933951284,-36.83911819011291
8,28,48,19.548636903323313,10.843946916516302,12.557487813276907,-42.9538226581534
9,29,49,23.650497102933628,9.650497102933684,8.225548632535265,-62.90847881717582
10,30,50,14.496488332098636,-9.503511667901307,-12.227170402583738,-66.58189422197256
11,31,51,26.300119872206324,1.3001198722063236,-4.06936409165462,-85.49312546569195
12,32,52,22.08953645478931,-2.7808810710565126,-5.879333724577236,-92.83245317764431
13,33,53,19.808080303823715,-6.556885191374306,-10.080602258091744,-103.98198234349093
14,34,54,18.844116614429197,-6.15588338557086,-11.324491409116149,-78.01773844974582
15,35,55,22.65553681226453,-5.344463187735471,-7.754772227383455,-99.05578554584156
16,36,56,20.275642394336614,-1.7243576056634424,-5.745940809157844,-83.22201294072568
17,37,57,13.35906973632342,-10.64093026367658,-15.658245740725022,-98.92859562610943
18,38,58,9.744455931011146,-13.255544068988854,-14.61777988360791,-86.33106989535747
19,39,59,6.7790783604141325,-16.220921639585868,-20.393797389577287,-65.61259206938973
20,40,60,9.464793612481287,-8.535206387518713,-9.11919776438242,-41.93320811130093
21,41,61,-4.152167907877299,-21.1521679078773,-20.09770061059487,-35.385464620932
22,42,62,0.2862992494298737,-9.713700750570126,-7.760890312740571,-47.31976975993962
23,43,63,33.559397383652595,15.559397383652538,13.529278727266103,-36.74822041743812
24,44,64,52.48957963259352,35.48957963259352,35.722523834771664,-14.442212019921953
25,45,65,37.016980555075406,26.78358048010091,30.879148011535335,-35.354631525609875
26,46,66,29.46817421589469,8.468174215894692,7.525995171504178,-59.14849734242716
27,47,67,48.216695952921214,21.216695952921214,21.219499649834006,-57.411187279168985
28,48,68,52.167170836433456,22.167170836433456,14.855805719283012,-87.21101253769348
29,49,69,37.58498112712516,15.584981127125161,18.869802829387936,-28.61240774681164
30,50,70,41.62591118303749,7.268885298682449,14.35245148168815,-36.58301311722971
31,51,71,33.54105401233437,1.6168892850533894,5.346556171568636,-37.380626068801234
32,52,72,37.20713691357349,12.205367746815227,17.40001981736725,-46.89808705152825
33,53,73,49.58234546962842,17.58234546962842,17.58328844601067,-112.7236541102526
34,54,74,69.22568841769782,44.225688417697825,41.483095526112265,-85.24445477082327
35,55,75,80.0690791858263,51.069079185826354,50.586919141361136,-105.10199175328103
36,56,76,78.2357961972665,46.235796197266495,41.3944347093618,-145.7492129196853
37,57,77,92.41371268522187,55.41371268522187,46.696726152312294,-172.50811450315757
38,58,78,106.32518347653883,63.32518347653888,49.54155858128752,-226.0291984115047
39,59,79,106.37135353942438,62.371353539424376,39.93886679851221,-197.96810415201116
40,60,80,117.41796898723646,76.41796898723646,63.283502775259194,-248.31720485889707
41,61,81,128.62053002808932,77.62053002808932,58.902154043799555,-225.5435549802903
42,62,82,129.03550712724552,80.03550712724552,67.49251386385004,-166.26638247392907
43,63,83,131.9634229330402,72.96342293304019,50.17421907851701,-287.3565501874061
44,64,84,110.44292703187853,56.44292703187841,38.54940147990021,-243.26797265176765
45,65,85,99.52073556601448,56.28733549104004,43.26017332827371,-191.42024158332515
46,66,86,108.50322728935464,63.50322728935464,46.29679107419088,-191.87021255779143
47,67,87,90.66422348348306,40.664223483483056,27.54924594420868,-145.13310290043376
48,68,88,88.39262774383866,41.3926277438386,24.882771970577778,-171.98658838732797
49,69,89,84.9824256122846,36.9824256122846,27.322727758345536,-151.34985384802428
50,70,90,72.63591394450043,44.27888806014539,46.83686868396296,-41.19472551811134
51,71,91,70.16752266264882,48.24335793536784,52.79280310629338,-11.174507622007013
52,72,92,66.30060695999327,52.29883779323501,58.17321133590883,34.625475915605534
53,73,93,65.6492372239365,39.64923722393655,37.49486558543845,-34.7210198165468
54,74,94,54.7403335664867,40.7403335664867,42.072195607194885,26.812382425569467
55,75,95,51.84490533876641,38.84490533876635,39.65069095654496,-5.624272759595101
56,76,96,76.63068954135213,50.630689541352126,45.31078897130965,-90.51306377280503
57,77,97,73.09290998377787,46.09290998377787,41.314864047798324,-78.7553562141311
58,78,98,49.29955588698215,21.299555886982148,17.381994619473744,-126.29283801868326
59,79,99,35.48181020013686,4.481810200136806,2.835679072609878,-114.72804685355811
60,80,100,51.52162001028722,22.521620010287165,18.134136161873585,-156.69042041447267
61,81,101,57.47417316478084,15.474173164780836,7.474917036523493,-200.69106205251558
62,82,102,57.31105847454813,11.31105847454819,5.806841065963226,-141.70211964978466
63,83,103,50.07968364473055,5.079683644730494,1.6493380408003304,-214.11379923127515
64,84,104,51.26316505671866,1.2631650567186625,-11.153492532052041,-242.44978717405047
65,85,105,55.21859220482406,8.218592204824063,-3.05104056389564,-249.79313625003874
66,86,106,49.54223639600366,4.542236396003659,-5.892241697548229,-217.06643277895034
67,87,107,61.52173717685133,19.52173717685139,9.70171432117661,-204.23750333930468
68,88,108,53.796352731706406,14.796352731706406,7.523398739995741,-147.41555199570803
69,89,109,31.681164039380178,-2.318835960619708,-8.27393058671555,-104.56538309946154
70,90,110,31.626838607219895,10.626838607219895,6.756547950222512,-52.99964783760299
71,91,111,36.40070379805303,12.40070379805303,7.383388321004645,-78.32982335363727
72,92,112,45.536348887374174,22.536348887374174,17.306374874457106,-37.344476890353235
73,93,113,31.431421776788795,21.43142177678891,25.111818889419737,12.69719843792916
74,94,114,30.738011969112506,26.987073570486245,36.78265993640349,54.32147052860205
75,95,115,23.68689523977389,14.68689523977389,20.972031555521653,23.883780293485984
76,96,116,25.604165253604947,4.604165253604947,2.809808591965748,-89.29922138747293
77,97,117,41.97281402870425,18.972814028704192,15.146511868992661,-58.91394815050353
78,98,118,36.67723814005086,16.677238140050918,15.356311605638552,-98.56481719483031
79,99,119,22.467149436865895,-8.532850563134161,-12.258423232340874,-124.04563679612988
80,100,120,33.627439848474125,10.627439848474069,8.880579230442322,-151.01254670509582
81,101,121,18.43597238904681,-2.5640276109531897,-3.661729545710841,-87.28592901651314
82,102,122,22.304364086567432,-3.695635913432511,-6.936094941795204,-114.6781069448133
83,103,123,29.711856169172734,-4.288143830827266,-7.787139374690014,-154.8510599668648
84,104,124,36.06532471471576,-0.9346752852843565,-11.7311033598736,-175.5851172488143
85,105,125,37.142741653311475,4.142741653311532,-5.008795464449918,-101.52721026177994
86,106,126,43.90690841024605,17.906908410246047,14.201953652937732,-116.54074656115995
87,107,127,39.506219850988145,15.506219850988145,16.281714725983306,-85.6603331968737
88,108,128,46.33477939285706,25.334779392857058,25.637121502012405,-72.40283441551935
89,109,129,46.488773360075925,25.488773360075925,21.50048183844126,2.322002658951533
90,110,130,48.24658510486421,21.246585104864153,15.775391988324827,-56.656644507492274
91,111,131,43.69660214792367,12.696602147923727,6.620238845396102,-140.5320817278182
92,112,132,40.82094084392651,11.82094084392645,7.43345699551287,-118.25297073578838
93,113,133,28.779928082888546,7.779928082888546,6.967426043155115,-89.06878013891833
94,114,134,29.422776054192752,17.671837655566605,24.193420318960875,-29.911940530393053
95,115,135,26.825943491929593,6.825943491929593,8.327699483690594,-67.72184929106493
96,116,136,32.52750212470505,8.527502124705052,5.93269423329491,-96.59603357786273
97,117,137,34.06621161277815,7.066211612778261,1.2484449059587632,-78.5843183582657
98,118,138,37.62319653560007,10.623196535600073,5.845150599620638,-126.43122200058872
99,119,139,35.119464439904675,-0.36318775810877924,-5.336514737871084,-127.35035918345432
100,120,140,38.326049614145745,5.326049614145745,-2.4391931424956965,-178.62642261637927
101,121,141,30.83885932320328,9.838859323203224,6.315142256485842,-57.5432386402681
102,122,142,45.41448208002549,24.414482080025437,21.58391219386806,-55.14649675412386
103,123,143,41.67533444664775,17.675334446647753,11.271724608479303,-107.8012220205186
104,124,144,47.74475143132645,26.965054230480973,23.402644741125073,-74.75222887144707
105,125,145,45.02587186080649,25.02587186080649,21.584566310036394,-25.772737576585996
106,126,146,47.9678161579003,34.9678161579003,33.69911798347755,-55.72595340183307
107,127,147,50.568310244362124,33.56831024436207,31.24396986147667,-31.63914485081
108,128,148,55.06557388196933,39.06557388196933,34.565451596337084,-34.895367828798726
109,129,149,60.42253280276151,38.42253280276151,30.760371932742316,-32.25995280011409
110,130,150,56.99831868379766,35.99831868379766,28.6622921240006,-54.51082120469903
111,131,151,73.12299190005183,48.12299190005183,38.79550079314674,-108.58575737403078
112,132,152,82.34888852197378,49.34888852197378,37.07818909169259,-153.57268985005737
113,133,153,77.79122180527884,42.79122180527884,30.234759088777423,-171.27324632179568
114,134,154,79.13405623025346,47.134056230253464,35.68842087246571,-118.24455867224754
115,135,155,74.60887409017164,44.60887409017164,34.87149384106135,-161.55320799243964
116,136,156,71.22990519308019,47.229905193080185,40.133148174351845,-137.38786595749525
117,137,157,74.89145342657281,46.89145342657281,41.55836613179167,-100.22673147225521
118,138,158,80.76564421210992,52.76564421210992,42.98427546571372,-136.61165126822073
119,139,159,75.09595598457565,46.613303786562255,40.27300950031906,-108.98215291827182
120,140,160,77.93073374417929,48.93073374417929,36.22548372904629,-124.02951267061633
121,141,161,88.94770546459108,58.94770546459108,46.09116290296106,-125.49357976639715
122,142,162,87.2267025751047,61.226702575104696,51.64329102176589,-38.904704216958635
123,143,163,75.69232733524797,53.69232733524791,44.47214027755399,-29.846978458652075
124,144,164,64.08950817680227,48.30981097595679,42.29985810084162,-22.89616220799246
125,145,165,60.21545029010525,47.21545029010525,45.46473769393259,-13.167274241617406
126,146,166,76.95320888486168,61.95320888486168,55.32350419550892,-25.717592861338517
127,147,167,55.676122857226346,44.676122857226346,41.103991159032034,-24.84071879185774
128,148,168,50.17829816160139,38.17829816160139,34.849241132908276,-20.08220123505555
129,149,169,46.49587095318731,34.49587095318731,31.11922427037814,-16.62517630009671
130,150,170,53.13737782715191,41.13737782715191,36.89585213722779,-31.036396571148885
131,151,171,55.43322572543741,45.43322572543741,42.53400589934728,-40.967487469358275
132,152,172,73.10088016098132,58.10088016098132,53.0589032412862,-49.53653677162862
133,153,173,54.739848821698445,36.739848821698445,31.260816069286022,-21.71555887583463
134,154,174,34.74178622415599,22.741786224155987,21.29118128896954,13.11147458826565
135,155,175,42.41830856962946,34.53141423186315,34.16551358694397,-7.241209106013343
136,156,176,49.81081553272645,39.153419311326445,37.791786392853226,-1.629063670281539
137,157,177,47.69286843374448,32.69286843374448,32.843621126352616,18.211765767733482
138,158,178,45.02133815771151,37.02133815771151,36.50414496629526,2.271918191447412
139,159,179,44.264607090746665,33.264607090746665,31.94696266955941,-30.320919470880312
140,160,180,31.54078938470667,14.54078938470667,11.968816094257306,-88.04469801758569
141,161,181,37.46548303798244,16.465483037982438,11.208898019865103,-109.80687228239776
142,162,182,44.82306324041804,25.823063240418037,21.111009005638152,-61.57270165332284
143,163,183,42.08962401139365,26.089624011393653,22.629222496601358,-55.8095454746541
144,164,184,37.188216895998664,16.188216895998664,10.585058287601385,-71.87839780760123
145,165,185,40.11620788554785,19.11620788554785,13.798020815988764,-51.06172553352678
146,166,186,48.00229445537741,26.00229445537741,19.90126971020311,-66.59147083942526
147,167,187,51.90656199859433,37.90656199859433,35.78846634763602,-47.98212185563693
148,168,188,52.5328988236073,35.5328988236073,32.48404296005606,-46.66624988132082
149,169,189,50.65763974814331,35.65763974814331,32.00195718956803,-35.96398788312172
150,170,190,52.56439329010766,38.56439329010766,36.099724048869405,-40.829785212412844
151,171,191,52.5890499947248,33.589049994724746,28.981623659881507,-25.090038214616925
152,172,192,57.58813035985355,38.58813035985355,33.46465958660241,-64.35094669445084
153,173,193,68.53246957191874,52.53246957191874,48.3789208765665,-61.24839624237541
154,174,194,65.72154857027795,47.721548570277946,44.34284323983303,-28.980877454942515
155,175,195,51.371463476199835,37.484569138433585,34.13147167285234,-84.91301721163131
156,176,196,39.12376337345313,28.466367152053124,27.79788141413985,-52.3975943495999
157,177,197,38.2809898603947,30.280989860394698,27.667832999000666,-39.250449743888055
158,178,198,40.656192908586945,30.656192908586945,30.182988214456657,-22.279865962915324
159,179,199,52.52956067974799,38.52956067974799,36.064891438509676,-45.20210201096461
160,180,200,52.368867414670035,35.368867414670035,30.71745258254083,-58.19488036031191
161,181,201,46.59707221622648,31.59707221622648,28.28796324793126,-69.66648708065111
162,182,202,36.83318094888841,25.833180948888412,25.521793977528034,-63.42883220010265
163,183,203,35.721988664274704,25.721988664274704,24.902210379864414,-38.412396871084184
164,184,204,42.47746084251537,26.47746084251537,22.323912147163185,-46.802893757680636
165,185,205,45.08532413987098,29.085324139870977,24.931775444518735,-45.22497071504711
166,186,206,45.93507567906164,30.93507567906164,27.279393120486418,-73.90201345149387
167,187,207,38.12042237149126,25.12042237149126,22.113898496190018,-75.09257189164168
168,188,208,46.41997110486034,32.41997110486034,29.262154683062136,-62.6729861987767
169,189,209,36.212728916178776,22.212728916178776,19.054912494380517,-64.49104855700261
