Left,Mid,Right,Loss,Loss_left,Loss_right,gain,glasso
0,20,40,1355.7752257976122,991.3133879416591,990.4153728150832,-625.9535349591301,12.398239413717533
1,21,41,1358.4331182511924,990.3314594147399,991.1088929405689,-623.0072341041164,11.918006754781118
2,22,42,1350.8735269835051,980.2470039917469,991.3595764833465,-620.7330534915882,8.461510819431737
3,23,43,1351.2278500034981,975.9711710599271,993.8874965802145,-618.6308176366433,10.356286167672351
4,24,44,1338.227377081273,966.187747855231,989.8437564297958,-617.8041272037538,8.201093474497043
5,25,45,1339.3749685286966,961.5132829419125,994.5341765252449,-616.6724909384607,8.447068624851909
6,26,46,1342.2081405781946,969.5126349939335,991.2789409066107,-618.5834353223495,7.570456684050669
7,27,47,1346.9959786635338,968.5017645529765,1000.0067236760904,-621.512509565533,8.821297045199913
8,28,48,1345.4210750530947,965.0632999674613,999.4332651036323,-619.0754900179988,9.907979882358745
9,29,49,1353.7237823940764,961.5209945567287,1009.2456474042714,-617.0428595669237,10.463790656078459
10,30,50,1356.5651909243684,970.9624703512511,1014.266810666307,-628.6640900931898,11.321872625199603
11,31,51,1354.6795031577608,963.1239032354365,1015.3525185177452,-623.796918595421,15.572133477207785
12,32,52,1352.772514044133,966.7757594473485,1012.7656498426479,-626.7688952458634,15.209646483238885
13,33,53,1358.4167728867228,983.9741050066707,1003.6742312964968,-629.2315634164447,11.048180770170802
14,34,54,1361.388149706941,978.4468494296315,1012.1170475348289,-629.1757472575193,11.378369742015252
15,35,55,1367.6744658261773,983.2666566732286,1013.2132687264418,-628.805459573493,11.393774966880983
16,36,56,1365.6413765479738,986.2895594644364,1014.0578406610719,-634.7060235775343,10.338011183031995
17,37,57,1368.8956266700939,983.2697627489529,1021.0331682584094,-635.4073043372684,10.927565046754012
18,38,58,1371.6735412120956,983.1182423425329,1024.5978148686302,-636.0425159990673,11.127278659044237
19,39,59,1364.8704737469961,999.4034536841016,1011.6160811304919,-646.1490610675974,3.699683409766294
20,40,60,1357.5665155319975,990.4153728150832,1011.4352757981699,-644.2841330812555,3.745657617206575
21,41,61,1362.0250874858375,991.1088929405689,1011.6268670687323,-640.7106725234637,3.1000029240593676
22,42,62,1364.1448682359369,991.3595764833465,1010.9338889552164,-638.148597202626,3.868361265659587
23,43,63,1364.2596756926864,993.8874965802145,1007.6412882919512,-637.2691091794793,2.9117224143368503
24,44,64,1367.128795314511,989.8437564297958,1014.268433178853,-636.9833942941377,4.01011401700373
25,45,65,1368.7532343518637,994.5341765252449,1014.2490532260113,-640.0299953993924,2.729952518824234
26,46,66,1375.8391778764385,991.2789409066107,1017.0301244740197,-632.4698875041918,3.4221887004669043
27,47,67,1378.9230924502147,1000.0067236760904,1014.0763569364242,-635.1599881622999,2.0309981593878774
28,48,68,1384.7668182861928,999.4332651036323,1019.3094991345042,-633.9759459519437,2.807600648082598
29,49,69,1387.018565668673,1009.2456474042714,1012.4399042904059,-634.6669860260042,0.7410862810513663
30,50,70,1392.5416528636833,1014.266810666307,1017.0567712139565,-638.7819290165803,3.2653695440513957
31,51,71,1396.3792870262996,1015.3525185177452,1011.3031675054824,-630.276398996928,6.687166102589572
32,52,72,1395.2561865991388,1012.7656498426479,1013.4490225539264,-630.9584857974355,4.979722217685776
33,53,73,1384.533544073366,1003.6742312964968,1003.1896781662305,-622.3303653893613,7.5264895223399435
34,54,74,1395.5240773686637,1012.1170475348289,985.6482098276352,-602.2411799938004,17.694076748948874
35,55,75,1394.5009905073862,1013.2132687264418,981.5183291078367,-600.2306073268924,17.878122810891455
36,56,76,1392.2720261391287,1014.0578406610719,984.3801808107393,-606.1659953326825,16.246451641203635
37,57,77,1400.7512604601666,1021.0331682584094,975.9419675374538,-596.2238753356967,16.728406265543413
38,58,78,1401.3280388518378,1024.5978148686302,971.5516346150583,-594.8214106318505,16.139800481660586
39,59,79,1388.9294122956203,1011.6160811304919,972.6911777550523,-595.377846589924,11.74063759149169
40,60,80,1395.474275952722,1011.4352757981699,970.7226259758456,-586.6836258212934,11.938625143198578
41,61,81,1388.141854953445,1011.6268670687323,968.8983808015823,-592.3833929168695,11.312589213846195
42,62,82,1388.547500616885,1010.9338889552164,974.294599408265,-596.6809877465964,13.37651953380555
43,63,83,1387.636039304386,1007.6412882919512,976.6772102260148,-596.6824592135799,12.164352538213507
44,64,84,1389.0841836816494,1014.268433178853,972.3670627617239,-597.5513122589275,12.577028440366803
45,65,85,1392.748025752344,1014.2490532260113,978.2114578928529,-599.7124853665202,10.923976860215703
46,66,86,1399.6443701254043,1017.0301244740197,977.125813449708,-594.5115677983233,9.558678224111077
47,67,87,1389.488847665856,1014.0763569364242,974.0734237573755,-598.6609330279437,7.685719212267941
48,68,88,1387.8753183071758,1019.3094991345042,966.8957930790946,-598.329973906423,5.004431484443103
49,69,89,1376.679770426355,1012.4399042904059,965.7697045195362,-601.529838383587,0.8259798781227801
50,70,90,1381.2981311285566,1017.0567712139565,973.4059335987556,-609.1645736841556,1.3778222296824651
51,71,91,1371.6100825644894,1011.3031675054824,974.4955799661229,-614.1886649071159,1.2846772456088047
52,72,92,1379.384787973194,1013.4490225539264,982.4560829160679,-616.5203174968003,1.8240984365454551
53,73,93,1374.0814501311443,1003.1896781662305,985.736162175083,-614.8443902101692,3.458643792793623
54,74,94,1354.4567035190028,985.6482098276352,983.0359364984033,-614.2274428070357,5.140412744331684
55,75,95,1352.4574246659151,981.5183291078367,982.7349398900152,-611.7958443319369,9.882141859598391
56,76,96,1357.4529691077678,984.3801808107393,992.3778090528701,-619.3050207558417,11.218359591799754
57,77,97,1346.2075759624595,975.9419675374538,992.1502102885959,-621.8846018635902,9.76022005979246
58,78,98,1340.498535574411,971.5516346150583,990.9952450212103,-622.0483440618575,7.80005568752722
59,79,99,1344.8347749675252,972.6911777550523,994.706244918297,-622.5626477058242,8.432626750683426
60,80,100,1335.193031689454,970.7226259758456,986.4756674821442,-622.0052617685358,9.165139956284975
61,81,101,1329.4254772686863,968.8983808015823,985.46244642147,-624.9353499543658,8.209442187493892
62,82,102,1327.6357372813977,974.294599408265,969.2723543560527,-615.9312164829198,12.004400914632356
63,83,103,1333.54472939801,976.6772102260148,976.7197357481471,-619.8522165761519,12.380957648639992
64,84,104,1325.7076588263371,972.3670627617239,976.315736285841,-622.9751402212278,10.61739269886857
65,85,105,1331.5788125011788,978.2114578928529,977.7470615188672,-624.3797069105412,10.781389321694178
66,86,106,1333.0174277902076,977.125813449708,991.4019484027032,-635.5103340622034,5.041514426442745
67,87,107,1332.968490485479,974.0734237573755,991.2168380026401,-632.3217712745368,5.835083402135069
68,88,108,1333.4798875136744,966.8957930790946,997.5732181794851,-630.9891237449053,2.5574423440722285
69,89,109,1336.4445609308436,965.7697045195362,1000.8854058486306,-630.2105494373232,1.1104101462476592
70,90,110,1349.8512280702928,973.4059335987556,1013.2958140196602,-636.850519548123,0.13538160983409853
71,91,111,1347.703331159164,974.4955799661229,1010.1799111261007,-636.9721599330596,2.205405393822275
72,92,112,1347.7177404142994,982.4560829160679,1002.2332907467833,-636.9716332485518,1.6365764971404815
73,93,113,1349.6851575925089,985.736162175083,1000.8651678427113,-636.9161724252854,1.6060851141668309
74,94,114,1346.256477061082,983.0359364984033,1001.1461203625151,-637.9255797998364,3.6449202475446327
75,95,115,1347.0265255091979,982.7349398900152,1000.4373460623272,-636.1457604431446,7.9645350394204115
76,96,116,1351.6331529209658,992.3778090528701,995.6435362725837,-636.3881924044879,8.866195485010735
77,97,117,1353.2009566272736,992.1502102885959,995.647476335811,-634.5967299971333,8.839324318007243
78,98,118,1353.6797514583495,990.9952450212103,999.2131849297693,-636.5286784926302,8.25881526365822
79,99,119,1356.111865676161,994.706244918297,989.8149446001854,-628.4093238423216,10.972104867083658
80,100,120,1365.9305577650937,986.4756674821442,1005.3007846053663,-625.8458943224168,11.988119827679611
81,101,121,1358.950602430386,985.46244642147,1007.9560868361168,-634.4679308272007,9.81984216141575
82,102,122,1356.3942209397824,969.2723543560527,1006.8297079085561,-619.7078413248264,15.929985845940678
83,103,123,1370.4929704447284,976.7197357481471,1012.134023679952,-618.3607889833706,19.94341873731662
84,104,124,1373.8279378452303,976.315736285841,1016.1517260856833,-618.639524526294,21.294182382665667
85,105,125,1374.7412703000373,977.7470615188672,1016.1338916781223,-619.1396828969523,22.42991161097109
86,106,126,1378.111727717515,991.4019484027032,1021.4142232234191,-634.7044439086073,12.165835314429614
87,107,127,1380.9334233571922,991.2168380026401,1022.6008813878968,-632.8842960333448,14.41125168885253
88,108,128,1384.7302301985342,997.5732181794851,1022.8135647909932,-635.656552771944,12.646229977198345
89,109,129,1387.3669414168903,1000.8854058486306,1021.4815326028784,-634.9999970346187,11.9329979195129
90,110,130,1384.5946115235101,1013.2958140196602,1015.7377755039635,-644.4389780001134,8.788475738725765
91,111,131,1385.0919340479297,1010.1799111261007,1017.7986090202214,-642.8865860983924,8.108223132808916
92,112,132,1382.0853565612115,1002.2332907467833,1014.5670782638913,-634.7150124494631,12.767258427521938
93,113,133,1379.3194223013552,1000.8651678427113,1013.308954071924,-634.85469961328,13.137671400543582
94,114,134,1381.59333974731,1001.1461203625151,1008.3701524983519,-627.9229331135571,19.690335679424834
95,115,135,1381.284636632312,1000.4373460623272,1007.4948825948329,-626.6475920248481,20.455881944937232
96,116,136,1381.4720028131428,995.6435362725837,1014.701351473871,-628.872884933312,18.17302576580869
97,117,137,1382.300892564507,995.647476335811,1008.1189821277605,-621.4655658990646,18.237456847124122
98,118,138,1385.690457288173,999.2131849297693,1013.6629957024948,-627.185723344091,18.765729795406628
99,119,139,1387.5177102661196,989.8149446001854,1017.4427851690183,-619.7400195030841,21.473402801940665
100,120,140,1392.4716934992193,1005.3007846053663,1022.3806440783907,-635.2097351845377,14.734196092765387
101,121,141,1402.6060798712697,1007.9560868361168,1030.5812308695517,-635.9312378343989,11.76141599316884
102,122,142,1403.2307024495117,1006.8297079085561,1030.0088951701673,-633.6079006292116,11.319525967935306
103,123,143,1405.2497354117804,1012.134023679952,1032.201881850353,-639.0861701185245,11.321467208114768
104,124,144,1408.385986617056,1016.1517260856833,1030.954098381527,-638.7198378501544,11.258822331084275
105,125,145,1411.4510255206928,1016.1338916781223,1024.400576566248,-629.0834427236773,12.519461647328285
106,126,146,1420.1893579936573,1021.4142232234191,1022.5726828595549,-623.7975480893167,12.88416773022334
107,127,147,1420.8993131001325,1022.6008813878968,1026.3776682304874,-628.0792365182515,10.656154325101284
108,128,148,1423.306432273565,1022.8135647909932,1027.2707308077288,-626.7778633251569,9.687131912650784
109,129,149,1422.8956263765435,1021.4815326028784,1025.3670826478944,-623.9529888742293,9.392151469852024
110,130,150,1411.3374775788006,1015.7377755039635,1028.2486505006466,-632.6489484258095,7.448621980237476
111,131,151,1424.97072302556,1017.7986090202214,1036.0108029780326,-628.8386889726944,8.186887505795653
112,132,152,1435.6656429172372,1014.5670782638913,1037.1982800954,-616.0997154420538,14.463360422718551
113,133,153,1436.2369835905658,1013.308954071924,1031.776654881454,-608.8486253628123,16.86284671106887
114,134,154,1429.6755455027178,1008.3701524983519,1017.5150399222833,-596.2096469179173,18.335658114764215
115,135,155,1439.1637446870545,1007.4948825948329,1023.1523166239019,-591.4834545316803,21.674562723687586
116,136,156,1434.9128280104387,1014.701351473871,1018.0824916882395,-597.8710151516718,19.16035947735986
117,137,157,1437.8433484900652,1008.1189821277605,1016.5775575368676,-586.8531911745631,21.725347853905305
118,138,158,1445.076776533765,1013.6629957024948,1007.4896533990185,-576.0758725677483,23.92354579654409
119,139,159,1454.9095251008416,1017.4427851690183,1005.5430057638889,-568.0762658320655,25.39794278925308
120,140,160,1447.2290959063391,1022.3806440783907,986.3073277695759,-561.4588759416274,23.495971460055898
121,141,161,1439.3883404383835,1030.5812308695517,977.6580293392748,-568.8509197704432,19.5448702965532
122,142,162,1434.96789319879,1030.0088951701673,982.0706642837963,-577.1116662551735,18.693308512962176
123,143,163,1422.3482485992931,1032.201881850353,978.2257001497817,-588.0793334008415,12.403843697920706
124,144,164,1416.3363479564005,1030.954098381527,979.9884765356002,-594.6062269607269,12.037505189906483
125,145,165,1406.6125898613388,1024.400576566248,980.2633369464081,-598.0513236513173,10.848007922121042
126,146,166,1389.7052321131027,1022.5726828595549,972.8017396496664,-605.6691903961187,6.57097434716502
127,147,167,1391.3128876822193,1026.3776682304874,974.078750251537,-609.1435307998051,6.446588382024856
128,148,168,1386.8669196729888,1027.2707308077288,971.2223225179123,-611.6261336526522,5.673439173184761
129,149,169,1407.4224504940748,1025.3670826478944,986.6005179147139,-604.5451500685335,10.310519133555545
130,150,170,1400.7923075988865,1028.2486505006466,985.5388625842514,-612.9952054860114,9.575304617185452
131,151,171,1398.9564382898802,1036.0108029780326,986.3891093671747,-623.443474055327,7.639258567554407
132,152,172,1392.417833802548,1037.1982800954,984.1350804027527,-628.9155266956045,7.062985859731725
133,153,173,1389.8566834477197,1031.776654881454,981.1701690027314,-623.0901404364658,8.31756180071011
134,154,174,1387.5805408735032,1017.5150399222833,985.7795365865406,-615.7140356353207,6.520418685010554
135,155,175,1382.4451145089108,1023.1523166239019,972.945978823699,-613.65318093869,10.217046169942478
136,156,176,1370.7245334354538,1018.0824916882395,972.6550856314673,-620.013043884253,9.51035644143576
137,157,177,1366.7630495934304,1016.5775575368676,969.5537716092442,-619.3682795526815,12.412092470724588
138,158,178,1353.054036083981,1007.4896533990185,968.3816773301947,-622.8172946452323,11.78418086277361
139,159,179,1346.3628854299675,1005.5430057638889,962.8143254479671,-621.9944457818885,10.267993933525531
140,160,180,1329.9855604630718,986.3073277695759,962.8143394832,-619.136106789704,8.454087629347782
141,161,181,1319.6401161768777,977.6580293392748,961.237339057617,-619.255252220014,6.448000505195978
142,162,182,1322.5004962879766,982.0706642837963,961.7999692020321,-621.3701371978518,7.49444548276449
143,163,183,1323.005883851345,978.2257001497817,969.3614763779933,-624.5812926764299,5.329373962951877
144,164,184,1320.9541149252975,979.9884765356002,966.7434404773896,-625.7778020876924,7.6095039768365496
145,165,185,1326.8277258971616,980.2633369464081,972.9048434436419,-626.3404544928885,8.63676024924996
146,166,186,1324.2591762754591,972.8017396496664,975.5719338566312,-624.1144972308384,9.702428558431961
147,167,187,1329.2742294986067,974.078750251537,980.952688491166,-625.7572092440962,10.746174656886069
148,168,188,1335.3386695234137,971.2223225179123,991.4644243120113,-627.3480773065098,12.280456831350875
149,169,189,1333.1530235254365,986.6005179147139,964.0376885580152,-617.4851829472925,4.18644110203013
150,170,190,1334.2880807260055,985.5388625842514,958.5940607626794,-609.8448426209254,5.405432177416628
151,171,191,1330.8753270305845,986.3891093671747,959.4210244402777,-614.9348067768681,2.3607852306798804
152,172,192,1324.3506593643592,984.1350804027527,966.9150961897933,-626.6995172281868,4.082126275342034
153,173,193,1331.190775303448,981.1701690027314,982.523494929495,-632.5028886287785,8.961231210307801
154,174,194,1333.3452307947318,985.7795365865406,986.3482325950883,-638.7825383868972,5.483902020221649
155,175,195,1325.3037697781276,972.945978823699,987.8644788758104,-635.5066879213816,4.353881384631563
156,176,196,1326.430362517765,972.6550856314673,985.625765877551,-631.8504889912533,5.427417959697323
157,177,197,1327.080017352068,969.5537716092442,990.2000854118534,-632.6738396690298,4.188118674533143
158,178,198,1325.3437033285254,968.3816773301947,985.3831544392879,-628.4211284409571,4.454368130303919
159,179,199,1327.6335784742625,962.8143254479671,990.9888954244282,-626.1696423981327,4.02426360914842
160,180,200,1336.0270042354323,962.8143394832,997.1956249747169,-623.9829602224845,3.794346251498382
161,181,201,1335.5506921908918,961.237339057617,1001.5696288401351,-627.2562757068604,4.788573856210178
162,182,202,1336.5759821920574,961.7999692020321,998.2577607641741,-623.481747774149,4.758184570378944
163,183,203,1334.9390128791451,969.3614763779933,993.6243417721914,-628.0468052710396,5.557710214634767
164,184,204,1332.9047345140225,966.7434404773896,994.6558817866119,-628.494587749979,5.838790716533708
165,185,205,1335.0716608277062,972.9048434436419,987.3640838569653,-625.197266472901,8.88415461366128
166,186,206,1336.752145387105,975.5719338566312,984.1990030792268,-623.0187915487531,8.844721484550519
167,187,207,1340.5255951152556,980.952688491166,983.1608996488658,-623.5879930247763,7.408182689859814
168,188,208,1344.6751125460066,991.4644243120113,975.1017674667537,-621.8910792327583,9.737002467844263
169,189,209,1336.5132131263176,964.0376885580152,983.1628855345341,-610.6873609662316,2.56129658621569
