Left,Mid,Right,Loss_likeli,Loss_AIC,Loss_BIC,Loss_eBIC
0,20,40,34.315350109138194,9.315350109138194,9.691919530072369,-138.6215755488987
1,21,41,31.44712373854975,2.447123738549749,0.8322286123759,-170.64462014472326
2,22,42,35.704937155884636,13.704937155884693,17.801543170744196,-118.81402054617968
3,23,43,19.865958931370074,-10.134041068629926,-9.02587471255913,-92.03453594009511
4,24,44,41.94257931386369,16.94257931386369,15.643856362555425,-107.06985385962571
5,25,45,43.329325994841554,20.329325994841554,20.541473584681057,-108.81429834030007
6,26,46,40.05334198938158,13.053341989381579,6.542428102002134,-117.58908787688449
7,27,47,45.1681643951531,23.1681643951531,21.226022733338596,-96.77943288962138
8,28,48,42.685202263652,15.685202263652059,9.99900858547511,-99.04023916497079
9,29,49,48.16826329237324,22.16826329237324,17.541509902890766,-113.49162022948576
10,30,50,42.50839750305448,27.508397503054482,28.70474520839889,-88.35255226025367
11,31,51,47.45172435431499,29.45172435431499,30.360341392265013,-57.61321144757062
12,32,52,67.28575358776033,66.25959199648679,67.98136436271085,67.61944041813541
13,33,53,65.94014541533244,41.94014541533244,42.26052044840981,-24.25228248569738
14,34,54,83.15941326590763,51.57842657602646,40.925286063458145,-52.55179588287206
15,35,55,83.5173672763026,55.51736727630265,45.042851349346506,-59.09083454893448
16,36,56,76.3949857022846,42.3949857022846,30.427550546009684,-114.45630206142255
17,37,57,44.520615128648615,19.520615128648615,12.619139153703202,-94.46226894163169
18,38,58,38.59550236503293,18.595502365032928,14.876504254532563,-71.7184541057079
19,39,59,27.818183363971286,7.818183363971286,3.752611663190919,-66.16209953334692
20,40,60,30.899144568117492,9.899144568117435,7.3164592642725665,-82.87236846541407
21,41,61,37.71974280651716,19.71974280651716,16.303329789010775,-49.635089535051975
22,42,62,37.22596067345063,21.22596067345063,20.68514452281272,-35.959265450985185
23,43,63,27.16003704596551,10.260334227919543,13.398619240376775,-19.33389933829517
24,44,64,29.051936501364764,14.051936501364821,14.959286195586742,-35.302752523505205
25,45,65,31.523149375187586,13.523149375187586,13.105465336392285,-40.41865216969961
26,46,66,33.583716107626174,16.583716107626117,14.358316407456755,-57.00693443585283
27,47,67,38.13482782496351,20.134827824963395,17.06498839773701,-32.11817700118877
28,48,68,35.05907776392712,20.05907776392712,19.30755695623418,-28.237975175325005
29,49,69,45.035912344342364,31.03591234434242,30.997258235063782,20.89231956121057
30,50,70,49.88136031654909,36.88136031654909,38.033719524607704,11.338438774783185
31,51,71,67.49451997317999,54.49451997317999,59.62533564641478,-44.52055810366278
32,52,72,63.99220064787255,47.99220064787255,49.737457496924435,-13.698005648932508
33,53,73,65.53899647850284,25.538996478502895,21.012675635668074,-87.11801783480985
34,54,74,79.19353388529993,32.193533885299985,17.73341826765943,-180.0160032007443
35,55,75,75.58428666026771,32.58428666026771,18.10751458445634,-129.7287329118759
36,56,76,86.20699212278163,38.206992122781685,21.587462953365275,-214.495117594023
37,57,77,69.97444705102356,32.9744470510235,18.002606864621043,-184.40020072073867
38,58,78,77.2529838277535,41.252983827753496,27.488685987141253,-158.89067612524832
39,59,79,81.31020956498043,47.310209564980426,33.251088949359314,-168.9752835051704
40,60,80,78.42622589026985,44.42622589026985,33.29183926664416,-118.03114376999906
41,61,81,73.84198531522452,39.84198531522452,26.033698977326424,-107.22065436787534
42,62,82,80.4691231949364,45.4691231949364,31.86694217690797,-92.68081740298828
43,63,83,70.9568408780824,41.05713806003655,32.7693677239713,-86.23884860673354
44,64,84,63.86096537424237,35.86096537424237,26.426170218126117,-109.66722736018585
45,65,85,53.04114435531119,28.04114435531119,21.139668380365833,-108.07806445346864
46,66,86,52.35721664684036,31.3572166468403,26.520080404316445,-106.80715056983786
47,67,87,37.37032264165964,18.37032264165964,14.456043487376292,-57.22580868379464
48,68,88,44.9711837666776,22.971183766677598,17.216732611783186,-69.25562728106195
49,69,89,53.89938374207594,33.89938374207594,28.663281744548044,-35.32745808293157
50,70,90,55.19639906682738,33.19639906682738,27.298414370896012,-34.80305035088668
51,71,91,50.605454003565455,28.605454003565455,23.304545719586713,-96.84264574896986
52,72,92,42.046997993687114,18.046997993687114,13.589687245521873,-93.65321399371419
53,73,93,27.648708938286575,1.6487089382865179,-4.364338812315964,-114.10301563167468
54,74,94,27.052150458448864,0.05215045844897759,-6.458763428930524,-136.51424947614885
55,75,95,23.49415460855994,-1.5058453914400616,-7.021027005265523,-106.87748583602661
56,76,96,19.085145579222797,-3.9148544207771465,-7.741156580488678,-124.58721332888547
57,77,97,18.273840752890635,-3.726159247109308,-7.401168860323878,-145.6973773322237
58,78,98,18.42358935956304,-4.5764106404369045,-9.095859980708383,-138.80098779535092
59,79,99,24.826459586643296,0.8264595866432956,-3.497708709845142,-149.5064713998613
60,80,100,26.130490955129858,-2.869509044870142,-10.37615520580357,-139.54109745156586
61,81,101,23.530601095338,-5.469398904662,-9.193295272757837,-127.09053305862062
62,82,102,37.86233859711706,8.86233859711706,1.3665167122703679,-88.3354457750961
63,83,103,37.51734549879916,11.517345498799159,5.341687653168606,-60.73464153703594
64,84,104,32.67375201408731,13.673752014087313,11.145767220923915,-96.89437887972781
65,85,105,33.57395646474674,14.573956464746743,11.699398081303343,-75.2301229255396
66,86,106,35.49285521645163,20.49285521645163,19.263187789836138,-63.13880418968404
67,87,107,32.82887113308374,17.828871133083794,15.559482935628353,-31.08105120103744
68,88,108,39.021124373494104,26.02112437349416,24.74746844959276,-31.511117645405193
69,89,109,58.06635113601885,41.06635113601885,38.12225460662444,-27.46587307303696
70,90,110,45.00857730109084,28.00857730109078,25.293070469604345,-40.55697973047177
71,91,111,29.978948759251182,21.978948759251182,22.955019209590432,18.14258256887865
72,92,112,30.95850614293721,19.95850614293721,20.843042711791554,-4.055322673897308
73,93,113,30.97097690670944,17.97097690670944,15.657600211968202,-57.45316252299688
74,94,114,39.150409197523686,23.568776350273197,25.824171881096618,-66.3416046706759
75,95,115,36.19596004201327,22.195960042013212,21.2208240574123,-28.414823597500572
76,96,116,42.5007923672394,27.27796073085551,28.035960022491054,-19.08535249709655
77,97,117,51.00842486341503,38.00842486341503,37.42791612007352,-53.20092931906572
78,98,118,55.26749706930025,40.26749706930036,39.384403232964814,-93.56360166981824
79,99,119,53.679039896127165,35.679039896127165,35.169693066793,-88.11509411716384
80,100,120,57.488791896710154,38.488791896710154,34.921086332706636,-56.8491667225951
81,101,121,49.98098747455481,26.98098747455481,25.551140746561032,-101.16754099629168
82,102,122,70.28255026911103,44.28255026911103,37.5763553379486,-98.93481631541897
83,103,123,87.57763477452124,57.57763477452124,49.41051238178261,-121.37932249167602
84,104,124,83.94111572565237,56.94111572565237,53.20279056051277,-191.1075399260626
85,105,125,76.6043166112903,47.6043166112903,45.296274304556505,-184.86418766497218
86,106,126,49.6018526974928,14.601852697492859,12.079202292336731,-175.20610552504036
87,107,127,48.68851966595798,14.688519665957983,13.703456168418938,-186.96557249079888
88,108,128,53.6059292967505,23.605929296750446,25.305477526879372,-185.0113396700783
89,109,129,67.47909828342517,27.479098283425174,24.651818613306546,-160.87778156377033
90,110,130,37.50756469954155,7.50756469954149,8.513965749110412,-149.6974788089875
91,111,131,35.965460000026894,9.965460000026951,12.61675200642378,-124.97223329138808
92,112,132,23.164966567946976,-1.8350334320530237,3.862879291442482,-159.84172405614368
93,113,133,49.77841494977781,18.77841494977781,17.554081911169874,-164.52761180459856
94,114,134,23.173809520690384,-9.40782332656022,-8.338106725066154,-108.21487087091498
95,115,135,21.023462286207973,-5.976537713791913,-5.45274090005455,-106.88178060196026
96,116,136,35.93232100373751,9.709489367353513,11.22928577948187,-103.98319547547703
97,117,137,37.917580704275395,7.917580704275451,4.765098670484576,-112.93340895836513
98,118,138,40.48693363146447,-0.513066368535533,-9.142075906873288,-157.03986077165723
99,119,139,38.84426675769521,-1.1557332423046773,-4.11821323369827,-154.77116702212902
100,120,140,33.79995934411926,-2.2000406558806844,-5.929654131523193,-151.6469679663312
101,121,141,37.76156582812132,2.76156582812132,-1.1473789381545885,-188.540964489178
102,122,142,43.55488135816779,-5.4451186418322095,-12.858453420186265,-268.9686312985061
103,123,143,40.373538780939725,-2.626461219060161,-8.092319947592387,-216.45012797775098
104,124,144,59.62412857900483,12.624128579004832,3.087363761684969,-290.3743128822349
105,125,145,56.42782741393273,15.427827413932732,8.53168582699493,-227.0302379672096
106,126,146,69.60267018669185,27.602670186691853,19.515515282416914,-236.7582240125348
107,127,147,74.34973300842921,28.60749426848713,22.929579027126124,-242.879862459763
108,128,148,74.5783267548062,28.303363255661907,21.060648078444046,-239.71550961690718
109,129,149,96.55334017276834,48.553340172768344,37.00816877045338,-222.59652959291202
110,130,150,95.50732243320908,58.50732243320908,52.66077692430656,-185.6825709659288
111,131,151,99.669165326388,64.669165326388,57.641058247592355,-191.86559867852282
112,132,152,110.95996629499837,72.95996629499837,65.7293321617276,-215.2772660655461
113,133,153,132.72740588570554,85.72740588570554,73.071478755866,-272.5547159451693
114,134,154,110.30563190240503,58.305631902405025,41.08093254700066,-209.1814441875896
115,135,155,115.80549604204361,61.80549604204367,42.54534364224537,-204.99705411753428
116,136,156,112.88603304776746,62.886033047767455,46.74240926141454,-205.79001457461175
117,137,157,106.24682826912289,58.24682826912294,43.594038277362756,-223.41841787497845
118,138,158,104.24850138437148,43.24850138437148,23.118865073125107,-232.34422368802007
119,139,159,107.99007878482178,48.990078784821776,29.50219292313352,-228.07131698695616
120,140,160,106.85941731913294,44.859417319132945,22.64010684280902,-237.4267664446104
121,141,161,108.44595881098974,49.44595881098974,27.696475727306506,-255.20673176252922
122,142,162,105.61231696536606,37.61231696536606,14.666546355286073,-268.2637053777024
123,143,163,80.52393471912387,24.523934719123872,7.082944068575216,-209.01269743637818
124,144,164,76.51239645863802,32.512396458638136,16.498037475209685,-179.91570241099953
125,145,165,69.03462877301723,30.034628773017175,19.764527720171714,-125.82184831368545
126,146,166,63.90467064677034,35.90467064677034,28.31748210294984,-87.90998404585696
127,147,167,49.34817495675969,30.605936216817554,29.540782719452295,-25.94748521961833
128,148,168,50.26363434239812,26.98867084325377,25.55376912975123,-35.14120375149332
129,149,169,57.203430729374645,28.203430729374645,19.452761746691976,-81.92986824507977
130,150,170,61.58435258851159,31.584352588511592,22.984545412008515,-64.74587130853286
131,151,171,61.96179469094875,34.96179469094875,27.567016444063597,-54.381337817423855
132,152,172,69.63327330579932,43.63327330579932,36.193670573718464,-34.12289677094907
133,153,173,72.9649441357027,52.964944135702694,49.34751935584427,-56.23315286133277
134,154,174,92.70073527197462,77.70073527197462,75.78809867935615,-44.64363663200277
135,155,175,84.95192941450705,68.95192941450705,67.9175430316746,-50.60356904242235
136,156,176,81.96796756022349,66.96796756022349,67.90308497078541,-53.92849073984928
137,157,177,69.2721115918676,53.2721115918676,52.81817002557142,-64.5784853444602
138,158,178,60.970188654978415,40.970188654978415,41.25306395158884,-83.31722466917415
139,159,179,71.96154058779871,50.96154058779871,48.82411788220122,-38.38184487770661
140,160,180,61.25486066425947,45.25486066425947,45.60676864254697,-37.95976670760183
141,161,181,63.58082315491271,46.58082315491271,46.088291406143185,-43.64757806410955
142,162,182,75.66606098310109,58.66606098310109,57.112172740742835,-28.443931311457277
143,163,183,68.00065345254751,50.00065345254751,50.43885522868476,-17.776661258369472
144,164,184,70.01601058416702,51.01601058416702,45.022289888203886,-23.45660503969441
145,165,185,73.03792630194715,50.03792630194715,45.654241895853716,-33.031336268236146
146,166,186,62.36117112530752,39.36117112530752,33.91673967509212,-38.90001214852305
147,167,187,63.588938453199376,46.588938453199376,41.59095003079017,-13.897317908280456
148,168,188,50.84019560156486,29.840195601564858,25.525401116611476,-19.854356373570113
149,169,189,47.28080839463888,19.28080839463894,11.152251635831476,-61.91342175175066
150,170,190,39.56956073555767,14.569560735557616,6.974937580052369,-70.0111023924726
151,171,191,26.939935178245776,-0.0600648217541675,-5.0288279366795905,-79.1309957733589
152,172,192,21.850029229571533,-4.149970770428354,-6.174916380300147,-33.90307077846478
153,173,193,31.178326340510694,4.178326340510694,1.1838755535401333,-60.02728426989847
154,174,194,42.7557609501651,21.755760950165154,18.578617473727604,-63.521132884911594
155,175,195,29.673283987663353,0.6732839876633534,0.7912568128892872,-145.70765897053298
156,176,196,30.79810460943372,2.7981046094337216,4.453664342276625,-169.38639109912253
157,177,197,28.058304137861796,3.0583041378617963,6.90060946159565,-174.98454485707964
158,178,198,44.15528412888142,-2.8447158711186376,-4.501231136059346,-228.15088714206695
159,179,199,59.37039551141345,12.370395511413449,6.64594018717321,-248.2914331812708
160,180,200,71.71910529716615,21.719105297166152,12.768183611195013,-268.5439943979876
161,181,201,93.91021001154638,41.91021001154638,30.923835281181482,-276.62486060784136
162,182,202,114.45814676734221,63.458146767342214,52.623064583474275,-305.2696087765371
163,183,203,103.84262865467821,54.84262865467821,45.00327874436425,-271.65762023808566
164,184,204,119.37097211513156,58.370972115131565,43.596949334333544,-393.9457223572647
165,185,205,101.80099674374054,49.8009967437406,45.05294663841505,-371.2608639012126
166,186,206,89.17520453543477,32.17520453543483,24.723752807010897,-349.7616205307056
167,187,207,115.92662667888601,57.92662667888601,49.15165898205862,-331.8894227222188
168,188,208,89.78216206157833,35.78216206157833,33.00119491839746,-286.89789756698747
169,189,209,49.83430178960276,16.834301789602705,21.199134692760254,-208.31175438195544
