Left,Mid,Right,Loss,Loss_left,Loss_right,gain,glasso
0,20,40,1336.6606444927647,969.3230310582323,995.6771769802351,-628.3395635457027,2.692540880996148
1,21,41,1337.9324069397885,968.2384798174786,999.4791544177954,-629.7852272954856,-2.9011291505432837
2,22,42,1338.3717264554248,971.1268686658292,993.8408125193414,-626.5959547297457,-0.8463190916362464
3,23,43,1343.0296252941791,977.3735547037227,999.8331430351936,-634.1770724447372,-4.985556949039847
4,24,44,1333.0985161617286,959.9386345370685,999.8728340940787,-626.7129524694187,-8.542469735483905
5,25,45,1335.140411383249,967.6184861645554,995.0459804445856,-627.524055225892,-19.46433020614586
6,26,46,1331.0567776190148,976.0241172074407,984.8555460053151,-629.8228855937409,-1.7418199135380519
7,27,47,1335.6390716706965,976.1404541401365,989.3186479725647,-629.8200304420047,-0.35519814638155367
8,28,48,1337.6888574316156,976.6775119316934,992.4629601794845,-631.4516146795625,0.17893005696851105
9,29,49,1342.6496187865614,977.6248724273557,994.0755930684712,-629.0508467092654,2.200169408120587
10,30,50,1343.3082454356743,977.8579035920463,995.4646159339374,-630.0142740903095,4.34732527111737
11,31,51,1341.879150409277,982.9545349957101,984.1194860766692,-625.1948706631024,9.738469869107917
12,32,52,1319.1631976366916,941.2282649639225,983.5905930179035,-605.6556603451345,9.421227243982571
13,33,53,1334.6436719418934,958.3498980143515,996.6446496183316,-620.3508756907897,10.97714967165848
14,34,54,1328.6189998905957,946.2816162392236,997.0312547760204,-614.6938711246485,10.964874712062397
15,35,55,1333.9083090179913,946.5999685405579,998.9159342205098,-611.6075937430764,13.645475121202708
16,36,56,1336.5026288572612,957.393255375763,997.3630771971855,-618.2537037156872,10.963448701264497
17,37,57,1339.7678780416709,983.5655429336614,988.8671594977429,-632.6648243897334,5.620930265748257
18,38,58,1339.6347591139638,986.2359608000411,989.0550175098836,-635.6562191959608,5.8443924307010775
19,39,59,1340.1930621802353,993.0434380186888,987.1854400557033,-640.0358158941567,3.5156629146179057
20,40,60,1338.5420621675607,995.6771769802351,980.8436010735498,-637.9787158862241,4.251594087709805
21,41,61,1342.1440033473232,999.4791544177954,978.3374940915978,-635.67264516207,5.173844814228005
22,42,62,1341.2050541369194,993.8408125193414,978.9750589334261,-631.6108173158482,5.6950508858749345
23,43,63,1346.7455399380792,999.8331430351936,979.8391578442694,-632.9267609413837,5.772361132273545
24,44,64,1357.1362400868143,999.8728340940787,988.5923121263547,-631.3289061336191,6.211820215065018
25,45,65,1359.845479674922,995.0459804445856,994.5821755570294,-629.782676326693,6.586902380116953
26,46,66,1357.0541478972182,984.8555460053151,1001.0077358563684,-628.8091339644652,6.4241961843641775
27,47,67,1367.92270178648,989.3186479725647,1004.8757452873426,-626.2716914734274,10.628024499669891
28,48,68,1368.694271959065,992.4629601794845,998.4591535371238,-622.2278417575433,10.190409335891104
29,49,69,1377.6055581127425,994.0755930684712,990.8287368317071,-607.2987717874357,18.232226523904956
30,50,70,1385.4836964758365,995.4646159339374,993.9353959277126,-603.9163153858135,21.247230125102533
31,51,71,1397.7070074518058,984.1194860766692,1009.3067839888295,-595.7192626136928,24.128355605554248
32,52,72,1403.4975440508447,983.5905930179035,1014.6671034426505,-594.7601524097095,24.487404691460938
33,53,73,1398.1662870559703,996.6446496183316,1008.1407567654762,-606.6191193278376,13.884488288077932
34,54,74,1392.3452415374172,997.0312547760204,999.9149908272465,-604.6010040658498,9.803553294707967
35,55,75,1391.0944585527232,998.9159342205098,996.0269992565908,-603.8484749243776,9.96303704458603
36,56,76,1388.8840937544494,997.3630771971855,997.3531149359618,-605.8320983786978,9.617604000734445
37,57,77,1382.7898902664178,988.8671594977429,1003.5550947844768,-609.6323640158018,5.85378507463497
38,58,78,1378.65635937864,989.0550175098836,996.5607196207354,-606.959377751979,6.614483336802323
39,59,79,1378.9792798737044,987.1854400557033,998.2074462774809,-606.41360645948,7.927035067585848
40,60,80,1371.729837172093,980.8436010735498,997.1006593243093,-606.214423225766,7.162315795942391
41,61,81,1367.8346003922145,978.3374940915978,997.5944310939379,-608.0973247933214,8.76072545954753
42,62,82,1376.3009504870968,978.9750589334261,1001.4155683645374,-604.0896768108666,12.265362273792903
43,63,83,1373.7364753596348,979.8391578442694,1002.5781239767966,-608.6808064614311,11.427052051231158
44,64,84,1374.8141937337004,988.5923121263547,1001.1245426467457,-614.9026610393998,9.860117108524605
45,65,85,1369.1846607499328,994.5821755570294,995.6557019795137,-621.0532167866102,8.949528411582946
46,66,86,1372.1937479221583,1001.0077358563684,989.8897973900544,-618.7037853242646,9.050319805716413
47,67,87,1364.790901165793,1004.8757452873426,988.2967067526637,-628.3815508742132,6.820781355232043
48,68,88,1366.1658694929247,998.4591535371238,993.3265225679422,-625.6198066121415,6.906218228152966
49,69,89,1364.0563874877002,990.8287368317071,988.2196191803944,-614.9919685244013,10.042761031241866
50,70,90,1357.5484687650505,993.9353959277126,981.6008843471398,-617.9878115098018,10.95291369751692
51,71,91,1365.0642681227114,1009.3067839888295,975.4248483052847,-619.6673641714028,9.907601184691202
52,72,92,1369.639300684752,1014.6671034426505,978.6383326867473,-623.6661354446458,9.826633002817971
53,73,93,1376.4190942662176,1008.1407567654762,998.3957473477124,-630.117409846971,5.587543649848612
54,74,94,1365.500268444886,999.9149908272465,998.1356401035551,-632.5503624859157,4.787815813064299
55,75,95,1358.8146666085913,996.0269992565908,997.2092221575524,-634.4215548055518,3.831085358977248
56,76,96,1365.5774951669096,997.3531149359618,1004.6784994909979,-636.45411926005,2.4041567453679136
57,77,97,1362.3210681060864,1003.5550947844768,1001.0357698110545,-642.2697964894448,1.6332854594843411
58,78,98,1353.6013025398365,996.5607196207354,998.97349695718,-641.9329140380789,1.3702750501200853
59,79,99,1358.307584180765,998.2074462774809,999.9712153135904,-639.8710774103065,2.375091113347594
60,80,100,1355.3811676597834,997.1006593243093,998.440367651396,-640.159859315922,2.3140927608546917
61,81,101,1352.8062200688819,997.5944310939379,991.2268314712867,-636.0150424963426,3.721660447330464
62,82,102,1349.817656593672,1001.4155683645374,976.6971816300775,-628.295093400943,5.296867915328903
63,83,103,1349.4890742138173,1002.5781239767966,970.1681546767127,-623.257204439692,8.258718798570953
64,84,104,1350.3490740379407,1001.1245426467457,974.9112312792248,-625.6866998880298,8.378188556808482
65,85,105,1351.0794745219841,995.6557019795137,980.3784164638844,-624.9546439214139,11.114216369114274
66,86,106,1349.3434135097905,989.8897973900544,984.0552753245122,-624.6016592047761,10.776049372538068
67,87,107,1348.268558937533,988.2967067526637,988.0742549221957,-628.1024027373262,9.724603917279637
68,88,108,1349.2950057683786,993.3265225679422,983.4570945226676,-627.4886113222312,10.159065508336653
69,89,109,1346.0117675131241,988.2196191803944,977.8736039482214,-620.0814556154917,10.899226969983943
70,90,110,1352.1978174753385,981.6008843471398,994.6791528609097,-624.0822197327109,13.642125986247038
71,91,111,1342.1398396956497,975.4248483052847,996.6002735157178,-629.8852821253529,9.40733887190504
72,92,112,1348.4381544826804,978.6383326867473,998.7060975793291,-628.906275783396,7.048506696056847
73,93,113,1348.260602569069,998.3957473477124,984.902991532642,-635.0381363112854,6.737178497177638
74,94,114,1362.6917052581268,998.1356401035551,999.2354794800108,-634.679414325439,8.901591422169304
75,95,115,1361.388151102513,997.2092221575524,997.2451130381371,-633.0661840931766,8.69349824500705
76,96,116,1364.972441443196,1004.6784994909979,989.9404574062362,-629.6465154540381,9.935962535672388
77,97,117,1363.3779253268522,1001.0357698110545,991.4420180378247,-629.099862522027,11.132822935465015
78,98,118,1363.2355355007344,998.97349695718,992.7571059703084,-628.4950674267541,9.420598491244732
79,99,119,1362.5045103111092,999.9712153135904,991.0361011521765,-628.5028061546577,10.31059080880948
80,100,120,1360.676626454284,998.440367651396,989.7049944381686,-627.4687356352806,11.200385691803831
81,101,121,1358.6108313582768,991.2268314712867,995.3896235456358,-628.0056236586456,9.503537518686699
82,102,122,1353.8026835311812,976.6971816300775,1000.5460629133963,-623.4405610122926,7.479456736913107
83,103,123,1354.136849427579,970.1681546767127,1004.5831677276925,-620.6144729768262,10.570979367782456
84,104,124,1361.7599910007616,974.9112312792248,1011.390407007759,-624.5416472862221,11.686089825702538
85,105,125,1364.7470721000113,980.3784164638844,1010.9639171514729,-626.595261515346,12.558799727840096
86,106,126,1376.1789132356448,984.0552753245122,1021.3101441473509,-629.1865062362183,16.42263735959
87,107,127,1377.450909976666,988.0742549221957,1018.0917455817536,-628.7150905272833,16.92179997670314
88,108,128,1376.4777363362246,983.4570945226676,1019.442835139478,-626.422193325921,17.087616739379655
89,109,129,1377.2568415395374,977.8736039482214,1021.9146178767161,-622.5313802854,18.26791390286428
90,110,130,1378.7790390367168,994.6791528609097,1014.3820795760972,-630.28219340029,14.690437835411785
91,111,131,1378.3718370724225,996.6002735157178,1016.4552487035294,-634.6836851468247,14.087401689521698
92,112,132,1384.4576028390284,998.7060975793291,1021.7454162225263,-635.9939109628272,13.431721052697071
93,113,133,1381.3794567047494,984.902991532642,1027.0114175702697,-630.5349523981622,17.693733268544065
94,114,134,1378.0639126586325,999.2354794800108,1016.9626918908609,-638.1342587122392,10.842071876629916
95,115,135,1377.6915675785172,997.2451130381371,1017.1320956780572,-636.6856411376771,10.888035925953545
96,116,136,1371.6041945665406,989.9404574062362,1014.7494135731608,-633.0856764128564,12.145314191283546
97,117,137,1371.2056633051097,991.4420180378247,1014.5962212785076,-634.8325760112225,11.025418015372793
98,118,138,1370.6674950473582,992.7571059703084,1012.962512773569,-635.0521236965192,8.822994627702428
99,119,139,1368.294758268602,991.0361011521765,1009.7093430882023,-632.4506859717767,10.705202170106759
100,120,140,1372.8839704102006,989.7049944381686,1017.2190030589767,-634.0400270869445,10.682005889411357
101,121,141,1376.8055560565203,995.3896235456358,1014.249439688783,-632.8335071778984,10.971131862132665
102,122,142,1391.1547405731187,1000.5460629133963,1024.3985679837026,-633.7898903239802,12.222982197183114
103,123,143,1393.565672308086,1004.5831677276925,1020.2506114822854,-631.2681069018918,12.123609108698702
104,124,144,1403.3647376933495,1011.390407007759,1014.3536790577781,-622.3793483721875,12.359667341433124
105,125,145,1400.3837269988396,1010.9639171514729,1011.6504804540723,-622.2306706067054,11.078872264879237
106,126,146,1397.0711977621745,1021.3101441473509,997.6848714360868,-621.9238178212631,11.637643888026446
107,127,147,1407.1618616828978,1018.0917455817536,1006.9651573496982,-617.895041248554,13.361090186177194
108,128,148,1406.3733099506844,1019.442835139478,1006.3221048741962,-619.3916300629899,13.06012290761555
109,129,149,1402.5875756384817,1021.9146178767161,991.7558192150275,-611.082861453262,15.449775786522196
110,130,150,1395.1533218436157,1014.3820795760972,985.947589585217,-605.1763473176984,12.871751615262838
111,131,151,1397.6574255576706,1016.4552487035294,985.8458881828637,-604.6437113287225,13.33740804210538
112,132,152,1397.0852596520363,1021.7454162225263,975.8045393701753,-600.4646959406655,13.459383307168878
113,133,153,1402.524721396242,1027.0114175702697,968.1869913869205,-592.6736875609481,16.252236356299818
114,134,154,1396.1332223902075,1016.9626918908609,982.3490179774501,-603.1784874781035,13.05662572144081
115,135,155,1397.8772909966167,1017.1320956780572,981.82465243421,-601.0794571156505,12.421826159475586
116,136,156,1398.9366421169982,1014.7494135731608,982.2256090013723,-598.0383804575349,14.42831701030434
117,137,157,1403.1716116410303,1014.5962212785076,988.0115767122156,-599.4361863496929,13.971903857122015
118,138,158,1406.012514941076,1012.962512773569,993.0456372957746,-599.9956351282676,12.905769382435324
119,139,159,1400.611515643053,1009.7093430882023,987.1781539758016,-596.275981420951,14.102549558039527
120,140,160,1409.2173512536206,1017.2190030589767,990.7934505161601,-598.7951023215162,13.964737567600878
121,141,161,1413.6489280211317,1014.249439688783,997.1093449102796,-597.7098565779309,14.037594718947162
122,142,162,1410.9098872249156,1024.3985679837026,986.1591193672102,-599.6478001259973,17.796990030932648
123,143,163,1397.2494372174724,1020.2506114822854,983.9996632395878,-607.0008375044008,12.31316122987073
124,144,164,1395.221682854293,1014.3536790577781,986.1888633620282,-605.3208595655133,11.537734716346904
125,145,165,1396.8329911135024,1011.6504804540723,992.2638838346818,-607.0813731752517,11.26870727695416
126,146,166,1381.1720991092202,997.6848714360868,992.375283925656,-608.8880562525228,7.738758230381677
127,147,167,1377.5874823121583,1006.9651573496982,987.0581836707861,-616.4358587083259,7.562735153715153
128,148,168,1380.8671402720106,1006.3221048741962,993.2369316440152,-618.6918962462007,8.42625148606328
129,149,169,1371.8613719758673,991.7558192150275,999.3614595999843,-619.2559068391445,8.11067574882884
130,150,170,1373.82498383584,985.947589585217,1003.2005959347102,-615.3232016840873,9.115405692026457
131,151,171,1367.8083967915643,985.8458881828637,1000.5036667102452,-618.5411581015446,7.901728877278515
132,152,172,1360.0309550435695,975.8045393701753,996.7196962059813,-612.493280532587,8.69815070685047
133,153,173,1352.4497089921485,968.1869913869205,998.1783785866282,-613.9156609814002,6.912053725357055
134,154,174,1358.5594076294021,982.3490179774501,981.4664549379828,-605.2560652860309,14.54103008838365
135,155,175,1357.4519273092621,981.82465243421,986.9649955516381,-611.3377206765861,14.397344143692862
136,156,176,1355.87865557637,982.2256090013723,986.5068824742928,-612.8538358992951,15.72025695949867
137,157,177,1352.87851498786,988.0115767122156,982.4938346026355,-617.6268963269913,13.946973490476239
138,158,178,1355.5316597269625,993.0456372957746,983.0298210004544,-620.5437985692665,12.771904341477239
139,159,179,1357.616686599719,987.1781539758016,983.2149862600329,-612.7764536361153,14.055923569777633
140,160,180,1348.8460997833797,990.7934505161601,976.4589524303766,-618.406303163157,10.202388451394086
141,161,181,1347.7497200364219,997.1093449102796,968.9708994145522,-618.3305242884098,7.980942280703971
142,162,182,1334.7857482510103,986.1591193672102,962.7527589600573,-614.1261300762571,5.773873425699662
143,163,183,1338.1616480295925,983.9996632395878,970.5898697637724,-616.4278849737677,5.954169920261961
144,164,184,1332.7090019861168,986.1888633620282,958.1019481755491,-611.5818095514603,4.469822665678294
145,165,185,1335.0340469423686,992.2638838346818,954.3230742234713,-611.5529111157844,3.6921554888357377
146,166,186,1338.7060577145426,992.375283925656,961.8773370697711,-615.5465632808846,3.638064486099438
147,167,187,1327.1039540168554,987.0581836707861,953.1008160349693,-613.0550456889,1.397718068493873
148,168,188,1337.0088259856943,993.2369316440152,965.3912275502795,-621.6193332086004,2.1878790775937205
149,169,189,1354.5351638171128,999.3614595999843,982.9022017792294,-627.728497562101,8.788739647114994
150,170,190,1355.7878092040382,1003.2005959347102,980.210105888264,-627.622892618936,8.574279573106196
151,171,191,1361.4518882628358,1000.5036667102452,996.247009997556,-635.2987884449653,7.182667771834076
152,172,192,1360.381358772861,996.7196962059813,997.09026245061,-633.4285998837304,8.11772307827539
153,173,193,1358.8309264102977,998.1783785866282,993.7530882540177,-633.1005404303482,7.395301098496361
154,174,194,1351.4610261406242,981.4664549379828,997.1697805494683,-627.1752093468269,9.451867368908893
155,175,195,1368.4823085104836,986.9649955516381,1008.29826280006,-626.7809498412146,14.766241800970988
156,176,196,1368.8677419257826,986.5068824742928,1006.876136971749,-624.5152775202591,13.53198413199982
157,177,197,1364.146382938283,982.4938346026355,1007.6807975320894,-626.028249196442,13.297916997333004
158,178,198,1368.5282511629175,983.0298210004544,1009.7951153891208,-624.2966852266577,15.237563676281297
159,179,199,1373.8920154827556,983.2149862600329,1013.9857980231955,-623.3087688004728,14.26989293760414
160,180,200,1372.4370835571008,976.4589524303766,1016.717941063672,-620.739809936948,14.614769101013735
161,181,201,1372.2189259254965,968.9708994145522,1018.6057441399232,-615.3577176289789,16.586142242697406
162,182,202,1373.4234198007548,962.7527589600573,1018.0399282490885,-607.3692674083909,19.157835369983104
163,183,203,1373.062360916334,970.5898697637724,1012.1283690783673,-609.6558779258057,19.721065295770927
164,184,204,1370.4522019818032,958.1019481755491,1021.9968244530744,-609.6465706468202,20.582834252407338
165,185,205,1373.6911327834862,954.3230742234713,1022.7540817111021,-603.3860231510873,22.49996914402675
166,186,206,1376.3460898157864,961.8773370697711,1024.5505810161776,-610.0818282701623,21.12887244556441
167,187,207,1372.8590993721111,953.1008160349693,1019.3813567878359,-599.6230734506942,21.81991674409346
168,188,208,1371.5279000732737,965.3912275502795,1013.2053335972366,-607.0686610742425,21.466669708162385
169,189,209,1371.9463765395853,982.9022017792294,1011.569560608549,-622.5253858481929,17.656438146150208
