Left,Mid,Right,Loss,Loss_left,Loss_right,gain,glasso
0,20,40,1354.6034072555806,1002.047002294016,981.8955135021426,-629.3391085405781,4.43966731722162
1,21,41,1361.790754640511,1002.0573720431547,992.2706684150012,-632.5372858176449,5.8264812395874515
2,22,42,1348.661273789744,989.9927588686786,989.3378985010718,-630.6693835800065,3.5630858280152324
3,23,43,1349.178930287986,995.7258681305393,986.28975723541,-632.8366950779632,2.2183289053698445
4,24,44,1348.8599657830046,994.9523448734992,983.9145895292029,-630.0069686196975,2.3092994635389914
5,25,45,1348.6733655260355,1003.2750287699406,969.2132927025965,-623.8149559465016,3.7583637584125427
6,26,46,1344.6675344655914,1002.2649623725763,966.3691130842374,-623.9665409912222,2.884571046454994
7,27,47,1344.3505492876202,1002.2753173516363,967.3400866635537,-625.2648547275699,3.793874471696654
8,28,48,1334.16568875647,1005.4005481310259,952.1651493078891,-623.4000086824449,5.448548649627469
9,29,49,1343.2300172819093,999.0834383230006,973.3698828737271,-629.2233039148184,4.934511251335948
10,30,50,1344.7656625223176,993.1469422221851,980.7824735358712,-629.1637532357386,6.626003709387646
11,31,51,1349.6492956035656,989.070396430077,983.6210115852028,-623.0421124117142,9.299463005193275
12,32,52,1351.0695599906358,986.2104690354106,987.373298455813,-622.5142075005879,10.203138941273664
13,33,53,1351.842603209781,987.5722734344622,991.9103465825181,-627.6400168071993,7.3839095115632745
14,34,54,1351.5387671809003,987.2410321631436,994.2251862849896,-629.9274512672328,5.341361085064477
15,35,55,1349.2879556886242,980.9021829230703,996.5523044599668,-628.1665316944129,4.655431625220558
16,36,56,1345.3525906848909,970.1754803898668,999.4628374716048,-624.2857271765806,5.620167243017249
17,37,57,1344.7565348411574,967.8135968409701,1001.2341085047201,-624.2911705045328,5.079749497246098
18,38,58,1349.7238158896607,977.1005509517365,990.3873483783073,-617.764083440383,9.412804965595456
19,39,59,1352.3334102691506,983.1688212596307,987.9528035547776,-618.7882145452577,7.099548136019166
20,40,60,1353.1126543928435,981.8955135021426,990.971030926833,-619.7538900361321,6.781488649640551
21,41,61,1352.6986575561675,992.2706684150012,985.786052826257,-625.3580636850907,4.007757323265878
22,42,62,1358.3209455540937,989.3378985010718,992.4141506232081,-623.4311035701862,3.660305947517827
23,43,63,1358.0250844489142,986.28975723541,995.0957835289979,-623.3604563154936,4.819134090472971
24,44,64,1367.1610478029534,983.9145895292029,1001.3398712554224,-618.0934129816719,4.606279637357375
25,45,65,1357.0092692666913,969.2132927025965,1004.5869897119745,-616.7910131478798,3.089006150150226
26,46,66,1364.6157616592645,966.3691130842374,1011.5951597364237,-613.3485111613966,1.3095954876444011
27,47,67,1351.762337663195,967.3400866635537,1000.5674699442898,-616.1452189446486,2.6386897779148057
28,48,68,1341.565750270332,952.1651493078891,997.5993119982521,-608.1987110358091,5.612595374409125
29,49,69,1359.0046062413358,973.3698828737271,1008.4452480270911,-622.8105246594823,1.2110653197185002
30,50,70,1362.9004059740446,980.7824735358712,1009.821846767094,-627.7039143289207,-1.4482004325433309
31,51,71,1372.959754607328,983.6210115852028,1007.4358149933054,-618.0970719711802,0.13357493831790634
32,52,72,1379.123841582943,987.373298455813,1009.5242767259417,-617.7737335988118,-0.44752560867505053
33,53,73,1374.4777035197703,991.9103465825181,1003.3253883797337,-620.7580314424813,-0.6669524213987188
34,54,74,1381.2657942124329,994.2251862849896,1004.9509973532188,-617.9103894257755,-0.48374553964117695
35,55,75,1394.5954976844932,996.5523044599668,1001.6779129171697,-603.6347196926431,2.4671514028914316
36,56,76,1397.6101064404293,999.4628374716048,1000.641659716422,-602.4943907475977,3.3570668118820777
37,57,77,1400.1625081253896,1001.2341085047201,1002.118763200973,-603.1903635803035,3.238904404053528
38,58,78,1379.6056404017008,990.3873483783073,986.5717654083751,-597.3534733849815,2.8883779692250755
39,59,79,1380.0384665754568,987.9528035547776,991.1548734555643,-599.069210434885,3.4898867144775068
40,60,80,1379.525069408848,990.971030926833,989.1310968183055,-600.5770583362907,2.987058989081447
41,61,81,1372.0843928635877,985.786052826257,995.7989276310226,-609.5005875936918,0.35335501989379736
42,62,82,1383.7252637038416,992.4141506232081,1001.7596609553309,-610.4485478746974,4.028417448555842
43,63,83,1388.399556601546,995.0957835289979,1001.7754378798013,-608.4716648072531,9.630295595813777
44,64,84,1390.517711698666,1001.3398712554224,1003.8729116097063,-614.6950711664626,7.898246816875826
45,65,85,1389.604610106245,1004.5869897119745,999.3953374020308,-614.3777170077603,6.41938322523265
46,66,86,1387.6739086381815,1011.5951597364237,997.1296322488043,-621.0508833470465,3.231235923726331
47,67,87,1386.3343249500101,1000.5674699442898,1002.7219092319679,-616.9550542262475,6.967636496089995
48,68,88,1386.8341463518632,997.5993119982521,1004.8155063784136,-615.5806720248024,8.785719759318454
49,69,89,1374.6170652077212,1008.4452480270911,997.4403320876805,-631.2685149070503,1.7575938086828273
50,70,90,1373.7851202460065,1009.821846767094,996.0067452600357,-632.0434717811231,1.9417718031453433
51,71,91,1370.3264992119962,1007.4358149933054,998.9440058529354,-636.0533216342446,0.8708779214232436
52,72,92,1370.8747729099864,1009.5242767259417,999.8974572026307,-638.546961018586,-0.12039211167859776
53,73,93,1364.2626306519246,1003.3253883797337,997.7262982797099,-636.7890560075189,0.26527380753930174
54,74,94,1368.2850420443747,1004.9509973532188,999.870415490978,-636.5363707998222,0.928211678131106
55,75,95,1366.0802053638529,1001.6779129171697,1001.3137407444324,-636.9114482977491,0.767578777113954
56,76,96,1365.6302843614844,1000.641659716422,1001.2811020597824,-636.29247741472,1.0638334595515744
57,77,97,1379.8710486967361,1002.118763200973,1011.2840320564205,-633.5317465606574,4.350079697486535
58,78,98,1369.2606919275963,986.5717654083751,1012.4263206200685,-629.7373941008473,3.584563016062475
59,79,99,1367.4753424079481,991.1548734555643,1013.9124818755968,-637.5920129232129,2.078951062601618
60,80,100,1360.0773145139665,989.1310968183055,1009.6496970250784,-638.7034793294174,3.5920363451130015
61,81,101,1360.9789730973835,995.7989276310226,1006.2039076678702,-641.0238622015095,3.747234540324939
62,82,102,1360.0275911746749,1001.7596609553309,1001.6714519192525,-643.4035216999087,2.7869735436546534
63,83,103,1360.4913868820786,1001.7754378798013,996.0801660233254,-637.3642170210483,6.5611937560890965
64,84,104,1357.8316334632075,1003.8729116097063,994.1532053776816,-640.1944835241804,6.478939168562988
65,85,105,1355.9276265738408,999.3953374020308,994.9789243057792,-638.4466351339693,7.341812964413521
66,86,106,1355.286865520563,997.1296322488043,993.951448729853,-635.7942154580944,7.37758999380128
67,87,107,1356.6324366633262,1002.7219092319679,989.2086304632414,-635.2981030318831,6.614188420591972
68,88,108,1363.8526717865288,1004.8155063784136,987.7184695053948,-628.6813040972795,10.219561000135627
69,89,109,1354.1664043624082,997.4403320876805,991.4530621600699,-634.7269898853422,6.333135887338244
70,90,110,1356.5604408863885,996.0067452600357,988.033755949012,-627.4800603226593,10.391877834811453
71,91,111,1357.1030150540623,998.9440058529354,987.3733915260447,-629.2143823249178,8.700309937481165
72,92,112,1361.7864078299608,999.8974572026307,992.9423524064844,-631.0534017791542,9.16149562925375
73,93,113,1360.6039948621797,997.7262982797099,991.1369508160564,-628.2592542335865,9.05159923641395
74,94,114,1359.4714389607343,999.870415490978,989.0781863250018,-629.4771628552453,9.64189283107703
75,95,115,1354.0459109867465,1001.3137407444324,985.9314536846268,-633.1992834423127,8.002410494053493
76,96,116,1352.5479483513823,1001.2811020597824,983.820788777836,-632.5539424862361,7.404566651809546
77,97,117,1350.637654288479,1011.2840320564205,966.4807280424585,-627.1271058103998,5.3728137103100835
78,98,118,1350.8393454598013,1012.4263206200685,966.4769263777667,-628.0639015380339,6.026689703867191
79,99,119,1348.0496277106963,1013.9124818755968,960.8682471697404,-626.7311013346407,3.7110917073518976
80,100,120,1341.9510579883681,1009.6496970250784,963.0970408122055,-630.7956798489158,1.9229396659329723
81,101,121,1336.5459753370235,1006.2039076678702,959.0219036426818,-628.6798359735285,0.08534536633180778
82,102,122,1329.5335062466643,1001.6714519192525,958.1387402465737,-630.276685919162,-0.7639557206739482
83,103,123,1321.4113847672402,996.0801660233254,958.2026881843101,-632.8714694403952,-0.8432949378631065
84,104,124,1319.151368782842,994.1532053776816,956.5757832597668,-631.5776198546064,0.4392273901480621
85,105,125,1326.4391358378566,994.9789243057792,962.7439460305994,-631.2837344985219,1.990267062355656
86,106,126,1324.5218443974982,993.951448729853,962.9483136356895,-632.3779179680444,0.24574607619319977
87,107,127,1324.4796917519893,989.2086304632414,968.5877653296309,-633.316704040883,1.4998802909773303
88,108,128,1323.4226386673693,987.7184695053948,966.559865782468,-630.8556966204935,2.6782637482510836
89,109,129,1315.2174888690897,991.4530621600699,963.6710924582242,-639.9066657492044,2.6060330796824474
90,110,130,1322.155832564495,988.033755949012,969.3475989937956,-635.2255223783125,5.465732294968234
91,111,131,1314.4067367082769,987.3733915260447,963.9177133467849,-636.8843681645528,3.3862382722441
92,112,132,1338.1557164786736,992.9423524064844,973.8753688987606,-628.6620048265713,5.340911132254632
93,113,133,1342.7299519116286,991.1369508160564,975.94365884596,-624.3506577503877,6.2902114798600905
94,114,134,1336.79769680105,989.0781863250018,970.8840947519275,-623.1645842758792,6.4751518877495755
95,115,135,1330.5166699649121,985.9314536846268,968.3875881071995,-623.8023718269142,4.925682434763985
96,116,136,1330.2815084530143,983.820788777836,972.4508494245398,-625.9901297493616,5.552451631790063
97,117,137,1310.6680568057775,966.4807280424585,968.1405265474193,-623.9531977841004,1.5618270794949467
98,118,138,1309.2246301332373,966.4769263777667,965.7986543844493,-623.0509506289789,0.9952821239277228
99,119,139,1313.9977675454847,960.8682471697404,976.6514295876108,-623.5219092118664,0.881317778469338
100,120,140,1316.7905847284765,963.0970408122055,978.4926004305737,-624.7990565143027,1.3363517467140582
101,121,141,1313.7179423291393,959.0219036426818,981.2685598671183,-626.5725211806607,0.14064857095365824
102,122,142,1308.5750584960037,958.1387402465737,979.5657853232583,-629.1294670738282,2.520101817950149
103,123,143,1308.6887605541463,958.2026881843101,974.801171816455,-624.3150994466189,4.475957084437368
104,124,144,1309.0696004758747,956.5757832597668,975.1282485508914,-622.6344313347836,4.413595359925466
105,125,145,1314.292167216359,962.7439460305994,972.0336060458396,-620.4853848600799,5.2665039782858685
106,126,146,1320.9696877799902,962.9483136356895,976.8357864714255,-618.814412327125,5.608438709613779
107,127,147,1325.1619003420503,968.5877653296309,976.3734969216183,-619.7993619091988,7.3280299884651185
108,128,148,1322.3876724508568,966.559865782468,972.6302935319824,-616.8024868635935,5.634592939250638
109,129,149,1326.65768602341,963.6710924582242,971.4182732256762,-608.4316796604903,2.6910205735102863
110,130,150,1342.6567281056368,969.3475989937956,976.4907996823457,-603.1816705705046,4.241948289097991
111,131,151,1326.705918406975,963.9177133467849,976.2664541154437,-613.4782490552539,-2.138410070103305
112,132,152,1316.8541968743873,973.8753688987606,949.9546768505461,-606.9758488749194,-1.3435576560196978
113,133,153,1325.7151531040463,975.94365884596,957.1723630110646,-607.4008687529783,-2.2889336914220166
114,134,154,1324.9146575597129,970.8840947519275,956.4469141282927,-602.4163513205074,-0.17144066594903506
115,135,155,1329.2510737592752,968.3875881071995,965.3899723104719,-604.5264866583962,-2.112103236464577
116,136,156,1335.9178338131603,972.4508494245398,969.908682722672,-606.4416983340514,-0.3127364292299717
117,137,157,1336.992920796968,968.1405265474193,973.9663030935468,-605.1139088439982,0.9152655926769739
118,138,158,1336.8999718514017,965.7986543844493,968.1144421676324,-597.01312470068,4.731470585309012
119,139,159,1335.1473873224086,976.6514295876108,960.0303609547534,-601.5344032199555,1.6128035538968106
120,140,160,1344.1883742792727,978.4926004305737,961.649543733625,-595.953769884926,1.2979576658656242
121,141,161,1355.3730080259274,981.2685598671183,974.8590561998426,-600.7546080410334,-0.4450968015478338
122,142,162,1364.235549570079,979.5657853232583,980.6295503103817,-595.9597860635608,0.42035836321110764
123,143,163,1372.1451314159863,974.801171816455,988.1551246527349,-590.8111650532037,3.4385556901835344
124,144,164,1369.9265128489674,975.1282485508914,989.5817405215616,-594.7834762234856,3.5321862147973206
125,145,165,1360.4270169192423,972.0336060458396,992.8781449837963,-604.4847341103937,-1.926567722667528
126,146,166,1363.9876577326197,976.8357864714255,993.521182364349,-606.3693111031548,-1.602082052175433
127,147,167,1366.0781517892804,976.3734969216183,992.7647815546534,-603.0601266869915,-1.766986680228115
128,148,168,1360.1048054606645,972.6302935319824,992.9122595145113,-605.4377475858291,-2.3689602777785694
129,149,169,1360.4815120797182,971.4182732256762,995.2136324245581,-606.1503935705161,-2.4224948454539117
130,150,170,1347.6107260049089,976.4907996823457,992.1608180835264,-621.0408917609632,-1.655415805411394
131,151,171,1356.384082232688,976.2664541154437,1001.2013305869996,-621.0837024697553,-1.316145446940709
132,152,172,1330.0204181281044,949.9546768505461,1001.020532854722,-620.9547915771636,-0.9511486158797879
133,153,173,1325.261118578024,957.1723630110646,994.292943535327,-626.2041879683677,-2.6057973886206582
134,154,174,1321.1472970611162,956.4469141282927,988.6097994321462,-623.9094164993228,-1.3928665734365495
135,155,175,1329.7531243132453,965.3899723104719,990.0985569452471,-625.7354049424737,-1.6372110214260829
136,156,176,1329.0061879699,969.908682722672,987.8318654834083,-628.7343602361802,-0.2520828809432487
137,157,177,1331.319647333516,973.9663030935468,989.1328120395419,-631.7794677995726,1.1769263910645122
138,158,178,1329.1678018928724,968.1144421676324,986.8188180110689,-625.765458285829,2.1683113552319355
139,159,179,1320.3812160095777,960.0303609547534,983.6968331796757,-623.3459781248514,-0.673750683027265
140,160,180,1319.5801189756166,961.649543733625,987.0897359244492,-629.1591606824577,-2.985563015222965
141,161,181,1324.5925148428842,974.8590561998426,985.5526237638458,-635.8191651208042,-3.7395510835830237
142,162,182,1329.9468023022891,980.6295503103817,977.2535051076145,-627.9362531157071,-30.26537418259454
143,163,183,1335.3831156529398,988.1551246527349,975.6993724024577,-628.4713814022527,-33.973641805888974
144,164,184,1337.7952349425268,989.5817405215616,975.6865951969182,-627.4731007759531,-25.825954684883868
145,165,185,1351.3652763089385,992.8781449837963,987.5273191746628,-629.0401878495206,2.338472971340252
146,166,186,1351.1260497120502,993.521182364349,988.4808119146082,-630.875944566907,1.153269254511315
147,167,187,1355.3429851346555,992.7647815546534,992.2556661317445,-629.6774625517423,2.4858019500668433
148,168,188,1356.2747226127372,992.9122595145113,992.1187333182412,-628.7562702200153,4.21742548951579
149,169,189,1355.983983045841,995.2136324245581,991.4659226787982,-630.6955720575154,3.88588001123253
150,170,190,1351.775739185533,992.1608180835264,990.7864408419,-631.1715197398935,2.736501303884552
151,171,191,1350.730815043342,1001.2013305869996,979.1034557119733,-629.5739712556308,1.8072805147718327
152,172,192,1357.5072746010712,1001.020532854722,981.9083369694956,-625.4215952231464,4.663908525438501
153,173,193,1356.0542763837657,994.292943535327,987.420688535685,-625.6593556872463,3.909393519033756
154,174,194,1360.6636842028342,988.6097994321462,991.5279632665231,-619.4740784958351,8.514531031011188
155,175,195,1358.726722331529,990.0985569452471,993.6703917318421,-625.0422263455603,5.19298381755118
156,176,196,1353.4470625052209,987.8318654834083,985.626750031123,-620.0115530093103,6.495583484127678
157,177,197,1351.2118351573458,989.1328120395419,983.8465835867407,-621.7675604689368,6.682802762687629
158,178,198,1350.2881788488878,986.8188180110689,984.4192961230997,-620.9499352852806,6.399966329358904
159,179,199,1348.00031738558,983.6968331796757,985.0658201386104,-620.762335932706,3.746191246806461
160,180,200,1347.6701515273778,987.0897359244492,983.5604201204303,-622.9800045175018,0.5489916363629845
161,181,201,1348.211267735518,985.5526237638458,992.1486001336693,-629.489956161997,0.9312773469134754
162,182,202,1331.9400721831912,977.2535051076145,986.7156871571419,-632.0291200815652,32.63190802444046
163,183,203,1325.9849483773346,975.6993724024577,984.8664937747051,-634.5809177998281,39.317958969760184
164,184,204,1330.125770987565,975.6865951969182,984.2241139680109,-629.7849381773642,32.38164076482724
165,185,205,1355.1178852113057,987.5273191746628,991.2988404148338,-623.7082743781907,5.887197757102967
166,186,206,1356.2784615960252,988.4808119146082,994.0395552283624,-626.2419055469454,5.707123578689448
167,187,207,1352.1381774502643,992.2556661317445,990.9936587354659,-631.1111474169461,2.4523246647079304
168,188,208,1352.5156464120796,992.1187333182412,993.0778464232822,-632.6809333294436,3.368899928214205
169,189,209,1357.7365567285874,991.4659226787982,999.1251917175472,-632.854557667758,4.667550259553991
