Left,Mid,Right,Loss_likeli,Loss_AIC,Loss_BIC,Loss_eBIC
0,20,40,61.87417858700968,38.87417858700968,33.41285069774017,-82.21353382051723
1,21,41,61.328415039019205,42.328415039019205,38.41413588473574,-63.873687984006665
2,22,42,61.50532842970216,36.50532842970216,28.595803875227716,-88.01787043132117
3,23,43,54.644524799212206,29.64452479921215,21.18392840776528,-93.5442559158023
4,24,44,61.00715947152696,37.00715947152696,27.86630342594094,-75.91096698111232
5,25,45,56.26393505754265,36.26393505754265,30.018763339319833,-58.04477118214936
6,26,46,54.85907102670882,34.85907102670882,27.674337013408717,-89.59558118127529
7,27,47,51.960427935722294,35.960427935722294,31.998027245687638,-57.304043415651336
8,28,48,56.277459940551296,34.645796369784875,30.40997521839563,-63.83256053121886
9,29,49,62.3502923765551,39.82978688477675,33.6973898248217,-75.25320659520128
10,30,50,46.927337989656166,29.80671898451982,28.035196923841454,-67.12842036060636
11,31,51,60.63649158052874,29.382627870467786,18.75681939701451,-92.35188376987333
12,32,52,49.4958140474219,18.48606121708258,12.879359840009784,-68.4331224902478
13,33,53,45.132466094747656,22.1324660947476,15.93065170877162,-102.04954978026592
14,34,54,45.901956341534685,23.901956341534742,19.880373138040227,-86.88464572468536
15,35,55,51.4523360264692,18.452336026469197,9.993946089267752,-141.1866539772302
16,36,56,52.87294478830569,17.872944788305745,9.458543348390208,-184.28796668357154
17,37,57,51.52448206138865,10.524482061388653,-0.5305426089088314,-172.86248306141897
18,38,58,47.983139425721845,12.983139425721788,4.91531157608631,-162.27007180167027
19,39,59,34.42556512090641,0.42556512090629894,-3.4113795889210223,-123.91077234706665
20,40,60,35.3323918524527,0.33239185245270164,-7.9841673656209196,-170.84041321460688
21,41,61,36.45758600240811,8.457586002408107,3.181673929651538,-141.07992925567487
22,42,62,38.75025033079919,2.75025033079919,-4.744050693462555,-149.2020794169331
23,43,63,31.440910022813114,-0.5590899771867726,-6.311841114699632,-130.98704830424606
24,44,64,31.828486249827392,-1.1715137501726076,-0.7701101290641645,-112.48797724618407
25,45,65,31.88219534581947,-4.1178046541805315,-3.7450061500730953,-103.95888275897005
26,46,66,44.294289572941864,9.294289572941807,3.87712904964701,-155.88596975516236
27,47,67,37.749873900682815,0.7498739006828146,-3.3980357968024464,-132.14362468227966
28,48,68,39.549241648171744,0.5507689505348026,-4.485873581152987,-131.17495409387368
29,49,69,39.016827010866564,3.016827010866564,-3.6319437880401892,-135.9337033435762
30,50,70,37.461217227995576,6.461217227995576,1.7711482865879589,-144.6409521334
31,51,71,30.839739157229644,7.839739157229587,7.132599310037904,-55.04140389235408
32,52,72,30.7668353858636,2.766835385863601,8.51610832041672,-27.924610759325788
33,53,73,40.56149773106449,23.56149773106449,23.72773658498795,-50.145830805013816
34,54,74,68.61565568142737,50.75640617147269,48.48757454354313,-13.82415889939034
35,55,75,76.91577798825762,47.91577798825756,39.81365946007577,-63.49690061705007
36,56,76,76.29319746163264,46.293197461632644,37.24896439308225,-122.13347056969292
37,57,77,94.86291025904194,47.86291025904188,30.701526455562544,-201.88363640522607
38,58,78,98.91013129886159,54.91013129886164,38.895772315433305,-226.83594978049462
39,59,79,89.23848275764931,49.23848275764931,33.13614677964915,-186.11126808301253
40,60,80,100.79899854685607,58.79899854685601,42.394077475861764,-180.67494695243488
41,61,81,102.09198472836442,64.09198472836448,48.63880743363825,-166.10636700873317
42,62,82,97.55795447710307,53.55795447710301,38.64016022584144,-170.11749185888925
43,63,83,95.87537469817948,58.875374698179485,45.781262612862065,-162.5625954258071
44,64,84,108.14906170521806,62.14906170521806,49.45796481808395,-147.50216429935597
45,65,85,93.47955432793856,45.47955432793856,33.35021080862771,-177.1906617316705
46,66,86,100.8608823436648,54.86088234366474,37.72886969078343,-188.4455819707755
47,67,87,95.77346675415356,46.77346675415356,31.105985970864822,-169.14665225580302
48,68,88,99.81889669544506,52.81889669544506,33.57807135028588,-174.8001510352458
49,69,89,84.33020656025889,44.33020656025889,29.110207309073985,-145.60409085119818
50,70,90,83.99956573387612,39.999565733876125,26.051818170988895,-172.91389445485913
51,71,91,64.68694441099797,39.68694441099797,29.24058393696066,-47.75330474722125
52,72,92,82.49372125741729,51.49372125741729,45.03381869428233,-105.09533104539196
53,73,93,78.58321407806159,51.58321407806159,46.07764438365518,-64.7510732549581
54,74,94,68.64093491278823,49.781685402833546,46.321840457566964,-15.802640093148625
55,75,95,54.255744118790744,47.255744118790744,50.79982778026272,37.345364462728526
56,76,96,59.14582532957348,47.14582532957348,47.409756313288995,-25.7853908394909
57,77,97,50.84232441315231,32.842324413152255,30.465632166485875,-98.4217598305122
58,78,98,49.84909643078453,31.849096430784527,29.125830593838145,-106.77138598564102
59,79,99,53.30761539758072,29.30761539758072,24.63687351081228,-105.90020725711008
60,80,100,59.50945123708948,36.50945123708948,32.336575487098,-99.76959821231128
61,81,101,28.706745275736637,17.706745275736637,19.85483675734912,-3.717489197513032
62,82,102,36.584400273697554,18.584400273697554,25.111689771832914,16.587574640564753
63,83,103,41.031810023499474,29.031810023499474,31.72175613917483,-26.45015936289701
64,84,104,39.82233516366176,24.822335163661762,24.632388507886276,-50.03626918844111
65,85,105,33.56973922122302,17.569739221223017,18.22521214725316,-75.10941422897633
66,86,106,11.466659763441385,-4.533340236558615,-3.488285077711282,-49.228508923196614
67,87,107,14.051423940739198,-3.9485760592608017,-3.899253173967452,-24.776478520825094
68,88,108,16.910025812579136,-0.08997418742086438,0.4572148346495055,-65.30117584617881
69,89,109,12.79525518950561,-7.20474481049439,-6.575670291379822,-51.52839761625114
70,90,110,17.75273283232798,-13.247267167672021,-14.137856737138804,-93.54900769836684
71,91,111,14.517375451574082,-16.48262454842586,-18.90610374557275,-85.0298862771383
72,92,112,19.69464248422571,-14.30535751577429,-17.92793812260686,-109.42381158609021
73,93,113,20.995836249887248,-12.004163750112752,-17.68996496507441,-99.9543620439963
74,94,114,10.933239880114343,-21.066760119885657,-22.531046353361035,-45.708792558854725
75,95,115,7.276771760690053,-8.72322823930989,-5.945305129062717,-41.449335365949196
76,96,116,13.420042019331618,-4.579957980668382,-2.104619963415189,-50.65315568498954
77,97,117,24.335215303252482,1.3352153032524825,-0.06507172449914833,-70.9939741827942
78,98,118,26.23904878470296,4.239048784702959,3.6832014840082365,-87.09687852471768
79,99,119,29.171202607906196,12.171202607906253,14.797833171656293,-47.48945849388383
80,100,120,32.77370425185126,6.7737042518513135,7.196765451633723,-70.00409410083444
81,101,121,22.64787881594026,-2.3521211840596834,-3.708419714525462,-72.78126275485135
82,102,122,47.145656889631425,20.145656889631482,23.521601556566793,-34.404817793191114
83,103,123,55.693324906827684,21.693324906827684,19.66854063844869,-163.42497131907749
84,104,124,55.42935758659138,14.429357586591323,9.999404382922307,-167.37349509685453
85,105,125,48.926664251560226,15.926664251560169,14.74631971023814,-137.18730715282982
86,106,126,30.25534987883458,-2.7446501211652503,-2.538700301367612,-158.24334226650876
87,107,127,37.19841692914662,6.1984169291465605,7.746672612778525,-156.10871039279766
88,108,128,29.63844809153977,-2.3615519084602283,-0.9645887713255661,-155.6231763769399
89,109,129,35.455022681649154,-9.544977318350902,-16.353141910716886,-192.99650106392596
90,110,130,16.116687282268686,-29.883312717731314,-36.84276985659449,-186.1716375826395
91,111,131,13.668169655890097,-28.33183034410979,-30.34008601104415,-209.58749787860938
92,112,132,15.447721905292497,-22.55227809470739,-24.354013755568303,-163.69557337467018
93,113,133,15.772112486278843,-15.227887513721157,-14.37277901064931,-171.87098896378234
94,114,134,12.175585932191893,-0.8244140678081067,13.062507332238852,-1.9672323265781415
95,115,135,6.283119271237467,5.283119271237638,22.749984519782856,36.18857695569568
96,116,136,15.053198546121394,-3.946801453878493,0.11011196827746517,-57.415553049026244
97,117,137,22.596672628745807,-0.40332737125424956,2.0086950940739143,-63.81126058260543
98,118,138,16.40867769445083,-6.5913223055492836,-3.4861526596612293,-75.8107856478913
99,119,139,22.93237140513031,11.932371405130311,21.01193469234215,-23.68781381633937
100,120,140,9.817465500437834,-16.182534499562166,-12.29373739697985,-96.99229335274913
101,121,141,26.09569736969422,-13.904302630305779,-16.990054198229018,-185.3020024001887
102,122,142,25.898015203948034,-8.101984796051966,-10.819916244990964,-184.3836502535188
103,123,143,35.66580175432574,-13.694272804130946,-18.208387756394927,-272.6209967983922
104,124,144,37.6940057824562,-15.305994217543798,-17.065184985683914,-219.35280964186813
105,125,145,32.060429668258394,-6.939570331741606,-11.453685284005587,-184.9119355357842
106,126,146,51.48587987574524,17.48587987574524,18.410384110305472,-175.35925925460936
107,127,147,44.08744920414608,8.087449204146083,7.50015988379198,-190.48083049562604
108,128,148,46.252720625505674,9.835912527969299,10.710348085680494,-137.48807892172613
109,129,149,48.36897041657437,12.210427390839982,11.742557084717191,-208.7675990103204
110,130,150,54.41593628847477,14.995353931075329,8.572417038267758,-171.088547441164
111,131,151,63.411824070696184,26.411824070696184,18.06369431852022,-184.50832527328419
112,132,152,78.21017897499371,35.21017897499371,23.18897121366126,-190.81062700229825
113,133,153,80.6489815599034,37.648981559903405,25.427329796097865,-177.91590550037313
114,134,154,60.13866330308065,38.13866330308065,33.56663267735519,-59.50847082973314
115,135,155,69.55950185285451,47.55950185285451,46.759150922217714,-38.74614061232717
116,136,156,79.45801680938428,45.458016809384276,36.423822882652416,-122.92691293039229
117,137,157,87.12976767828019,48.559784122886185,38.67111132727882,-145.56686137989277
118,138,158,100.54983261335701,57.6189957944714,47.42773790587,-153.96026011836818
119,139,159,114.60121651542858,71.60121651542863,55.738150078497256,-163.5439080819076
120,140,160,113.13294313047089,72.13294313047084,55.53274101569377,-120.7020540337046
121,141,161,110.70625186051552,60.70625186051552,41.89805762614333,-206.76512614741398
122,142,162,106.54709264759111,64.54709264759117,44.93443658773867,-196.11530427975026
123,143,163,88.87580577421642,48.51573121575973,37.17432286073563,-132.6459540688311
124,144,164,83.78722167494459,42.78722167494459,30.576132367141668,-107.56651247027798
125,145,165,61.22862551909509,29.22862551909509,14.893766817582332,-82.79636134229122
126,146,166,40.112768404033204,18.799684140629893,14.32496908920018,-26.489399490745654
127,147,167,38.94099819823168,18.212655095154332,14.608173123484107,-26.206195456461842
128,148,168,38.15476881683753,16.737960719301213,13.280640508113606,-20.852745468534067
129,149,169,60.4671173581811,16.30857433244671,5.4082963481213255,-125.90030201466197
130,150,170,51.164231751867646,12.743649394468093,4.8313337138718,-90.11096737996286
131,151,171,46.32706058937413,16.327060589374128,5.918816350157499,-89.72103000643028
132,152,172,43.028723325212354,20.028723325212354,14.152528806340001,-63.78734938298135
133,153,173,49.510195073226214,23.510195073226214,16.277201606634776,-41.037574742780976
134,154,174,46.18582320555379,28.18582320555379,22.48609481441656,-29.683282490291617
135,155,175,53.57547146546233,35.158012792634395,33.003801367467304,-10.692242950207742
136,156,176,48.15855320113906,36.05545209161653,35.85088313501285,4.9035690368840505
137,157,177,44.84286288649707,33.13333559098203,35.25676562994772,-4.679708899629873
138,158,178,47.146155440827386,33.14473486715525,35.116872359623926,-12.216100126136894
139,159,179,58.86378437551639,41.49578221370291,35.45807302045375,-56.57814755985362
140,160,180,54.021447212097485,41.42054705892156,33.303396323992615,-44.29551249102849
141,161,181,49.99506411941354,34.8280248039498,28.656360144578173,-54.809393247863284
142,162,182,55.53344167311559,37.86490269882745,28.475101072552548,-60.96914169803142
143,163,183,38.27367057479711,26.27367057479711,21.02158952665434,-22.350269862154676
144,164,184,38.31561686372356,30.742468121370507,29.39460424716566,1.6187067034148868
145,165,185,33.83207336900284,22.814550330627583,20.220156515562223,-0.1955137495112922
146,166,186,32.93638498775829,25.623300724354976,26.27077968815081,23.989354464747805
147,167,187,30.736895054108402,26.00855195103111,28.283274536493877,18.31221942975725
148,168,188,48.75658734159998,32.75658734159998,29.650941835704657,-16.222347301663604
149,169,189,85.65052524215542,43.65052524215537,30.799324097713452,-123.95744297322858
150,170,190,90.38556635303564,50.48040829822946,41.57236034407913,-58.003943353076124
151,171,191,79.73973715340003,48.73973715340003,36.964622392190904,-64.33157275255849
152,172,192,50.429826870398585,23.960799898020525,20.412421388656355,-48.255079073497825
153,173,193,44.93261415988184,27.932614159881837,20.2593769995882,-52.200543944159335
154,174,194,33.57950284356775,17.579502843567752,11.271195358445482,-66.5461672957897
155,175,195,44.78307383561588,28.09883933021291,20.630847278558065,-63.97483718157599
156,176,196,41.94679690722194,32.84369579769941,27.444755126952657,-49.70461200478161
157,177,197,39.097646498934125,27.884600552282166,21.412340774181246,-39.163379905649265
158,178,198,38.654676104464784,27.584092349678258,21.469247821704812,-30.87811614286761
159,179,199,37.805902763753465,25.382848896548353,18.759296571950358,-16.686964166848043
160,180,200,60.120785219203526,27.120785219203526,11.752553511073756,-92.26226384400286
161,181,201,60.968627117751566,27.801587802287827,12.421610035864092,-104.80528840542479
162,182,202,58.727525267331146,25.538550330787075,11.716681246209305,-104.29330554619537
163,183,203,56.764704251910075,23.764704251910075,9.133475181532845,-86.10005150500751
164,184,204,48.98942735513077,17.367284159037922,2.299681189615626,-101.50257718272701
165,185,205,61.561616963329584,29.544093924954325,14.837608832370506,-87.20679859259485
166,186,206,63.48889019776459,28.48889019776459,13.204652784696577,-139.75853420433907
167,187,207,69.18370003652257,34.18370003652262,18.491253200727556,-137.59327792879367
168,188,208,84.64267148871954,41.64267148871954,24.4177388603199,-181.87698632056072
169,189,209,97.74555283714142,55.74555283714142,37.560328207167004,-178.6766132057145
