Left,Mid,Right,Loss_likeli,Loss_AIC,Loss_BIC,Loss_eBIC
0,20,40,78.77259142237193,58.77259142237193,52.62757817991178,-60.14667884134735
1,21,41,80.3121540778539,58.312154077853904,49.438540610439816,-86.04810877976217
2,22,42,75.92846904409436,55.928469044094356,48.37913071177519,-97.35999029104568
3,23,43,59.650428449067476,40.650428449067476,33.96356057254428,-99.26301796576377
4,24,44,58.64832796826727,38.64832796826727,32.35609067956739,-80.03619242334605
5,25,45,77.66960885805264,49.86535321119243,42.11943750919011,-175.80346837159834
6,26,46,61.62019730718788,36.62019730718794,30.525185886766508,-123.1516776295797
7,27,47,55.20516767561804,30.2051676756181,24.086054251845212,-93.79093613943496
8,28,48,59.3628042225767,38.36280422257664,34.48525988364429,-94.43488440638487
9,29,49,39.806379415805,16.806379415805054,13.128726841466005,-85.47602293030263
10,30,50,44.808040122853185,23.808040122853185,18.204881514455906,-97.96311760648427
11,31,51,35.05549315706321,10.05549315706321,4.189375862874272,-65.32174480292883
12,32,52,36.807864870807634,12.807864870807634,8.542358164433836,-69.60063994029963
13,33,53,39.09892894172344,17.098928941723443,12.384198557669038,-27.780977213241727
14,34,54,35.89037702364527,11.890377023645215,8.826667520327646,-70.41818882835241
15,35,55,40.98136893484201,14.981368934841953,7.996786768558195,-59.88658939259665
16,36,56,47.73178931408387,19.73178931408387,12.0298621093674,-86.42821709502152
17,37,57,48.50249943011028,21.502499430110333,16.377879903850726,-135.06726531722722
18,38,58,58.49911051378723,31.49911051378723,24.98819662640767,-114.33807229087017
19,39,59,64.65786179426459,35.65786179426459,27.804642043051217,-160.39047970627917
20,40,60,72.66971643377792,44.66971643377792,36.96778922906151,-79.0110707060378
21,41,61,61.27074509556297,40.27074509556297,36.05388084828553,-89.23555766328627
22,42,62,46.1812636626056,27.181263662605602,23.960131688882143,-98.78370199979429
23,43,63,40.20885449804018,19.208854498040182,14.645416660482738,-97.37121096043495
24,44,64,38.85396840079767,12.853968400797726,6.8516243955042455,-68.0087591096459
25,45,65,75.59377079713767,44.05552550797131,34.81791307535207,-142.0628073430413
26,46,66,59.57905362054703,35.74359395391389,30.487008935796553,-80.67172196544243
27,47,67,64.57449938706088,34.350815611704206,26.75619245619896,-55.37292234882034
28,48,68,67.98101072323658,37.98101072323652,29.376398204133807,-77.09468310342731
29,49,69,59.567786197302325,37.567786197302325,30.575690266660672,-68.44312451662142
30,50,70,78.05292656122265,52.05292656122265,44.140411101577456,-57.13364585228601
31,51,71,66.44003900450377,43.18473335971612,31.8469053995816,-29.37464747033721
32,52,72,79.8291858351156,47.829185835115595,34.03557259004617,-77.5668282637879
33,53,73,75.87148148218034,52.87148148218034,43.2501726731947,-56.941454231593184
34,54,74,78.18948861026581,52.18948861026581,43.43581698378512,-69.26556668931084
35,55,75,80.69190888879689,53.69190888879689,41.1414138262478,-70.27504144732075
36,56,76,71.69302016358529,44.69302016358529,34.36979678312616,-68.24494220151985
37,57,77,74.81437119726996,48.81437119727002,38.9890139535878,-112.17071089206729
38,58,78,76.17569923074103,51.17569923074109,42.16773873453849,-113.83458447268788
39,59,79,85.23006827064859,56.23006827064853,45.12928577699438,-140.75096647236262
40,60,80,87.17332890627802,58.173328906278016,47.547520432824854,-98.60670074600694
41,61,81,89.1355291096263,62.135529109626304,55.08258556217709,-98.82299144186561
42,62,82,95.27043091349543,52.270430913495375,40.341851789925954,-161.7258834904104
43,63,83,85.44317864057331,43.44317864057325,28.07797834041901,-173.97205516985002
44,64,84,81.66457747477409,35.66457747477409,26.33013161058284,-150.21912613549569
45,65,85,80.62914862800744,48.09090333884109,37.66227758888499,-121.71878536528106
46,66,86,72.01535624675068,43.17989658011754,34.04768651699533,-96.8450434668207
47,67,87,55.7369438620766,31.513260086719924,26.099251093206476,-67.69559415016442
48,68,88,48.61803901690661,23.61803901690655,19.35688029229732,-86.99951733018816
49,69,89,42.97043932953807,21.970439329538067,15.811128023198421,-77.63075220500139
50,70,90,43.76020765154584,25.760207651545784,24.603210008356427,-54.70307176135668
51,71,91,43.48791590361367,25.487915903613725,20.714686806235477,-59.517465353869056
52,72,92,35.93110177556872,19.93110177556872,15.777553080216478,-60.212699708545074
53,73,93,43.15923802386317,28.159238023863224,25.752220126552174,-45.35823627370894
54,74,94,51.096065593017556,37.09606559301761,35.35650837870082,-28.96138412638163
55,75,95,54.28909054513821,40.28909054513815,37.824421303899896,-49.75382897818213
56,76,96,45.81656281798661,29.816562817986664,29.299572396385486,-14.260898806269438
57,77,97,44.50397169633567,35.50397169633561,37.03886411621187,-17.637647252505417
58,78,98,41.65881519664117,38.65881519664117,41.805835050365715,-0.044930604188607504
59,79,99,46.24508202909885,36.24508202909885,36.0410202143853,-20.292678086434307
60,80,100,45.96850977480267,33.96850977480267,33.88586716823818,-28.302217256473796
61,81,101,65.79541786655182,60.795417866551816,68.24278843150626,42.153542284491095
62,82,102,62.700655570137314,36.061510905864566,38.74700373797168,-50.47457889389193
63,83,103,74.19636326480725,38.196363264807246,29.63066927839475,-136.89597402524896
64,84,104,72.43602372656733,31.436023726567328,26.313072752352127,-108.21268396473283
65,85,105,62.008227885592134,29.00822788559219,22.62927949007053,-81.14728525776582
66,86,106,60.526922217317406,32.526922217317406,28.983878095960677,-76.9396882016963
67,87,107,54.402709935602275,33.402709935602275,31.844998932454473,-64.64361319147838
68,88,108,47.578888125130334,22.578888125130334,21.352002645500193,-41.415179583547
69,89,109,42.19670976871271,16.196709768712708,12.746671632687708,-89.23577568292433
70,90,110,40.7300054237985,13.730005423798389,10.338253848938848,-147.74305977949257
71,91,111,38.408462402834346,8.408462402834402,3.523112417643688,-153.43448037603957
72,92,112,32.94853441809789,7.948534418097893,5.552515116792279,-97.89804814002866
73,93,113,41.348517540666535,22.348517540666478,22.80206536016715,-167.8228577293953
74,94,114,45.562797012606495,24.562797012606552,23.11852148756884,-140.65662178493085
75,95,115,44.78920626985939,21.789206269859335,19.34919847126787,-149.5249775392615
76,96,116,50.932148897483444,24.932148897483444,23.248806601192086,-133.37039987696141
77,97,117,61.39468606598689,33.39468606598689,30.322152151019736,-113.08702331274321
78,98,118,61.60545390948175,31.605453909481753,23.947515202051363,-115.29436174670582
79,99,119,53.12898938132014,23.12898938132014,15.47105067388975,-123.8884832547817
80,100,120,49.410970513525285,26.667675945775045,27.082899475987574,-40.20107376944077
81,101,121,61.14563083850709,57.509373183716036,60.567190054395155,65.9736417674593
82,102,122,54.16602564331578,46.74455435125594,48.823995892935784,18.98016021803994
83,103,123,79.96809991726894,62.968099917268944,57.90023022744879,-34.46837034051805
84,104,124,72.99780911420663,54.997809114206575,48.96131540683962,-26.90490667421591
85,105,125,82.86450091026813,63.864500910268134,57.177633033744996,-14.712721797888094
86,106,126,77.48806748184825,58.48806748184825,51.45462601504505,-29.016447881624572
87,107,127,78.32990836949517,64.32990836949512,60.13237117685702,-15.190085874219562
88,108,128,72.21939452154169,54.21939452154169,48.72353996235552,-33.57855683762989
89,109,129,82.82383238175339,58.095706228961774,50.110520985890616,-87.82732117308547
90,110,130,47.98689236163631,21.98689236163625,14.899755163847772,-172.85091102397973
91,111,131,35.37639250583311,8.37639250583311,2.0940331643844274,-165.01314389799154
92,112,132,38.84746250929197,11.84746250929203,3.4808346990402015,-133.76357735236797
93,113,133,24.139393363361762,0.1393933633617621,-5.179720013503356,-214.98321365378365
94,114,134,19.383797563839778,-6.209768004200214,-9.084326387643614,-155.74597634345378
95,115,135,27.190583165425664,0.19058316542555076,-7.013477902513728,-150.629221725276
96,116,136,34.24541502774525,4.245415027745253,-3.412523679685137,-159.01822713251818
97,117,137,51.671231810414156,20.671231810414156,12.862000556486691,-142.79948754170414
98,118,138,50.48287395506986,10.482873955069863,-0.3465980289763593,-147.20274482735738
99,119,139,46.81852260291828,9.818522602918279,-0.6313318813912474,-157.86658343758256
100,120,140,53.65320750850958,23.90991294075934,19.800352742693008,-79.15236836054476
101,121,141,36.00741622177401,23.371158566982956,25.472302455756562,5.065118165783588
102,122,142,35.5390394187765,22.909990433059534,24.912114111709684,11.30732458506111
103,123,143,30.029945026009273,14.490679431752369,15.031092971067096,-11.349935906348037
104,124,144,26.29041758148236,9.290417581482359,7.943956397932993,-23.269262406286316
105,125,145,33.396881356065194,21.87568561878669,20.923941842518673,9.28017987571178
106,126,146,35.8407058193647,20.970917887055464,19.52130797401037,-15.229949571643374
107,127,147,45.11965143349164,33.11965143349164,28.52851913998478,-6.029072872567838
108,128,148,34.21466744797283,20.907929569625992,20.800625520414883,-5.493576880679143
109,129,149,39.13899212433887,25.83991716131851,22.90311377371279,-11.108860042908816
110,130,150,37.49365119001715,28.22533821948133,26.09022058707535,-7.921753229546255
111,131,151,31.271844469023677,22.685961419241096,21.189871155864694,7.426015507871341
112,132,152,35.34192958904555,28.34192958904555,24.244979416742467,-9.766994399879081
113,133,153,55.29044707005778,41.29044707005778,36.45619496931721,-32.531221280552586
114,134,154,49.1940481405253,35.600482572485305,34.19486115672612,-25.08229795726197
115,135,155,45.94458477784531,32.94458477784531,28.205192951144227,-29.681971871515543
116,136,156,66.51436414748065,44.514364147480705,34.26758964432895,-53.028795390834716
117,137,157,71.81264572942536,42.812645729425356,30.800542894852242,-77.82042195893757
118,138,158,76.65479817972289,41.65479817972289,30.88864174760181,-170.82714427740802
119,139,159,85.2045136949767,45.2045136949767,30.141898487816434,-198.95406178083624
120,140,160,87.4258652885203,48.4258652885203,34.207689808416944,-208.87710266877536
121,141,161,59.82950399657034,31.829503996570338,28.74037250876927,-88.98449380730654
122,142,162,59.27607939183997,34.429357033910264,33.00440856351179,-80.28630972103235
123,143,163,60.919729210038554,30.38046361578165,25.25563432225215,-123.21794145062199
124,144,164,56.47567552774137,29.475675527741373,26.463780846842724,-125.73891625612407
125,145,165,58.92852603627978,34.40733029900127,30.79563623771196,-95.22944415786628
126,146,166,58.706559344474044,29.836771412164808,26.269065848161404,-111.71039158583562
127,147,167,55.935471281012155,30.935471281012155,24.724109473324006,-89.80679048188506
128,148,168,33.974636781753475,9.667898903406694,8.589524023288163,-95.00364012729165
129,149,169,32.09219096620302,5.214177318478619,2.2129230401098994,-80.95946513021079
130,150,170,29.165217967530907,10.89690499699509,8.280943209259817,-94.29799929223418
131,151,171,33.938524943099196,19.352641893316616,18.576852106192177,-99.80797476210546
132,152,172,38.63488124371861,26.63488124371861,26.205665046874174,-93.40825678551062
133,153,173,35.11041396555788,19.110413965557825,17.38288040216537,-98.40675166647088
134,154,174,39.056330546493314,22.056330546493314,19.13778366576389,-108.29886479040181
135,155,175,30.610046702004865,18.610046702004865,18.87397768572032,-107.96601694472122
136,156,176,32.58849343111456,14.5884934311145,14.055864847645466,-54.5061514544559
137,157,177,38.73967590450491,14.739675904504907,6.949771705216676,-84.60290775508042
138,158,178,42.96275788234675,20.96275788234675,14.751523239157336,-116.41653257736004
139,159,179,40.36260348807531,11.362603488075308,2.716264103191179,-113.04076530560769
140,160,180,47.43959297466199,26.578018236588832,23.50817880936239,-110.99205048567887
141,161,181,33.211372694309375,11.211372694309375,7.536363081094976,-100.96829224873193
142,162,182,34.124150020590264,12.124150020590264,8.795713997655753,-119.53182971686488
143,163,183,33.64971783252565,11.649717832525653,9.79924723773729,-135.44399631720808
144,164,184,47.28823920398315,29.288239203983153,28.297841318436667,-120.58101757791712
145,165,185,50.39370331023031,28.393703310230364,25.758414467855687,-126.80987081063529
146,166,186,57.88521677706126,31.88521677706126,28.29818415841862,-116.75402908206468
147,167,187,53.379459679954834,26.379459679954778,20.908266563415282,-125.53104715329971
148,168,188,53.23601102823102,26.23601102823102,18.685376370011568,-96.17921701541218
149,169,189,54.651497366344245,29.651497366344188,24.94961661781872,-85.13794485924222
150,170,190,54.877279584293035,30.877279584293035,26.206537697524595,-120.07444302701947
151,171,191,54.54438919840476,29.5443891984047,24.3757811748593,-121.28440005833795
152,172,192,66.59609325127678,40.596093251276784,34.23647191039447,-146.36948691374403
153,173,193,76.90530884569444,47.905308845694435,40.05208909448112,-150.9076088732278
154,174,194,79.24522644367977,54.24522644367971,48.38347123957436,-109.5732519342281
155,175,195,66.33017272871604,44.33017272871609,40.30858952522158,-95.54037710396597
156,176,196,69.40999567978537,46.40999567978537,42.56040471598283,-74.10300520543353
157,177,197,44.73572260563486,23.735722605634862,18.132563997237582,-60.17467377453181
158,178,198,25.486681900051963,19.486681900051963,21.587879035574417,-13.084635069846627
159,179,199,24.15181253928455,13.151812539284549,14.506784387226276,-2.7286257671605654
160,180,200,16.82252452521152,8.960949787138361,10.630502186613057,13.859510126251052
161,181,201,43.60072465597506,38.80144782932331,40.27571918501502,1.3156984583154099
162,182,202,21.09338654740867,7.09338654740867,5.6684380770103076,-54.291726286671405
163,183,203,22.50430035563693,7.5043003556369285,6.366303996047748,-42.59326693920366
164,184,204,17.129135871032247,5.129135871032247,6.779361215867709,-62.06207567057743
165,185,205,19.14130965632478,3.141309656324779,2.800070454052218,-79.45245877523848
166,186,206,26.10532257724998,10.105322577249979,9.764083374977474,-26.838747607406958
167,187,207,21.916641834306063,3.9166418343060627,1.5399495876396259,-98.13030071197875
168,188,208,20.418593409973994,5.418593409973994,4.882073163918562,-74.05491427882248
169,189,209,27.599545465643985,11.599545465643985,10.218585492531588,-61.62128217072177
