Left,Mid,Right,Loss,Loss_left,Loss_right,gain,glasso
0,20,40,1392.3385930766317,1023.4032398079098,992.0233793597939,-623.0880260910722,11.38689283077099
1,21,41,1384.054129458877,1018.6281451102292,989.112068937882,-623.6860845892343,9.418816811685474
2,22,42,1382.881566091046,1013.0336529244852,994.5131651965019,-624.6652520299413,9.36156777645192
3,23,43,1370.5756451123516,1003.3319013895762,990.9801614260401,-623.7364177032646,9.41015520565827
4,24,44,1361.9874985035121,1004.8697711457412,983.8000818620287,-626.6823545042578,9.710444307408238
5,25,45,1368.8057819891424,1004.368238312919,980.5548938632577,-616.1173501870344,12.224745865342129
6,26,46,1366.338708198407,1007.0640314513375,977.2276649003963,-617.9529881533269,10.883257325446607
7,27,47,1366.923129992867,1004.0590794495961,981.2437595491187,-618.3797090058479,10.539616873022851
8,28,48,1363.5671761229198,999.7109914137983,984.4195459816924,-620.5633612725708,10.774536484787632
9,29,49,1360.9548383588867,1003.1264112620545,983.7921666898458,-625.9637395930135,3.681183308616596
10,30,50,1372.0155053385129,1008.4061764320611,985.8672296711063,-622.2579007646546,4.353678712657256
11,31,51,1378.0381773363138,1010.5961485948308,1000.1410541285604,-632.6990253870774,2.87564497820631
12,32,52,1378.2581052733117,1010.829960410897,1000.178558964106,-632.7504141016911,2.689524168518574
13,33,53,1352.5659515290595,999.5701992863451,996.2898743787398,-643.2941221360254,18.187943121631633
14,34,54,1367.67157461741,1006.6731189603825,995.8293503994807,-634.8308947424532,0.9894574922623178
15,35,55,1369.8900377680693,1007.487091316945,996.1305728292923,-633.727626378168,4.32559489524283
16,36,56,1373.9915419592862,998.787399228125,1004.4941662838611,-629.2900235527,4.890651878882068
17,37,57,1368.972958602957,996.8806727032719,1001.4670622722239,-629.3747763725387,5.4190685171515725
18,38,58,1368.9928147911871,1000.3430803245584,1001.0560743213666,-632.406339854738,5.417608436178966
19,39,59,1359.640655140125,994.7512173187447,994.8328382109783,-629.9434003895979,3.0117410743696382
20,40,60,1363.0612246715318,992.0233793597939,1000.5963063322577,-629.5584610205196,3.103396712259496
21,41,61,1367.7803849335824,989.112068937882,1005.4255792173354,-626.7572632216352,3.3096877863981717
22,42,62,1382.4088227966781,994.5131651965019,1010.0896895687008,-622.1940319685245,7.459752276102336
23,43,63,1385.4653983553665,990.9801614260401,1016.0340834203095,-621.5488464909831,8.268066348937964
24,44,64,1386.464132766007,983.8000818620287,1015.7028797073428,-613.0388288033646,13.028380538762008
25,45,65,1403.0430739349335,980.5548938632577,1019.6128835521608,-597.1247034804851,21.389716657504778
26,46,66,1407.4571470928418,977.2276649003963,1033.7744020098417,-603.5449198173962,16.797959428257514
27,47,67,1407.692929022433,981.2437595491187,1032.69019303008,-606.2410235567659,14.761614702300903
28,48,68,1410.5572466089538,984.4195459816924,1032.489043472697,-606.3513428454355,12.654233823392019
29,49,69,1416.2984554625596,983.7921666898458,1035.0164587850786,-602.5101700123648,12.27203665139632
30,50,70,1415.58023526115,985.8672296711063,1025.4580533727703,-595.7450477827267,15.290812721277916
31,51,71,1408.9914806038537,1000.1410541285604,1010.430242026546,-601.5798155512528,11.564682702866321
32,52,72,1416.5420941191724,1000.178558964106,1019.921800475246,-603.5582653201795,12.484637813372501
33,53,73,1422.6346501515093,996.2898743787398,1016.9494788140979,-590.6047030413285,-3.1795266947851815
34,54,74,1418.4877869726088,995.8293503994807,1016.3375725240636,-593.6791359509357,13.607318359616102
35,55,75,1416.2544535979307,996.1305728292923,1011.9242956608878,-591.8004148922494,12.358807072847526
36,56,76,1431.6323561777945,1004.4941662838611,1016.7606076862367,-589.6224177923032,14.780606759059651
37,57,77,1434.7838384671397,1001.4670622722239,1022.0855428689975,-588.7687666740817,15.657450236997988
38,58,78,1427.2602671346272,1001.0560743213666,1015.6202720662839,-589.4160792530233,15.501059551368826
39,59,79,1422.9299137262065,994.8328382109783,1016.1628959047475,-588.0658203895193,18.212384848703095
40,60,80,1422.6511653580817,1000.5963063322577,1012.9715959660994,-590.9167369402753,16.825769775412596
41,61,81,1417.8429242342079,1005.4255792173354,1013.7247437476216,-601.3073987307491,14.348648759365574
42,62,82,1409.4155191529003,1010.0896895687008,1009.451183370617,-610.1253537864175,8.865703896186687
43,63,83,1414.2004155367815,1016.0340834203095,1011.520363246346,-613.3540311298741,8.546798719292156
44,64,84,1411.334476917601,1015.7028797073428,1011.7905024549381,-616.1589052446798,8.797468501385538
45,65,85,1416.4731384278562,1019.6128835521608,1013.7127206112048,-616.8524657355094,12.186142706555074
46,66,86,1417.6149969229937,1033.7744020098417,1011.2236304774342,-627.3830355642822,9.827203265799085
47,67,87,1429.153951978119,1032.69019303008,1016.0837436241354,-619.6199846760965,12.780462686482679
48,68,88,1431.5999935629657,1032.489043472697,1016.9068704706585,-617.7959203803898,12.372911383780206
49,69,89,1429.5303920573351,1035.0164587850786,1018.8383897833567,-624.3244565110999,10.639704105233136
50,70,90,1414.8353238840746,1025.4580533727703,1016.8026378867904,-627.4253673754861,11.095220411617333
51,71,91,1402.4164878927525,1010.430242026546,1017.7315943722815,-625.7453485060751,9.771629444539144
52,72,92,1393.425266641364,1019.921800475246,1004.2253125364585,-630.7218463703405,8.439010982741593
53,73,93,1396.8946407303301,1016.9494788140979,1007.139841541448,-627.1946796252159,11.819773392775005
54,74,94,1401.6993692133697,1016.3375725240636,1012.3454014441552,-626.9836047548492,12.908952468491748
55,75,95,1400.6635239356547,1011.9242956608878,1010.8256999849652,-622.0864717101983,13.529819906904436
56,76,96,1397.967894126853,1016.7606076862367,1006.2597010079979,-625.0524145673817,12.213455820480476
57,77,97,1403.0647380822784,1022.0855428689975,1013.8658701212751,-632.8866749079943,11.293889988763567
58,78,98,1397.7409701147749,1015.6202720662839,1014.4082284958071,-632.2875304473159,12.229696988881642
59,79,99,1394.8488291859755,1016.1628959047475,1011.5767365198269,-632.8908032385989,9.209818382141407
60,80,100,1390.2254452129964,1012.9715959660994,1012.0581081100406,-634.8042588631436,8.793275116279801
61,81,101,1391.6881962694301,1013.7247437476216,1014.6879248819662,-636.7244723601575,7.136313394256604
62,82,102,1390.1316093364371,1009.451183370617,1017.2818654873954,-636.6014395215752,6.133979833186345
63,83,103,1386.241349546333,1011.520363246346,1012.4778071678629,-637.7568208678761,6.124550848941226
64,84,104,1386.0198960382959,1011.7905024549381,1008.1236563418671,-633.8942627585093,7.92389015489573
65,85,105,1381.2428034154343,1013.7127206112048,1004.9334774688841,-637.4033946646546,5.72478002917012
66,86,106,1373.8591275796784,1011.2236304774342,998.0741014027226,-635.4386043004783,5.354241603235323
67,87,107,1374.537657197609,1016.0837436241354,993.7253252311235,-635.2714116576499,6.201681014398446
68,88,108,1375.6353914257224,1016.9068704706585,993.6647833827681,-634.9362624277042,6.060714443813481
69,89,109,1369.396707603432,1018.8383897833567,993.8364083932222,-643.2780905731468,4.074727132468979
70,90,110,1367.513739574485,1016.8026378867904,995.1681797849815,-644.4570780972867,3.312318550226337
71,91,111,1365.2160167148909,1017.7315943722815,993.6477120340651,-646.1632896914557,2.044990136207616
72,92,112,1358.4578239592133,1004.2253125364585,997.8773877552479,-643.6448763324931,2.242222696739077
73,93,113,1356.6034569678498,1007.139841541448,996.6373354847003,-647.1737200582986,-0.3209682762600323
74,94,114,1358.2362960465557,1012.3454014441552,982.7869136976708,-636.8960190952703,5.918751051125696
75,95,115,1359.3077493955393,1010.8256999849652,985.5148128142123,-637.0327634036382,4.863613707219088
76,96,116,1351.5811976856025,1006.2597010079979,973.0254228826475,-627.703926205043,9.387031217063395
77,97,117,1346.7707619366292,1013.8658701212751,962.2417849611294,-629.3368931457753,9.511314458808556
78,98,118,1352.2857702789213,1014.4082284958071,967.7784822326807,-629.9009404495666,9.951998600436355
79,99,119,1347.690026905645,1011.5767365198269,964.1426305943287,-628.0293402085106,7.689519358249527
80,100,120,1345.2992045159804,1012.0581081100406,966.7898073198307,-633.548710913891,4.472404620434531
81,101,121,1364.2476255216989,1014.6879248819662,985.5625288964841,-636.0028282567514,5.168309987054613
82,102,122,1367.575551732131,1017.2818654873954,983.4633968262499,-633.1697105815142,6.284907121589299
83,103,123,1360.5264179907686,1012.4778071678629,981.1808469631774,-633.1322361402717,5.570124912337633
84,104,124,1363.535960826814,1008.1236563418671,995.1931190894118,-639.7808146044649,3.7716859227289206
85,105,125,1359.7411074781216,1004.9334774688841,992.5719865570534,-637.7643565478159,3.0761770200570027
86,106,126,1360.9679870904056,998.0741014027226,997.0253733264149,-634.1314876387319,5.569236558653756
87,107,127,1358.5994206235514,993.7253252311235,996.9596746622045,-632.0855792697766,6.638637130914844
88,108,128,1353.8510270073436,993.6647833827681,995.16056315401,-634.9743195294343,5.601917977806011
89,109,129,1355.2676752659506,993.8364083932222,993.9763720830249,-632.5451052102965,8.430599435281124
90,110,130,1357.5484824797504,995.1681797849815,996.4798768692367,-634.0995741744678,8.997111846661596
91,111,131,1357.3850640708056,993.6477120340651,999.8429330754997,-636.1055810387593,8.869260462681495
92,112,132,1361.1000415014914,997.8773877552479,1002.9634589125415,-639.7408051662978,6.487018107654194
93,113,133,1361.4478401301626,996.6373354847003,1008.0634611957233,-643.2529565502609,6.123665444663516
94,114,134,1357.1886132149575,982.7869136976708,1007.2876370536488,-632.8859375363622,12.163318074105973
95,115,135,1355.7520098279128,985.5148128142123,1008.3998381429283,-638.1626411292277,8.114769880552785
96,116,136,1345.6625374715309,973.0254228826475,1009.5836978332155,-636.946583244332,6.887606819675966
97,117,137,1340.7953900598686,962.2417849611294,1011.4474080606223,-632.893802961883,6.570105198749729
98,118,138,1341.0949405531733,967.7784822326807,1010.4605202213479,-637.1440619008554,6.031943983353585
99,119,139,1339.1058493327841,964.1426305943287,1009.0092948136605,-634.0460760752051,5.8041900066931476
100,120,140,1336.5909511005118,966.7898073198307,1008.1093688343738,-638.3082250536927,3.854550174194628
101,121,141,1341.7435171105533,985.5625288964841,982.9081394810394,-626.7271512669702,9.28704514936237
102,122,142,1341.0651818459246,983.4633968262499,982.2164743372069,-624.6146893175323,9.752463591837
103,123,143,1351.4619847964386,981.1808469631774,992.8821376131554,-622.6009997798942,11.187681573849886
104,124,144,1349.626521657533,995.1931190894118,972.4413448940468,-618.0079423259256,13.323936992279869
105,125,145,1349.2137003011876,992.5719865570534,962.1136347730014,-605.4719210288672,15.131652038263724
106,126,146,1366.8179140053235,997.0253733264149,970.5649860483442,-600.7724453694354,16.81432097933714
107,127,147,1363.9747238486457,996.9596746622045,973.1245004528043,-606.1094512663631,14.279525206766152
108,128,148,1359.969840524197,995.16056315401,971.8503356581064,-607.0410582879194,14.199446767778909
109,129,149,1348.1880252390952,993.9763720830249,967.22548167791,-613.0138285218397,10.624196312245545
110,130,150,1348.3546872275788,996.4798768692367,958.9717242184701,-607.0969138601281,7.092315587794019
111,131,151,1346.7783677125876,999.8429330754997,959.3591586772485,-612.4237240401606,4.084436343364473
112,132,152,1345.4128289919363,1002.9634589125415,955.6192422314889,-613.1698721520941,0.3671939495238803
113,133,153,1343.0436731639197,1008.0634611957233,946.3926284724789,-611.4124165042826,-2.9835464636241795
114,134,154,1342.0070226381067,1007.2876370536488,938.886587120084,-604.1672015356262,-14.307246341443033
115,135,155,1351.8689790886415,1008.3998381429283,949.3855331832993,-605.916392237586,-12.262996348551951
116,136,156,1353.6557308714864,1009.5836978332155,953.013270703869,-608.9412376655982,-12.677132904397808
117,137,157,1376.3527569880075,1011.4474080606223,960.8755158371364,-595.9701669097512,-9.351273488162292
118,138,158,1385.1741952612294,1010.4605202213479,971.1319974344608,-596.4183223945793,-3.4140649715125164
119,139,159,1408.5772927045796,1009.0092948136605,993.6750173265749,-594.1070194356557,10.381025996595781
120,140,160,1402.2987826355425,1008.1093688343738,992.2889042440879,-598.0994904429192,8.815975827516468
121,141,161,1364.443254246281,982.9081394810394,987.7370920245089,-606.2019772592673,4.031652766217803
122,142,162,1372.051400448115,982.2164743372069,995.283538847691,-605.4486127367829,7.290324003504793
123,143,163,1375.0053738990823,992.8821376131554,986.6159396882506,-604.4927034023235,2.758793424903388
124,144,164,1362.593308091154,972.4413448940468,993.3328833807855,-603.1809201836782,-4.073634616860545
125,145,165,1352.660552678457,962.1136347730014,993.6603953956137,-603.1134774901582,-4.249728682003024
126,146,166,1339.8327190611062,970.5649860483442,984.521860166902,-615.25412715414,-33.743991376690246
127,147,167,1354.4436276364986,973.1245004528043,990.3917572840053,-609.072630100311,-29.051709907799705
128,148,168,1360.3114824518634,971.8503356581064,992.9508213963285,-604.4896746025715,-36.86100516528768
129,149,169,1360.4831439476693,967.22548167791,1006.552964309335,-613.2953020395757,5.06228072831027
130,150,170,1355.6144340394294,958.9717242184701,1006.3418541532823,-609.6991443323229,-1.419959379455122
131,151,171,1371.6623301804077,959.3591586772485,1014.9620974306338,-602.6589259274745,7.707757847991388
132,152,172,1361.985814131659,955.6192422314889,1013.2936357691705,-606.9270638690004,5.426501015536701
133,153,173,1353.4616355840903,946.3926284724789,1013.4415716339585,-606.3725645223471,1.771593931336497
134,154,174,1346.890355622651,938.886587120084,1019.4942120173667,-611.4904435147996,-3.8855551611702595
135,155,175,1354.0224542441124,949.3855331832993,1017.2693534347593,-612.6324323739464,-4.966748702433051
136,156,176,1357.7630420139133,953.013270703869,1017.7702466943715,-613.0204753843273,-4.497668268455982
137,157,177,1353.828414366128,960.8755158371364,1013.6607905022175,-620.7078919732257,-8.490593473924264
138,158,178,1351.4329534200874,971.1319974344608,1010.3231246711487,-630.022168685522,-6.93170632500744
139,159,179,1351.3742988338972,993.6750173265749,997.1580647032317,-639.4587831959093,0.8900973936213177
140,160,180,1352.3801191386815,992.2889042440879,1000.5275293818504,-640.4363144872568,0.5604619746262642
141,161,181,1350.0140207020813,987.7370920245089,1002.5303488270924,-640.25342014952,-0.2659196916008568
142,162,182,1346.2959547466207,995.283538847691,991.7886859247118,-640.7762700257822,0.5866172420937801
143,163,183,1331.190969241393,986.6159396882506,990.9568890760827,-646.3818595229402,6.001244715716325
144,164,184,1331.2298418358591,993.3328833807855,980.9553310803078,-643.0583726252341,10.769545526973161
145,165,185,1333.5407644869294,993.6603953956137,982.6266630887508,-642.746293997435,10.375199740824769
146,166,186,1326.812593669331,984.521860166902,982.1597175964064,-639.8689840939774,36.296301593676276
147,167,187,1326.9942083976093,990.3917572840053,978.3802253489557,-641.7777742353517,31.18433832464791
148,168,188,1332.3348369904706,992.9508213963285,979.7917400864735,-640.4077244923315,40.773507524127695
149,169,189,1355.8902802803977,1006.552964309335,976.8299594268573,-627.4926434557947,2.151621224373912
150,170,190,1364.9976811719096,1006.3418541532823,988.1996099201926,-629.5437829015652,4.9355875311113095
151,171,191,1371.7440731412657,1014.9620974306338,975.9591457828252,-619.1771700721933,10.837256574806247
152,172,192,1372.3523665088487,1013.2936357691705,980.6220551154219,-621.5633243757436,9.91033845693562
153,173,193,1379.4426338986534,1013.4415716339585,986.8372170904745,-620.8361548257797,11.067313978201469
154,174,194,1387.8394825931064,1019.4942120173667,989.0582652278706,-620.7129946521309,10.442601187097921
155,175,195,1381.1192068870832,1017.2693534347593,976.8843240956193,-613.0344706432952,11.44707497435229
156,176,196,1388.1988131196658,1017.7702466943715,982.5874717635556,-612.1589053382613,13.613760989922753
157,177,197,1384.5731267166097,1013.6607905022175,988.0285826665038,-617.1162464521117,9.109876463072283
158,178,198,1381.9397997837116,1010.3231246711487,994.0645636837357,-622.4478885711728,8.337067731094066
159,179,199,1377.867265466748,997.1580647032317,996.9670342782894,-616.2578335147732,11.342384363278939
160,180,200,1381.9559257002759,1000.5275293818504,1000.6795327058642,-619.2511363874387,9.984368617027826
161,181,201,1382.1825047736847,1002.5303488270924,998.1982557256725,-618.5460997790801,10.244690054986336
162,182,202,1371.3812778430452,991.7886859247118,1001.2672244789571,-621.6746325606236,8.965783044036357
163,183,203,1372.6966058374105,990.9568890760827,1003.61505788096,-621.8753411196321,9.517213319359712
164,184,204,1369.24455633849,980.9553310803078,1005.8068376870922,-617.5176124289101,9.647905679500468
165,185,205,1366.4233849743787,982.6266630887508,1001.3812606861964,-617.5845388005685,9.28015637850308
166,186,206,1374.6877613498987,982.1597175964064,1007.0039980415854,-614.4759542880931,9.459511891033003
167,187,207,1370.0029645987656,978.3802253489557,1000.3339392418548,-608.7111999920448,10.932056111042243
168,188,208,1372.4545814537767,979.7917400864735,1002.1908825001317,-609.5280411328285,11.155029893607093
169,189,209,1366.9305761385108,976.8299594268573,1000.817480223337,-610.7168635116836,10.861479009857476
