Left,Mid,Right,Loss_likeli,Loss_AIC,Loss_BIC,Loss_eBIC
0,20,40,66.20540086412313,42.205400864123135,31.98948153287506,-71.40744667181144
1,21,41,58.65285903214658,35.65285903214658,25.934805837675526,-86.48529063297855
2,22,42,46.55036818787437,28.55036818787437,22.478268621279426,-88.9356308533973
3,23,43,47.949614761666965,26.949614761666965,20.80890435939,-79.71758497902016
4,24,44,53.7360381670544,32.7360381670544,26.09315878781723,-101.32157446064252
5,25,45,48.57146542962249,25.571465429622492,17.664139829772694,-62.4296853147755
6,26,46,66.85962881357017,49.824519715649274,47.51114302090804,-63.33708107188761
7,27,47,60.44599971450816,44.44599971450816,41.8700883817678,-37.66870305899408
8,28,48,68.49747780134737,58.49747780134737,57.34361269952524,-23.563356910274194
9,29,49,50.50470344582175,39.50470344582175,37.14733825379449,-20.803410219763634
10,30,50,74.38530608667975,62.38530608667975,60.22322193843553,-43.0408478567972
11,31,51,50.70735055275367,36.70735055275367,33.20296054067546,-66.21456539880347
12,32,52,58.95569711315403,44.95569711315403,41.79788069135583,-67.29274852054965
13,33,53,73.75151989605564,56.75151989605564,52.100105063926435,-90.82444691479265
14,34,54,84.3996781460138,65.3996781460138,60.09910463061061,-78.58885719827612
15,35,55,79.52344489304312,62.52344489304312,57.872030060913914,-61.06594253207743
16,36,56,91.30865232440948,61.30865232440948,50.184977714179354,-88.22733049545934
17,37,57,94.22137268802896,66.22137268802896,56.09343035135288,-83.59181309753933
18,38,58,84.21488712123278,60.21488712123278,54.31265898716879,-72.85740193006347
19,39,59,71.64763136773382,48.64763136773382,42.04874048578256,-75.76407335092665
20,40,60,64.9696079654488,37.9696079654488,31.14281362999725,-57.73969058891862
21,41,61,62.65125742242202,35.97801418535232,33.210759851119974,-83.6632116784458
22,42,62,38.651878805004685,21.651878805004685,18.38675833399526,-92.3963374928511
23,43,63,41.100432086063336,16.100432086063336,10.69592804885906,-103.21662554325462
24,44,64,44.11608547254178,20.116085472541783,12.672754863533555,-132.96254131027536
25,45,65,50.174884897655716,22.174884897655716,12.035269526520892,-120.26997588957511
26,46,66,22.96552597838172,8.96552597838172,8.629779231517432,-66.34251217729081
27,47,67,22.582645212165858,9.582645212165858,6.841962882297253,-31.163702690781406
28,48,68,27.468431887471638,19.468431887471638,18.951238696055384,-27.41872180827886
29,49,69,30.991490730274677,23.991490730274677,21.91012728344839,-22.697468890413802
30,50,70,56.40620837244103,50.737103092765324,50.13193290677725,22.381382927502955
31,51,71,71.54506040964372,65.26829661089027,65.00970001518215,35.73060591078206
32,52,72,76.90804813124498,58.90804813124498,54.33414356558512,-22.979393297169963
33,53,73,79.7348626576595,62.734862657659505,60.738504360976094,-20.116925710778332
34,54,74,82.6906152423636,65.6906152423636,59.306332458834504,-15.073336436751674
35,55,75,76.6538879736529,61.6538879736529,56.26533746367778,-36.19418649328463
36,56,76,85.69243302513968,64.21456335911131,51.76790993968643,-49.629645741299214
37,57,77,96.18043556697609,73.18043556697609,62.34948356189085,-90.83024320558911
38,58,78,87.02844335469632,64.02844335469632,52.32870698011402,-52.201874628483665
39,59,79,87.78342156009597,57.783421560095974,43.194011047066056,-70.33468420487964
40,60,80,97.09634988213855,65.09634988213855,50.92819459888244,-63.47911675648993
41,61,81,96.40852719348169,63.73528395641199,53.12880253759806,-69.8078288018072
42,62,82,83.09862254728,58.09862254728,45.99854271813507,-67.38638525953007
43,63,83,79.95881147991469,51.95881147991469,38.66678902065962,-70.23517567087288
44,64,84,75.65115742820967,52.65115742820967,41.546809872618724,-80.36312096266352
45,65,85,76.04258806652211,51.042588066522114,38.94250823737718,-90.87138873561071
46,66,86,38.60649039154606,26.60649039154606,22.472403263857245,-4.37447204809979
47,67,87,33.25851091048236,22.258510910482357,17.09606907338957,-10.416043696067561
48,68,88,36.398319686996444,25.333149133213794,19.358755491889895,-27.455127385021513
49,69,89,29.022282475945644,17.022282475945644,12.451795063248937,-16.953846586723103
50,70,90,23.647096805772037,17.97799152609639,15.986526978988422,-4.7510560114949385
51,71,91,25.057304957396127,18.28566720011537,15.897998603583403,-4.509185686389515
52,72,92,36.41550229109504,21.124261985141743,16.462380424909952,-25.882710487898862
53,73,93,34.47326837112888,20.85874811495796,18.276546686925712,-10.19007872887704
54,74,94,36.27516705446408,25.275167054464077,18.906306556824347,-29.656654918515983
55,75,95,36.00721985233258,24.37511866792255,17.90285888982163,-31.585742596753846
56,76,96,38.12617913028606,29.138071432774893,24.159410065004977,-27.72607973549566
57,77,97,54.65281862766466,45.65281862766466,41.45808204451015,-23.566957646756975
58,78,98,46.27891683964424,38.109544329654796,33.13088296188482,-11.835207538083807
59,79,99,47.10485101842829,35.70855037698283,32.91643638745052,-2.721770985788851
60,80,100,47.86562588942809,35.83666384820799,32.89345552483195,-28.00722312138919
61,81,101,50.30449521586519,38.30449521586519,30.964464915592828,-29.254993815911632
62,82,102,56.68207134524272,42.68207134524272,34.68647482006048,-49.22372686427207
63,83,103,47.42514719382194,35.42514719382194,32.00540707059491,-42.86153827518456
64,84,104,50.891448796557256,39.891448796557256,36.807679419139276,-47.77332744363815
65,85,105,50.99912480831284,32.99912480831284,32.734470632738066,-56.020800613288486
66,86,106,49.088395453431815,34.088395453431815,31.18381768495749,-47.400578527394146
67,87,107,47.51438423740507,33.51438423740507,31.049714996166756,-11.474392883626138
68,88,108,30.990985375632874,17.990985375632874,16.370755861451585,-39.15867361150447
69,89,109,27.03817397041462,13.038173970414618,10.920078319456309,-10.687486783338727
70,90,110,41.98168470786652,32.98168470786652,33.006346150513195,-16.637652364536393
71,91,111,46.1484534674957,37.1484534674957,37.27477699749545,-19.80526227778944
72,92,112,68.34430124754874,55.96857595323388,52.91806358064673,-13.368822278826428
73,93,113,49.35154644214475,40.35154644214475,38.296766343111585,-4.27998444952766
74,94,114,71.60891110369317,51.608911103693174,45.11732427095296,-75.68738592334319
75,95,115,59.694304359179455,40.694304359179455,34.72890697020745,-30.00934373842756
76,96,116,64.48131373365766,44.48131373365766,37.6431533106375,-43.67390521861063
77,97,117,93.31142386274973,66.31142386274973,57.721068433690505,-128.77105772464859
78,98,118,69.54968788858343,49.549687888583435,45.48411618780307,-93.819885735595
79,99,119,62.43089769450677,41.034597053061304,37.618184035554975,-95.57028739958923
80,100,120,54.35471973793733,34.32575769671723,32.94479772360478,-103.2880844250102
81,101,121,46.44766708374436,25.447667083744363,21.313993589395693,-82.77808302770461
82,102,122,44.15984172785767,19.159841727857668,12.258365752912368,-115.13362574525013
83,103,123,43.370968037785474,14.370968037785474,5.824601106012153,-132.93368454843517
84,104,124,43.592952527592956,19.592952527592956,13.882489869984568,-147.68988280502435
85,105,125,41.3690480514158,12.369048051415803,8.36073432269393,-89.61255917069013
86,106,126,41.02294937396846,20.02294937396846,14.989399674421236,-78.56506687366868
87,107,127,51.35876266296822,27.358762662968218,21.378789081793172,-69.92840316105708
88,108,128,40.47551077375226,17.475510773752262,11.190346602625993,-81.34509699580701
89,109,129,48.962125575317316,25.962125575317316,19.363234693366053,-66.55288057832956
90,110,130,60.10618493803224,38.10618493803224,33.39145455397784,-83.02047078720545
91,111,131,67.32951365250636,43.329513652506364,37.27247740461803,-92.84004037520253
92,112,132,71.65624596021178,44.65624596021178,36.23408496554572,-71.72047091325896
93,113,133,54.99855430297248,37.99855430297248,34.73343383196317,-89.33325913289741
94,114,134,68.26276440651111,48.26276440651111,44.19719270573074,-102.28001896994726
95,115,135,56.952248501807844,36.952248501807844,32.568426517738715,-57.91214983604277
96,116,136,50.47972850781218,29.479728507812183,25.262864260534798,-61.600328930521755
97,117,137,80.26681800556742,55.266818005567416,48.36534203062212,-135.39802985527092
98,118,138,91.68342129514997,69.68342129514997,63.92897014025567,-105.9868502488049
99,119,139,89.80007575958899,66.42527576578794,58.93795665949381,-104.6487030578661
100,120,140,84.06275690593725,66.44840002454305,63.051097129522134,-90.34850377563635
101,121,141,82.62355451082033,65.62355451082033,60.10172314602494,-73.97414950418602
102,122,142,74.69303103223939,56.69303103223939,50.17161694126008,-76.49909232547077
103,123,143,87.68161910747466,64.68161910747466,55.84383281462243,-72.90795427982789
104,124,144,73.95810413102492,56.958104131024925,50.61017194274041,-107.93485323366752
105,125,145,75.28932464829916,59.259222093764265,53.71937903729213,-41.37331830304851
106,126,146,67.5730426552962,55.80108725845446,49.55186279892365,-7.512595497293091
107,127,147,61.412352081239874,43.74353372051144,35.552153105798766,-34.284396936790245
108,128,148,53.205039394018115,35.5750950606286,26.92723130946763,-51.306172160886035
109,129,149,51.88993726299941,35.050764603805874,26.587040278596987,-61.76372484096413
110,130,150,64.5325661914406,44.052846288547755,33.18860254548969,-98.92726086536425
111,131,151,67.17837439414933,45.17837439414933,32.987766351170364,-103.23322918290705
112,132,152,68.92874699563004,46.04374722440866,36.796473557324816,-65.00094127481361
113,133,153,65.06054443273308,46.06054443273308,37.640808604810104,-83.48040150797834
114,134,154,44.151945391105926,34.151945391105926,29.866431203895957,-39.88167353288799
115,135,155,48.28760519412481,36.28760519412481,31.0063587333608,-45.771652244439224
116,136,156,51.8897721525056,34.8897721525056,26.78723652160761,-46.856953936338414
117,137,157,34.19501455237912,26.36260584021926,22.803478155489245,-18.01089042445659
118,138,158,38.9720445218469,31.42536015463054,27.442431060414606,-17.522271621615573
119,139,159,37.542752435724196,29.16795244192315,26.572340395814535,5.190518206896968
120,140,160,28.620923614103276,23.006566732709075,21.01510218560105,-1.1844535431370105
121,141,161,33.21570381460879,30.215703814608787,28.72210540427784,8.314921114304923
122,142,162,30.6158916926409,28.6158916926409,27.62015941908686,14.015369892438287
123,143,163,48.997505453874396,41.09997419686033,37.1170451026444,0.05507414322983095
124,144,164,37.95628454163176,32.23620807584052,29.249011255178573,-6.588658526654456
125,145,165,51.206416888454214,47.658196735277784,45.1688660513928,16.411987336662946
126,146,166,65.09750667893746,57.3624284592006,54.223939092041576,16.33950975711184
127,147,167,71.58912331739475,60.42359544384607,58.28083835024108,18.79531799558106
128,148,168,65.42937288964833,54.151195044499445,50.73169024252047,30.324505952547497
129,149,169,74.61678457158746,62.45355899359345,57.5830912112653,22.99806292990661
130,150,170,69.18087513390043,56.297471430085295,53.17988657064774,25.455806017718544
131,151,171,77.37847402902077,57.747860361557855,55.71815753514551,28.210496955924384
132,152,172,78.46808065109212,57.58308087987075,52.78103513364624,-9.570485279707896
133,153,173,69.99286352176404,54.992863521764036,47.476758250901696,-10.223757098667818
134,154,174,62.23918362697896,49.23918362697896,42.724788830044645,-25.677219625344605
135,155,175,62.836806100950525,49.836806100950525,44.40426709368944,-17.922647375452073
136,156,176,62.534685718385504,46.534685718385504,41.43044949766943,-17.7023975816478
137,157,177,57.10356182255214,42.10356182255214,37.251763447799476,-1.9267002773153763
138,158,178,56.23757763629192,40.52215834358486,38.27209720076871,-6.853879628109098
139,159,179,50.86243209287238,29.862432092872382,25.30988364660277,-18.88346031020592
140,160,180,36.65932178533427,26.65932178533427,23.413528368964194,-27.76634563000607
141,161,181,38.62923119846664,32.62923119846664,31.721475919484533,-2.165432994871253
142,162,182,29.52579786467959,25.7251632282979,28.283606305888156,9.31690129334072
143,163,183,42.88899329168862,31.88899329168862,28.14533373854158,-8.983926755439825
144,164,184,39.81944068983137,32.81944068983137,31.067245683792237,-4.709975465285652
145,165,185,43.74314186285477,35.74314186285477,33.49308072003862,-8.085063055038177
146,166,186,50.02670436034879,39.02670436034879,36.948569886304995,-17.40567116308307
147,167,187,43.6044497094415,27.622674501647964,26.465591940536797,-18.069532414903847
148,168,188,47.939820363033846,28.939820363033846,26.94394623446101,1.0150903121721058
149,169,189,44.249191754531125,21.249191754531125,14.667090362341469,-47.27987384862536
150,170,190,57.663269587107436,33.7798658832923,28.088730280323148,-55.460298790104844
151,171,191,67.49802304222749,31.86740937476452,26.566835859361277,-88.82478940435294
152,172,192,67.10888725315397,32.10888725315408,22.52986019644652,-87.65924706684007
153,173,193,65.17740720906482,35.177407209064825,25.444166257477605,-76.82228944717133
154,174,194,58.71789561221078,33.71789561221078,29.225359826345198,-54.03854260382275
155,175,195,48.47779749248292,28.47779749248292,26.266410215768133,-43.787510280756806
156,176,196,44.28097311152135,14.280973111521348,9.123467677495796,-115.28168967947636
157,177,197,53.64611389294561,20.64611389294555,11.954101091200755,-101.78415237737465
158,178,198,52.99195110714635,22.276531814439238,18.450229654727877,-94.5603996737052
159,179,199,33.92017017924212,3.9201701792420636,-1.1505941454311142,-56.07807795936799
160,180,200,41.02542925869511,18.025429258695226,12.812832737863687,-69.79229492064019
161,181,201,41.885583549664545,17.885583549664602,13.690074956680178,-74.72936690620247
162,182,202,47.73810172386453,26.937467087482844,25.209933524090275,-57.5080732629101
163,183,203,47.63900622515666,25.639006225156663,19.88455507026231,-88.61071157338165
164,184,204,45.74896282242969,23.74896282242969,18.34108525781528,-86.8381137809356
165,185,205,47.44822843133767,26.448228431337668,21.538217003500336,-84.84722168241854
166,186,206,39.40108369644338,20.40108369644338,18.669050810904423,-71.98034779245222
167,187,207,29.300553132861523,9.300553132861523,5.5908243359401695,-74.15163636557793
168,188,208,32.223782134869225,9.223782134869225,4.912288708020355,-49.31327083319991
169,189,209,38.75063927605032,17.75063927605038,11.454333487093095,-94.91284216173221
