Left,Mid,Right,Loss_likeli,Loss_AIC,Loss_BIC,Loss_eBIC
0,20,40,37.285204763747856,24.174546891537716,20.972741972453605,-63.06888885557464
1,21,41,47.732033801732314,29.732033801732314,23.445515029592684,-55.98264719932297
2,22,42,39.78222339235998,23.78222339235998,20.973445270045715,-41.90306331354168
3,23,43,41.999112042232525,21.999112042232525,17.638987128417,-52.935522885342266
4,24,44,44.57561263314477,27.57561263314477,22.231050620455676,-69.72497235645949
5,25,45,41.23223856392781,12.232238563927808,3.9854989445047977,-87.77906334716783
6,26,46,42.065870935196244,17.065870935196244,10.510968550530833,-87.79568807426904
7,27,47,41.81496638878224,24.183685193711653,23.79845749415324,-73.12780090605202
8,28,48,48.900032817022634,24.900032817022634,23.69502683305393,-158.49178150890145
9,29,49,47.55945119198134,24.55945119198134,23.852311344789655,-150.37401480417805
10,30,50,48.68957918478884,22.68957918478884,20.14226733698615,-180.3829796028923
11,31,51,44.99564438467371,21.99564438467371,22.67479889860192,-171.67801666992023
12,32,52,26.837606628776882,1.837606628776939,2.47110635601382,-119.82078700286831
13,33,53,26.905443751776716,3.9054437517768292,5.277745446264817,-106.43599624462149
14,34,54,34.06497913237865,12.064979132378767,12.548852602523766,-65.8022666937776
15,35,55,37.57726655665101,11.577266556651125,11.109396250528107,-118.46645263823893
16,36,56,22.564570645781828,-11.435429354218059,-15.886228754557123,-119.45863870345272
17,37,57,21.15857885466545,-8.841421145334607,-10.607608818005474,-116.47405063939232
18,38,58,15.558761605143161,-16.441238394856896,-16.680772014059585,-51.08154332203128
19,39,59,16.40960031817093,-10.590399681829126,-10.27504800482302,-79.32998350659886
20,40,60,14.718940950092133,0.7189409500922466,5.1857435144534065,-81.83446214192907
21,41,61,13.723457074965722,-4.276542925034164,-2.4943520883409747,-71.23191878373393
22,42,62,26.214872752060728,11.214872752060728,13.450941228245028,-73.30457675828347
23,43,63,32.35422721622399,-0.6457727837760103,-3.5074845012419473,-128.81878565251725
24,44,64,49.45496759242167,8.45496759242178,3.5539380582845297,-191.14614293845443
25,45,65,30.807196165507833,-6.192803834492224,-13.309888891584706,-160.02706709164897
26,46,66,50.95098917052297,12.95098917052303,3.7361365008364373,-205.84405588888183
27,47,67,49.41954206201166,17.4195420620116,10.845312622707183,-152.84509873648562
28,48,68,69.35368650244243,29.353686502442542,18.626736887091624,-203.08944540412438
29,49,69,60.52635071099155,23.52635071099155,18.73601654699212,-198.27048306213374
30,50,70,65.7084614979151,20.708461497915096,11.65078010310242,-276.0201029826378
31,51,71,55.30133808325684,19.301338083256837,13.010590725538123,-209.47016696626895
32,52,72,74.15600836861353,45.15600836861347,39.72880374935994,-177.96611861707083
33,53,73,95.07025787099121,62.07025787099133,57.07760383658956,-174.52687006285078
34,54,74,86.10763620773884,58.10763620773889,56.53912724716167,-125.68707500335233
35,55,75,93.20924704470025,56.209247044700305,47.14568692151079,-183.85108612860938
36,56,76,85.91855742936644,55.9185574293665,49.90643453354244,-117.77333689911995
37,57,77,98.43041108495618,58.43041108495618,46.83353178059576,-170.6994801379269
38,58,78,97.91634347580646,59.91634347580646,49.66177003528003,-177.95672027162016
39,59,79,87.97328615165645,50.97328615165645,40.870005257626985,-148.31865404958296
40,60,80,118.61037804545975,84.61037804545981,79.11985787428102,-192.61011012801725
41,61,81,115.97015059587483,76.97015059587488,67.95057896997116,-186.08280287915238
42,62,82,102.04381221248428,69.04381221248423,63.011437407242624,-178.2108161851096
43,63,83,98.19074004442808,55.19074004442814,45.2816334320471,-201.78986525922755
44,64,84,85.33391835402159,37.33391835402165,28.25467868188548,-247.31365759588152
45,65,85,84.35403551216166,39.35403551216166,23.97850125458558,-216.7212592752595
46,66,86,95.49963459646744,46.499634596467445,30.768533651394023,-227.33054676876748
47,67,87,88.25617068577168,44.25617068577162,34.133562737103034,-212.09859887989364
48,68,88,89.9900498477486,48.99004984774865,36.37893973450093,-205.44769420140085
49,69,89,64.3070943195977,29.307094319597695,24.12619806803241,-110.71149862280095
50,70,90,59.088262178632704,25.088262178632704,21.507108288366908,-161.44846738009085
51,71,91,66.53129549274956,41.531295492749564,39.67735486873789,-76.2885379580265
52,72,92,83.56671110679417,65.56671110679417,64.92288681152763,-114.79448566480573
53,73,93,79.2926072681446,40.29260726814459,29.64208424344565,-185.19364667113746
54,74,94,64.17121445939324,28.17121445939324,19.95093836997944,-123.58350576226485
55,75,95,48.35977778066257,12.359777780662512,2.0612158428501743,-160.36927561210848
56,76,96,36.1788977655375,13.1788977655375,9.958690646592459,-81.30723028227271
57,77,97,44.505311817811844,9.505311817811844,-0.2953839832234735,-103.1152664063734
58,78,98,44.440378413183055,12.440378413182998,4.826428203038631,-141.7247640430005
59,79,99,44.811473699778844,11.811473699778844,4.046230943137402,-164.9616994778329
60,80,100,57.538795540791966,21.53879554079208,12.973101554379468,-200.32278976540965
61,81,101,60.02781122289241,19.02781122289241,9.464078224912782,-137.157333759376
62,82,102,56.07142610472113,23.071426104721127,17.039051299479524,-146.4037396073859
63,83,103,45.24923018020468,22.249230180204677,21.88866392329294,-142.65704767616853
64,84,104,38.813101774578286,16.813101774578286,14.870960112763669,-119.89570941025693
65,85,105,44.5731565117552,15.5731565117552,10.492525482781616,-141.14062391778725
66,86,106,58.20829207269463,24.20829207269469,17.33147754039601,-147.10796978098767
67,87,107,59.56712859623508,28.56712859623508,23.543820853836337,-121.22198971181001
68,88,108,60.57504420220613,33.57504420220613,30.529866217626477,-154.60709355857932
69,89,109,75.02317145483295,47.02317145483295,41.40068579179649,-120.74575995954842
70,90,110,89.09557602535409,63.09557602535409,59.50854340671151,-123.96694422016981
71,91,111,83.94131156405967,57.941311564059674,55.247790320129525,-78.10601351447815
72,92,112,87.94535518639469,61.467689238209175,60.023413713171635,-87.91114787969707
73,93,113,77.74009029462661,45.740090294626555,40.968562171617464,-108.18889604836727
74,94,114,79.39499832106003,47.39499832106003,41.61766674993447,-75.79742127962311
75,95,115,66.97822863887797,39.978228638877965,33.120741161218575,-77.89747986869577
76,96,116,54.45628300941058,32.45628300941053,29.474420576756017,-76.32276209705651
77,97,117,51.639377523582084,26.639377523582084,22.16391668059657,-45.53107095995824
78,98,118,49.767578464651706,25.76757846465165,21.789983758443213,-72.43230554000479
79,99,119,59.757113640303146,34.757113640303146,29.24193202647774,-77.76811155782275
80,100,120,45.06801969504244,25.068019695042437,22.042168765101962,-75.61928207052847
81,101,121,54.61037667275474,27.61037667275474,21.55103368685326,-70.2027188305633
82,102,122,51.81632213763288,17.816322137632824,8.513492473374413,-116.1367204999516
83,103,123,44.41000332830953,15.410003328309529,8.596504347936104,-119.91379738352055
84,104,124,44.74066754850253,13.740667548502529,5.238289114015117,-124.48280138306541
85,105,125,42.31972611770453,15.319726117704533,8.808812230325088,-108.57617940342868
86,106,126,32.26844314753657,6.268443147536573,0.948542577494095,-75.4552354945132
87,107,127,35.75821440117187,18.75821440117187,16.89272308057133,-36.79749227302136
88,108,128,38.915021205380924,22.915021205380924,23.613502773948312,-104.39233728914098
89,109,129,48.54225688032733,30.54225688032733,28.85871181422084,-95.5186574039941
90,110,130,46.95682101912968,30.956821019129677,29.575861046017224,-80.64947903299435
91,111,131,48.738012483294995,30.738012483294995,29.947978791900937,-31.85738196020452
92,112,132,49.6844313552823,28.20676540709684,26.479231843704383,-40.86927606758229
93,113,133,37.19750161593481,21.19750161593481,19.437884864833507,-13.641676843243204
94,114,134,43.332462444007206,23.332462444007206,20.927686205870543,-43.487453562904875
95,115,135,44.78186066935507,20.78186066935507,16.46791832491391,-48.172075476996724
96,116,136,43.54832239746423,22.548322397464233,17.638310969626957,-88.77644074602688
97,117,137,55.54933664557137,29.549336645571373,21.803420943569108,-81.44715615944551
98,118,138,51.6447871463655,26.644787146365502,20.783031942260152,-113.4336844034126
99,119,139,49.380875353243255,21.380875353243255,14.37209532908679,-121.37948954631452
100,120,140,61.5849592650942,31.5849592650942,22.19415260626397,-129.49152435798942
101,121,141,52.09603351605142,24.09603351605142,16.394106311335065,-86.44499282810978
102,122,142,35.27352153263911,10.729866537419298,9.197614017809826,-111.18497498154409
103,123,143,47.80942256268884,24.809422562688837,19.78559518839279,-98.33589834568454
104,124,144,49.82200269764917,30.822002697649168,28.26284071713576,-116.36894572161236
105,125,145,51.40575833550702,32.40575833550702,28.144905590943665,-46.79140860751784
106,126,146,54.71112868868414,32.71112868868414,25.57038317266995,-64.98640671565147
107,127,147,61.240257880903414,47.240257880903414,44.0824414591051,-66.38580643261821
108,128,148,81.21259975249666,60.21259975249666,53.223146782979484,-106.57299323171526
109,129,149,76.59205559360902,57.59205559360902,50.71211191741497,-103.92105212530169
110,130,150,50.221332389229474,33.221332389229474,27.18362319598043,-80.78347790523571
111,131,151,34.47364782539819,17.47364782539819,12.274710978397707,-96.76184533581488
112,132,152,28.249820269662564,9.249820269662564,2.562952393139426,-95.39496847269402
113,133,153,21.227884399852655,9.227884399852655,4.986358709928595,-49.853861395262356
114,134,154,31.54958276074865,14.549582760748649,8.439801078743358,-59.80717603009418
115,135,155,41.57013598272499,18.57617934966845,10.270583784888572,-66.78767695466036
116,136,156,29.69449259055756,9.511339321974901,2.4339093578859092,-64.27012128169497
117,137,157,47.90286308794805,20.238460410436232,11.66743203601618,-78.9026398215758
118,138,158,61.47369742477633,27.473697424776333,14.829223055290527,-141.20528643335183
119,139,159,77.24108639141616,37.24108639141616,20.211882375918094,-182.59584200142524
120,140,160,76.94476892124851,34.94476892124851,16.460406308574534,-209.6775545510675
121,141,161,68.4538725787969,27.453872578796904,9.120802512619889,-158.85095336402424
122,142,162,58.683477609014744,26.139822613794877,15.772610736049955,-149.08505431979347
123,143,163,63.76826000038636,33.76826000038636,21.100486585291605,-141.04688759161627
124,144,164,54.18669301229613,31.18669301229602,20.629861092735723,-103.71756181358478
125,145,165,57.98696208447495,35.98696208447495,27.806495797620755,-100.5507040119735
126,146,166,68.95122819120184,48.951228191201835,41.76649417790168,-77.7020709033012
127,147,167,60.26495431511364,41.26495431511364,33.88493925803061,-84.89572767227799
128,148,168,58.24493620854122,45.244936208541276,37.37286750003142,-85.38502803452354
129,149,169,62.014945035666585,48.54546861143177,40.12573278350874,-85.97878597485885
130,150,170,65.2434695648397,52.886261979491735,44.96439228834572,-52.783696142524605
131,151,171,72.88616014826744,53.91492626472768,43.45407001160248,-55.375321843172856
132,152,172,45.871393516427474,30.871393516427474,23.294107852077673,-58.99894901811467
133,153,173,45.97306890372448,28.909963824228498,19.29921467896861,-70.30210541649399
134,154,174,68.479453814453,45.479453814452995,33.871417948428416,-104.91253936849478
135,155,175,70.99215294146063,48.99819630840409,37.81032788336631,-90.81112194487321
136,156,176,75.8904693841207,50.707316115538106,43.56657059952386,-107.00612200963019
137,157,177,85.64572785042145,52.98132517290958,44.50668938091451,-87.74130037009081
138,158,178,68.49773263367456,41.49773263367456,35.2920324686404,-103.62824198709984
139,159,179,71.08754439001456,43.0875443900145,33.3061756436183,-74.25667805040837
140,160,180,64.96394171871236,39.96394171871236,32.369318563207116,-73.7664362463853
141,161,181,68.59276548368905,46.59276548368911,39.45201996767486,-35.01622588649275
142,162,182,90.2863813792004,63.28638137920041,54.69602595014112,-82.50821481743458
143,163,183,95.2162157615798,58.216215761579804,45.34034614531049,-132.8783735136342
144,164,184,103.93557962531327,67.93557962531327,55.557576145820974,-149.6518865697101
145,165,185,116.02964818109228,80.02964818109228,67.65164470159993,-111.23911053598431
146,166,186,128.06694221153532,90.06694221153532,77.03978004876899,-131.43631888228447
147,167,187,116.79787140441715,80.79787140441715,69.1130151054848,-167.99152534715995
148,168,188,111.00153434122461,73.00153434122467,59.97437217845828,-164.43202072689098
149,169,189,123.05287437115135,83.05287437115135,69.02997993483098,-208.25135631301623
150,170,190,109.85294637234324,74.85294637234324,62.97280902962791,-171.32399292799948
151,171,191,104.17168750620982,72.17168750620982,61.785148573825495,-127.50832806684309
152,172,192,69.59461129075675,40.594611290756745,29.880326357943375,-107.09640473165359
153,173,193,70.07692645355769,42.07692645355769,32.29555770716149,-87.46952962753312
154,174,194,68.8425357846628,46.8425357846628,40.699069468613686,-37.8035524321798
155,175,195,82.53545486939066,62.53545486939066,57.0835888074904,-26.57529556324357
156,176,196,80.93157025291657,57.93157025291657,51.33267937096531,-59.21669383821052
157,177,197,59.37770418634517,33.37770418634517,25.631788484342906,-68.48742916651236
158,178,198,53.95636096247881,29.95636096247881,20.780162402070687,-94.1259484130104
159,179,199,37.62972991490028,17.62972991490028,10.791569491880068,-59.67297104813156
160,180,200,42.30747626666334,27.307476266663343,22.958646527528174,-36.78066978898937
161,181,201,43.93460541314175,30.934605413141753,27.581507947560567,-28.519582367384487
162,182,202,49.154584157400166,28.154584157400166,20.471984007322988,-41.571469405908374
163,183,203,74.86244634759208,43.86244634759208,31.400549701244756,-98.99574409010131
164,184,204,63.725760089598396,35.725760089598396,29.153360076219712,-116.95666554379329
165,185,205,68.82691257463807,34.88112975693707,28.62571253726992,-88.78861446152439
166,186,206,69.41244004198552,40.511451080293796,35.75273219895354,-91.3010910454517
167,187,207,63.78686514610558,39.78686514610558,32.86945789198751,-112.51755292471023
168,188,208,70.84704626603667,43.84704626603667,34.91011724669738,-129.81949968507456
169,189,209,77.80101190509595,43.80101190509595,34.62338063424676,-151.24118575054126
