Left,Mid,Right,Loss,Loss_left,Loss_right,gain,glasso
0,20,40,1351.4338867559072,986.2718696524958,1004.5923848969824,-639.4303677935709,7.7600624955939566
1,21,41,1352.6991396771741,989.9484569928547,1000.2831434816285,-637.5324607973091,9.918874175490146
2,22,42,1351.0747283660644,987.0625345098106,998.051196941684,-634.0390030854301,9.85063588841183
3,23,43,1348.4744083104604,986.4068926255256,998.4156664882818,-636.3481508033472,5.64707266217988
4,24,44,1342.6848648164573,971.7129863810471,1001.2519243989419,-630.2800459635318,7.982589132189105
5,25,45,1347.718592615909,989.7357643000112,991.335254065526,-633.3524257496281,4.127169614126842
6,26,46,1350.1569826574964,993.2540625737195,987.8879986950344,-630.9850786112574,6.5461204286996235
7,27,47,1351.2650925849703,995.9743338018025,989.7222043713416,-634.4314455881738,7.117097490381525
8,28,48,1348.9593139359367,992.776708572828,987.3538912757423,-631.1712859126337,6.5536746603653455
9,29,49,1351.9348901528585,993.5128985434367,987.7050487631196,-629.2830571536977,7.344489473583508
10,30,50,1356.6393262160036,993.5854135554356,995.153307285522,-632.0993946249541,8.617969304674716
11,31,51,1361.8278811094406,995.8372639816195,1000.5847072591156,-634.5940901312945,9.323624889854045
12,32,52,1364.8318987405926,1000.239704839785,999.2730330430359,-634.6808391422283,11.397604316115235
13,33,53,1361.8522244377555,1002.7321283654724,984.5156181875504,-625.3955221152673,15.486330850894774
14,34,54,1362.9879278192789,997.5871813231007,991.5279449798876,-626.1271984837094,13.33824213892558
15,35,55,1366.271647971648,1002.4258096800565,993.983672437,-630.1378341454085,11.903854322584948
16,36,56,1373.0049199039124,1003.8843034306258,1010.7731810592092,-641.6525645859226,9.056354223087851
17,37,57,1378.7218858398078,1005.5690853684335,1011.6915689012676,-638.5387684298935,11.50802115652266
18,38,58,1376.9214440760018,1007.0087005945245,1012.7157924827382,-642.8030490012609,11.409214221792126
19,39,59,1377.3760468092075,1004.6132120490531,1012.1385957758743,-639.3757610157197,11.888145804680335
20,40,60,1384.1918625777707,1004.5923848969824,1019.7509343923325,-640.1514567115441,9.524797440738894
21,41,61,1386.3264592724786,1000.2831434816285,1023.8214061468592,-637.7780903560092,11.126396778751769
22,42,62,1385.9326691068381,998.051196941684,1024.5723377436107,-636.6908655784564,10.031565054279326
23,43,63,1382.5793174299556,998.4156664882818,1018.2084164032781,-634.0447654616041,12.751839793783688
24,44,64,1390.2836064271573,1001.2519243989419,1019.9434301796184,-630.9117481514031,14.74698669770919
25,45,65,1388.4555019683803,991.335254065526,1024.1234470310685,-627.0031991282142,11.013290582714262
26,46,66,1387.1069825908273,987.8879986950344,1024.6313166259827,-625.4123327301897,9.384417943705785
27,47,67,1393.6027477389603,989.7222043713416,1029.512723956003,-625.6321805883842,10.076262912092716
28,48,68,1404.8089881255555,987.3538912757423,1037.612265434177,-620.1571685843637,12.329221931696793
29,49,69,1424.1703333931505,987.7050487631196,1046.1025805082227,-609.6372958781917,13.140705583886756
30,50,70,1426.484401171761,995.153307285522,1043.435295980848,-612.104202094609,15.223917642704919
31,51,71,1425.012931541141,1000.5847072591156,1034.378885676035,-609.9506613940098,18.78332457331385
32,52,72,1418.964120665462,999.2730330430359,1034.1387781192266,-614.4476904968005,16.256621837409057
33,53,73,1415.2316834174908,984.5156181875504,1038.0358920150702,-607.3198267851299,19.620092663743662
34,54,74,1414.4699585061467,991.5279449798876,1029.7782218357834,-606.8362083095244,20.512818240070033
35,55,75,1418.9019269408345,993.983672437,1029.182997035916,-604.2647425320815,16.384388392109486
36,56,76,1417.3792412325167,1010.7731810592092,1019.3604938464678,-612.7544336731601,12.973650228348447
37,57,77,1412.7535769092515,1011.6915689012676,1009.1475494448182,-608.0855414368343,12.846101231380999
38,58,78,1417.3293785304782,1012.7157924827382,1010.4822850280137,-605.8686989802736,15.15925942469812
39,59,79,1418.6845995277763,1012.1385957758743,1009.3525717410275,-602.8065679891256,13.72281665194646
40,60,80,1424.2982970572166,1019.7509343923325,1003.2345780457417,-598.6872153808577,15.353774836088178
41,61,81,1424.947242965155,1023.8214061468592,998.0512709341901,-596.9254341158944,16.243324392815794
42,62,82,1424.71976732946,1024.5723377436107,1001.2108686068544,-601.0634390210053,14.902084139996646
43,63,83,1415.0897476532077,1018.2084164032781,1004.5605548878294,-607.6792236378997,12.924359614336026
44,64,84,1400.5730319469658,1019.9434301796184,1002.7155439810133,-622.0859422136659,9.88899574545053
45,65,85,1398.3592462853708,1024.1234470310685,999.4578725401959,-625.2220732858937,10.347008268350237
46,66,86,1401.6728952778822,1024.6313166259827,1000.7226275229923,-623.6810488710928,10.93267945300829
47,67,87,1400.1373049763552,1029.512723956003,994.982579956234,-624.3579989358818,11.015927631949921
48,68,88,1398.3993510818154,1037.612265434177,979.109385178421,-618.3222995307826,13.423162667003226
49,69,89,1395.6805997913102,1046.1025805082227,968.6825559283348,-619.1045366452472,10.60906998918449
50,70,90,1404.8904184069302,1043.435295980848,991.4888443648874,-630.0337219388052,9.82423115434051
51,71,91,1396.6999350577476,1034.378885676035,988.5491611638322,-626.2281117821196,9.163315949712796
52,72,92,1390.0416434631095,1034.1387781192266,986.1136228981716,-630.2107575542886,9.47535650320367
53,73,93,1389.6554439018828,1038.0358920150702,984.2534213301088,-632.6338694432961,8.942513324468337
54,74,94,1395.1646789703295,1029.7782218357834,995.3531296274813,-629.9666724929352,10.347946593500637
55,75,95,1387.41062154159,1029.182997035916,990.0113950172462,-631.7837705115721,7.136269253878254
56,76,96,1373.2541400969367,1019.3604938464678,995.5693629213418,-641.675716670873,6.2230432250398735
57,77,97,1364.4591986343428,1009.1475494448182,997.2355929890323,-641.9239437995077,4.074031111141494
58,78,98,1360.033287453498,1010.4822850280137,995.597939479092,-646.046937053608,4.740569370451112
59,79,99,1355.9533889506627,1009.3525717410275,987.7507500434255,-641.1499328337902,3.831660205701837
60,80,100,1348.6496312472577,1003.2345780457417,978.5449564976354,-633.1299032961194,7.445043587869918
61,81,101,1349.4684136255923,998.0512709341901,985.8910956121973,-634.473952920795,9.121324604219467
62,82,102,1349.4270670598157,1001.2108686068544,984.5902978677528,-636.3740994147915,7.250508705336301
63,83,103,1349.467177049333,1004.5605548878294,981.1254108036279,-636.2187886421243,7.818415493675502
64,84,104,1355.3445041967093,1002.7155439810133,990.6842194245296,-638.0552592088336,6.923164194472179
65,85,105,1347.8912258009418,999.4578725401959,992.3102960755834,-643.8769428148375,4.528250243970092
66,86,106,1346.5772909248446,1000.7226275229923,985.4938265115388,-639.6391631096865,6.0763809821338555
67,87,107,1342.884947762658,994.982579956234,981.3306314977374,-633.4282636913133,7.637466063494685
68,88,108,1336.3022379672584,979.109385178421,985.9415647657543,-628.7487119769169,9.0228100038496
69,89,109,1329.6925213202421,968.6825559283348,985.0294234785841,-624.0194580866769,9.431994531479972
70,90,110,1326.5384245624339,991.4888443648874,965.7541676396388,-630.7045874420924,2.524907649655006
71,91,111,1323.1580329951767,988.5491611638322,969.1165334288632,-634.5076615975188,2.4263005127857014
72,92,112,1328.9304101394816,986.1136228981716,975.4695366423875,-632.6527494010775,4.936308295237495
73,93,113,1330.5220612834885,984.2534213301088,981.1416310778219,-634.8729911244423,4.290881434298171
74,94,114,1334.8311586733623,995.3531296274813,972.4158682293861,-632.937839183505,4.183849688236705
75,95,115,1335.0328193573007,990.0113950172462,975.1360474731594,-630.1146231331047,4.267952534113988
76,96,116,1337.2820012930888,995.5693629213418,974.6135783198943,-632.9009399481474,7.054842506111754
77,97,117,1337.9355943146886,997.2355929890323,971.2489948042837,-630.5489934786274,6.693675502379961
78,98,118,1333.506031785496,995.597939479092,967.8407542720743,-629.9326619656704,8.414432844113321
79,99,119,1327.611571463809,987.7507500434255,966.0067543214286,-626.145932901045,4.78924175658517
80,100,120,1325.4541196923494,978.5449564976354,971.498961724966,-624.589798530252,7.5342601072800335
81,101,121,1332.3721207138744,985.8910956121973,977.794209757426,-631.3131846557487,8.737254955473986
82,102,122,1333.8349469461268,984.5902978677528,984.359832661871,-635.1151835834971,8.6047382822386
83,103,123,1338.5186040867304,981.1254108036279,990.0095455916747,-632.6163523085722,9.311121933159143
84,104,124,1339.6967856508036,990.6842194245296,980.8320676757444,-631.8195014494704,9.958236928022075
85,105,125,1338.6817923475455,992.3102960755834,978.5666475596202,-632.1951512876581,8.598594323689781
86,106,126,1336.419957587159,985.4938265115388,979.634674332443,-628.7085432568228,9.102942220293698
87,107,127,1345.3557616486255,981.3306314977374,988.3478907218504,-624.3227605709621,10.47782039156391
88,108,128,1351.0799736316922,985.9415647657543,989.7491496270775,-624.6107407611396,12.616886882890412
89,109,129,1350.6933751362874,985.0294234785841,985.5026223610607,-619.8386707033576,14.338006862722636
90,110,130,1330.2824628572275,965.7541676396388,986.5012316377441,-621.9729364201553,3.3747166874694585
91,111,131,1337.8521916161478,969.1165334288632,995.1501848257078,-626.4145266384232,4.37001543056283
92,112,132,1347.8206654454457,975.4695366423875,1001.8730401802937,-629.5219113772355,5.3851230820041565
93,113,133,1356.7352136460263,981.1416310778219,1010.2897237385537,-634.6961411703492,6.1678785012642265
94,114,134,1349.4580291036216,972.4158682293861,1005.2820014827926,-628.239840608557,6.668610921372533
95,115,135,1355.6650949396028,975.1360474731594,1010.8347011200557,-630.3056536536121,9.079218093406439
96,116,136,1361.5926349515535,974.6135783198943,1020.9616714711184,-633.9826148394591,8.94905519040367
97,117,137,1363.7393990165565,971.2489948042837,1024.858266957615,-632.3678627453421,10.516358431567824
98,118,138,1365.0642875829062,967.8407542720743,1027.7566721061812,-630.5331387953493,11.280791703374916
99,119,139,1369.0747828045514,966.0067543214286,1029.4576570621632,-626.3896285790404,9.455598026302027
100,120,140,1365.2980586935623,971.498961724966,1026.2489078672734,-632.449810898677,8.530140497481852
101,121,141,1365.0428562639836,977.794209757426,1025.472976944342,-638.2243304377844,7.4119671865504415
102,122,142,1370.3190240411632,984.359832661871,1026.4854132036967,-640.5262218244045,8.008915396317207
103,123,143,1371.8948688966007,990.0095455916747,1017.6191844648545,-635.7338611599284,11.451700118438907
104,124,144,1378.6322731085447,980.8320676757444,1026.3332770822565,-628.5330716494561,14.616657760995167
105,125,145,1386.3678193696248,978.5666475596202,1034.0789882929366,-626.2778164829319,13.420268424461483
106,126,146,1383.0011418375686,979.634674332443,1029.121484708263,-625.7550172031374,12.95321315647709
107,127,147,1384.716900434923,988.3478907218504,1015.2248066845772,-618.8557969715046,15.436979229830172
108,128,148,1389.670632496028,989.7491496270775,1015.1090846620971,-615.1876017931465,18.79579875091588
109,129,149,1388.820939023772,985.5026223610607,1015.253527924157,-611.9352112614456,17.699951092657898
110,130,150,1396.7947259148796,986.5012316377441,1019.1999162546157,-608.9064219774802,16.507205139109942
111,131,151,1402.405306732348,995.1501848257078,1003.7371717114871,-596.4820498048471,12.692103459854252
112,132,152,1397.682809005074,1001.8730401802937,994.4367735687084,-598.6270047439282,11.846471545579675
113,133,153,1397.6715807945181,1010.2897237385537,987.3237901225548,-599.9419330665903,14.41377861915737
114,134,154,1398.10082266794,1005.2820014827926,991.1313956861301,-598.3125745009825,13.80312715806076
115,135,155,1399.2922672644543,1010.8347011200557,981.1721582817586,-592.7145921373601,19.564220933496472
116,136,156,1406.7832445876447,1020.9616714711184,982.2704137500904,-596.448840633564,18.020767576772187
117,137,157,1429.133087415952,1024.858266957615,994.8583685623056,-590.5835481039685,16.14657864253354
118,138,158,1430.0970244482378,1027.7566721061812,988.4057160271287,-586.065363685072,19.06723463417063
119,139,159,1423.960034202263,1029.4576570621632,980.4888817726953,-585.9865046325956,17.83553169537629
120,140,160,1420.6835621696828,1026.2489078672734,983.1536407246504,-588.718986422241,20.129057070000272
121,141,161,1419.360627885439,1025.472976944342,989.9891335026084,-596.1014825615114,15.5011200496715
122,142,162,1424.0210408777723,1026.4854132036967,988.5271402915023,-590.9915126174267,16.564687647782876
123,143,163,1421.5008516163848,1017.6191844648545,989.9735296871875,-586.0918625356571,14.320989660508985
124,144,164,1431.7572437524354,1026.3332770822565,994.462332149719,-589.0383654795401,14.362851596895666
125,145,165,1443.8821022896113,1034.0789882929366,1007.4528912230691,-597.6497772263942,14.340859592293668
126,146,166,1445.5441663245815,1029.121484708263,1014.4715490436038,-598.0488674272854,14.170383173400865
127,147,167,1420.3278119665579,1015.2248066845772,1016.1423050291339,-611.0392997471531,10.92094709050059
128,148,168,1423.2048866175485,1015.1090846620971,1012.6309348607647,-604.5351329053133,13.06763252725068
129,149,169,1429.5432309671419,1015.253527924157,1016.3646224123763,-602.0749193693914,14.008729113256436
130,150,170,1423.6502729719987,1019.1999162546157,1016.5117983578928,-612.0614416405097,10.887837205390724
131,151,171,1416.079119693411,1003.7371717114871,1018.0060609701441,-605.66411298822,4.540132886138622
132,152,172,1414.9464561037166,994.4367735687084,1025.6313907360773,-605.1217082010689,7.2932367751749325
133,153,173,1404.1277324041316,987.3237901225548,1024.3623453162886,-607.5584030347118,11.517073872996434
134,154,174,1403.7423120912956,991.1313956861301,1028.7475159943374,-616.1365995891717,7.9746191080713515
135,155,175,1394.4336753338612,981.1721582817586,1021.014113945676,-607.7525968935734,14.765571027249962
136,156,176,1382.5987854635355,982.2704137500904,1016.1711218145983,-615.8427501011533,12.34930385454254
137,157,177,1380.381292005184,994.8583685623056,1010.2819641396898,-624.7590406968113,7.748969535176229
138,158,178,1373.6884546018628,988.4057160271287,1009.4368899201759,-624.1541513454417,8.534992944454416
139,159,179,1366.0775189780165,980.4888817726953,1012.4608642047439,-626.8722269994228,8.060967133990516
140,160,180,1366.320867532165,983.1536407246504,1012.1427427705057,-628.975515962991,11.514565721881809
141,161,181,1369.8697259147439,989.9891335026084,1009.5758579257056,-629.6952655135701,10.382793397123578
142,162,182,1370.3805347396883,988.5271402915023,1008.2592461115509,-626.405851663365,15.116136661953306
143,163,183,1378.7106792972427,989.9735296871875,1011.9941377106686,-623.2569881006134,15.703574835620657
144,164,184,1377.0387696559187,994.462332149719,1010.9217494680677,-628.345311961868,10.692577569451714
145,165,185,1370.578233965256,1007.4528912230691,1004.3261173839525,-641.2007746417655,6.853769284175655
146,166,186,1376.3314503903625,1014.4715490436038,1006.5048151457424,-644.6449137989837,6.2989276713034315
147,167,187,1380.7534081687959,1016.1423050291339,1007.8797056187091,-643.2686024790471,6.732894323175174
148,168,188,1376.9185434316978,1012.6309348607647,1007.4321600409573,-643.1445514700242,4.546187703487817
149,169,189,1378.869250234487,1016.3646224123763,1004.3413613181704,-641.8367334960597,5.733781154817393
150,170,190,1379.1181770452145,1016.5117983578928,1000.8120444772111,-638.2056657898893,10.518869279762612
151,171,191,1377.3952321584254,1018.0060609701441,994.112569649935,-634.7233984616537,10.986997932549116
152,172,192,1378.2286965967537,1025.6313907360773,988.3549906160998,-635.7576847554233,12.416119016509583
153,173,193,1376.8205430436415,1024.3623453162886,984.4381902339512,-631.9799925065984,12.220435732591909
154,174,194,1385.7379657970582,1028.7475159943374,995.5701727944287,-638.579722991708,10.688356291775676
155,175,195,1382.7894468873064,1021.014113945676,999.6155930518021,-637.8402601101716,11.885685825417227
156,176,196,1378.7180283566786,1016.1711218145983,992.3776606227699,-629.8307540806895,13.877131365710397
157,177,197,1370.0973481145083,1010.2819641396898,988.7525702311657,-628.9371862563471,12.870295979928528
158,178,198,1373.2312690010583,1009.4368899201759,991.0967697028011,-627.3023906219187,14.653220173390423
159,179,199,1383.2522758650266,1012.4608642047439,1004.9874446095446,-634.1960329492617,12.029537175104224
160,180,200,1382.2397325495417,1012.1427427705057,1007.8828248735482,-637.7858350945121,9.387254305717306
161,181,201,1378.946233048897,1009.5758579257056,1003.7538423331623,-634.3834672099708,8.986374530290163
162,182,202,1376.2729414916705,1008.2592461115509,995.076679310034,-627.0629839299143,11.530788669852882
163,183,203,1383.1274772105062,1011.9941377106686,1002.3824463833746,-631.249106883537,11.695823736727107
164,184,204,1379.3985111411794,1010.9217494680677,999.1629431629524,-630.6861814898407,10.907322949088439
165,185,205,1375.323301455167,1004.3261173839525,1000.5029905065057,-629.5058064352911,10.480430403927016
166,186,206,1378.5319455732954,1006.5048151457424,998.2730864222893,-626.2459559947363,15.19863207019182
167,187,207,1380.2982623831344,1007.8797056187091,1003.4118467104112,-630.9932899459859,12.638542012070275
168,188,208,1379.848481820641,1007.4321600409573,1003.8721276959072,-631.4558059162237,10.634535375489577
169,189,209,1373.389378481228,1004.3413613181704,997.3886614623381,-628.3406442992805,7.436042856580457
