Left,Mid,Right,Loss,Loss_left,Loss_right,gain,glasso
0,20,40,1314.5883251758773,978.413370009676,974.5651498373483,-638.3901946711469,1.5234588511332277
1,21,41,1306.4744676777432,966.261344878262,974.6746218824223,-634.4614990829411,1.8001515595570936
2,22,42,1306.1191879448752,956.9712436791203,979.9518241288908,-630.803879863136,2.3916135016478393
3,23,43,1316.6600403156367,964.5907025318908,985.6620166716718,-633.592678887926,3.869099485145739
4,24,44,1310.866078336459,956.7396316632219,985.9951995405374,-631.8687528673004,4.400375850624869
5,25,45,1313.3961604882852,950.2055132881703,989.2768041721267,-626.0861569720118,5.625028067175663
6,26,46,1318.0686073118923,947.3746516325416,994.632353455026,-623.9383977756752,5.904425589033167
7,27,47,1311.5895036021411,937.8261889438306,991.9248848568138,-618.1615701985033,4.715186014986102
8,28,48,1314.6702189033517,948.165523202935,990.1766471853393,-623.6719514849226,5.268012374825503
9,29,49,1318.0027505887915,949.5565339606455,993.1586208049745,-624.7124041768284,5.47478513149008
10,30,50,1313.4564395794832,956.9960581295416,979.8759331613743,-623.4155517114327,3.4966383393274327
11,31,51,1314.5206054035345,966.8489047425837,971.4338781209735,-623.7621774600227,4.570075618889405
12,32,52,1311.2165343139704,965.9849151498042,970.9546337075161,-625.72301454335,3.9061072901539546
13,33,53,1316.4610323722127,965.1855461917281,974.517244667113,-623.2417584866284,7.034816972857584
14,34,54,1314.5631170708489,967.7791864755637,975.4503942494781,-628.666463654193,5.77917253428177
15,35,55,1322.1248019797486,972.5724316100018,978.495957818886,-628.9435874491392,5.42708075782798
16,36,56,1329.0213186942306,974.6763467014792,981.4090797433269,-627.0641077505757,4.950118591240312
17,37,57,1332.6482506088832,985.4533877943124,969.5234608556007,-622.3285980410299,5.950852324909079
18,38,58,1326.5668939917261,978.6571042151186,970.2551322081877,-622.3453424315801,2.4885509810158055
19,39,59,1331.7629360957499,974.6415708785623,975.4915849149019,-618.3702196977142,3.5535519840300367
20,40,60,1329.932095477707,974.5651498373483,972.4466276693836,-617.079682029025,3.43528529072978
21,41,61,1347.0222367305184,974.6746218824223,992.7990727446858,-620.4514578965898,6.852334191599198
22,42,62,1353.7351412510734,979.9518241288908,997.8169289891262,-624.0336118669436,5.678167387299482
23,43,63,1358.7662973215483,985.6620166716718,1000.4151605059599,-627.3108798560834,3.540150662269639
24,44,64,1367.1445137264786,985.9951995405374,1012.6442622030074,-631.4949480170662,4.249526820231154
25,45,65,1378.5776489224809,989.2768041721267,1023.0373806181806,-633.7365358678264,5.524862745834412
26,46,66,1383.700207150837,994.632353455026,1019.5917715431272,-630.5239178473159,4.8994756730936615
27,47,67,1390.185708300121,991.9248848568138,1026.647803523099,-628.3869800797918,6.02343041684594
28,48,68,1392.8705548840526,990.1766471853393,1023.781484540685,-621.0875768419719,7.9685977724680015
29,49,69,1397.0801409915607,993.1586208049745,1018.2681654615905,-614.3466452750042,7.847800164791238
30,50,70,1394.1422196065455,979.8759331613743,1027.0741612911393,-612.807874845968,7.354944968540281
31,51,71,1387.30500595672,971.4338781209735,1023.9416882596447,-608.0705604238983,8.713779031866125
32,52,72,1391.2665019301194,970.9546337075161,1027.6301568773104,-607.318288654707,8.330300042933118
33,53,73,1386.282854353156,974.517244667113,1014.3834771415582,-602.6178674555154,10.994270568279376
34,54,74,1386.2664552393856,975.4503942494781,1009.6538088311349,-598.8377478412274,11.25359288402558
35,55,75,1392.6490734974477,978.495957818886,1012.0393361447282,-597.8862204661664,11.958699611897714
36,56,76,1391.8760702247405,981.4090797433269,1006.5011088338314,-596.0341183524179,9.573866355055998
37,57,77,1381.6824245249081,969.5234608556007,1005.5670246437874,-593.4080609744799,4.523512804128245
38,58,78,1381.455258806599,970.2551322081877,999.0637103826261,-587.8635837842148,5.599309640724414
39,59,79,1392.926600245844,975.4915849149019,1001.917964836974,-584.4829495060319,8.227042076128782
40,60,80,1395.1749394411358,972.4466276693836,999.6394460813676,-576.9111343096154,8.97154893380116
41,61,81,1403.5208322751687,992.7990727446858,999.0672699354084,-588.3455104049253,12.290534860549883
42,62,82,1405.483752344021,997.8169289891262,998.3219103207789,-590.655086965884,12.826013439007397
43,63,83,1398.4622431744417,1000.4151605059599,992.7961882047942,-594.7491055363123,11.6781500087734
44,64,84,1404.2448163229892,1012.6442622030074,992.933371569434,-601.3328174494523,10.092416573437504
45,65,85,1402.328309809822,1023.0373806181806,981.519897489827,-602.2289682981857,10.57432038645129
46,66,86,1401.4710819291922,1019.5917715431272,987.6761362308167,-605.7968258447518,9.80614119487177
47,67,87,1418.0966821238776,1026.647803523099,1002.9033307382322,-611.4544521374535,8.570585985427897
48,68,88,1401.5897346582915,1023.781484540685,1002.6544745764635,-624.846224458857,6.96502996990489
49,69,89,1396.9378792788266,1018.2681654615905,1006.0612389587859,-627.3915251415497,7.075720475435446
50,70,90,1403.858997249709,1027.0741612911393,1001.9306227119408,-625.1457867533711,8.0252604108058
51,71,91,1404.9018342001618,1023.9416882596447,1006.1677899790345,-625.2076440385174,11.6319801302609
52,72,92,1416.8126627366587,1027.6301568773104,1015.578012068849,-626.3955062095006,11.58329538580108
53,73,93,1415.5589884965002,1014.3834771415582,1021.4551946616928,-620.2796833067507,13.143602918239367
54,74,94,1410.1267284361234,1009.6538088311349,1018.8868261678158,-618.4139065628274,15.086283323113548
55,75,95,1397.6232787398346,1012.0393361447282,1016.0069898734464,-630.4230472783399,12.50665884060561
56,76,96,1389.239511204763,1006.5011088338314,1012.7544869571027,-630.016084586171,13.862655057744632
57,77,97,1387.8271435119364,1005.5670246437874,1015.8973152176261,-633.6371963494771,11.785386482270155
58,78,98,1386.0958594828467,999.0637103826261,1017.8052859406367,-630.7731368404161,14.227155758995991
59,79,99,1382.2502473584475,1001.917964836974,1016.5593630616288,-636.2270805401552,13.685746788013148
60,80,100,1387.8098944822837,999.6394460813676,1027.8216673430134,-639.6512189420973,13.397330500646376
61,81,101,1386.7229934137947,999.0672699354084,1026.9149340854608,-639.2592106070745,12.595677446086142
62,82,102,1388.152337195445,998.3219103207789,1025.1022901094589,-635.2718632347928,14.10490917036168
63,83,103,1384.6525915693105,992.7961882047942,1026.0520693523554,-634.1956659878392,14.447197294300395
64,84,104,1380.1317728259578,992.933371569434,1022.0465868637597,-634.8481856072358,14.780111061309526
65,85,105,1374.6399770741716,981.519897489827,1023.43942052793,-630.3193409435855,14.053068725985781
66,86,106,1374.0961155760733,987.6761362308167,1017.1622612582034,-630.742281912947,13.851657623789038
67,87,107,1371.266283706843,1002.9033307382322,1009.7090109208955,-641.3460579522846,10.392576710908997
68,88,108,1371.7009108547768,1002.6544745764635,1010.6393032194969,-641.5928669411837,10.94397883241652
69,89,109,1373.2237728927598,1006.0612389587859,1011.1546394996501,-643.9921055656762,9.61823681429928
70,90,110,1372.271953539609,1001.9306227119408,1010.7259219782889,-640.3845911506205,12.25203497294558
71,91,111,1371.8122322932957,1006.1677899790345,1000.9580400901501,-635.3135977758891,16.90710951683411
72,92,112,1370.47116802974,1015.578012068849,993.0983113576883,-638.2051553967972,15.796311310915257
73,93,113,1370.6229385906963,1021.4551946616928,987.1995151449166,-638.0317712159131,13.34311742886348
74,94,114,1367.9372231146222,1018.8868261678158,985.1948327875003,-636.1444358406939,14.052620034032316
75,95,115,1368.443058580688,1016.0069898734464,993.8135893466289,-641.3775206393871,11.389991983302025
76,96,116,1371.2530788893234,1012.7544869571027,998.5685896812458,-640.0699977490251,9.247471992531587
77,97,117,1371.5993072507936,1015.8973152176261,1002.1973181855564,-646.4953261523888,5.746153553502609
78,98,118,1376.8720870072048,1017.8052859406367,997.610885560783,-638.544084494215,9.68348040407659
79,99,119,1372.175150915738,1016.5593630616288,993.9498115336913,-638.3340236795821,7.592206266806215
80,100,120,1372.460717773094,1027.8216673430134,981.3507054155245,-636.7116549854438,10.94184550151897
81,101,121,1372.450819291003,1026.9149340854608,974.9378842832165,-629.4019990776742,12.28109032489158
82,102,122,1372.435323262375,1025.1022901094589,981.5324350261913,-634.1994018732751,12.571911824113158
83,103,123,1376.2126240783666,1026.0520693523554,986.7130880053858,-636.5525332793745,11.7197823207282
84,104,124,1373.55872313775,1022.0465868637597,985.7984307005361,-634.2862944265457,12.367528476141842
85,105,125,1371.0529346798407,1023.43942052793,980.5830834711109,-632.9695693192002,11.9835472719476
86,106,126,1369.9560052173379,1017.1622612582034,992.8980012364407,-640.1042572773063,9.326171657086661
87,107,127,1359.7439557064572,1009.7090109208955,988.3111556096185,-638.2762108240568,11.255145944943479
88,108,128,1362.0963188949715,1010.6393032194969,990.2297761550885,-638.7727604796139,11.480261049822957
89,109,129,1360.1828269515943,1011.1546394996501,992.494163638323,-643.4659761863788,9.304110717899903
90,110,130,1360.2985340456262,1010.7259219782889,984.097383652036,-634.5247715846986,12.026534986238744
91,111,131,1355.9349563326823,1000.9580400901501,980.5784679290788,-625.6015516865466,15.09016070690609
92,112,132,1346.2706430582364,993.0983113576883,981.339355482002,-628.167023781454,11.852543809804274
93,113,133,1347.1908914150843,987.1995151449166,997.6988551451819,-637.7074788750144,8.219343103027086
94,114,134,1349.2219846785345,985.1948327875003,999.9455630116138,-635.9184111205798,8.640249122112323
95,115,135,1350.9150473424465,993.8135893466289,994.7583037555663,-637.6568457597486,7.2793317280256815
96,116,136,1349.015721191033,998.5685896812458,988.7410919558143,-638.2939604460273,6.653868449678612
97,117,137,1345.8716739581678,1002.1973181855564,982.1223625688203,-638.448006796209,5.471931229889606
98,118,138,1343.1666774021307,997.610885560783,982.845630636515,-637.2898387951673,6.801460579830632
99,119,139,1343.0284513304837,993.9498115336913,987.920127863965,-638.8414880671726,5.0932471841970255
100,120,140,1327.5751378379186,981.3507054155245,984.0804851573544,-637.8560527349603,1.6881273293303138
101,121,141,1326.2427777592638,974.9378842832165,972.2885161197335,-620.983622643686,3.6716156964915854
102,122,142,1332.6416105083686,981.5324350261913,978.6119149104932,-627.5027394283159,5.6982933994445375
103,123,143,1338.0691317241474,986.7130880053858,974.5820728393894,-623.2260291206278,3.448629368845218
104,124,144,1337.4834827212817,985.7984307005361,972.2453726129521,-620.5603205922066,5.844660893330229
105,125,145,1340.6636904088614,980.5830834711109,982.6159446820257,-622.5353377442752,5.913757096147378
106,126,146,1352.945189958364,992.8980012364407,985.8391761696803,-625.791987447757,6.715552068636271
107,127,147,1347.078444128855,988.3111556096185,985.5747097099422,-626.8074211907058,5.190997376541873
108,128,148,1346.363816354296,990.2297761550885,976.9992306077411,-620.8651904085336,7.102484575171729
109,129,149,1353.4005773992794,992.494163638323,979.6352054062525,-618.728791645296,6.230938884810371
110,130,150,1349.3330535271386,984.097383652036,976.7131459756095,-611.4774761005067,7.44804954581366
111,131,151,1354.0921259928562,980.5784679290788,979.9989319184391,-606.4852738546617,9.108896449302506
112,132,152,1350.1353180485826,981.339355482002,978.2050514014722,-609.4090888348917,6.6175441221724896
113,133,153,1361.5218825480952,997.6988551451819,974.0222329622443,-610.199205559331,6.050382150304017
114,134,154,1371.3745020683477,999.9455630116138,984.8601326017402,-613.4311935450064,4.439843264600199
115,135,155,1376.3562230781206,994.7583037555663,993.5906477875184,-611.9927284649641,5.459193006697774
116,136,156,1375.9479644626126,988.7410919558143,1000.2900590253316,-613.0831865185332,6.284977772840762
117,137,157,1376.9688474328414,982.1223625688203,1003.501450823838,-608.654965959817,7.845780563507219
118,138,158,1364.7446067225446,982.845630636515,992.0756539641579,-610.1766778781284,6.25549299273348
119,139,159,1369.5834157744944,987.920127863965,986.6422127833907,-604.9789248728614,4.034682875162275
120,140,160,1367.510509694739,984.0804851573544,986.8506601522879,-603.4206356149032,2.3266288628528855
121,141,161,1375.6335690061997,972.2885161197335,998.6590885425755,-595.3140356561094,6.966621728293262
122,142,162,1375.9377896802591,978.6119149104932,991.6129071207154,-594.2870323509494,2.8756495951624856
123,143,163,1368.1362553345753,974.5820728393894,991.8934370753892,-598.3392545802035,0.445092898722919
124,144,164,1361.3442807053038,972.2453726129521,992.2855859220783,-603.1866778297267,1.524048181250123
125,145,165,1382.2486868689552,982.6159446820257,1006.3092894048968,-606.6765472179673,7.024195932347197
126,146,166,1373.899315251401,985.8391761696803,1002.0877844545394,-614.0276453728186,5.182375436340976
127,147,167,1387.3191385654004,985.5747097099422,1011.8802254439709,-610.1357965885127,12.432348168441308
128,148,168,1382.3848421977152,976.9992306077411,1014.1737396829066,-608.7881280929325,14.617440941946597
129,149,169,1388.4503715410506,979.6352054062525,1016.1968353104089,-607.3816691756108,17.17714202816194
130,150,170,1384.69069437414,976.7131459756095,1014.0563797831078,-606.0788313845771,17.880479529954755
131,151,171,1377.236596242718,979.9989319184391,1008.10020349279,-610.8625391685111,17.264654034555292
132,152,172,1379.3394608802855,978.2050514014722,1012.4961560397078,-611.3617465608945,16.954066627686075
133,153,173,1370.1678454114344,974.0222329622443,1010.1336219274916,-613.9880094783016,12.894126549934299
134,154,174,1365.6691477177328,984.8601326017402,1003.7455206878373,-622.9365055718447,7.49888477525667
135,155,175,1363.493591805853,993.5906477875184,1002.4364858339895,-632.5335418156549,7.832702304790473
136,156,176,1371.7563866846774,1000.2900590253316,1001.0991135939981,-629.6327859346522,9.143176495926696
137,157,177,1372.1770976098214,1003.501450823838,1000.6713803920093,-631.9957336060259,10.509506106821618
138,158,178,1363.6002387929689,992.0756539641579,999.8820433705303,-628.3574585417193,13.11288409268468
139,159,179,1354.7318049530113,986.6422127833907,997.4251163385577,-629.3355241689371,11.083513373691062
140,160,180,1370.5031835679029,986.8506601522879,1007.943924955591,-624.291401539976,12.802146724146723
141,161,181,1367.4686565398047,998.6590885425755,996.2247476889785,-627.4151796917495,10.39384189250677
142,162,182,1363.400964024486,991.6129071207154,996.4178211187593,-624.6297642149887,3.0605789255794207
143,163,183,1363.1013141442663,991.8934370753892,999.4203415026903,-628.2124644338132,2.7581332571331814
144,164,184,1367.5386819110176,992.2855859220783,1005.9850349571906,-630.7319389682511,3.5915559459955375
145,165,185,1367.4376521626782,1006.3092894048968,998.7095523073192,-637.5811895495378,4.706266187966207
146,166,186,1361.8349210415313,1002.0877844545394,996.2900508988268,-636.5429143118349,6.470311936259918
147,167,187,1366.59510713001,1011.8802254439709,987.4770755648328,-632.7621938787936,9.010114544633893
148,168,188,1368.9735973217855,1014.1737396829066,985.7841776973397,-630.9843200584608,10.037313411767173
149,169,189,1365.07946712386,1016.1968353104089,977.542341998744,-628.6597101852929,12.719152299788789
150,170,190,1364.5082105286078,1014.0563797831078,978.9306150054576,-628.4787842599576,12.766538418830237
151,171,191,1370.4983068434449,1008.10020349279,991.196243328983,-628.798139978328,15.695679089509099
152,172,192,1371.3872888806054,1012.4961560397078,993.0506437021882,-634.1595108612905,14.946522624303839
153,173,193,1367.5742205760866,1010.1336219274916,996.4473813754989,-639.006782726904,10.523049769883642
154,174,194,1365.899582585464,1003.7455206878373,996.6748803076987,-634.520818410072,9.5658296942496
155,175,195,1354.0743089098441,1002.4364858339895,981.3294557524397,-629.691632676585,9.018902011651107
156,176,196,1354.577251555077,1001.0991135939981,981.1026502400608,-627.6245122789819,12.663453152283637
157,177,197,1350.0379769295293,1000.6713803920093,984.2103696182222,-634.843773080702,7.567157042815552
158,178,198,1350.0614181559806,999.8820433705303,986.874811703542,-636.6954369180917,8.492425066510464
159,179,199,1347.8641452431139,997.4251163385577,986.3971427766296,-635.9581138720735,8.1419594250807
160,180,200,1343.0120055860957,1007.943924955591,965.3134286481711,-630.2453480176664,9.225245516713017
161,181,201,1329.749472738512,996.2247476889785,965.1029207618436,-631.5781957123102,5.52409080613711
162,182,202,1329.7899454527533,996.4178211187593,956.5985281722895,-623.2264038382955,4.334775481047927
163,183,203,1332.0684105732494,999.4203415026903,958.4098634396637,-625.7617943691048,5.587851496563985
164,184,204,1339.7065531493636,1005.9850349571906,966.8432416802007,-633.1217234880278,5.007564812277678
165,185,205,1333.06704275846,998.7095523073192,970.8706029347052,-636.5131124835643,4.581548119899935
166,186,206,1331.811447227596,996.2900508988268,971.7925056974161,-636.2711093686469,4.553978271349706
167,187,207,1318.0659149363032,987.4770755648328,965.243394381443,-634.6545550099727,-0.013826927709374104
168,188,208,1320.8413604956904,985.7841776973397,971.2581122807186,-636.2009294823679,1.629321024863998
169,189,209,1324.5680121818027,977.542341998744,979.8430513487338,-632.817381165675,2.8194375623739916
