Left,Mid,Right,Loss_likeli,Loss_AIC,Loss_BIC,Loss_eBIC
0,20,40,86.86496050696718,57.86496050696718,45.70478932383253,-118.6863772752364
1,21,41,80.48291928477738,53.48291928477738,41.23813944415133,-76.6123256286956
2,22,42,63.05494387953013,40.05494387953013,32.069758636458914,-69.22452828107083
3,23,43,66.50167867844834,42.50167867844834,34.018627298600165,-119.94248303096799
4,24,44,66.6092853443771,42.6092853443771,34.927698255843836,-121.84187573907582
5,25,45,62.81769894863203,39.81769894863203,32.87223447640082,-98.7862907491957
6,26,46,68.36231551816024,48.362315518160244,43.60359663681987,-77.98332714165826
7,27,47,68.65873421987652,52.65873421987652,50.91324844364982,-28.107808265968572
8,28,48,87.92280648062865,70.92280648062865,66.45868868068953,-36.32783481381671
9,29,49,74.43496593206419,54.43496593206419,46.21051114792414,-44.605526937503384
10,30,50,91.82621640028651,71.82621640028651,67.65923499639246,-50.53844752289547
11,31,51,87.64084421999621,68.64084421999621,63.68684429487297,-55.76835419455011
12,32,52,87.99131034005217,69.99131034005217,66.22832373226584,-80.59260987001767
13,33,53,102.56581385846107,75.56581385846107,68.04314114235677,-82.15339377738803
14,34,54,111.26189309696201,87.26189309696201,80.85828325879373,-69.01667357703855
15,35,55,93.81778166705294,71.81778166705294,66.30213467427092,-49.89764583868845
16,36,56,94.20812654845247,69.20812654845247,61.960076983227225,-84.00312864432192
17,37,57,102.80288004248882,76.80288004248882,68.36381715992655,-116.10137858335713
18,38,58,86.05324748850279,60.05324748850279,53.000478967060474,-79.983021601357
19,39,59,82.30920176417493,63.30920176417493,60.08806979045153,-58.98613336085259
20,40,60,74.03612126273003,41.036121262730035,30.49828978384869,-75.45246833227418
21,41,61,75.46123097652958,46.46123097652958,38.0118176203718,-63.739200813402704
22,42,62,39.377318334299844,15.3773183342999,10.360002857251345,-73.73922659506638
23,43,63,41.77350987972022,11.773509879720223,5.015259943356568,-114.1265291573842
24,44,64,43.11210773006201,13.112107730062007,6.048562602750167,-104.1026797727011
25,45,65,48.63601229822052,19.63601229822052,11.436218956727089,-93.41570611600616
26,46,66,28.0930589659381,8.093058965938155,4.374060855437733,-75.5987534401421
27,47,67,22.909358859847543,13.160634520732572,18.410085251426494,24.796598127692846
28,48,68,31.781389506612754,24.79701229270745,27.159711872742093,8.288836188088453
29,49,69,41.38505382469225,33.36691323836044,31.42418362067906,-10.753301424970118
30,50,70,68.16552616843171,59.89845409863585,58.99069881965369,33.235400849347
31,51,71,72.02917651868353,60.02917651868347,58.38782376935268,19.950136307010553
32,52,72,67.68117846475138,52.68117846475138,50.45423321660064,-42.40965829711308
33,53,73,74.56049336835548,56.56049336835548,49.252815144039005,-45.833757945845036
34,54,74,82.90794972138212,60.907949721382124,51.68776266368809,-43.672858646578675
35,55,75,77.43734715930174,56.43734715930168,48.72156210587832,-52.41979261180779
36,56,76,88.96396024825663,60.963960248256626,48.41000277962064,-77.23345366298383
37,57,77,102.57446695087117,71.57446695087117,61.093452681154304,-115.39466141770663
38,58,78,92.37930129790175,61.37930129790175,45.97538519055172,-112.92983775655637
39,59,79,94.6214434781707,65.6214434781707,52.916193463037644,-117.46667915894602
40,60,80,109.93906834870171,71.93906834870171,54.26242463831835,-136.67715988215014
41,61,81,107.53659334443614,73.53659334443614,56.729483063192504,-120.3581927411783
42,62,82,90.95921199954182,56.95921199954182,41.72801180167846,-85.99046833472482
43,63,83,83.81157369650606,48.81157369650606,37.19681775476408,-88.34588245415057
44,64,84,80.15221581406888,48.15221581406888,34.23414039475625,-85.39823342651704
45,65,85,77.25783615898985,45.257836158989846,31.137410729438102,-80.11109173266436
46,66,86,52.06514014600418,34.06514014600424,25.652702126073223,-55.334926796220316
47,67,87,43.80734924986922,32.05862491075425,27.937882401805894,-22.578056844998002
48,68,88,39.522324114897,29.537946900991756,23.626603286619513,-25.405720669654897
49,69,89,33.442411283035426,23.42427069670373,19.909962491968145,-47.621643464250155
50,70,90,33.29942591222721,26.03235384243129,25.66568678417792,12.060897257529234
51,71,91,36.13399433299526,26.133994332995258,24.14025278006517,-36.40681405733477
52,72,92,42.169236986284204,29.169236986284204,26.074961443379948,-28.344196663214575
53,73,93,35.27500497821609,22.27500497821609,18.056802532974984,-29.80160528073293
54,74,94,37.27132605756378,26.271326057563783,23.56738727525658,-39.44121454548258
55,75,95,33.48729810119619,24.48729810119613,24.79618015947034,-34.77425286887143
56,76,96,47.106673078548056,35.42690524322734,32.01415162458494,-30.2295258602972
57,77,97,61.86024156904364,47.86024156904364,44.82582995533511,-25.710320539630004
58,78,98,40.613650411556705,25.613650411556705,19.878526311301584,-45.39383514463606
59,79,99,39.17901954797401,22.179019547974008,17.1810311255648,-39.05541385779969
60,80,100,34.35959943777033,23.359599437770328,22.041955016583074,-42.35664596979643
61,81,101,30.622612874940444,16.622612874940444,14.504517223982134,-52.54989370964802
62,82,102,43.756314542995426,20.756314542995426,14.25557376475598,-38.095534163524064
63,83,103,29.349460731683166,17.349460731683166,19.863268574426968,-17.703619394124757
64,84,104,34.298865917965486,22.298865917965486,21.317772667628958,-29.177296004873597
65,85,105,33.400431512881994,18.400431512881994,17.419014318018924,-43.766859408541904
66,86,106,44.792058434943954,29.792058434943954,29.255538188888465,-64.23461748545128
67,87,107,46.42396756027006,34.42396756027006,36.42076649538541,-72.40282398246336
68,88,108,20.64678512666069,11.646785126660689,15.83032965266699,-24.90513903849603
69,89,109,16.364371690098835,8.364371690098835,13.392355943162158,-38.40367091931955
70,90,110,54.83359547556847,38.83359547556847,38.882958574235374,-46.644579821364005
71,91,111,60.04777103152327,44.04777103152327,41.62709028757092,-77.73591007466041
72,92,112,75.45813310951735,54.45813310951735,47.716535355369786,-42.359899739409116
73,93,113,59.230804396727706,41.230804396727706,36.08152342782154,-42.03565976247887
74,94,114,77.41792228370116,52.41792228370116,44.857087712813154,-59.74313102681651
75,95,115,61.69624892656577,40.69624892656577,36.262193337566316,-38.88101379213913
76,96,116,73.73555153519794,50.055783699877225,47.025543036413296,-51.49230527352455
77,97,117,102.7818922847382,73.7818922847382,65.23552535296488,-116.71060138737721
78,98,118,70.23506162719985,48.235061627199855,46.842044682428025,-90.28088458345451
79,99,119,75.35768954228007,49.35768954228007,42.99806820139764,-96.46529531301803
80,100,120,68.84136784705748,43.841367847057484,37.97961264295208,-87.0034307548217
81,101,121,68.71142362360604,40.71142362360604,33.00949641888968,-89.0648260043256
82,102,122,63.93292382685945,30.93292382685945,21.396276740714825,-86.14600422171827
83,103,123,51.653722669373735,27.653722669373735,23.676127963165186,-95.59616250499607
84,104,124,49.99821376840936,26.998213768409357,23.518485198977828,-94.63544844572993
85,105,125,52.536474346977116,30.536474346977116,27.554611914322606,-105.51585470956888
86,106,126,47.74985978511137,24.74985978511137,21.08727374043457,-80.8707217260287
87,107,127,63.70763569286623,41.70763569286623,39.07234685049167,-90.46859334638498
88,108,128,54.45926899432419,35.45926899432419,33.97100497200063,-111.84127732454704
89,109,129,62.45877927851501,43.45877927851501,41.97051525619145,-93.02279744375505
90,110,130,71.85080962840959,51.85080962840959,50.21125305958907,-71.37177167080199
91,111,131,75.20561338631273,53.205613386312734,49.184030182818276,-75.30551892459141
92,112,132,78.87887237319421,53.87887237319421,47.32396998852886,-97.95428361596953
93,113,133,68.47013827218098,44.470138272180975,38.413102024292584,-76.83608785027548
94,114,134,71.69438612114914,44.69438612114914,37.52411363782704,-55.06876357202327
95,115,135,55.33027367271774,35.33027367271774,34.16667294273509,-34.835751945986544
96,116,136,48.551051730990025,26.551051730990025,27.230781899082388,-25.039539061193295
97,117,137,81.07647695391756,54.07647695391756,47.53711483393084,-105.47245413397081
98,118,138,99.07444216636605,74.07444216636605,70.41259352219998,-62.56765401141536
99,119,139,93.65112061877812,74.40420904311122,69.79678270826793,-52.59987297499049
100,120,140,75.29589035472321,57.94392550546428,55.02537862473491,-29.937547500863843
101,121,141,78.28734598952246,61.287345989522464,57.329078337953206,-56.09769862407427
102,122,142,67.31749011544332,50.31749011544332,46.320686085770774,-59.84508926901378
103,123,143,83.91055691984025,65.91055691984025,61.10784954121408,-47.09569197277483
104,124,144,70.55371982720277,53.55371982720277,49.248878585353566,-58.513917485417096
105,125,145,76.07082405161071,59.8034498974468,56.29905988536859,-45.06853921317082
106,126,146,69.37755907330194,51.37755907330194,43.7902521239223,-33.44098873021335
107,127,147,65.84136884700433,48.40897890317734,39.79396203147138,-46.73508632457634
108,128,148,57.971316827724195,41.3541147845479,33.253405283379095,-46.24537417784774
109,129,149,58.235665279736565,42.03171962732398,34.31779142073185,-62.87383170362966
110,130,150,61.196906759045476,44.81276151971355,39.06447870770364,-67.94706333911597
111,131,151,60.85813929817601,43.86359417948688,39.31948339656867,-67.53856030386703
112,132,152,61.41420178437602,46.885890104233226,41.00947941621041,-75.52490962107981
113,133,153,64.15026269011139,44.44340019853291,37.24779270667369,-46.33171784943653
114,134,154,47.240466297986984,33.75441215363031,28.62445823936332,-22.57950802845528
115,135,155,57.62023286413961,43.82314794960746,38.19532789856345,-23.278941697799155
116,136,156,55.562288297975726,42.562288297975726,37.0836336456112,-18.74048012747909
117,137,157,36.68243882921371,32.96763823182664,32.63660490622533,19.062481523917654
118,138,158,42.92541487997397,34.39013946258615,33.356309577814784,19.751520051166153
119,139,159,40.992413593677725,35.745502018010825,33.25617133412584,10.414997419867063
120,140,160,37.91135842163618,32.559393572377246,31.24194996257171,24.439555199247366
121,141,161,45.69218684111604,40.69218684111604,38.93187211855434,25.314841098869124
122,142,162,52.055372804282854,44.445127572702404,40.46219847848647,12.64164543717095
123,143,163,69.4270568771658,58.427056877165796,53.337523729904945,-12.410761477576159
124,144,164,52.89690643097231,43.89690643097231,40.109258380539245,-9.932979333713604
125,145,165,62.635128502830526,54.36775434866655,52.07370470856455,21.24073535443216
126,146,166,72.06528328591202,61.06528328591202,58.274222864267415,-8.994392127410038
127,147,167,74.95938739038121,61.02155290563218,57.38768365805055,4.240960232004454
128,148,168,68.66283268676506,56.04563064358871,51.608823909881664,-10.285445436023963
129,149,169,78.37206659549031,66.16812094307772,62.077887799650625,5.0789886195628355
130,150,170,75.1648549504365,62.78070971110458,58.69047656767748,4.175911744300038
131,151,171,78.83391195633004,61.83936683764085,56.60210887416281,3.151250881679175
132,152,172,87.35042916217446,69.82211748203173,63.589127244999645,-38.05202134122101
133,153,173,80.54931853300127,64.84245604142279,59.29173950639165,-4.286362698834182
134,154,174,68.07213393180604,50.586079787449364,47.56544110978501,-4.285924417512604
135,155,175,71.4448805298154,55.64779561528326,50.06396406152521,-12.77316989050081
136,156,176,72.01971106754843,55.01971106754843,47.89948365847226,-7.253390575694311
137,157,177,58.7240313268768,46.009230729489786,41.91447579383117,-22.69714193632751
138,158,178,54.99905419908032,40.4637787816925,39.027146509204385,-25.03530985419593
139,159,179,50.30957367252256,34.30957367252256,29.809451386890373,-77.01925589483017
140,160,180,32.16571164991916,20.16571164991916,19.323911983580558,-24.24221468130486
141,161,181,36.29105687546371,26.29105687546371,25.507147371816814,-0.5108691030725367
142,162,182,26.547454229383902,16.547454229383902,15.034528764413608,5.341168229820141
143,163,183,36.4193882790579,25.419388279057898,23.756745219077686,-10.028934672587638
144,164,184,33.32926450602355,23.32926450602355,22.162912631333256,-14.852610266053489
145,165,185,39.22948566138575,32.22948566138575,31.651380550086458,-5.450031416297065
146,166,186,45.54345613718408,34.54345613718408,32.49932940094607,-15.277104934531167
147,167,187,30.586644828472288,17.586644828472288,15.880924576073483,-31.456339452419797
148,168,188,41.591572312825235,27.591572312825235,26.28828777926219,-41.043794717899004
149,169,189,38.657282674189446,22.657282674189446,20.53040325151136,-35.44304592182357
150,170,190,51.677454768179075,31.677454768179132,30.57263958348983,-33.489852451643856
151,171,191,61.94323930613814,32.94323930613814,24.39687237436476,-77.95245724644838
152,172,192,71.04519824352656,36.045198243526556,28.112670384545595,-84.00314692372365
153,173,193,72.87763049533135,37.877630495331346,28.82504482307297,-78.10460319498918
154,174,194,66.38998400640708,32.389984006407076,31.33718884765358,-31.80817985669171
155,175,195,61.50889033702589,32.50889033702583,25.950373150514338,-59.70623563244453
156,176,196,53.90319849210891,19.903198492108913,14.41267832093024,-158.92482256136134
157,177,197,62.52480897375648,30.52480897375648,24.64372671501178,-125.22620999103526
158,178,198,62.430726941762714,30.430726941762714,25.319085056060146,-129.29178269579631
159,179,199,45.41777007097329,13.41777007097329,6.150393451108812,-123.9017265321711
160,180,200,56.7978393968076,30.797839396807603,26.666057005431355,-100.45262911120005
161,181,201,59.774534912374065,32.774534912374065,26.95676820555468,-96.54666084493874
162,182,202,66.49559568574875,44.495595685748754,40.47401248225424,-67.43005698422246
163,183,203,67.25148202098455,40.25148202098461,33.04899590453215,-126.59892428221303
164,184,204,69.09197041177521,41.091970411775264,33.39004320705885,-142.0967369837865
165,185,205,69.0582018090779,45.0582018090779,40.04088633202946,-96.82766367827674
166,186,206,58.148389778106946,34.148389778106946,28.78450071077856,-109.74865917009231
167,187,207,47.020935060953036,17.020935060953036,6.033092871577878,-97.82895254701123
168,188,208,41.81546575127118,15.815465751271176,9.998501328404302,-66.03634304048569
169,189,209,34.972682367000345,16.972682367000345,16.03853591211032,-42.167094272916984
