Left,Mid,Right,Loss_likeli,Loss_AIC,Loss_BIC,Loss_eBIC
0,20,40,49.32618786423234,26.326187864232338,20.42044416284091,-95.3678581349684
1,21,41,44.89948164870134,17.89948164870134,13.533742149622412,-101.94272724775806
2,22,42,47.1630102285074,26.163010228507403,23.192955539512695,-90.10035937275688
3,23,43,49.74356674029457,25.74356674029457,20.832802758254957,-83.48330259624652
4,24,44,32.90419282855942,7.904192828559417,7.985140974606509,-32.08051830328566
5,25,45,31.228484703106403,7.791079757436023,7.540573824734906,-68.30120021712139
6,26,46,26.514989710766088,-0.4850102892338555,-4.251506021701516,-121.71754547579314
7,27,47,29.143781440606062,-1.8562185593939375,-8.088956547157977,-96.8619819392643
8,28,48,30.154278695295204,1.154278695295261,-0.27122741975597364,-86.43580403318117
9,29,49,31.67932145106454,-2.3206785489354615,-10.716472768377116,-113.21062521691476
10,30,50,35.86637835451813,-3.133621645481867,-8.305649889036431,-137.66264181516522
11,31,51,41.31547224593953,5.315472245939532,-6.3693840529929275,-132.1330659738294
12,32,52,30.269296615345127,3.4034401103123173,-0.1627316839713444,-114.16259281945986
13,33,53,37.884806837305916,12.884806837305916,9.313196284271953,-101.953277979532
14,34,54,58.272038044571445,39.272038044571445,34.318038119448204,-53.70222398482679
15,35,55,30.41953423228813,18.41953423228813,17.592334996406578,-51.50985784773195
16,36,56,47.48068526315558,25.48068526315558,23.298668417694046,-118.09486196320029
17,37,57,50.59075883887391,22.59075883887391,17.314846766117398,-148.82717973181832
18,38,58,47.85737025335084,14.857370253350837,10.07978377732934,-149.9796239494267
19,39,59,54.596505918434275,24.59650591843433,21.153766906155056,-123.46124813012216
20,40,60,69.21898957132572,32.21898957132572,25.58144458009599,-179.1533237213339
21,41,61,71.02176948154204,30.021769481542037,23.818775075164126,-241.45296789495
22,42,62,83.15540976570412,43.155409765704064,37.450281496103116,-250.62452224644937
23,43,63,81.76775116723365,36.767751167233655,26.840424262347824,-231.97887390436176
24,44,64,64.77060852605007,18.77060852605007,7.305694713547382,-189.92904301456247
25,45,65,69.97259099499865,28.972590994998654,19.65043427610101,-186.39964632773217
26,46,66,36.31238219753891,2.312382197538909,-3.390192347164202,-146.58299562597858
27,47,67,47.33444311827236,12.334443118272361,4.959762449196774,-159.73204623365552
28,48,68,41.2934182845616,3.2934182845615396,-4.88171361428499,-138.57660652731136
29,49,69,42.67600304418505,0.6760030441851086,-8.739829931990357,-170.94802783444106
30,50,70,47.24578703573707,-10.754212964262933,-22.001278801846297,-231.83617309709916
31,51,71,63.174867627467904,-2.825132372532039,-21.12820660805494,-342.57253540751003
32,52,72,64.86767845645215,-1.132321543547846,-20.47358278019101,-347.0229489263812
33,53,73,73.45726659629264,2.457266596292584,-18.681711913395134,-423.8471996767205
34,54,74,78.01007129867605,6.010071298676053,-15.97334693806863,-405.827288020218
35,55,75,96.4174241844699,26.417424184469837,2.310575908759347,-342.6128315264757
36,56,76,98.91214192029304,30.91214192029304,8.494173098696479,-343.9841241399498
37,57,77,84.55398848488773,29.553988484887668,14.81697514211453,-257.8575803898751
38,58,78,94.90577656336382,42.905776563363816,28.453665930199236,-281.41639331642193
39,59,79,117.72134529410448,67.72134529410448,54.26496693449383,-268.5072098221186
40,60,80,127.68216745349031,76.68216745349037,61.341628595982684,-291.6725123280604
41,61,81,136.7038008684026,73.70380086840271,50.30942682789134,-358.3125766182259
42,62,82,134.73530610431794,72.73530610431794,50.185371790863655,-349.69089611125855
43,63,83,124.40889241218042,61.40889241218042,39.054239142509005,-323.1338056536056
44,64,84,115.19605491374102,55.19605491374091,34.871167320998666,-301.0245595045552
45,65,85,106.76794111163974,51.76794111163963,34.089364116744264,-264.6498642650936
46,66,86,98.63914371641545,55.63914371641545,40.81579805032425,-185.35408519846203
47,67,87,101.18159434277254,62.18159434277254,50.0428604043492,-194.1101107005535
48,68,88,96.59944407544288,55.599444075442875,42.81155145374555,-171.39475354211743
49,69,89,104.57725329894606,58.57725329894606,43.30002999336375,-218.09283876580935
50,70,90,111.1566151622601,60.156615162260096,42.3900611727928,-236.4759587674513
51,71,91,132.37887787943794,70.37887787943794,48.175517156263595,-278.95168285829743
52,72,92,132.90787298961686,72.06734701161076,54.222176644980095,-266.58936521623684
53,73,93,127.08734692017657,67.08734692017663,48.71213035231483,-360.92897802194454
54,74,94,107.23000628041962,50.62704677847,36.17493614530531,-328.1696313409035
55,75,95,93.86858556543507,30.86858556543507,16.52337780905509,-271.1033754078933
56,76,96,69.125347356921,20.125347356920997,7.493918229401061,-238.6697158553702
57,77,97,64.76127460341098,32.50202605363609,26.462672189133173,-105.286693465859
58,78,98,66.14759139004661,39.147591390046614,31.25038314154733,-127.1453634420966
59,79,99,63.3043065667199,37.304306566719845,29.558390864717467,-107.39768688653078
60,80,100,56.65985322375752,38.7688088517819,35.15711479049253,-106.7302445537855
61,81,101,48.520479735296135,31.520479735296135,28.948506444846657,-92.85474090860816
62,82,102,46.313987945989936,29.313987945989936,27.435161836100406,-94.35669741679044
63,83,103,47.771827763480985,27.77182776348093,25.979480895766528,-68.6257194233126
64,84,104,39.819881257101486,20.242637514796968,19.53660895316898,-63.86211188883124
65,85,105,29.059858569569656,3.0598585695696556,-1.5773200326702863,-83.32816284469573
66,86,106,27.49762237718818,12.497622377188122,12.307675721412807,-70.86444279663317
67,87,107,33.58017004069609,13.580170040696089,10.90089270103556,-97.59287745233678
68,88,108,37.61135997189206,23.611359971892057,24.265853043173593,-56.227461325468084
69,89,109,41.732023918654136,24.732023918654136,26.16098958087332,-35.9348012940784
70,90,110,46.87237219695248,34.87237219695248,34.44315600010805,-5.369254001169679
71,91,111,52.17470111509948,28.17470111509948,24.18819521723617,-9.980264689501269
72,92,112,50.9889193407206,32.1483933627145,32.659030803252676,11.30905574167241
73,93,113,68.42532508356021,43.42532508356021,35.890525087573735,-50.66264316333377
74,94,114,69.34532378573886,44.74236428378924,39.63707181216898,-31.24063026763565
75,95,115,70.17112206677314,39.17112206677314,33.13301170109753,-31.58341854847538
76,96,116,68.38675420786353,40.38675420786353,36.27628766027192,-6.138669443218987
77,97,117,80.07523159977109,48.815983049996134,42.06579962154785,-66.67884123143642
78,98,118,79.92342094144874,52.92342094144874,44.6796391026694,-75.54820987063113
79,99,119,75.57120799919682,49.571207999196815,40.7855715263546,-112.90262255395578
80,100,120,90.54528007712372,68.65423570514804,62.70450350647076,-116.1942757989874
81,101,121,56.3958523129196,38.3958523129196,34.28629211485327,-70.54279423240087
82,102,122,70.37685749305552,52.37685749305547,50.0001652463892,-52.78845815790078
83,103,123,80.53243291891204,62.532432918912036,61.04267114419156,-4.933100300790898
84,104,124,68.56481573753655,49.987571995231974,49.58981589406301,-34.1298048459596
85,105,125,68.08008596028043,47.080085960280485,44.58566445164547,-76.72452802825183
86,106,126,32.62897329832964,16.628973298329583,16.634307686337138,-100.49015423644096
87,107,127,26.615284279774983,5.615284279774983,4.517582345017331,-123.67081636010778
88,108,128,31.388087038242475,11.388087038242475,10.095104059701953,-122.14153938897516
89,109,129,25.345309383007816,4.345309383007816,4.475957678678924,-73.50840794519524
90,110,130,18.96005272037644,1.9600527203764386,2.8538153327267537,-57.204922467316464
91,111,131,15.214481938795757,-9.785518061204243,-9.764433422204888,-51.66962533896958
92,112,132,16.449538498875995,-2.550461501124005,-1.394691606712854,-71.63606624459908
93,113,133,12.54017059780574,-11.45982940219426,-14.397703337562803,-122.95988268839142
94,114,134,15.941099276308876,-14.058900723691067,-19.98397147972173,-153.7716742570725
95,115,135,17.101377377958215,-11.898622622041785,-18.01897442185532,-136.83587454799738
96,116,136,21.35025193409456,-14.649748065905442,-20.644211671066955,-124.49188461926326
97,117,137,26.3193733531283,-10.680626646871701,-20.090760360341164,-157.7802576958021
98,118,138,33.677520955545845,-0.3224790444540986,-8.585587937872674,-167.0344729374193
99,119,139,32.717333175082445,1.7173331750824445,-3.319309356605231,-212.04728641858003
100,120,140,32.1397022283316,-3.8602977716684563,-11.03969739696106,-246.0688676750682
101,121,141,30.335190926669952,0.3351909266699522,-4.20358546824059,-175.5585594757996
102,122,142,20.597568488216098,-6.402431511783902,-10.487330267203447,-118.48655551396428
103,123,143,27.79136216717734,-4.208637832822774,-8.356852140167462,-131.8772561907523
104,124,144,41.55593492695931,7.555934926959253,2.0654147557806937,-129.1856115219722
105,125,145,57.98832619876771,27.98832619876771,22.063255442737272,-122.4297382076611
106,126,146,51.270619607259164,21.270619607259164,16.038696031788618,-158.945919957334
107,127,147,56.18155707218784,21.181557072187843,13.113729222552365,-162.30022038962636
108,128,148,71.92723073574348,24.92723073574348,10.538435654504042,-223.0971679104074
109,129,149,72.40113730061069,30.401137300610685,18.501672903256235,-231.08631730860031
110,130,150,70.93343310188766,26.93343310188766,13.345089250419164,-237.4714647161511
111,131,151,82.5498240193516,31.549824019351604,13.090122849324302,-208.04671242960524
112,132,152,88.42057063522896,42.420570635228955,29.67916293720066,-201.75393691020759
113,133,153,87.6793045545187,42.67930455451858,27.438565855533284,-163.64684860339196
114,134,154,87.90606776661832,43.90606776661832,28.23828237346993,-180.04740821916278
115,135,155,93.35460785265604,47.354607852656045,29.997943005393836,-207.742649533473
116,136,156,90.98103144037299,45.98103144037293,29.12223272988774,-188.11965955938638
117,137,157,95.71966442996995,40.71966442996995,22.91516550576864,-234.44041909243822
118,138,158,105.90828611122993,52.90828611122993,32.06655830652858,-221.61069224812866
119,139,159,118.81707059870251,62.81707059870257,40.13517079339033,-243.8506905501265
120,140,160,113.3644158097095,63.3644158097095,44.36286000561927,-248.11072248495145
121,141,161,98.78987479693103,47.78987479693103,29.676747217183788,-215.4125430603542
122,142,162,81.0464658738639,40.046465873863895,27.95172043272646,-144.54565367590646
123,143,163,80.37431887283776,25.37431887283776,8.12386716349738,-225.0531783966253
124,144,164,62.45393586588807,23.45393586588807,12.354922698304676,-149.19919304650716
125,145,165,53.88168612472674,20.881686124726684,13.116443368085243,-146.16782497118334
126,146,166,51.73645250211837,13.736452502118368,1.402437519912155,-167.7971138749574
127,147,167,44.54522076871967,12.545220768719673,3.5449761974552985,-117.74624369883259
128,148,168,53.94366823368523,9.94366823368523,-4.337822798343154,-194.2156418143395
129,149,169,53.199668060813565,11.199668060813565,-2.7792378782207834,-202.4955001400416
130,150,170,49.22406753287464,4.224067532874642,-9.862142455370758,-205.42321481107786
131,151,171,55.28938136850388,12.289381368503882,-0.10794916562758772,-200.74823581222347
132,152,172,53.05086876167985,16.050868761679794,10.216271426604408,-142.42414961813301
133,153,173,54.37633966989364,19.376339669893582,10.500556699798153,-123.44337041289259
134,154,174,51.25104562147288,15.251045621472826,5.612685208869493,-116.40181931657548
135,155,175,52.596336547294186,17.596336547294186,7.795640746258755,-123.37399754799935
136,156,176,45.91630479514049,15.91630479514049,11.680366137555552,-121.0638391144413
137,157,177,37.72876707978213,0.7287670797820738,0.2036247842860348,-127.98701670241996
138,158,178,49.32625888232252,14.326258882322463,9.03101975492666,-118.89832575006471
139,159,179,38.499660126998094,5.499660126998151,3.279594814836173,-127.98126304518757
140,160,180,49.54173299765836,37.541732997658414,45.43028296753323,-6.051465519700969
141,161,181,55.593477184849576,33.593477184849576,34.770497835554806,-57.876209037765875
142,162,182,48.85703991473042,33.85703991473042,38.86569711315451,9.850444285512253
143,163,183,50.88753621955345,34.88753621955345,40.23503040155697,-43.934338348857295
144,164,184,49.094751550516946,49.094751550516946,60.1851064394761,43.27381122238933
145,165,185,56.30286195131043,50.30286195131043,57.71287283904769,33.355953730255806
146,166,186,48.83017104591596,44.83017104591596,53.74907808173418,73.42630577374428
147,167,187,38.48234023602038,37.48234023602038,47.38168180764262,77.12656704758797
148,168,188,38.018589131727424,30.018589131727424,35.04657338479075,20.069162805940437
149,169,189,40.240285667707155,34.240285667707155,41.618603207025444,87.31160085058082
150,170,190,51.752400965767094,43.752400965767094,48.433811628550416,84.80136688584764
151,171,191,41.10305192963699,35.10305192963699,39.7404740951344,48.73686820984028
152,172,192,31.270922352872844,11.270922352872844,12.750528096572111,-39.52368733856326
153,173,193,36.33865380998941,7.33865380998941,6.9198304075978285,-70.509172840725
154,174,194,41.93421981403475,4.934219814034691,-0.696550061706148,-132.6061114844564
155,175,195,49.77241468266391,12.772414682663907,6.481443281714064,-157.69421631477985
156,176,196,42.725578590731686,0.7255785907316294,-7.058738576217479,-191.1090158776118
157,177,197,27.005047050641394,-3.9949529493585487,-8.68502189076628,-192.60229397435694
158,178,198,38.60898939325415,2.6089893932541486,-6.303278183438465,-169.17517913689153
159,179,199,31.551951946797146,1.5519519467971463,-4.113130131472417,-135.53876709514373
160,180,200,62.19111282129063,33.19111282129063,24.644745889517253,-151.4407874707706
161,181,201,65.74727164154007,45.74727164154007,43.7611414824396,-133.56159474462584
162,182,202,80.59827553225591,56.59827553225591,49.154944923247626,-92.74465255281245
163,183,203,58.61778767165015,41.61778767165015,38.068097854882126,-34.732402546814
164,184,204,75.77661852254658,61.776618522546585,58.618802100748326,-12.524528526054041
165,185,205,82.15366024706566,64.15366024706566,59.350952868439435,-44.92205821738389
166,186,206,77.92997919610735,61.92997919610741,60.02246232668199,-4.163172026982011
167,187,207,77.36299201045341,69.36299201045347,70.92524036071705,33.487231112347786
168,188,208,71.90400957773977,60.90400957773977,62.3673312913009,70.20178290614069
169,189,209,71.49459962594744,65.49459962594744,69.40718126246594,85.512356198813
