Left,Mid,Right,Loss_likeli,Loss_AIC,Loss_BIC,Loss_eBIC
0,20,40,11.323719939071793,-19.676280060928207,-15.355435655056453,-190.49546709438346
1,21,41,13.03997119724761,-17.960028802752504,-17.45149388996049,-141.39878211866414
2,22,42,12.248708011832832,-15.751291988167054,-15.48202661644416,-123.95554489533504
3,23,43,15.13526151249863,-6.864738487501427,-5.935859797492981,-79.2516401870713
4,24,44,10.167848526891134,-2.8321514731088655,4.211958769709099,-72.27016403927712
5,25,45,21.557779728076014,12.55777972807607,20.90020733744211,6.227985678825007
6,26,46,26.486176360785976,14.486176360786033,23.438176331166687,-21.75477334784273
7,27,47,36.803896844196174,18.80389684419623,23.103079181655062,-57.01167193967274
8,28,48,39.746987319891105,22.746987319891105,26.759912244761267,-44.945944450214824
9,29,49,39.71028380029031,15.710283800290313,16.23814576772145,-124.5947640728233
10,30,50,43.41560091375993,12.415600913759931,9.458399923752154,-192.25044961481888
11,31,51,16.245442618181016,-9.75455738181904,-7.103265375422097,-145.68541860185417
12,32,52,15.438835936379292,-12.561164063620822,-7.957789820682592,-124.80510734480345
13,33,53,32.19031812802592,2.1903181280259787,-1.3087374960449552,-138.54988041188847
14,34,54,41.842375281588545,12.842375281588488,8.801465023454853,-99.78148602848034
15,35,55,45.190502947623656,21.1905029476236,18.599202602535115,-118.6184379619483
16,36,56,42.65026077235069,14.650260772350748,15.264076114840123,-90.61065011023493
17,37,57,35.371119991869364,13.371119991869364,13.508419871734645,-71.09363567102514
18,38,58,33.951768271698825,10.951768271698825,11.52882922774927,-106.10027316766161
19,39,59,53.60999417034628,20.609994170346226,13.916218331009077,-148.709248681546
20,40,60,37.754270102434475,7.754270102434475,5.720254564282186,-126.5581030216457
21,41,61,37.86917685273596,4.869176852736018,1.6438982631115096,-116.82164346290938
22,42,62,28.782742345994052,8.782742345994052,9.278711356559825,-24.99906825516723
23,43,63,35.20785577366962,13.325251011910382,12.799185400866122,16.535474223106235
24,44,64,43.2816190330642,33.41233118082994,35.42845717058458,15.599201949527924
25,45,65,47.53768405212452,43.28752744029498,47.597703070151624,59.53424090734313
26,46,66,53.28078882481054,39.91287323273809,44.33475508683239,21.245317748608954
27,47,67,66.82748174030831,39.82748174030826,34.590683488035666,-48.90010531709322
28,48,68,66.29996324335758,34.299963243357524,26.411659248125602,-52.374506460295606
29,49,69,70.29872547391153,40.29872547391153,31.743104755671993,-73.23882673431547
30,50,70,87.25351472975018,55.25351472975012,43.48068143624596,-97.38768882283648
31,51,71,59.29409847979906,29.294098479799004,19.090267024113814,-95.66944535480025
32,52,72,73.32554016992015,32.325540169920146,21.099167697198027,-146.17506981611882
33,53,73,85.33551628209898,46.33551628209898,33.23284674598722,-150.24077217504964
34,54,74,94.27334530628366,48.27334530628366,32.66804719839138,-149.4255642555779
35,55,75,82.96481222705154,44.96481222705154,30.68026513701102,-175.24732624653814
36,56,76,85.98379351188225,39.983793511882254,25.397693767346254,-171.87622793358116
37,57,77,87.82099644769835,44.82099644769835,27.918209239927137,-172.91397665789384
38,58,78,100.63844422071759,46.63844422071759,24.157035950521617,-202.52377964118853
39,59,79,123.10434318679091,66.10434318679097,43.649470571726056,-246.01469024738174
40,60,80,118.82653231759014,61.82653231759025,42.19124800309919,-255.5491312792243
41,61,81,105.0789119186694,46.078911918669405,27.82967223116316,-230.97476944143057
42,62,82,82.93554448375403,31.93554448375403,14.571648122273018,-173.36894025425602
43,63,83,72.8968503434433,29.014245581684122,18.12984051252272,-148.43319605682655
44,64,84,64.14846610160862,33.279178249374354,26.226409727931923,-105.13857892702208
45,65,85,65.58803835473702,29.337881742907484,28.133944946576435,-101.90399648695859
46,66,86,45.48214522799003,7.114229635917582,9.03832190593937,-55.53921224059616
47,67,87,55.61443356089467,12.614433560894668,7.862781885505001,-105.13501641732182
48,68,88,48.44367242948272,10.443672429482717,5.80649623862837,-100.30869939095078
49,69,89,47.216566190956655,11.216566190956655,4.5257789159746835,-136.82183855629273
50,70,90,51.54705556289912,19.54705556289923,12.972826123594587,-139.48346609131215
51,71,91,55.059117195778526,21.059117195778526,12.676130686064994,-153.10061647200337
52,72,92,40.79708338220513,18.797083382205187,15.468647359270676,-98.34781821092565
53,73,93,50.524997617219526,24.52499761721947,23.093191713408373,-155.61332874093603
54,74,94,43.71579699686902,-3.2842030031309832,-11.416174671360864,-197.87753526238157
55,75,95,39.48628736630167,-4.513712633698333,-13.467690377681492,-202.07886334275224
56,76,96,53.03238954982794,-5.96761045017206,-21.478768908815937,-312.5004870619965
57,77,97,44.50543916796869,-11.494560832031311,-22.046384977544562,-332.95896347219264
58,78,98,54.06704297255067,-8.932957027449334,-23.316417720681443,-372.5019443522822
59,79,99,39.17363968587267,-16.826360314127328,-28.4179052304803,-348.29121933872807
60,80,100,31.35808936481851,-16.64191063518149,-23.210805686478693,-328.29267346049596
61,81,101,28.695508269722268,-17.304491730277732,-23.224228098300955,-303.1501422023441
62,82,102,33.93850294101384,-24.061497058986333,-38.72821579057313,-293.7453611236234
63,83,103,36.82115683569464,-21.178843164305363,-32.90554071365136,-239.54393515911784
64,84,104,40.969543033370826,-10.030456966629117,-18.3896514251428,-233.36437790590708
65,85,105,15.60131910408353,-30.39868089591664,-30.059696396623167,-246.94022895462
66,86,106,14.364132303819986,-19.635867696179957,-12.38120608010081,-119.86228293293937
67,87,107,24.572001357347403,-8.427998642652597,-5.571818723493493,-127.54075108738789
68,88,108,24.75385628516807,-5.246143714831874,-7.705478568062745,-125.379069600717
69,89,109,16.844177892202822,-13.155822107797235,-12.495994648508258,-167.9228532784407
70,90,110,16.416994285224575,-18.583005714775368,-22.49195048105139,-173.95323665782917
71,91,111,20.189127404551982,-11.810872595448018,-14.572792541672811,-179.41355873262137
72,92,112,9.393069433945243,-7.606930566054757,-5.326873592584548,-96.99942008821745
73,93,113,11.333227422855373,-12.666772577144684,-13.525204970833443,-141.51288100991417
74,94,114,41.28742333884185,17.287423338841904,15.389270174313083,-168.86216753608483
75,95,115,30.712845368570697,2.7128453685706972,0.20952201805391724,-133.52605760366896
76,96,116,56.98789309032736,19.98789309032736,11.964053737977679,-185.39875206487534
77,97,117,69.61412691494547,26.452857074916267,15.593113448401596,-229.00218851594354
78,98,118,72.56146922492701,31.176323953012968,21.161020053555376,-233.80883233781367
79,99,119,72.1359099842129,31.87961451828164,18.203293672241443,-181.55125503541137
80,100,120,61.35380894695476,29.353808946954814,21.990679936573088,-137.16652718498483
81,101,121,53.73017966736586,10.73017966736586,2.4917322165939595,-248.76619340698994
82,102,122,57.20346260653895,14.203462606538892,6.658162336327109,-268.32138268272604
83,103,123,53.24425631042811,8.244256310428113,2.643244948902975,-197.8930884471223
84,104,124,37.74013923153194,-12.259860768468116,-19.774615499924835,-257.1293110892552
85,105,125,26.85469476351699,-18.14530523648307,-26.68633778024889,-255.1463392623143
86,106,126,30.900963981900304,-17.099036018099696,-27.13366697219658,-229.49121216710125
87,107,127,41.72570428370847,3.72570428370841,-2.02341248317839,-201.1430830063274
88,108,128,38.66942697976032,5.669426979760374,2.0630673064785015,-123.19985697985305
89,109,129,40.79564538389815,-0.20435461610179573,-2.8304784380989076,-142.3012324513934
90,110,130,40.54768140670751,-11.452318593292489,-16.60639059867799,-174.51275944358213
91,111,131,34.65918730745625,-12.34081269254375,-21.005315803525946,-205.61113919633328
92,112,132,31.32252790817637,-11.677472091823688,-18.87619877175564,-197.15969681710453
93,113,133,43.74757653202141,-8.252423467978588,-18.787764906329357,-220.35960113421925
94,114,134,52.58444385285043,24.584443852850427,20.694826141213753,-88.6841556061413
95,115,135,47.74898173376721,14.74898173376721,8.257546324028908,-111.1650722884524
96,116,136,61.466751670421104,29.466751670421104,19.080212738036835,-111.53201046063327
97,117,137,82.55070887458731,49.38943903455805,37.96317933133383,-109.4303244501541
98,118,138,75.07917454661117,47.694029274697186,39.4502474359179,-103.29835761656739
99,119,139,77.46969784844163,45.21340238251048,35.64582193808508,-97.47440201216682
100,120,140,71.76516019579003,39.76516019579009,31.180500195843024,-93.41299212392391
101,121,141,88.91150439055946,49.91150439055946,35.69332891045616,-204.99515567991136
102,122,142,89.17672910012988,49.17672910012993,33.42096671240978,-232.01312942020684
103,123,143,81.78241604650896,40.782416046508956,24.528787522011726,-193.43547561401795
104,124,144,81.88436870634115,46.88436870634109,35.574959641722785,-163.15486591362423
105,125,145,99.44005093316025,60.44005093316025,43.79691627570662,-154.49749638737012
106,126,146,105.05478273584197,59.38132679665813,39.749939363933095,-186.1002724981346
107,127,147,102.71204606972287,59.35879305237995,38.82024216805769,-204.54900222019978
108,128,148,94.90187905860557,55.7297970312182,33.720338910642056,-146.3824763578266
109,129,149,93.0989333130301,46.427634696539485,25.955638169127553,-144.10423091398025
110,130,150,114.27877248593188,58.8720283190533,34.68107029091601,-176.19316737213774
111,131,151,117.82070642917012,65.82070642917017,38.0502815590018,-179.62635086737617
112,132,152,120.32239203399592,70.32239203399592,44.159421416044665,-176.85623907019647
113,133,153,134.93009549402376,73.80358295546336,44.62191758192671,-193.70160682415678
114,134,154,130.76445533297994,86.76445533297994,64.19458046521908,-126.52523739904439
115,135,155,117.77785788999086,74.93124316281092,55.62302877554788,-107.63444554423558
116,136,156,119.0962008138959,78.0962008138959,58.99900783075128,-125.46863927754112
117,137,157,118.21058917624771,70.67688780773653,52.046927561367056,-120.04045521031867
118,138,158,120.79660102769918,70.79660102769913,49.71560368192911,-176.3537221623244
119,139,159,101.08822217583725,55.088222175837245,38.5505158165339,-169.83078888025523
120,140,160,101.787874158931,53.787874158931004,35.70453586467863,-181.75474712145535
121,141,161,72.25579878363038,42.25579878363038,27.836829712859355,-108.52363242910224
122,142,162,79.2362408726579,45.2362408726579,29.348512993079964,-144.432939955238
123,143,163,63.79272258335982,34.42063286620771,25.005164764730694,-93.41063398495817
124,144,164,42.658136543266494,22.658136543266494,16.60619476466303,-51.07090697684657
125,145,165,43.76381431245102,26.763814312451018,18.77626072071166,-42.6421549427788
126,146,166,37.360960339792655,24.687504400608873,20.318319658308383,-13.693654158313166
127,147,167,58.89152522027621,32.538272202933285,20.63347341757128,-75.55612810733595
128,148,168,63.36388709994225,40.19180507255487,29.780604697523927,-96.80167174899168
129,149,169,65.16652280112493,41.268493049395886,31.368449220160528,-41.406912527834606
130,150,170,72.98463123586316,47.98463123586316,38.481740765315294,-43.14699639457638
131,151,171,97.8877125109625,67.8877125109625,59.88320021325211,-153.16645378745818
132,152,172,98.36721068647256,67.36721068647256,59.55797943254515,-143.16767909386033
133,153,173,107.244688004348,75.244688004348,66.24444343308357,-122.19532938025384
134,154,174,108.76605500982453,77.76605500982447,69.26367657533706,-110.18443344715672
135,155,175,99.6927655882539,65.84615086107397,58.08090810443235,-161.00747122099438
136,156,176,109.67251529859396,74.67251529859396,66.3612428174477,-167.80234712323806
137,157,177,86.59400728284322,51.06030591433205,44.98963752460594,-117.59022101990035
138,158,178,71.3549440515705,33.35494405157044,23.44694420132396,-190.8331931265842
139,159,179,31.668042748918424,5.668042748918424,1.3878629497158386,-138.16139435584512
140,160,180,33.36293811288368,4.362938112883683,-1.064266506369961,-129.13798774058932
141,161,181,37.68747233944879,11.687472339448789,7.7538661305261485,-118.80888862234735
142,162,182,33.391548842358986,5.391548842358986,0.4622103598823628,-122.73888406776132
143,163,183,30.967938772509967,7.595849055357974,8.445623170422323,-90.02089871924272
144,164,184,16.37013496222056,-5.629865037779439,-6.6633691527142105,-124.34703299424405
145,165,185,25.058527502323898,4.058527502323898,2.614251977286301,-99.12458272244476
146,166,186,24.606476027786584,4.606476027786584,3.87898117742958,-76.17489902181524
147,167,187,33.02129630154934,0.02129630154934148,-8.090520045372159,-146.54964164732473
148,168,188,39.02448439816823,10.024484398168227,4.59727977891464,-165.5485426123057
149,169,189,41.24579719258833,12.245797192588327,6.138735801793473,-130.00563201661032
150,170,190,41.020092806250204,4.020092806250204,-1.665340560171444,-108.6262200264074
151,171,191,46.24240045566569,23.24240045566569,23.925580064545954,-119.83232530935186
152,172,192,44.51139886708751,20.344465023861517,20.4817649037268,-120.06537891238247
153,173,193,48.39933457054235,22.39933457054235,22.515799302877213,-116.47674311003414
154,174,194,35.3059347511612,9.305934751161146,9.877785215878134,-140.77852960400128
155,175,195,58.50485806986063,28.50485806986063,26.392096806909763,-218.55171634882925
156,176,196,52.88334385429863,22.88334385429863,22.238364355148178,-191.56461112015882
157,177,197,63.450010174580996,32.45001017458105,29.786839069697294,-167.38371932305415
158,178,198,55.78699611139609,30.78699611139598,32.19604373561276,-206.19747010198637
159,179,199,54.27148707220158,28.27148707220158,26.728793437271293,-118.97475579322054
160,180,200,49.79425034877664,18.7942503487767,16.187160871563492,-115.72286414831706
161,181,201,49.85134869141643,24.434673758014583,28.403610185598836,-103.69357934445532
162,182,202,41.4888200790229,20.16786809777318,24.089653691216427,-110.63970103797783
163,183,203,49.91739745978697,29.102885708068584,34.218846955703725,-121.79017212422127
164,184,204,53.738877211894305,32.738877211894305,33.220330934973276,-139.47236325810616
165,185,205,59.74466906478864,40.74466906478864,41.335846584144974,-151.48548217524865
166,186,206,57.71665994893817,33.71665994893823,30.778786013569515,-136.6572620018029
167,187,207,77.95850163631127,49.958501636311325,43.596374914435614,-144.6231720610018
168,188,208,80.349651424169,52.34965142416894,46.03401858057248,-134.35220118632049
169,189,209,69.992099934848,49.252824045999546,51.29361147840075,-97.19608306551163
