Left,Mid,Right,Loss_likeli,Loss_AIC,Loss_BIC,Loss_eBIC
0,20,40,54.09340283750379,28.093402837503902,22.42692867718131,-140.16383515842665
1,21,41,46.12131883367533,20.121318833675332,16.11182214120538,-124.36666359730032
2,22,42,47.25026792008458,23.66536815333984,23.626714044061373,-46.60078845371913
3,23,43,31.647633398573305,0.6476333985732481,2.424754206066723,-65.41974802502796
4,24,44,29.34157520201245,-3.252336737040423,-6.536784262689025,-88.47246000170321
5,25,45,30.460504298554042,1.4605042985540422,-0.1923558864310735,-95.25531836302753
6,26,46,40.477604019225794,10.47760401922585,5.245680443755191,-96.52406858347831
7,27,47,49.60812866841462,28.608128668414622,31.32273622673665,-118.41274227445206
8,28,48,67.73861040201564,44.73861040201564,47.15063286734369,-158.75702716161368
9,29,49,70.01593422714132,39.015934227141315,36.40530682741348,-199.89545898911035
10,30,50,42.83502098519011,15.835020985190113,15.909005313130137,-119.79514348337807
11,31,51,40.935342380561394,15.935342380561394,14.579043850095672,-89.71119291055197
12,32,52,45.320951127735896,19.320951127735896,17.466786460493154,-141.29957381228155
13,33,53,53.995015260515345,22.995015260515345,17.61179913854778,-129.97035810467798
14,34,54,48.28540003470323,22.28540003470323,22.177452258421567,-136.31931420199078
15,35,55,46.782291271406734,21.782291271406734,21.465713511780905,-142.0382583811197
16,36,56,38.34503339386333,13.345033393863332,13.028455634237503,-176.20861459136052
17,37,57,30.801287443527542,2.801287443527542,1.6842584541305996,-168.23965193613753
18,38,58,36.227523515044936,7.227523515044936,6.652349159711093,-162.51799298857304
19,39,59,33.06938914476291,-0.9306108552370915,-4.865285825646424,-137.0493395510524
20,40,60,50.108028830518606,17.108028830518606,10.035933254436998,-145.51846843498004
21,41,61,32.15152643803657,6.151526438036569,4.914618467806463,-114.7507074525688
22,42,62,22.818200969710176,2.2333012029655492,5.767687045697812,-55.32748446502683
23,43,63,13.711923036708015,-10.288076963292042,-3.162218177238401,-31.937206500987145
24,44,64,23.145070541954965,-2.854929458045035,-3.2225070060883354,-69.86138444003291
25,45,65,26.471856783832436,4.471856783832436,3.2228623025778234,-84.25285629961127
26,46,66,37.28771145242257,10.287711452422514,8.201624870558248,-69.10999309802662
27,47,67,82.5094021881007,57.16898838300631,53.49397876979185,-106.78795873324054
28,48,68,92.16862413393198,70.16862413393198,64.19451088657854,-148.65335414321203
29,49,69,92.15318625870071,66.15318625870071,63.282123127164084,-160.07273050672347
30,50,70,88.6625370324441,67.6625370324441,58.9409696913217,-130.11976629376898
31,51,71,89.08033177650321,62.080331776503215,56.60913865996372,-163.31211459423378
32,52,72,96.25647563856165,61.71141582278074,54.89791684240731,-192.65041199403004
33,53,73,100.89241643401704,67.89241643401704,60.127173677375595,-195.46645729986471
34,54,74,105.46574226845826,73.46574226845826,67.23808641943367,-179.70838270986394
35,55,75,107.8678979986779,73.8678979986779,68.66094590060459,-182.65529120063445
36,56,76,101.29918063351636,63.29918063351636,56.52467444944068,-201.45233684502398
37,57,77,110.00512719370346,65.0051271937034,48.8394756637781,-189.21636043884507
38,58,78,121.22303342785403,73.22303342785403,54.870636307037785,-181.09345910913316
39,59,79,123.62488297748041,74.62488297748041,55.08147253932714,-167.134597182471
40,60,80,139.45910429760863,82.45910429760863,61.35877989719927,-193.1019526747799
41,61,81,121.29326833572861,66.29326833572861,45.842102618593344,-241.65945024354426
42,62,82,115.97732044401721,70.97732044401721,55.15824250437208,-216.67694275932865
43,63,83,110.43617617796139,69.43617617796144,55.39279626486541,-143.3666623771254
44,64,84,118.61212140459025,71.61212140459025,56.63047190087025,-150.39765187878447
45,65,85,137.68483500512252,88.68483500512252,70.87429251836932,-191.60210994771853
46,66,86,117.91558253168898,74.91558253168898,62.437622629432894,-213.73548815077118
47,67,87,102.68637389680953,63.34596009171514,50.96795661222279,-191.73238032067093
48,68,88,102.03655307279826,60.036553072798256,48.137088675443806,-247.03565097402293
49,69,89,99.44776540672069,58.44776540672069,47.314233887760565,-234.31959381753586
50,70,90,111.38448104837994,64.38448104837994,47.2230972449006,-218.12568682358392
51,71,91,78.49434192696111,42.49434192696117,32.19577998914872,-109.06357381923794
52,72,92,62.98980187367823,21.444742057897315,13.572195252044708,-223.6707825201571
53,73,93,55.16674825459853,17.166748254598588,11.73160627732966,-131.85072952847793
54,74,94,61.58039016766679,26.580390167666792,20.57656293955108,-121.50371202779581
55,75,95,65.9289324141954,22.9289324141954,17.228615825839483,-136.55328888132533
56,76,96,36.24987271371754,16.249872713717423,18.09038340134782,-33.23026335302154
57,77,97,29.211476641002264,5.211476641002264,7.472206559833239,-86.06108727283925
58,78,98,15.141459457476685,-10.858540542523315,-5.781233404166642,-80.89639464605727
59,79,99,20.653429561728103,-21.346570438271897,-22.155679946667306,-222.21626214777405
60,80,100,9.217934564107281,-35.78206543589272,-37.73819976433913,-201.10989686718528
61,81,101,7.199543936407792,-39.800456063592264,-42.40574907531254,-293.3724253648827
62,82,102,21.117664179310793,-29.88233582068915,-33.09279901839773,-312.94616476856163
63,83,103,23.069063521695227,-27.930936478304716,-31.48797326629324,-320.14351807971116
64,84,104,18.327960978660656,-33.6720390213394,-37.033794765544826,-284.54321481151624
65,85,105,25.95569592304423,-34.04430407695577,-40.34926814453729,-325.7471675319558
66,86,106,24.813852725443553,-23.186147274556447,-22.130423339694175,-326.3942156563403
67,87,107,22.04181294581099,-26.95818705418901,-28.479770797783544,-282.81521571429425
68,88,108,11.577050087147995,-39.42294991285206,-41.24711874944069,-280.369359395518
69,89,109,4.523643602452751,-57.47635639754736,-64.77705273868287,-274.1581652189268
70,90,110,11.81650488323379,-56.18349511676615,-67.16453545912373,-297.375671468458
71,91,111,11.812154642383177,-44.18784535761688,-49.541065648930385,-234.61270168924284
72,92,112,15.928170647326795,-45.07182935267326,-54.99382186955165,-317.7851665236342
73,93,113,13.746983636252764,-48.25301636374729,-53.85344355414486,-278.1015575522431
74,94,114,22.255919353343927,-34.74408064665613,-41.30375517546645,-271.12895146491246
75,95,115,34.868356466007924,-33.13164353399202,-46.01700417039865,-302.32453550279
76,96,116,23.23208771595108,-18.76791228404886,-23.735904875803953,-210.09548944229346
77,97,117,41.76180761414827,-12.23819238585179,-21.794284257810773,-238.33858512214647
78,98,118,35.09685445110722,-7.90314554889278,-11.982709916304884,-218.4162697704869
79,99,119,40.784871148118896,-14.215128851881104,-23.229366089777386,-258.5075502624377
80,100,120,39.15902849197289,-12.84097150802711,-20.015036745312273,-209.5000676468128
81,101,121,41.213535860120714,-6.786464139879399,-13.33782721086186,-230.34782904522717
82,102,122,13.634127035187134,-38.365872964812866,-41.309888391957884,-244.880579458414
83,103,123,10.095546976814546,-49.90445302318551,-56.012013508739074,-261.4924552911441
84,104,124,3.100614794344949,-42.89938520565511,-43.96709130975853,-254.33486963069504
85,105,125,7.830109183616685,-47.16989081638326,-40.64116796215421,-218.91142729761896
86,106,126,-3.9669851031570715,-43.96698510315707,-39.41441042104361,-180.99860426732744
87,107,127,-2.158909987396896,-45.158909987396896,-37.19140802648201,-141.86713144375904
88,108,128,20.77190087056988,-35.22809912943012,-42.314187372143465,-270.7070820141664
89,109,129,8.091165874187823,-37.90883412581229,-34.16039953569543,-175.9128275257873
90,110,130,-1.9094823306579087,-47.90948233065785,-37.236707709281404,-133.95576689943118
91,111,131,2.965139428657608,-44.03486057134239,-43.0691486098865,-179.77980307554049
92,112,132,0.9478301997817198,-38.05216980021828,-29.746341929072628,-185.73925859077485
93,113,133,-7.1051749257819665,-55.10517492578197,-51.02339016088263,-210.7122324570164
94,114,134,-3.4259914691450604,-61.42599146914506,-61.289345642097715,-270.2728802574279
95,115,135,8.089915651766432,-55.91008434823357,-66.97910168516296,-292.513382488832
96,116,136,7.163192929839454,-42.8368070701606,-46.93569849221194,-267.50662809027654
97,117,137,22.12646062906049,-33.873539370939625,-40.959627613652856,-300.77086218033037
98,118,138,33.40763695434737,-9.592363045652519,-15.751368954744635,-230.36602421787234
99,119,139,37.29193492016071,-1.7080650798393435,-6.222180032103211,-221.88422763112328
100,120,140,30.38866295312164,-5.611337046878361,-8.28527999853145,-139.15369182984023
101,121,141,18.895697973137658,-16.104302026862342,-18.609420451703727,-106.31511633430284
102,122,142,13.955200739020768,-20.044799260979175,-21.998416802577708,-162.47912155613983
103,123,143,5.418816440299906,-26.581183559700094,-24.640243250257413,-148.08045106119368
104,124,144,12.665089516033959,-9.334910483966041,-7.811316242980865,-100.91867306850759
105,125,145,16.78298802881602,-11.217011971183865,-0.25681677125521674,-33.91998463975767
106,126,146,21.570342825002115,3.570342825002058,6.599323266130455,-34.940198831273506
107,127,147,29.029853607007794,2.0298536070077944,6.526285277115562,-68.8781897777692
108,128,148,71.66739988379209,32.667399883792086,23.379412018656694,-197.66123475178244
109,129,149,65.44151820008722,38.441518200087216,36.74674500692822,-98.8575158368294
110,130,150,66.57495631116427,28.57495631116433,28.4606202095581,-68.18643464055322
111,131,151,69.86147665140697,30.861476651406974,20.359750344058398,-104.18716772911944
112,132,152,64.63400502835282,27.634005028352817,20.993180020173668,-103.40611701623845
113,133,153,66.89991975221233,20.899919752212327,9.34190445722686,-136.64150719230054
114,134,154,89.25202632604282,26.252026326042824,5.5309411843664975,-216.50429205107855
115,135,155,123.19295488103035,61.192954881030346,36.2170054356161,-237.34232745575036
116,136,156,106.86721174310429,54.86721174310435,34.869923665459964,-226.93601060337642
117,137,157,110.56027082663479,53.56027082663468,32.11337283594537,-266.00090010220583
118,138,158,110.85790624027823,56.857906240278226,36.55803306963992,-246.80922267306153
119,139,159,122.02831932536213,67.02831932536208,46.57715360822692,-258.7163648418001
120,140,160,133.121794651706,74.12179465170595,50.63944361662277,-234.28605524141187
121,141,161,131.717863084001,71.71786308400101,47.39107232186075,-234.82230589171445
122,142,162,118.41755033796187,67.41755033796187,48.957849167934455,-198.8527811856061
123,143,163,115.29277068599424,62.29277068599424,43.87705801325296,-262.4443090547734
124,144,164,103.03625528030472,61.03625528030466,47.40392293155037,-191.90930819225207
125,145,165,106.58244574313795,67.5824457431379,55.44371180471467,-211.61772745820917
126,146,166,102.05002317576276,68.05002317576282,58.0540463309444,-184.68290584578347
127,147,167,98.70348096131153,63.70348096131147,54.2493587505561,-191.3103767251631
128,148,168,96.79680814543224,61.79680814543224,50.687975334325074,-173.5784381312477
129,149,169,92.15981624512773,57.159816245127786,45.97282608297235,-163.29508845116993
130,150,170,93.3024581296034,51.30245812960334,39.882191887369004,-155.82916735030176
131,151,171,95.67036950991246,57.67036950991246,46.576956235019,-156.24371212951837
132,152,172,89.11234905179134,55.112349051791284,44.769798616692924,-155.28187674380513
133,153,173,52.25507140368711,25.25507140368711,19.09073110658767,-109.40428283637698
134,154,174,60.953561618693016,30.953561618693016,22.94904932098268,-124.66756531793408
135,155,175,59.36512843148665,37.36512843148665,33.34354522799231,-63.52352797081369
136,156,176,54.914554895135154,40.914554895135154,42.60876873725658,-68.14157115619355
137,157,177,45.720267490236324,7.720267490236324,0.3005651523895949,-156.25369781116967
138,158,178,45.01915579896303,8.019155798963084,-0.3512571436666576,-192.0615815530349
139,159,179,37.26908207213717,5.2690820721371665,-0.6120001866074745,-134.7493383349307
140,160,180,32.53870820339455,1.538708203394549,-1.4184927866132284,-207.315012797799
141,161,181,16.367715359125896,-15.632284640874104,-12.39452144684708,-155.48707693612403
142,162,182,30.17218326713902,-21.827816732861038,-33.50733864378594,-289.0790386608825
143,163,183,29.744034594830623,-10.255965405169377,-14.574799313650487,-239.35961820598573
144,164,184,27.557375654505222,-20.442624345494778,-28.397813757911877,-233.87735485901158
145,165,185,33.54132144317583,-12.458678556824111,-20.111282876247174,-289.1216066652771
146,166,186,38.38871003377733,-1.611289966222671,-5.930123874703781,-246.58756771739957
147,167,187,53.67233503935256,10.67233503935256,6.592770671940343,-299.8306629043559
148,168,188,50.48883345764358,1.4888334576435227,-6.271074910990478,-286.2913601461845
149,169,189,36.63589531809663,-10.36410468190337,-16.08856000614344,-307.88536377672096
150,170,190,32.39025688171688,-16.60974311828312,-22.983357125797284,-301.9244572288603
151,171,191,42.81806880282289,-3.1819311971770503,-8.755093974920214,-327.66036525688617
152,172,192,36.12625539705061,-10.87374460294933,-17.291347107749516,-299.1744076583652
153,173,193,28.343352914755144,-11.656647085244856,-14.93576022288596,-228.62153027367208
154,174,194,24.434171912585498,-10.565828087414502,-10.662463360610786,-202.9758451676803
155,175,195,24.583017594151727,-6.416982405848273,-3.82900595137653,-170.23173521618298
156,176,196,2.3984991271698846,-21.601500872830115,-15.18188787063957,-80.80113644244057
157,177,197,0.3454309504739399,-36.654569049526,-34.912065493596515,-156.53191992607924
158,178,198,-0.8714325366380535,-38.87143253663805,-39.07537185904539,-176.80451775120412
159,179,199,-7.02077587846793,-40.02077587846787,-37.38881092671022,-158.70361979993572
160,180,200,-5.383491354926434,-38.38349135492655,-37.48439435456862,-141.3509301004766
161,181,201,-16.002366045134693,-49.00236604513469,-41.41043872396506,-108.34615399181564
162,182,202,-0.01920268734909314,-38.01920268734909,-40.64915714171616,-175.49849399710945
163,183,203,14.107672113192677,-11.892327886807323,-9.93418306097044,-115.65534449644292
164,184,204,14.834145327059161,-39.16585467294084,-46.64250500322021,-280.3781924192359
165,185,205,17.0716163519906,-31.928383648009515,-36.569129704123725,-257.66091690937196
166,186,206,25.72840948343469,-23.27159051656531,-27.219189392119688,-312.52012843195484
167,187,207,53.72001864874818,2.72001864874818,-2.9164596809200702,-314.65162948758143
168,188,208,46.68228676430601,-11.317713235693986,-20.439254522801207,-339.3538947947411
169,189,209,24.82009695415286,-27.179903045847027,-34.70054187341236,-295.8997561989114
