Left,Mid,Right,Loss_likeli,Loss_AIC,Loss_BIC,Loss_eBIC
0,20,40,40.62425167119659,10.624251671196589,5.847453144336896,-67.90679215582725
1,21,41,34.08401042216417,7.0840104221641695,3.3363612087960064,-91.19552626633094
2,22,42,32.82880930521844,6.828809305218442,6.41931136835899,-93.3323072098093
3,23,43,18.70352202427995,-5.296477975719995,-3.8405401635382077,-77.37423123744918
4,24,44,22.85233239981926,-8.147667600180625,-15.2637516735482,-77.18289663677865
5,25,45,25.3446304692921,-6.655369530707958,-11.139276854389095,-92.37581533529567
6,26,46,25.76992969529408,-2.6475133940936075,-2.446897962303069,-114.43903536191795
7,27,47,40.780388414823506,26.780388414823506,30.55404379862466,-90.00763032678742
8,28,48,70.92600884310787,45.926008843107866,44.56971031264209,-87.8615562139862
9,29,49,65.21707281274115,37.989962681455836,37.23883433697824,-98.95258049764186
10,30,50,49.688214125692866,27.68821412569281,27.132366824998144,-100.301460965969
11,31,51,48.221064250909194,27.221064250909137,25.430215135591652,-116.11995321818529
12,32,52,43.155294683981595,20.15529468398165,16.675566114550065,-114.7607927911979
13,33,53,48.75989746519093,25.75989746519093,22.62674248603946,-117.11424551530456
14,34,54,43.894258834992,18.894258834991945,15.805092353126383,-142.54587876341805
15,35,55,39.43417001986285,11.43417001986279,10.546112751955434,-119.35977750697134
16,36,56,36.07550885733298,5.075508857332977,-0.9204598500847396,-162.37980687370384
17,37,57,31.600315327440626,2.600315327440626,-2.480315701532959,-161.50445474974208
18,38,58,31.157626403995266,4.157626403995266,-0.6204195319843393,-128.77561908302175
19,39,59,24.22567104300606,-0.7743289569939407,-5.596363390259285,-119.19200545598278
20,40,60,30.817954237180516,-1.1820457628194845,-5.516311240201503,-84.07062489918133
21,41,61,15.734122899860665,-12.265877100139392,-17.20453963084458,-98.20957933156672
22,42,62,24.910738628050012,-2.0892613719499877,-2.8100001583028416,-48.33649614822184
23,43,63,17.605944519258685,-6.394055480741258,-5.519021281706614,-42.13564750729381
24,44,64,24.627790108443264,-3.372209891556736,-8.461955494152221,-75.41456329279777
25,45,65,24.4174974367823,0.4174974367823552,-3.213523679146192,-92.88654373222289
26,46,66,28.41686963782331,9.416869637823254,7.90875919323139,-85.98973492217885
27,47,67,58.15263042346271,42.93451816582967,44.584743510665135,-49.47657040920785
28,48,68,77.75835732781388,51.407925163152754,49.37780650676632,-44.428326146492736
29,49,69,77.56751213617866,53.56751213617861,54.790734757266875,-62.04731544793697
30,50,70,72.15769825749749,53.79527153871072,51.824591046631156,-44.220705367377946
31,51,71,70.39733419603715,49.39733419603715,47.95639626938589,-53.362782297990634
32,52,72,78.55029150940595,53.55029150940595,47.090695459766266,-91.44020971483644
33,53,73,84.70467863099208,60.704678630992134,56.03393674422364,-110.93205756749467
34,54,74,85.06342841121369,58.06342841121375,53.311302153574616,-139.63020501578342
35,55,75,86.3481366227702,54.3481366227702,46.38761282234577,-148.0383956185185
36,56,76,95.97599804998885,56.9759980499889,46.223558472685454,-191.44462827469658
37,57,77,116.36012055435867,81.36012055435867,68.98434607732236,-175.06760665338572
38,58,78,129.5791157475594,90.5791157475594,75.25382209971019,-155.0592684856157
39,59,79,123.18370186515074,81.18370186515074,64.08563361359654,-125.09161691972952
40,60,80,142.8689220786698,82.8689220786697,58.94067586872143,-175.58544345028417
41,61,81,130.47846245328537,72.47846245328537,48.107683193859316,-213.95689627199567
42,62,82,117.36043399316821,67.36043399316827,50.73742220221288,-121.67077432681413
43,63,83,102.51781575571886,65.51781575571886,51.7144689360224,-111.73214462804435
44,64,84,108.6660416021619,70.66604160216195,56.4387515484367,-113.27997466372506
45,65,85,126.87898950391468,83.87898950391468,67.32277588642341,-168.40505599356254
46,66,86,112.73555419290693,71.73555419290687,56.84837360726124,-139.10155657855057
47,67,87,81.15518189424665,52.937069636613614,46.382167251948204,-98.28887635791648
48,68,88,83.17940998575398,41.82897782109285,31.98429352277151,-165.8816606153573
49,69,89,81.8221161217989,42.8221161217989,35.537625920392315,-174.66780861789834
50,70,90,88.90258034056046,56.5401536217737,47.599347214816135,-186.47664532334738
51,71,91,54.04210490649268,30.042104906492682,27.107568569510477,-96.31883254931483
52,72,92,48.26117258907209,13.261172589072089,6.549279047440336,-137.0507903510147
53,73,93,43.98158342946056,13.981583429460557,5.283923951190218,-88.64996768915296
54,74,94,46.33977305035353,16.33977305035353,8.707754021263554,-101.61656725574028
55,75,95,53.74244981627885,14.74244981627885,2.603715877855393,-182.79945277671925
56,76,96,30.71170398966194,9.711703989661942,7.247384098738507,-77.84713126244765
57,77,97,21.82921802836654,-3.1707819716334598,-6.259948453499078,-85.46419361140158
58,78,98,11.53673207997673,-11.463267920023327,-8.704671864415332,-116.13179568084024
59,79,99,14.261216178581321,-26.738783821418565,-29.7685589566737,-153.64200742602566
60,80,100,15.481839529663773,-31.518160470336284,-37.589189384856354,-196.76262690747524
61,81,101,19.068172627061415,-28.93182737293853,-35.50072242423573,-230.82539254181359
62,82,102,37.2700968061946,-19.7299031938054,-30.779593476095556,-247.35698698137708
63,83,103,39.78440384526914,-14.21559615473086,-25.28625178580478,-244.2007921118078
64,84,104,39.53912285958381,-8.460877140416187,-15.029772191713278,-276.50385667700334
65,85,105,46.59642510880616,-17.403574891193784,-31.591754540643024,-291.9551540094378
66,86,106,47.3703228528413,-23.629677147158873,-42.34264052488675,-311.3640805655275
67,87,107,44.940444893196684,-20.05955510680326,-30.572686566810603,-245.9828874969255
68,88,108,30.07308015401918,-22.92691984598082,-33.02486635200296,-257.92215831882265
69,89,109,28.041976587178965,-29.95802341282092,-41.85215342216816,-289.8638131898365
70,90,110,39.91054912935965,-21.08945087064035,-34.13060570003847,-364.3456818054092
71,91,111,33.10637456726215,-18.89362543273785,-27.80055862142285,-310.8976001158072
72,92,112,21.512289301797693,-36.48771069820236,-45.041771192891474,-330.6939743185918
73,93,113,20.691187594983717,-37.30881240501617,-50.24266318520324,-282.9162524736523
74,94,114,29.534224974785275,-31.465775025214725,-46.586371396292634,-303.328984251992
75,95,115,30.903857193711133,-32.09614280628875,-48.55904504120076,-328.9495339296825
76,96,116,16.2509914650841,-24.7490085349159,-31.97204730717965,-225.16482286163796
77,97,117,36.4922964708951,-15.507703529104901,-25.107783898349908,-251.20931707765544
78,98,118,43.60641493008069,-0.39358506991925424,-7.397030706068335,-250.05147353864606
79,99,119,51.87643310009099,-7.123566899908951,-19.808079677709998,-300.81595291311487
80,100,120,46.38023253372546,-8.619767466274538,-19.020299065290715,-248.00973097316523
81,101,121,49.28517372031712,-1.7148262796828249,-11.163614102430984,-261.9828200315101
82,102,122,34.39131061979174,-28.60868938020826,-37.580816294283295,-264.2148072068321
83,103,123,34.08089752899241,-28.91910247100759,-35.645576144537245,-193.33324090859207
84,104,124,33.530313325717145,-19.469686674282798,-25.7553236872252,-330.809044653132
85,105,125,39.931283782311425,-20.068716217688575,-30.18598977834972,-342.0930509773333
86,106,126,25.995403787961436,-36.00459621203868,-38.86000771342208,-311.3940709184608
87,107,127,31.805355835574005,-29.194644164425995,-33.557427993965575,-263.7325701047689
88,108,128,38.850118596874154,-16.149881403125846,-23.431250689622175,-349.9963992783596
89,109,129,30.87969995164599,-27.120300048354125,-27.88595044176168,-281.61174942576895
90,110,130,23.659040906500024,-31.998672386980047,-25.07716041230674,-212.7016056296991
91,111,131,23.597326984235565,-29.402673015764435,-34.22395693397243,-261.29559729792527
92,112,132,21.156273533398632,-22.84372646660131,-23.608851173393873,-215.3040958506881
93,113,133,13.059505641975534,-40.35332401685457,-34.0365259656171,-236.55592656723525
94,114,134,15.323497867467097,-50.676502132532846,-61.35495738189627,-298.12294880510876
95,115,135,21.40085296654837,-44.59914703345157,-57.357043824494895,-331.5610867451237
96,116,136,11.939674734704568,-32.06032526529543,-33.518593456964936,-287.46410102091215
97,117,137,31.146116492023907,-19.85388350797598,-23.06434670568467,-329.0452949296232
98,118,138,45.07174149302398,-6.928258506976022,-16.69646239647375,-177.38418502572517
99,119,139,44.14820068194979,-4.851799318050098,-17.117164360323954,-188.70080214557902
100,120,140,40.33632720370008,-1.6636727962999203,-9.4042541102948,-127.66095528266283
101,121,141,34.257304471874704,-2.742695528125296,-8.68709333879508,-80.3706981012873
102,122,142,21.337758542743472,-21.662241457256528,-25.5290758997113,-124.63858393792702
103,123,143,26.371266431966433,-19.628733568033567,-22.26867019199915,-174.12040553410316
104,124,144,28.863259346956283,-0.13674065304371652,0.3278057624622761,-199.33784761734933
105,125,145,31.926392878650518,-0.07360712134948244,-2.4889534772943307,-182.1452616593449
106,126,146,32.933292814824256,-2.066707185175801,0.9352910009895368,-136.27311891208774
107,127,147,40.71685203307959,2.71685203307959,-4.4185590949271045,-170.5259251957092
108,128,148,67.62130859744201,14.016970979850612,-1.2162638284457898,-243.02231728799165
109,129,149,69.71444462005422,20.714444620054223,11.606366617280628,-170.14968982570576
110,130,150,66.09619106460059,20.438477771120574,17.782560321804908,-124.68805287576083
111,131,151,65.61604679703544,22.616046797035438,8.910480635398471,-138.64411551179455
112,132,152,61.487972682851705,23.487972682851705,12.540248366082096,-103.6715522714577
113,133,153,69.30213221854842,19.889302559718317,12.601753595464857,-140.7059521292548
114,134,154,88.80354050159798,21.803540501598036,-6.701460398541144,-263.12059617583054
115,135,155,117.67235583855927,52.67235583855927,25.509660802254075,-278.5001011376431
116,136,156,99.22600579528375,45.226005795283754,26.615156322429016,-242.4788863597896
117,137,157,93.51230215589396,38.512302155894076,18.061136438758695,-268.4877630000922
118,138,158,94.92038218345022,34.920382183450215,13.891203803857024,-268.64512150775977
119,139,159,95.03063276720758,42.03063276720752,22.575199323626293,-179.37209670086827
120,140,160,110.02676790284545,64.02676790284545,48.40297100698308,-125.27520194577733
121,141,161,107.2769262366873,64.27692623668725,50.146727751155936,-123.82718793041397
122,142,162,119.9631033214464,63.9631033214464,41.97435069669416,-183.1190218413841
123,143,163,126.4899101430359,66.4899101430359,45.35457310433367,-279.2022392572982
124,144,164,103.07792452032544,59.07792452032538,43.75671271745705,-185.12942951394575
125,145,165,94.98553263122596,54.985532631225965,40.61606460462565,-194.33282379308673
126,146,166,96.40654561762176,54.40654561762176,39.42756188847659,-175.93305667352104
127,147,167,108.22153077912373,61.22153077912378,44.40672056592439,-207.64051116182145
128,148,168,98.27196301837694,55.667625400785596,43.138329374796285,-181.60158972144166
129,149,169,94.8457076653014,53.84570766530135,40.018094272764074,-157.21592667473226
130,150,170,98.48613534836534,53.48613534836534,36.97391022815998,-207.9103471072358
131,151,171,103.99897362040474,63.99897362040474,50.322652774364315,-209.01562305421794
132,152,172,93.87532361183514,56.87532361183503,45.03917476640572,-203.02319047708977
133,153,173,61.50554161926357,27.505541619263568,16.81641759388515,-154.5815706886882
134,154,174,68.06860223979015,31.068602239790152,18.539306213800728,-163.7554712962168
135,155,175,61.833124771481096,29.83312477148104,21.564541700849645,-66.49495207831819
136,156,176,54.17561866865907,27.61351636048846,30.34759521711942,-51.695117048519705
137,157,177,48.70109336707958,16.701093367079693,10.473437518054993,-127.20056189323202
138,158,178,47.49994352947658,6.499943529476582,-3.8619339602610125,-171.819702534533
139,159,179,33.678399713936926,5.678399713936869,1.4422084120202499,-152.8934189177071
140,160,180,27.60268994920301,-5.397310050797046,-11.776258446318593,-168.38452103417444
141,161,181,14.740904317023308,-22.25909568297675,-30.629508625606377,-170.44195690206288
142,162,182,24.368384370535296,-27.631615629464704,-37.924843179269715,-190.0810770614953
143,163,183,20.568004742266567,-21.431995257733547,-24.94140207745056,-174.66122659762323
144,164,184,20.79106409585779,-24.20893590414221,-29.63080613538841,-216.24866925840604
145,165,185,28.887734597926453,-11.112265402073604,-16.12424649111449,-263.6113848675395
146,166,186,35.85326098585563,-3.146739014144373,-6.6211331955684045,-246.08520605526883
147,167,187,59.664833895167135,15.664833895167135,11.087403390978011,-259.05577992770213
148,168,188,53.82528134635413,6.8252813463541315,0.7542524318339474,-281.43256975174165
149,169,189,45.813147728287106,-0.18685227171295082,-4.720294278616166,-307.0991343878046
150,170,190,44.91684106067572,-1.0831589393243348,-5.61660094622755,-304.4903809326652
151,171,191,48.832338908101974,4.832338908101974,-0.09166518636720866,-306.6707510104909
152,172,192,40.49907298501046,0.49907298501045716,-1.3937457915108098,-323.58130923016677
153,173,193,30.413046374521798,-10.586953625478259,-11.355643958408336,-264.80639392327316
154,174,194,32.459589424355556,-3.540410575644387,-3.788338395337746,-251.15328039316773
155,175,195,25.401476083268562,-7.598523916731438,-4.581471054620806,-134.3890770630096
156,176,196,15.57891634646694,-8.983185961703725,0.6822204568569532,-73.8540874960371
157,177,197,11.63361318553325,-21.36638681446675,-20.81386340438894,-181.441976213026
158,178,198,10.90336054508873,-27.096639454911383,-29.033446728718445,-176.08097006283083
159,179,199,3.7894640227897867,-29.21053597721027,-26.686083866513854,-164.24960823422043
160,180,200,7.594080181536924,-19.405919818462962,-16.55934676828315,-196.29102589378795
161,181,201,4.404825545967071,-24.595174454032986,-23.43748085796699,-188.9072880349628
162,182,202,15.301061458503113,-22.698938541496887,-27.061760947263906,-224.1152576819502
163,183,203,27.732569871014505,-3.2674301289854384,-5.531483938433439,-157.60080245844142
164,184,204,19.36695091302903,-24.633049086971027,-27.8843057043332,-220.0550267307848
165,185,205,21.137901730439864,-20.862098269560192,-24.09722290991533,-240.95657097690582
166,186,206,32.51994484633008,-4.480055153669923,-3.8395547490202944,-228.59023332447327
167,187,207,41.803288727294785,-2.1967112727052154,-7.467288957454343,-270.9880533609171
168,188,208,37.73138348786881,-11.268616512131189,-18.3353777002053,-269.7315928867056
169,189,209,19.553020240132014,-23.446979759867986,-27.87311771756015,-221.2022939884382
