Left,Mid,Right,Loss,Loss_left,Loss_right,gain,glasso
0,20,40,1375.356088500845,1010.3121424398607,1001.7416152954081,-636.6976692344238,13.78992298410526
1,21,41,1367.9146767978445,1011.7352031581561,998.6163905298266,-642.436916890138,10.739060544363952
2,22,42,1365.5398402061696,1006.361631792018,998.1193275905126,-638.9411191763611,10.075947504150008
3,23,43,1356.5995180582968,995.9039604276613,995.0556301771564,-634.360072546521,10.948927945698756
4,24,44,1357.2956668605457,995.7761737747802,992.3251412746912,-630.8056481889257,13.37904459424442
5,25,45,1355.7273347222858,994.3950289654058,984.9095479134553,-623.5772421565753,16.301404001329047
6,26,46,1355.2446815108112,998.8839211182444,976.8482317146886,-620.4874713221218,17.314609280433956
7,27,47,1353.3652714196446,996.6870651715767,979.2179635834063,-622.5397573353384,15.659240463860897
8,28,48,1352.2882359312832,994.9906336594661,979.8710975738123,-622.5734953019953,15.860715360914696
9,29,49,1352.67773492081,998.9844914686555,983.1198515901513,-629.4266081379967,9.2605570698056
10,30,50,1354.356407548978,1005.1365543773807,983.8202984906759,-634.6004453190785,9.831661175102226
11,31,51,1362.7042980565625,1009.2645256493499,995.1854024026193,-641.7456299954067,8.372049718155381
12,32,52,1361.9378995009479,1008.1143124208114,993.5129057160225,-639.6893186358861,8.684001911167456
13,33,53,1354.2074929726768,1002.6611310379378,993.8258798359,-642.279517901161,7.253579188243975
14,34,54,1354.5029040314066,1006.9098479543275,982.3913381631567,-634.7982820860775,10.098113479685935
15,35,55,1355.3276542575375,1005.4054879826795,984.869734291608,-634.94756801675,10.940306913040104
16,36,56,1356.5402214186042,1001.0949200614064,990.992806433824,-635.5475050766261,11.499847521638458
17,37,57,1355.6662052565873,1001.6746240928721,988.5246296780682,-634.5330485143529,11.472713132596596
18,38,58,1357.9988948532232,1004.8418106243262,990.4990294088889,-637.3419451799919,10.442391916943734
19,39,59,1351.601403154412,1002.6625912361535,983.2255989873327,-634.2867870690741,9.322279748447272
20,40,60,1353.6135961280643,1001.7416152954081,989.1007389471789,-637.2287581145229,8.399020597651997
21,41,61,1354.4767622137529,998.6163905298266,992.9077512623883,-637.0473795784619,8.543037502421726
22,42,62,1373.4429568919445,998.1193275905126,1003.3467113495249,-628.0230820480929,10.840413446116372
23,43,63,1380.4624097449123,995.0556301771564,1007.6309628716701,-622.2241833039143,12.390932648631633
24,44,64,1382.9119834099029,992.3251412746912,1011.7875295567385,-621.2006874215267,15.175611322250802
25,45,65,1384.1105194439326,984.9095479134553,1013.3193959511373,-614.11842442066,20.70062172967812
26,46,66,1394.134434158413,976.8482317146886,1027.859072600125,-610.5728701564008,16.253753901952336
27,47,67,1394.2301480757974,979.2179635834063,1026.7774859710514,-611.7653014786604,15.111692157274774
28,48,68,1397.9298958479417,979.8710975738123,1031.7604010931084,-613.7016028189792,13.280293716477104
29,49,69,1402.2733576017895,983.1198515901513,1036.1073687287064,-616.9538627170682,12.93497545244486
30,50,70,1406.2078947284335,983.8202984906759,1032.9057310390274,-610.5181348012698,16.527512490690242
31,51,71,1395.4546273158073,995.1854024026193,1017.1062815501418,-616.8370566369538,11.29794868142892
32,52,72,1406.0382169950663,993.5129057160225,1024.6242417874605,-612.0989305084167,13.485010029654859
33,53,73,1411.7948026047425,993.8258798359,1020.6394398249411,-602.6705170560986,16.043381794549305
34,54,74,1404.0625743554556,982.3913381631567,1020.0732138278536,-598.4019776355547,16.87232855908246
35,55,75,1404.007084265754,984.869734291608,1019.8967472701097,-600.7593972959637,13.638720990187267
36,56,76,1415.7828779063607,990.992806433824,1025.7306735167845,-600.9406020442477,16.1666002349491
37,57,77,1412.258546837572,988.5246296780682,1024.6754570563212,-600.9415398968174,15.949177978589432
38,58,78,1406.2528405498647,990.4990294088889,1017.0586423538092,-601.3048312128335,16.318004552764364
39,59,79,1408.7053118816893,983.2255989873327,1017.4702805302762,-591.9905676359194,22.090759614125318
40,60,80,1412.2175040765605,989.1007389471789,1014.793144243427,-591.6763791140454,21.2194972891499
41,61,81,1410.5986515857726,992.9077512623883,1014.3519806929,-596.6610803695157,19.1720887309599
42,62,82,1403.1517076333932,1003.3467113495249,1008.0478016180215,-608.242805334153,12.137259395158708
43,63,83,1405.361406146617,1007.6309628716701,1005.1726514771052,-607.4422082021583,11.088461605674183
44,64,84,1403.5022264368627,1011.7875295567385,1005.5434257616639,-613.8287288815397,10.226809538940302
45,65,85,1406.3923411952485,1013.3193959511373,1011.6627213947722,-618.589776150661,12.504950054133474
46,66,86,1408.2519092224347,1027.859072600125,1008.182930907394,-627.7900942850843,10.118369219884585
47,67,87,1412.8268786610545,1026.7774859710514,1015.3937388933853,-629.3443462033822,11.116702812990752
48,68,88,1423.020222810549,1031.7604010931084,1018.5630939355364,-627.3032722180956,10.87430580816988
49,69,89,1423.3743099963551,1036.1073687287064,1020.6285750044162,-633.3616337367673,10.184192999111247
50,70,90,1417.5806454040617,1032.9057310390274,1016.2825113003428,-631.6075969353083,11.42229571449161
51,71,91,1406.5238362500954,1017.1062815501418,1016.0634828092134,-626.6459281092598,9.72941884887041
52,72,92,1396.7983145392113,1024.6242417874605,1001.4623742220731,-629.2883014703223,9.541883760004112
53,73,93,1398.106082867033,1020.6394398249411,1002.4384279234793,-624.9717848813875,11.397134660649499
54,74,94,1401.9190129968028,1020.0732138278536,1009.1988966393669,-627.3530974704177,12.164213707973204
55,75,95,1401.8543692974526,1019.8967472701097,1009.9666025213644,-628.0089804940214,11.419051615694457
56,76,96,1400.971363913492,1025.7306735167845,1008.0714055427179,-632.8307151460103,12.098880372737426
57,77,97,1406.7874303323915,1024.6754570563212,1014.3306081886639,-632.2186349125936,13.227905958636711
58,78,98,1400.7216901017368,1017.0586423538092,1014.5531202874344,-630.8900725395067,12.863677555200638
59,79,99,1396.364808674643,1017.4702805302762,1014.4630974264653,-635.5685692820985,10.71331399362657
60,80,100,1387.4010946350081,1014.793144243427,1009.9136429803673,-637.3056925887863,10.075196818016593
61,81,101,1387.3355905381395,1014.3519806929,1013.0253734539444,-640.041763608705,7.776706563735502
62,82,102,1381.5554116750523,1008.0478016180215,1012.7612657107575,-639.2536556537266,6.904953131299862
63,83,103,1376.6756379367994,1005.1726514771052,1008.3370890657561,-636.8341026060621,8.033593053315371
64,84,104,1377.6425407598613,1005.5434257616639,1005.7381636957301,-633.6390486975329,8.666174078584959
65,85,105,1372.7678632845468,1011.6627213947722,1003.4878306152457,-642.3826887254711,6.014886425874693
66,86,106,1365.4831780543127,1008.182930907394,997.8537395560752,-640.5534924091567,6.356663262241
67,87,107,1367.5695050813715,1015.3937388933853,993.8488730697864,-641.6731068818001,6.752647479214943
68,88,108,1367.938790955668,1018.5630939355364,992.563893063171,-643.1881960430392,6.704679398456506
69,89,109,1372.706708626697,1020.6285750044162,998.3485797190391,-646.2704460967584,7.202529204129291
70,90,110,1369.1552189202384,1016.2825113003428,998.2853626667226,-645.4126550468268,7.124322713053175
71,91,111,1368.3216234139054,1016.0634828092134,997.0928638084478,-644.8347232037559,6.034721598130773
72,92,112,1362.6159821586966,1001.4623742220731,1003.6999729666377,-642.5463650300142,6.0048336336585635
73,93,113,1359.2483038617781,1002.4384279234793,1001.7987963735247,-644.988920435226,2.5102093326906925
74,94,114,1359.7027514324254,1009.1988966393669,983.8819016367388,-633.3780468436803,8.934687559556892
75,95,115,1361.7623450124465,1009.9666025213644,989.9028269413029,-638.1070844502208,8.026288061636365
76,96,116,1352.8650993209985,1008.0714055427179,974.7000569093298,-629.9063631310491,10.294364971976847
77,97,117,1349.9448848306224,1014.3306081886639,961.0187561614931,-625.4044795195346,7.393327657104692
78,98,118,1353.212327766314,1014.5531202874344,964.3071958131275,-625.6479883342477,8.259823548356962
79,99,119,1347.2631450873637,1014.4630974264653,958.6545628050333,-625.8545151441349,7.997161632276516
80,100,120,1344.9167337256167,1009.9136429803673,965.0680069639698,-630.0649162187203,5.73277563063607
81,101,121,1365.1996328824487,1013.0253734539444,985.8555550872895,-633.6812956587853,5.826048148133623
82,102,122,1367.0679775265648,1012.7612657107575,983.9447985601297,-629.6380867443222,8.908071005717034
83,103,123,1360.3165392746996,1008.3370890657561,983.0149352168294,-631.0354850078859,8.262906828436599
84,104,124,1365.0517476316227,1005.7381636957301,995.1698873359278,-635.8563034000354,6.486021838338388
85,105,125,1360.8596201651267,1003.4878306152457,995.0464622247241,-637.6746726748431,5.658130524175249
86,106,126,1366.7827259316343,997.8537395560752,1004.6887473467806,-635.7597609712213,7.789443097681328
87,107,127,1363.0753422875814,993.8488730697864,1001.9958298351468,-632.7693606173516,8.869680413385709
88,108,128,1356.9928821452913,992.563893063171,999.3718884565011,-634.9428993743809,8.998838940761743
89,109,129,1357.1504624776169,998.3485797190391,996.6043823538936,-637.8024995953158,9.525936526275245
90,110,130,1359.7087739196768,998.2853626667226,1000.0235929350717,-638.6001816821176,9.921144454907676
91,111,131,1362.603155830579,997.0928638084478,1005.2449662499766,-639.7346742278455,9.38262346881686
92,112,132,1366.9319437029546,1003.6999729666377,1006.8954585659051,-643.6634878295881,7.959568506308642
93,113,133,1370.8078079112183,1001.7987963735247,1008.7664514426028,-639.7574399049092,9.47070578861792
94,114,134,1364.4433000371262,983.8819016367388,1010.6867538733659,-630.1253554729785,14.226240580400713
95,115,135,1364.7799370841396,989.9028269413029,1011.6135182252225,-636.7364080823857,9.153370894939371
96,116,136,1354.7125183901749,974.7000569093298,1011.7970054682148,-631.7845439873697,6.558936061872259
97,117,137,1347.8462542741236,961.0187561614931,1012.3706339450346,-625.543135832404,4.1799799941890114
98,118,138,1348.1682857779056,964.3071958131275,1010.354030105939,-626.492940141161,4.1769691583228905
99,119,139,1342.9602458557742,958.6545628050333,1009.5264327409018,-625.2207496901608,5.636063472636124
100,120,140,1343.548381937485,965.0680069639698,1006.0631020090964,-627.5827270355812,4.771776917339253
101,121,141,1344.0309531581897,985.8555550872895,982.9346377504883,-624.7592396795881,4.480210409908409
102,122,142,1342.3453479026844,983.9447985601297,977.3176114624517,-618.9170621198971,5.603225562787657
103,123,143,1349.8946522903493,983.0149352168294,988.1916458140139,-621.3119287404938,6.481049146029932
104,124,144,1345.7104069433165,995.1698873359278,969.8258626961349,-619.2853430887462,8.156384149212158
105,125,145,1344.5648271221362,995.0464622247241,961.362999077653,-611.844634180241,9.833215868327102
106,126,146,1357.9142892489522,1004.6887473467806,962.6671521869172,-609.4416102847456,8.891847278322643
107,127,147,1353.0340090509362,1001.9958298351468,961.9992371149017,-610.9610578991123,7.74292064586416
108,128,148,1346.4861785749858,999.3718884565011,960.2059696043636,-613.091679485879,7.341566976959143
109,129,149,1337.6000610793358,996.6043823538936,955.7745756255035,-614.7788969000612,5.6023223932323845
110,130,150,1340.2378296932707,1000.0235929350717,944.2056669697131,-603.9914302115142,3.2245413704362136
111,131,151,1338.691225003686,1005.2449662499766,935.3331614244902,-601.886902670781,3.049340577802127
112,132,152,1333.8698046254635,1006.8954585659051,930.5969119487393,-603.6225658891808,-2.112163126842802
113,133,153,1330.1294355228806,1008.7664514426028,917.2227252913535,-595.8597412110757,-6.141096593765269
114,134,154,1327.6833051592535,1010.6867538733659,908.9474050019642,-591.9508537160766,-17.83935188563555
115,135,155,1335.3401944676261,1011.6135182252225,922.3822451346493,-598.6555688922458,-13.96813462717887
116,136,156,1337.3625268632259,1011.7970054682148,927.356868484656,-601.7913470896451,-12.721647545413703
117,137,157,1356.5380231319734,1012.3706339450346,938.3096876366287,-594.1422984496899,-9.11783967103213
118,138,158,1365.3034206692544,1010.354030105939,947.8480787331584,-592.8986881698431,-0.9984305807724922
119,139,159,1380.2500240781537,1009.5264327409018,969.6130839691943,-598.8894926319424,10.645009451549754
120,140,160,1373.0011902000115,1006.0631020090964,968.7565979164478,-601.8185097255327,9.778574550643157
121,141,161,1340.062371253252,982.9346377504883,964.4343708997794,-607.3066373970157,5.456691342793306
122,142,162,1346.2435199707218,977.3176114624517,972.7002548785601,-603.7743463702902,7.647961683893641
123,143,163,1349.2317721742747,988.1916458140139,970.9772845185197,-609.9371581582589,6.55594885281198
124,144,164,1339.771397925117,969.8258626961349,981.2899068918216,-611.3443716628394,3.472914236498582
125,145,165,1329.6563274425976,961.362999077653,983.7194154389434,-615.4260870739988,2.290150133136194
126,146,166,1316.7942045338746,962.6671521869172,974.6083728296524,-620.4813204826951,0.9515489825324721
127,147,167,1333.1532421403147,961.9992371149017,984.1980219995862,-613.0440169741732,3.0734300699907635
128,148,168,1339.7934997283596,960.2059696043636,988.8455686669249,-609.258038542929,4.496142020685056
129,149,169,1342.5421871977182,955.7745756255035,993.895331429215,-607.1277198570003,2.989206266302972
130,150,170,1336.14084527378,944.2056669697131,995.4724464340629,-603.5372681299959,-1.7500833732639194
131,151,171,1351.3949270683424,935.3331614244902,1011.6643326661319,-595.6025670222798,9.510451090768129
132,152,172,1340.9823414252814,930.5969119487393,1010.523054241469,-600.1376247649268,6.789749178229499
133,153,173,1334.2033649375603,917.2227252913535,1009.4042957981752,-592.4236561519683,3.865067889953707
134,154,174,1325.9628677398505,908.9474050019642,1012.415735054352,-595.4002723164658,-10.099642818964526
135,155,175,1331.440894956603,922.3822451346493,1015.2003907171679,-606.1417408952143,-10.610009912945088
136,156,176,1337.082042677435,927.356868484656,1013.7495844990258,-604.0244103062466,-8.805787209525874
137,157,177,1335.5473824539304,938.3096876366287,1009.2459901137961,-612.0082952964945,-12.487708565092134
138,158,178,1331.0101850658534,947.8480787331584,1002.5423583709855,-619.3802520382906,-7.823964669591987
139,159,179,1331.4626736249613,969.6130839691943,993.0626377776106,-631.2130481218435,2.4812824668663325
140,160,180,1332.1935432018597,968.7565979164478,996.8662785392959,-633.4293332538839,2.3164178072991035
141,161,181,1329.488093257367,964.4343708997794,997.2106694883146,-632.1569471307271,3.1469747590080033
142,162,182,1331.7443918060117,972.7002548785601,989.4921429892055,-630.4480060617539,4.319370435346968
143,163,183,1327.3800988005255,970.9772845185197,988.5699527562363,-632.1671384742303,4.817634032043998
144,164,184,1328.4736620908993,981.2899068918216,984.6965740760783,-637.5128188770004,3.5629019320094812
145,165,185,1330.1641220372799,983.7194154389434,982.1643215663307,-635.7196149679944,2.34033200317549
146,166,186,1320.4483790092484,974.6083728296524,982.022180572646,-636.18217439305,2.2533286563145793
147,167,187,1321.1883721184663,984.1980219995862,971.4281862040576,-634.4378360851774,1.678770692105445
148,168,188,1326.4471754397416,988.8455686669249,972.167862192704,-634.5662554198873,1.6541339634291035
149,169,189,1328.2541329602375,993.895331429215,967.0561978934129,-632.6973963623905,3.693347256126799
150,170,190,1341.1741376164673,995.4724464340629,977.9316932131742,-632.2300020307698,6.639146200972846
151,171,191,1344.8357962622338,1011.6643326661319,961.3230680565761,-628.1516044604743,14.267117362522413
152,172,192,1345.2065780477462,1010.523054241469,963.7141870210836,-629.0306632148065,13.052986781151048
153,173,193,1353.3202021999796,1009.4042957981752,968.6466517835387,-624.7307453817343,13.79641080827173
154,174,194,1360.0426125821668,1012.415735054352,977.2374408834057,-629.6105633555908,11.137652883285114
155,175,195,1352.5582753946703,1015.2003907171679,964.028358564422,-626.6704738869196,10.280585421084538
156,176,196,1358.943711588714,1013.7495844990258,968.5967420119914,-623.4026149223032,12.792233407311642
157,177,197,1357.545134193258,1009.2459901137961,972.5269926403591,-624.2278485608972,10.083260403390454
158,178,198,1354.5325357905463,1002.5423583709855,979.9248867826057,-627.9347093630449,9.950275945973317
159,179,199,1352.5592934029617,993.0626377776106,982.963592716507,-623.4669370911558,13.111649251900417
160,180,200,1355.2378445300321,996.8662785392959,986.0236372415326,-627.6520712507963,11.678048772701686
161,181,201,1357.5596392781504,997.2106694883146,987.8700097968401,-627.5210400070043,11.245198220302996
162,182,202,1353.6454324529193,989.4921429892055,995.0870294584147,-630.933739994701,10.56355151179207
163,183,203,1352.4483112991159,988.5699527562363,991.89354160606,-628.0151830631805,11.028960210916466
164,184,204,1352.551712118007,984.6965740760783,994.322606507568,-626.4674684656393,10.763425766301793
165,185,205,1350.1968140299937,982.1643215663307,991.6340932797746,-623.6016008161116,9.980592213543105
166,186,206,1352.12365469954,982.022180572646,997.0001902926516,-626.8987161657574,9.343640815767003
167,187,207,1346.123723403425,971.4281862040576,993.6923127398254,-618.996775540458,10.863126944241003
168,188,208,1351.1383930371494,972.167862192704,1002.7160709355387,-623.7455400910933,10.489246292526332
169,189,209,1346.7132763202153,967.0561978934129,1001.851420196022,-622.1943417692196,9.441843486435118
