Left,Mid,Right,Loss,Loss_left,Loss_right,gain,glasso
0,20,40,1296.193319636703,956.7421297577548,955.9994042959902,-616.5482144170419,-1.3149978916019336
1,21,41,1292.8449788220264,955.3640001903374,954.2870234557763,-616.8060448240872,-3.785034129213159
2,22,42,1305.6871412711891,962.9761776892528,971.9777520115158,-629.2667884295795,-1.4161535702614856
3,23,43,1303.3627072410118,957.6586556836496,974.1189542504746,-628.4149026931125,-2.4650537215435406
4,24,44,1298.3053948726451,950.2085764229428,975.1741939637861,-627.0773755140838,-3.0609118097203236
5,25,45,1299.8719126513502,951.7177219563781,977.4422273260773,-629.2880366311051,-2.191459057612178
6,26,46,1300.258465027538,952.1522880044554,978.3670518175527,-630.26087479447,-1.769349062096353
7,27,47,1316.7155655905044,960.5576026092456,990.0564151962044,-633.8984522149456,0.6031817663505308
8,28,48,1315.9234695298635,959.7576446293665,987.5795142284583,-631.4136893279613,0.44314016249359156
9,29,49,1313.872529079341,960.6165392079347,981.8832705580483,-628.627280686642,2.2967457865293
10,30,50,1314.1881155705487,960.069807416132,983.970263331634,-629.8519551772174,4.274875114539782
11,31,51,1312.588240063852,960.8371814025305,979.8496317293591,-628.0985730680377,4.829947412609272
12,32,52,1307.8738547068547,973.2725157366948,969.360346216973,-634.7590072468131,2.1670456234940048
13,33,53,1307.5259814119383,970.2821572793713,967.8380863918765,-630.5942622593095,3.100022979003029
14,34,54,1314.4335777229576,974.0926139485803,977.6041195509894,-637.2631557766122,3.7739554473239423
15,35,55,1311.4539665626567,964.3548753803399,976.847540886864,-629.748449704547,5.443154878360701
16,36,56,1322.4883737372943,964.088608091444,986.9111257185968,-628.5113600727466,7.424469931954491
17,37,57,1320.607576737745,961.5338050911308,984.747917883282,-625.6741462366679,6.48879268502867
18,38,58,1329.4970361774144,967.7578058791934,982.6944402252228,-620.9552099270018,5.616327575727723
19,39,59,1321.7060654059178,950.894598500467,980.2092411309112,-609.3977742254606,5.9008784363776385
20,40,60,1319.2836954228005,955.9994042959902,978.5060679950382,-615.2217768682278,3.392264799837335
21,41,61,1334.9059609510236,954.2870234557763,991.8540280084339,-611.2350905131866,6.71409807441205
22,42,62,1337.049964815511,971.9777520115158,987.855293194056,-622.7830803900608,2.456645595974692
23,43,63,1339.4047235696353,974.1189542504746,990.2479102249539,-624.9621409057931,1.6601913618904973
24,44,64,1349.4081920274225,975.1741939637861,997.018494116588,-622.7844960529517,4.668876462547814
25,45,65,1349.2799091116904,977.4422273260773,995.2964054132017,-623.4587236275886,5.4720427281677075
26,46,66,1348.4055493827664,978.3670518175527,995.1455904631201,-625.1070928979066,4.063942186301915
27,47,67,1345.8453265539863,990.0564151962044,984.7651329513196,-628.9762215935377,1.778224048919128
28,48,68,1349.1729477409629,987.5795142284583,990.883527214503,-629.2900937019983,2.4820486368834054
29,49,69,1349.8134309444724,981.8832705580483,995.4277408657151,-627.497580479291,1.7999319684256534
30,50,70,1352.8910463526427,983.970263331634,995.3119580390853,-626.3911750180766,2.5102724658534044
31,51,71,1360.1710086594885,979.8496317293591,1002.4835499568394,-622.16217302671,2.93662876043129
32,52,72,1348.261658725458,969.360346216973,1001.8845377747423,-622.9832252662573,3.2539051868188835
33,53,73,1350.313255506312,967.8380863918765,1001.1032634470355,-618.6280943325999,5.964695613076287
34,54,74,1360.0840361594144,977.6041195509894,1006.6643562558023,-624.1844396473773,5.368729171820291
35,55,75,1352.0605092431397,976.847540886864,994.2143631109574,-619.0013947546818,6.741200503190839
36,56,76,1351.619650461098,986.9111257185968,986.9462062647358,-622.2376815222347,5.569238906079136
37,57,77,1356.0925834681552,984.747917883282,990.4728219290255,-619.1281563441521,6.361063293448979
38,58,78,1356.2842633252799,982.6944402252228,980.5079954565451,-606.918172356488,7.943951942466356
39,59,79,1364.0187812672186,980.2092411309112,988.8547449272022,-605.0452047908948,6.460540285090474
40,60,80,1361.9261127779657,978.5060679950382,983.8380362669373,-600.4179914840097,9.341231002931409
41,61,81,1365.452280046642,991.8540280084339,978.6855551605313,-605.0873031223232,9.740894902516743
42,62,82,1366.4438855249607,987.855293194056,983.4869820154825,-604.8983896845778,5.027047426580793
43,63,83,1365.191470411442,990.2479102249539,976.9673209602402,-602.0237607737522,7.54567066839013
44,64,84,1368.2654342076885,997.018494116588,971.014906360413,-599.7679662693126,10.899438782421157
45,65,85,1367.9564624749305,995.2964054132017,975.7717810005015,-603.1117239387727,11.636320327100748
46,66,86,1371.0014772023883,995.1455904631201,977.8853471785797,-602.0294604393116,12.149524961799216
47,67,87,1358.731105453423,984.7651329513196,978.13065411294,-604.1646816108366,8.73429963170156
48,68,88,1364.5257464094866,990.883527214503,983.1060884986304,-609.4638693036468,7.516317564445217
49,69,89,1364.231284347893,995.4277408657151,983.1542581375131,-614.3507146553352,6.124804495410672
50,70,90,1360.3365267450706,995.3119580390853,980.1962455551064,-615.1716768491212,4.634956502335854
51,71,91,1366.2287090976997,1002.4835499568394,974.3992419991775,-610.6540828583172,-1.5620127095386351
52,72,92,1372.109532459397,1001.8845377747423,980.6943573724534,-610.4693626877986,4.413684312288979
53,73,93,1373.7106072680551,1001.1032634470355,982.8311772966881,-610.2238334756685,6.1846809316364215
54,74,94,1368.5595952391104,1006.6643562558023,983.919831405068,-622.0245924217597,3.2912896640457348
55,75,95,1356.031083809472,994.2143631109574,982.5654854803863,-620.7487647818716,3.551660477418409
56,76,96,1345.590872523997,986.9462062647358,987.1395610760292,-628.494894816768,2.0507899683940423
57,77,97,1344.0698464318048,990.4728219290255,985.664822373802,-632.0677978710228,1.7790586743462882
58,78,98,1330.9316476127633,980.5079954565451,978.6964315978933,-628.2727794416751,0.9224723315005576
59,79,99,1329.2049034734741,988.8547449272022,969.2795205544259,-628.9293620081539,-1.1727583857402806
60,80,100,1326.8469997185077,983.8380362669373,972.5228241853765,-629.513860733806,4.560080272685127
61,81,101,1317.7561983584633,978.6855551605313,956.9017843558529,-617.8311411579209,6.259876379320531
62,82,102,1323.833301825186,983.4869820154825,967.552830367788,-627.2065105580846,2.907971294089748
63,83,103,1317.1819615616532,976.9673209602402,966.5617105548135,-626.3470699534005,4.4712843154852635
64,84,104,1314.703648893777,971.014906360413,968.8702671310884,-625.1815245977245,4.535537387325576
65,85,105,1320.1385356437002,975.7717810005015,971.3035222114836,-626.936767568285,4.961244068395672
66,86,106,1323.010922945195,977.8853471785797,971.5679929161169,-626.4424171495016,6.273458845631012
67,87,107,1321.7353800494284,978.13065411294,968.4618755725262,-624.8571496360378,5.036099516663398
68,88,108,1319.6719971834798,983.1060884986304,956.8737079174311,-620.3077992325818,4.336224292763518
69,89,109,1320.4586735889259,983.1542581375131,957.2499004004262,-619.9454849490135,4.990340124844693
70,90,110,1316.3809104963793,980.1962455551064,954.8307376386405,-618.6460726973676,1.9387399375769974
71,91,111,1311.2014734595757,974.3992419991775,955.8347361444999,-619.0325046841017,0.3323984314571362
72,92,112,1330.980491932914,980.6943573724534,983.3213068447815,-633.0351722843209,2.153272168064859
73,93,113,1342.0233411464412,982.8311772966881,987.6288999016992,-628.4367360519461,5.218471377062315
74,94,114,1337.5693348968189,983.919831405068,986.9405318680534,-633.2910283763026,4.239089322140444
75,95,115,1345.910601513727,982.5654854803863,999.6203571388995,-636.2752411055587,4.655626267924617
76,96,116,1349.9090526809318,987.1395610760292,999.4890661349402,-636.7195745300376,3.7729948821790913
77,97,117,1345.8238028854914,985.664822373802,996.128774812164,-635.9697943004746,3.373495425991905
78,98,118,1337.2627445873593,978.6964315978933,995.2596312892235,-636.6933182997575,3.0154887421080048
79,99,119,1343.9332113229634,969.2795205544259,1006.385134032606,-631.7314432640683,4.239942088496832
80,100,120,1342.6591369544394,972.5228241853765,1001.687823334295,-631.5515105652321,6.2454791374455
81,101,121,1338.687393228629,956.9017843558529,1005.1565336730289,-623.3709248002529,7.675672176383955
82,102,122,1336.1776306539814,967.552830367788,999.7265521641821,-631.1017518779886,3.921054899501655
83,103,123,1333.7805200751995,966.5617105548135,998.1633923149823,-630.9445827945963,3.419620844221413
84,104,124,1336.8744366437131,968.8702671310884,1000.1993853317892,-632.1952158191646,3.790842537071626
85,105,125,1334.9553480127786,971.3035222114836,997.0272079938463,-633.3753821925513,2.8924766479915434
86,106,126,1340.6437528290444,971.5679929161169,1004.9773481787424,-635.901588265815,5.492431052744109
87,107,127,1338.8068103645728,968.4618755725262,1003.6072987978176,-633.2623640057709,4.981656938760807
88,108,128,1333.643141957531,956.8737079174311,1003.9278050054993,-627.1583709653994,5.437501287515261
89,109,129,1333.8061548121136,957.2499004004262,1003.367978068444,-626.8117236567566,4.703320419310785
90,110,130,1345.794242224783,954.8307376386405,1014.9321630074326,-623.96865842129,4.261914949251604
91,111,131,1343.393178459257,955.8347361444999,1012.8825818313067,-625.3241395165496,5.699897120803712
92,112,132,1343.3045475646613,983.3213068447815,989.7830066138794,-629.7997658939994,1.5369393932587627
93,113,133,1342.6921637695689,987.6288999016992,988.9396822545394,-633.8764183866699,6.149824275985566
94,114,134,1341.4006756920026,986.9405318680534,989.1571357774193,-634.6969919534702,5.028811962484383
95,115,135,1353.2774935744628,999.6203571388995,993.6354218347092,-639.978285399146,6.425580644746333
96,116,136,1359.7883615009405,999.4890661349402,1000.1592272075802,-639.85993184158,6.83764481965477
97,117,137,1364.8127207094994,996.128774812164,1008.4909051854279,-639.8069592880925,7.065744650441957
98,118,138,1366.5201910842522,995.2596312892235,1008.0448874917311,-636.7843276967023,7.246702577076121
99,119,139,1367.4266229073546,1006.385134032606,996.3567353537712,-635.3152464790226,9.726555042404698
100,120,140,1369.792454303321,1001.687823334295,1001.7378479049778,-633.6332169359519,10.888304481354112
101,121,141,1370.2744119154172,1005.1565336730289,1004.1422077820289,-639.0243295396406,8.501208545686268
102,122,142,1368.9118417539567,999.7265521641821,1008.5237023061053,-639.3384127163308,7.491138556100964
103,123,143,1369.4495355695894,998.1633923149823,1011.4943458074134,-640.2082025528061,7.04790261049061
104,124,144,1377.0947180748897,1000.1993853317892,1013.4040740835476,-636.5087413404472,10.495559802242838
105,125,145,1376.152836553724,997.0272079938463,1012.3727039303412,-633.2470753704636,9.490906887959682
106,126,146,1376.7270999333164,1004.9773481787424,1003.721585434628,-631.971833680054,8.121480231803503
107,127,147,1380.76654979137,1003.6072987978176,1008.5115640976828,-631.3523131041306,8.961772835674992
108,128,148,1383.2995740709325,1003.9278050054993,1011.4149002433171,-632.0431311778839,8.684422012853133
109,129,149,1388.1295688380965,1003.367978068444,1014.4621876976494,-629.7005969279969,8.387597858747085
110,130,150,1390.0275647652052,1014.9321630074326,1003.4805076857589,-628.3851059279864,9.643494069099688
111,131,151,1393.786880027043,1012.8825818313067,1010.8084110041164,-629.90411280838,9.949172167350639
112,132,152,1384.099382839792,989.7830066138794,1013.3088439308988,-618.992467704986,9.67131703599398
113,133,153,1378.2668300906703,988.9396822545394,1006.1004985387617,-616.773350702631,9.950194596327947
114,134,154,1380.7415133026288,989.1571357774193,1007.2200614125729,-615.6356838873635,8.956944366762514
115,135,155,1398.2378778604382,993.6354218347092,1024.6782878903255,-620.0758318645965,7.512366236094181
116,136,156,1399.8479132840987,1000.1592272075802,1016.4688898512251,-616.7802037747067,8.295915494611336
117,137,157,1401.9870309062617,1008.4909051854279,1005.6976743388577,-612.2015486180239,10.505540780304386
118,138,158,1402.6152333365635,1008.0448874917311,999.9643491249144,-605.394003280082,10.915825085885672
119,139,159,1381.035225248191,996.3567353537712,994.7400194789699,-610.0615295845503,7.558949024394337
120,140,160,1384.397988728657,1001.7378479049778,994.0561453501176,-611.3960045264382,6.231650731357377
121,141,161,1380.117007077542,1004.1422077820289,993.1542394783397,-617.1794401828265,5.671350017610507
122,142,162,1398.7951846592362,1008.5237023061053,1009.2027541592036,-618.9312718060726,9.74196915249388
123,143,163,1403.927473903697,1011.4943458074134,1012.8182789886492,-620.3851508923656,9.5225970405329
124,144,164,1400.5649324946523,1013.4040740835476,1004.2932127286425,-617.1323543175379,10.87753070044721
125,145,165,1399.100468553769,1012.3727039303412,1005.2932335073529,-618.5654688839252,10.724088266311924
126,146,166,1391.6994106916154,1003.721585434628,1008.6279094542804,-620.6500841972929,10.772452828603264
127,147,167,1396.7377242622138,1008.5115640976828,1008.8326833804447,-620.6065232159137,10.987819907945777
128,148,168,1400.626165014452,1011.4149002433171,1012.388011108456,-623.1767463373212,11.996302397050385
129,149,169,1398.0886594304138,1014.4621876976494,1010.7754034424206,-627.1489317096562,12.052916304551218
130,150,170,1395.4967889936468,1003.4805076857589,1010.9633602061244,-618.9470788982364,16.20266963027052
131,151,171,1396.590474962502,1010.8084110041164,1003.4226760259385,-617.6406120675529,17.940097509864586
132,152,172,1392.1065126228,1013.3088439308988,999.8406673061179,-621.0429986142167,17.189081206243827
133,153,173,1382.5353784508452,1006.1004985387617,999.6603730446911,-623.2254931326077,14.938470385631831
134,154,174,1387.3354136735002,1007.2200614125729,1005.7224043501848,-625.6070520892576,15.071033844663702
135,155,175,1370.4633951458813,1024.6782878903255,983.531922372313,-637.7468151167573,7.27034303842845
136,156,176,1363.885938104223,1016.4688898512251,973.6248685647718,-626.207820311774,10.245530109342553
137,157,177,1359.2105812766072,1005.6976743388577,976.5517436178944,-623.0388366801449,13.57658462694576
138,158,178,1359.3641054542136,999.9643491249144,976.8382403675791,-617.43848403828,17.59856950040546
139,159,179,1356.504978860236,994.7400194789699,976.2694625756637,-614.5045031943978,18.41448853272493
140,160,180,1353.3978079959068,994.0561453501176,981.2557231055273,-621.914060459738,16.693217981020666
141,161,181,1359.3609809202576,993.1542394783397,991.679428403742,-625.4726869618241,17.676456452050502
142,162,182,1364.8515843911505,1009.2027541592036,989.6073863611721,-633.9585561292251,12.532624782204039
143,163,183,1365.9082704976406,1012.8182789886492,990.1168615646948,-637.0268700557033,11.314095593617935
144,164,184,1356.6841035553089,1004.2932127286425,991.5512087096029,-639.1603178829364,7.517993631387412
145,165,185,1365.1921911169152,1005.2932335073529,1002.1807370836871,-642.2817794741247,6.849943549370209
146,166,186,1368.0836703841674,1008.6279094542804,1007.3037351506775,-647.8479742207905,7.3015960519639975
147,167,187,1370.301253485647,1008.8326833804447,1009.0656061764587,-647.5970360712563,8.005920662659719
148,168,188,1371.2190246452888,1012.388011108456,1007.2614003797617,-648.4303868429288,8.268713252546377
149,169,189,1374.920882514241,1010.7754034424206,1010.113943874914,-645.9684648030936,9.178869553622576
150,170,190,1376.357339846677,1010.9633602061244,1010.9664490089972,-645.5724693684447,9.382094741849755
151,171,191,1368.5896421758503,1003.4226760259385,1009.8609203178478,-644.693954167936,9.797973931247384
152,172,192,1365.2530339016523,999.8406673061179,1011.1684195640042,-645.7560529684699,8.509847106584402
153,173,193,1365.7992619860706,999.6603730446911,1013.3025955047824,-647.1637065634029,8.680189261541955
154,174,194,1368.4026820147599,1005.7224043501848,1008.3273883199338,-645.6471106553588,10.950189676934315
155,175,195,1354.9418330376761,983.531922372313,1013.7709868124117,-642.3610761470486,8.174616479798487
156,176,196,1353.9044652148575,973.6248685647718,1015.1943352127826,-634.9147385626968,9.121059460037827
157,177,197,1353.2428075854154,976.5517436178944,1002.0402340152948,-625.3491700477739,12.510076221957547
158,178,198,1353.1836144596882,976.8382403675791,1000.4845866685243,-624.1392125764153,13.627606238210547
159,179,199,1353.1851961914397,976.2694625756637,1000.7644788287955,-623.8487452130196,14.34859864454313
160,180,200,1353.0425449223496,981.2557231055273,988.6501360212333,-616.8633142044109,19.669023545880123
161,181,201,1352.7682688136783,991.679428403742,977.4528776752097,-616.3640372652735,19.408202039494427
162,182,202,1342.7548687598332,989.6073863611721,977.2154618480841,-624.0679794494231,6.743623854405314
163,183,203,1344.385057417635,990.1168615646948,980.2618351503093,-625.9936392973691,6.434006404064917
164,184,204,1345.5644596937927,991.5512087096029,983.8776404990479,-629.864389514858,4.662547784872345
165,185,205,1348.1114195014754,1002.1807370836871,972.8062114702298,-626.8755290524414,8.182813850992488
166,186,206,1346.9171259808331,1007.3037351506775,966.6727401774282,-627.0593493472725,7.42962113600754
167,187,207,1345.207891901383,1009.0656061764587,962.0118790003902,-625.8695932754658,9.199466147732323
168,188,208,1341.3613168007207,1007.2614003797617,958.5198562722726,-624.4199398513135,5.767757464254714
169,189,209,1337.9199462052018,1010.113943874914,953.871154005612,-626.0651516753242,2.957528117534366
