Left,Mid,Right,Loss_likeli,Loss_AIC,Loss_BIC,Loss_eBIC
0,20,40,50.1222168635245,38.1222168635245,40.119015798639964,-90.81136166527563
1,21,41,43.486739974501916,29.486739974501916,30.487806636063397,-49.07535983797618
2,22,42,41.21660613138579,20.216606131385788,17.732609835508356,-83.33553858991525
3,23,43,31.129874470817924,18.129874470817924,20.32195444971626,-31.290581861306464
4,24,44,34.491561055655154,20.491561055655154,22.185774897776582,-52.88803149693604
5,25,45,36.372090991658695,19.372090991658695,19.919280013729008,-74.610929845221
6,26,46,38.983397564507584,15.983397564507584,13.543389765916004,-88.07328215153098
7,27,47,30.147371151966013,7.147371151966013,4.707363353374433,-110.21157065033708
8,28,48,29.891227109955025,8.891227109955025,7.446951584917372,-102.40858409955536
9,29,49,28.171491261604956,7.171491261604956,5.727215736567302,-93.15434698488582
10,30,50,31.88150883356127,9.88150883356127,8.285940762026598,-101.87243818303932
11,31,51,29.244495547005442,7.706186639292412,10.63540229603666,-76.55468416756219
12,32,52,18.561724868382612,-2.438275131617388,-3.5359770663750396,-176.10944568842
13,33,53,11.409147639751893,-10.590852360248107,-11.146699660942886,-156.32635171362267
14,34,54,11.98554495348958,-16.01445504651042,-21.29036711926699,-128.30016829746376
15,35,55,20.964323444992203,-12.035676555007797,-18.76119854080946,-187.57436847873691
16,36,56,20.66379954262834,-11.33620045737166,-13.484823559416384,-134.2504566989295
17,37,57,21.278080391010974,-8.72191960898897,-14.993563955299578,-119.28282781425685
18,38,58,35.87761333789621,-6.122386662103793,-18.0218510594583,-147.51476601250738
19,39,59,39.35909593234652,10.359095932346577,9.705120055152975,-85.72685637052223
20,40,60,36.96159366084976,15.081860962065434,21.300858532465668,-50.8017205246083
21,41,61,42.658119939284575,31.658119939284575,36.2322265528569,-43.047785258163685
22,42,62,63.131238200717235,48.131238200717235,49.3275859060617,-59.77575123119141
23,43,63,80.89370462254601,69.89370462254601,72.38836969443855,18.656868843159373
24,44,64,85.8571925126679,74.85719251266795,78.22764966026045,15.093355503453381
25,45,65,80.66459935468743,67.66459935468743,71.07678946657467,-9.234518359522212
26,46,66,80.31337212664687,59.31337212664687,56.17035071003886,-47.11447151182642
27,47,67,82.36038695779655,56.576561367430884,56.7331883019354,-82.96150385328474
28,48,68,90.24849069091226,65.24849069091226,60.0798826673668,-106.46974718840022
29,49,69,90.35055881740459,62.35055881740459,51.800447259578846,-120.5597837606307
30,50,70,95.33431220117183,68.33431220117183,60.11110066210756,-124.7393146311706
31,51,71,96.46722769961434,66.46722769961434,55.471992233440176,-138.671221670048
32,52,72,100.30821822803375,66.30821822803375,50.76706393873576,-157.2540056798798
33,53,73,95.5389955565754,58.5389955565754,41.50424285694646,-149.59185088002096
34,54,74,80.33244893213214,49.33244893213214,34.93831946288515,-126.62653698580289
35,55,75,64.02163733090526,32.021637330905264,17.129641724881367,-128.41959497340417
36,56,76,66.90138311652339,28.901383116523334,16.761375828778,-118.82290212912574
37,57,77,68.6625486070825,29.662548607082613,11.63206363389952,-109.98273645584823
38,58,78,88.72718192677581,43.72718192677581,22.709500132930998,-132.29320565796763
39,59,79,67.62542183238202,39.62542183238202,31.15154592524607,-40.750904044910385
40,60,80,67.80878231454005,39.92904961575567,34.84308419877459,-37.60326093686376
41,61,81,66.51281489913725,49.512814899137254,42.78195852532821,-45.75177181817776
42,62,82,71.56921505776529,51.56921505776529,42.81928987129561,-76.91393786456047
43,63,83,83.3142238500094,60.3142238500094,49.903023474978454,-42.60869232415507
44,64,84,95.09745824663173,77.09745824663173,70.39795422146585,-37.70169281210542
45,65,85,82.36747301092794,63.36747301092794,56.8609944965537,-36.807038643877945
46,66,86,57.992693394311004,41.992693394311004,36.48697239766835,-43.20171569873423
47,67,87,59.824895263471944,40.041069673106335,37.293142393513165,-38.31216184503535
48,68,88,56.728244976775045,33.728244976775045,24.356765372583936,-41.11224827401986
49,69,89,54.724630550802146,31.724630550802146,22.353150946611095,-42.678372289073536
50,70,90,46.53380445605649,27.533804456056487,23.413434617779217,-18.9347722993341
51,71,91,51.92664940746141,30.92664940746141,24.346029387750832,-48.17807357160689
52,72,92,58.13521171423713,29.13521171423713,24.982535125330514,-81.97866339605957
53,73,93,56.91958019845924,34.91958019845924,31.93771776580479,-68.20125430284872
54,74,94,50.511366526779625,29.511366526779625,25.6410758697823,-93.68682032008007
55,75,95,43.24813763723864,24.248137637238642,23.21114732534062,-56.84142438262916
56,76,96,49.25929650721952,26.259296507219517,25.738876002890265,-62.831790473656724
57,77,97,46.97470324998267,22.974703249982667,24.03106775208937,-29.473736765017975
58,78,98,58.38492618808772,35.384926188087775,32.5359917257378,6.3719802980392615
59,79,99,62.931473166193086,37.931473166193086,28.603982059287944,-74.62779476949765
60,80,100,62.70418240281924,35.70418240281924,26.6757371911836,-62.49773938007149
61,81,101,66.27439610355532,38.27439610355532,29.79790409028351,-72.37042067094524
62,82,102,49.82156186176337,23.821561861763428,16.42221975004111,-90.78249617492793
63,83,103,70.30990605504826,27.309906055048316,11.446839618116996,-138.36464776478635
64,84,104,63.52931636633707,31.52931636633707,22.18249820479275,-121.4903182168531
65,85,105,71.3611592513414,35.361159251341405,23.676302952408946,-150.91640480147385
66,86,106,73.92308786578809,37.92308786578815,29.01082028909559,-165.80735663996973
67,87,107,87.87943413008031,46.87943413008031,33.39839432782287,-167.86066308071986
68,88,108,90.45269991071405,47.452699910714045,32.28278065434279,-193.8263801050366
69,89,109,91.43133186215135,48.43133186215135,34.99428055717999,-180.7023860058033
70,90,110,85.68678545013097,42.68678545013097,30.755941112850564,-212.32836791163766
71,91,111,77.58939806068736,42.58939806068736,32.09555507909192,-136.7823058031206
72,92,112,78.97320192228449,43.97320192228449,37.87304928355593,-136.41558219848866
73,93,113,69.26311675584498,38.263116755844976,29.760738321357394,-136.36476157637117
74,94,114,67.02897590184597,32.028975901845854,21.18855932997053,-161.49338182648557
75,95,115,74.19165339552683,38.19165339552683,28.344365168139916,-156.32198977041207
76,96,116,45.363367632579525,14.363367632579525,8.546439232353578,-126.41572382702282
77,97,117,37.59796315278845,10.597963152788452,11.38047565975694,-86.7540312985875
78,98,118,33.2381109482551,8.238110948255098,8.20575370543088,-45.15048664725225
79,99,119,23.520734654218245,4.520734654218245,4.8716443133803295,-71.66627120808005
80,100,120,33.7861135175267,13.786113517526701,13.177413928388432,-55.480687626162194
81,101,121,22.934348608138578,2.9343486081386345,6.095642844604754,-66.13683553869475
82,102,122,30.699075031950315,10.699075031950429,8.905547415371188,-51.519994580833554
83,103,123,46.950396324220435,22.950396324220492,18.972801618012,-105.38316806565854
84,104,124,54.69134397763764,28.691343977637644,20.945428275635322,-90.19887248607097
85,105,125,56.10071519986798,26.100715199867977,17.98434458655663,-119.38517552608982
86,106,126,67.91526746338639,34.915267463386385,26.110303935904994,-159.93272610910424
87,107,127,50.64383872920337,19.69840954637891,15.266937200679422,-152.19766899174124
88,108,128,36.67387359975589,-0.32612640024410666,-9.73626011371357,-239.10856928589556
89,109,129,66.6527505681758,22.65275056817586,9.410980306987312,-227.135455831836
90,110,130,67.78787593679994,28.787875936799992,19.421730720616324,-260.9289231560915
91,111,131,57.68847038766182,17.688470387661823,6.438164673581468,-177.2005154351648
92,112,132,62.45465938427594,26.454659384275942,15.93546360768994,-147.6885627825261
93,113,133,77.83273636679485,45.83273636679485,35.79277102469047,-154.37492075386945
94,114,134,96.61878310205503,46.05966931416185,35.263241239572494,-199.7288250516557
95,115,135,82.20549796159457,38.20549796159469,24.96372770040614,-205.22454630315826
96,116,136,66.73829838574915,28.738298385749204,16.75085699382271,-168.42543919065963
97,117,137,41.29033965675444,6.2903396567544405,-4.370051270768045,-170.72851770675857
98,118,138,36.91664908276721,6.916649082767208,-1.4344368052231857,-80.36618011418443
99,119,139,29.21133826852133,7.211338268521445,5.02892874651252,-41.47100263502796
100,120,140,40.261964321335995,20.261964321335995,18.35848656337396,-53.034384017099
101,121,141,26.851949145472304,7.8519491454724175,8.473364834191216,-58.869709139094766
102,122,142,27.91086612038373,8.91086612038373,7.9617782308616825,-78.92211387908708
103,123,143,33.72041101441505,18.72041101441505,17.490743587799557,-121.78096389413815
104,124,144,28.91248266448781,7.912482664487811,1.9627504658104726,-153.08740438274992
105,125,145,38.919673305968104,9.919673305968104,1.608021648873887,-160.95447205333528
106,126,146,29.223063091940958,8.223063091940958,2.619904483543678,-108.76481554909128
107,127,147,19.256823175436693,4.311393992612238,3.686896751984932,-52.362427423029885
108,128,148,52.0730374979039,28.073037497903897,20.976280479175557,-75.48938377885042
109,129,149,36.42528051188776,15.425280511887763,11.405033788972105,-66.6285092119025
110,130,150,30.670863129570648,12.670863129570648,12.316061153191981,-68.71288651070245
111,131,151,38.94653648572569,13.486643772841035,10.221523301831553,-95.97095129923775
112,132,152,46.89411602339186,17.365503539260658,13.772445180266686,-90.03980709358689
113,133,153,58.45037292752238,39.45037292752238,34.84294659267903,-90.31290408838811
114,134,154,91.85887208210369,55.299758294210505,49.04744100253913,-105.40620606911955
115,135,155,83.85857615191787,41.85857615191799,27.726273792024585,-152.41404512911072
116,136,156,94.35092873443313,51.35092873443307,35.85823559183825,-146.0902873749966
117,137,157,86.92565993049084,50.92565993049084,35.7750677287587,-107.06032837129987
118,138,158,63.92177080713304,39.92177080713304,31.785293017564754,-91.86066224044248
119,139,159,72.44711685401853,49.44711685401853,40.76878443038743,-66.24651469164314
120,140,160,78.38251345876472,46.73834486483668,36.21984044059457,-102.86065160136968
121,141,161,80.65946679800152,46.65946679800152,31.81145968926353,-133.65802521010198
122,142,162,92.56494105203853,52.56494105203859,35.0763107129186,-158.87811305226785
123,143,163,91.22610037289337,51.22610037289337,37.32227457540034,-161.17734294939646
124,144,164,85.40087662466453,48.400876624664534,35.29457629323281,-135.96939960473924
125,145,165,68.43435460042258,38.43435460042258,28.22518796905706,-108.4421517945924
126,146,166,73.06432993863848,43.06432993863848,31.383567976648237,-117.7344239300786
127,147,167,57.49715174908192,37.49715174908192,29.619270555221874,-48.3474401470927
128,148,168,56.401716310806705,31.401716310806705,20.51257558018142,-49.39298809672903
129,149,169,45.200444678725944,24.200444678725944,16.714462053010493,-33.451694325976064
130,150,170,47.182952965096206,23.182952965096206,18.801233397215697,-63.80786625546716
131,151,171,41.30077979624775,17.840887083362986,14.185204524787764,-69.58999193223337
132,152,172,30.09754737494768,9.568934890816536,10.330732011309124,-67.36614216648718
133,153,173,25.118286804297554,9.118286804297554,7.04417965062521,-67.9003780275184
134,154,174,31.25079175519585,15.250791755195849,12.398687007932153,-34.31619150086465
135,155,175,29.16418150452438,12.164181504524436,9.438811793216018,-48.67083276463029
136,156,176,29.132461254646387,9.132461254646387,3.704394896802512,-49.271562674574284
137,157,177,27.414580750526625,11.414580750526625,6.567884874614435,-40.69306808137151
138,158,178,27.372701186369227,16.372701186369227,14.36190958462197,-52.953033672617266
139,159,179,23.742582469694582,12.742582469694582,10.731790867947382,-33.681979076489256
140,160,180,21.348366910912546,6.7041983169845025,5.689138988791228,-52.44417083097869
141,161,181,31.4738996133255,18.4738996133255,15.467375738024316,-49.67946099150481
142,162,182,34.03148150150241,19.031481501502412,15.029225352647245,-53.526368321572136
143,163,183,34.064370928795256,16.064370928795256,15.476907721183068,-36.57083041180567
144,164,184,27.001407156165953,6.001407156165953,2.9404065548460494,-42.035034512408856
145,165,185,22.655558034235924,17.655558034235924,23.101336329298306,-0.25578730915287906
146,166,186,32.59791306224281,19.59791306224281,21.831613315465802,-17.59072693380051
147,167,187,35.29160335337315,26.291603353373148,26.316264796019823,-3.1198378353426506
148,168,188,45.74350430800257,26.74350430800257,23.09897843653414,-31.59896281558713
149,169,189,38.07557792561727,19.075577925617267,15.260065243111967,-44.400422017427786
150,170,190,24.136918092993653,10.13691809299371,8.018822442035344,-26.347221015506648
151,171,191,34.39435517074105,18.39435517074105,16.66682160734854,-45.7045774608514
152,172,192,45.88000510080872,10.880005100808717,3.9159366319880746,-153.40393539377646
153,173,193,47.265514051885816,8.265514051885816,-0.7641800180367682,-169.74180767426378
154,174,194,53.41410051051787,22.41410051051787,20.13381438309807,-69.08084374672399
155,175,195,61.76889679321209,25.768896793212093,19.94690414645413,-128.2488103760012
156,176,196,76.7054130219874,35.7054130219874,23.610667580849963,-186.66724615297358
157,177,197,70.04328371251574,36.043283712515745,29.859616360777068,-164.70694313047943
158,178,198,67.36182935340025,37.36182935340025,34.20934731960938,-181.47876322274874
159,179,199,61.11161185522781,25.111611855227807,21.051374542454823,-173.3078259984079
160,180,200,62.58734571809765,30.587345718097595,28.171999362152746,-171.77413759071806
161,181,201,65.03785629383037,32.03785629383037,28.084923030268556,-152.15115752021973
162,182,202,56.49468659075819,22.494686590758192,19.083607961259304,-139.80693188415626
163,183,203,63.5824554343975,29.582455434397502,27.494963614845574,-140.08719377267255
164,184,204,33.05906530015693,2.059065300156931,0.4881586712690478,-105.8229160658484
165,185,205,43.65053400592507,20.65053400592501,24.537980026856303,-72.66547926629892
166,186,206,32.1900241645281,16.190024164528154,24.072111574499672,-42.789249061506666
167,187,207,28.081788251051762,10.081788251051876,13.250273448864846,-49.953679147060825
168,188,208,42.36999654774763,18.369996547747746,18.6498198800341,-86.00177263729813
169,189,209,43.63091499378709,17.630914993787087,17.261811159442345,-88.70263919319018
