Left,Mid,Right,Loss,Loss_left,Loss_right,gain,glasso
0,20,40,1314.7097530346991,970.7438196926196,960.3515551315955,-616.3856217895159,-2.6596924116192895
1,21,41,1312.2664569683093,970.140097936523,958.8637805902129,-616.7374215584266,-5.515581411238145
2,22,42,1323.8071048750824,977.624080143434,967.8516118623418,-621.6685871306934,-1.5703292247685567
3,23,43,1323.4889056765155,975.19860462854,969.6541402534826,-621.3638392055072,-3.7950467252990165
4,24,44,1319.6691037637802,967.715688842791,973.4440480575079,-621.4906331365187,-3.7904043942417047
5,25,45,1320.7028640752083,968.4269134563436,974.5594432733958,-622.2834926545311,-2.1896992082834004
6,26,46,1321.991814875168,968.7743368951851,976.464229872824,-623.2467518928411,-1.4892646515384058
7,27,47,1333.2488589767997,974.5654039099605,985.5945680577369,-626.9111129908977,-0.19407169089663512
8,28,48,1332.4099565689721,970.7407624025286,987.081691675717,-625.4124975092736,-0.53013747907994
9,29,49,1329.0526225153403,968.5349618976074,978.0002429713991,-617.4825823536662,-12.054178816754302
10,30,50,1327.1303848170667,969.4483595543112,988.840415509915,-631.1583902471596,0.6153909997460687
11,31,51,1325.3514101907735,971.1727636910373,981.6704076249678,-627.4917611252315,1.1565638805224125
12,32,52,1321.4083064246968,979.9088219948621,976.5353364655359,-635.0358520357013,-0.7146360576248298
13,33,53,1320.197877312731,977.04025637935,976.5661339248625,-633.4085129914815,-1.1840632345260929
14,34,54,1330.127114138021,979.8639797678254,983.7855621242595,-633.522427754064,-0.6538847731656006
15,35,55,1326.5212323059964,973.8911194309615,980.2128820509383,-627.5827691759034,0.8910495316923743
16,36,56,1332.7201754952184,974.1380476022091,985.5500110125167,-626.9678831195074,2.788735441216886
17,37,57,1329.396352794969,968.69675016363,984.5124303324549,-623.8128277011158,2.1704709457180797
18,38,58,1340.643669241913,972.9015512196704,985.4146208559349,-617.6725028336923,3.773303320644345
19,39,59,1335.2831030665918,957.7042363343894,987.3297550198483,-609.7508882876459,1.8657980492259867
20,40,60,1335.2138650515085,960.3515551315955,987.9013572298705,-613.0390473099576,1.1630980476477362
21,41,61,1348.5991016752796,958.8637805902129,1004.523961029412,-614.7886399443453,4.870629495938601
22,42,62,1347.270082548459,967.8516118623418,1001.1054098577841,-621.6869391716668,3.0116151712084047
23,43,63,1345.3152960604298,969.6541402534826,999.0235443202195,-623.3623885132724,2.379642841974487
24,44,64,1358.7337612729366,973.4440480575079,1008.2623332537853,-622.9726200383566,4.171530128187214
25,45,65,1359.782311735633,974.5594432733958,1006.0718734762124,-620.8490050139753,5.188088931517996
26,46,66,1359.6494882424142,976.464229872824,1007.0891285456592,-623.903870176069,3.534522854613215
27,47,67,1359.2188316462777,985.5945680577369,1000.6203484477201,-626.9960848591793,1.0314522958415182
28,48,68,1366.1942753380413,987.081691675717,1003.8671244067714,-624.7545407444472,1.567213379051509
29,49,69,1357.1281312654078,978.0002429713991,1006.7948173256275,-627.6669290316188,13.740116074037473
30,50,70,1377.0699448544972,988.840415509915,1009.6943241518331,-621.4647948072509,3.6427087211159233
31,51,71,1380.1047306217702,981.6704076249678,1021.2934737576811,-622.8591507608787,4.951858298549155
32,52,72,1377.060627483089,976.5353364655359,1020.2399421297688,-619.7146511122157,4.574362702333474
33,53,73,1376.862536428118,976.5661339248625,1016.4272964473372,-616.1308939440819,5.949949852298801
34,54,74,1380.963101718569,983.7855621242595,1015.0016915332244,-617.8241519389148,5.557062478900093
35,55,75,1366.464610644106,980.2128820509383,1003.0467134974205,-616.7949849042529,6.307332613450512
36,56,76,1366.191128535797,985.5500110125167,993.3827298069637,-612.7416122836835,5.237338505976368
37,57,77,1372.4265126500268,984.5124303324549,998.8505335272517,-610.93645120968,5.537788337576899
38,58,78,1374.7862598611432,985.4146208559349,992.8225929978204,-603.4509539926121,6.638545277375897
39,59,79,1377.7954000593818,987.3297550198483,991.8201216469131,-601.3544766073796,5.941973509009472
40,60,80,1371.964020514898,987.9013572298705,985.7610267527917,-601.6983634677642,7.411682503652628
41,61,81,1376.4772713774948,1004.523961029412,976.4256316032577,-604.4723212551748,7.539350342743774
42,62,82,1375.1089293755244,1001.1054098577841,984.0953696115218,-610.0918500937814,4.745599988541585
43,63,83,1373.052408437141,999.0235443202195,980.0193969367895,-605.9905328198679,5.8149909153054296
44,64,84,1377.391136637038,1008.2623332537853,974.297307171287,-605.1685037880343,7.564109315600604
45,65,85,1381.4980140331081,1006.0718734762124,981.3596055758001,-605.9334650189044,8.501994997673364
46,66,86,1383.8581191837807,1007.0891285456592,983.2837513655343,-606.5147607274127,9.84804864507953
47,67,87,1374.8684619569517,1000.6203484477201,981.8086980429068,-607.5605845336752,6.957872581649667
48,68,88,1377.0951839744341,1003.8671244067714,984.4431090182077,-611.2150494505449,5.423757563787035
49,69,89,1376.3498764075284,1006.7948173256275,985.0482902733506,-615.4932311914497,4.436278494688622
50,70,90,1371.2995566816662,1009.6943241518331,979.240124633321,-617.6348921034878,4.301375483951574
51,71,91,1374.3969134089511,1021.2934737576811,972.6625317983289,-619.5590921470589,2.1726708503971395
52,72,92,1377.3952400555086,1020.2399421297688,977.0270327580292,-619.8717348322893,4.522599533178209
53,73,93,1381.8101913481614,1016.4272964473372,982.446701658878,-617.0638067580539,5.478668929678861
54,74,94,1380.8705323564586,1015.0016915332244,985.296838549865,-619.4279977266308,3.3913362935962823
55,75,95,1368.9593446458107,1003.0467134974205,984.8149405148765,-618.9023093664864,3.9813322908154305
56,76,96,1363.5430523616646,993.3827298069637,992.0107189436891,-621.850396388988,2.8270711246395877
57,77,97,1361.6524690805666,998.8505335272517,989.827113437372,-627.0251778840573,2.5725483161977536
58,78,98,1348.9080149915972,992.8225929978204,981.5011996977814,-625.4157777040045,0.8981490827968628
59,79,99,1343.9213901639632,991.8201216469131,975.0834480402073,-622.9821795231571,1.0610745204907062
60,80,100,1344.2530513069441,985.7610267527917,980.8438119210649,-622.3517873669125,5.675817983081743
61,81,101,1333.6320585181138,976.4256316032577,967.4738226296348,-610.2673957147786,5.29666092827722
62,82,102,1341.3968878733303,984.0953696115218,981.6924407154322,-624.3909224536237,2.521125355389131
63,83,103,1335.1750568563534,980.0193969367895,978.4475883083505,-623.2919283887866,3.189700587047355
64,84,104,1327.0335280238492,974.297307171287,973.3077618314475,-620.5715409788854,2.644593037446839
65,85,105,1331.1821411890844,981.3596055758001,970.6618597581269,-620.8393241448425,2.829675785265181
66,86,106,1331.2691860388913,983.2837513655343,968.3105911041723,-620.3251564308152,2.219816484434091
67,87,107,1327.820422113149,981.8086980429068,968.900891591314,-622.8891675210716,1.2868433643629942
68,88,108,1326.1981626958036,984.4431090182077,963.4725316201173,-621.7174779425213,0.03385601683612549
69,89,109,1327.4970671664744,985.0482902733506,965.044543759429,-622.5957668663052,0.1084822852196794
70,90,110,1322.331077340369,979.240124633321,963.958577549249,-620.8676248422009,0.31238118644375845
71,91,111,1319.2218049650096,972.6625317983289,969.2335151480273,-622.6742419813468,3.277084345096455
72,92,112,1338.34967186506,977.0270327580292,990.823137625757,-629.5004985187263,6.485094036542932
73,93,113,1357.4945549425747,982.446701658878,995.0525074403936,-620.0046541566969,6.652595650766898
74,94,114,1352.8092382199998,985.296838549865,994.8401562752548,-627.3277566051202,4.6990560235935845
75,95,115,1361.1214660017363,984.8149405148765,1000.9834317848529,-624.6769062979931,6.483567914232594
76,96,116,1362.9128059365698,992.0107189436891,1004.0508225793519,-633.148735586471,5.946561039339372
77,97,117,1358.5995469547831,989.827113437372,1002.1877382276828,-633.4153047102716,6.003456145390942
78,98,118,1348.5846836526414,981.5011996977814,996.3621954780333,-629.2787115231733,5.9138554280621065
79,99,119,1362.9075761641727,975.0834480402073,1013.2936569587981,-625.4695288348328,7.255980000393038
80,100,120,1343.4893235987042,980.8438119210649,1002.8559426750891,-640.2104309974497,6.457940307675926
81,101,121,1339.3047346073013,967.4738226296348,1003.4611086549764,-631.6301966773099,8.003724951541017
82,102,122,1338.4848884941375,981.6924407154322,1000.1156716266431,-643.3232238479377,1.792944655747192
83,103,123,1334.5793347433514,978.4475883083505,998.4198155217596,-642.2880690867587,2.4538482521552396
84,104,124,1337.4434395076466,973.3077618314475,1001.0293781321561,-636.8937004559568,4.5073733805120355
85,105,125,1339.5514800522678,970.6618597581269,1001.1654275840206,-632.2758072898796,4.0481600839007115
86,106,126,1347.2164688735172,968.3105911041723,1005.6238994486441,-626.7180216792992,6.76505032433829
87,107,127,1348.639880019989,968.900891591314,1004.3212448584302,-624.582256429755,5.683332976994393
88,108,128,1343.3396025334735,963.4725316201173,1004.3186472639343,-624.4515763505781,6.6234547720957835
89,109,129,1340.4816714472206,965.044543759429,1002.8516678123958,-627.4145401246042,5.717220895821129
90,110,130,1352.6029469389314,963.958577549249,1013.2023066596765,-624.557937269994,7.73867144798578
91,111,131,1351.0315586344427,969.2335151480273,1012.1254007096385,-630.3273572232231,7.685786713913103
92,112,132,1355.3375409568318,990.823137625757,998.7785213718107,-634.2641180407359,5.868410099219432
93,113,133,1350.8100550491968,995.0525074403936,992.1802221157731,-636.42267450697,3.888031171913326
94,114,134,1350.360762519694,994.8401562752548,996.0109917481054,-640.4903855036662,2.8868620198657027
95,115,135,1360.2156592689707,1000.9834317848529,1000.4156367738589,-641.1834092897411,4.328420275992698
96,116,136,1364.1646416996155,1004.0508225793519,1005.2952365108781,-645.1814173906146,4.749855499013165
97,117,137,1369.3120159890339,1002.1877382276828,1008.9332895980957,-641.8090118367447,6.225464561708236
98,118,138,1368.648084197734,996.3621954780333,1008.90515217707,-636.6192634573692,6.775276309481342
99,119,139,1369.389800490149,1013.2936569587981,987.7269760559623,-631.6308325246114,8.223299450572313
100,120,140,1370.6584763034564,1002.8559426750891,992.0945891954498,-624.2920555670823,8.535465602729914
101,121,141,1373.9579041644304,1003.4611086549764,996.9252272281757,-626.4284317187219,8.705203597953641
102,122,142,1369.048202321282,1000.1156716266431,1001.5967198997394,-632.6641892051005,6.649818945939501
103,123,143,1371.5146773043457,998.4198155217596,1009.534368755483,-636.4395069728969,5.040791749448431
104,124,144,1380.930034523321,1001.0293781321561,1006.562522627599,-626.6618662364342,8.654857073004223
105,125,145,1377.616584005363,1001.1654275840206,1006.6503615279084,-630.1992051065661,10.334831749637715
106,126,146,1378.9831886831132,1005.6238994486441,1002.6086010355509,-629.2493118010818,9.418952065838539
107,127,147,1384.396159857436,1004.3212448584302,1006.0326653271175,-625.9577503281116,9.691218942875025
108,128,148,1386.6117324397042,1004.3186472639343,1008.3235491918421,-626.0304640160721,9.531739875163908
109,129,149,1394.7108751258424,1002.8516678123958,1013.3715635136671,-621.5123562002204,8.050022842580915
110,130,150,1396.974316720132,1013.2023066596765,1005.8480304986931,-622.0760204382375,8.590347842141682
111,131,151,1401.9048158137543,1012.1254007096385,1014.9656379744481,-625.1862228703321,8.818883740241517
112,132,152,1393.3301641031949,998.7785213718107,1016.9439168392519,-622.3922741078677,8.135187016862005
113,133,153,1385.4284914506088,992.1802221157731,1011.1059480707494,-617.8576787359136,7.525736251347553
114,134,154,1389.185596328603,996.0109917481054,1010.9044136879309,-617.7298091074333,6.661064071809051
115,135,155,1404.0824511713981,1000.4156367738589,1025.9168809687903,-622.250066571251,6.453778971388829
116,136,156,1405.6783650032885,1005.2952365108781,1019.4711673057758,-619.0880388133655,7.262351155793112
117,137,157,1408.4244407632714,1008.9332895980957,1010.5276002414602,-611.0364490762845,9.012686305616626
118,138,158,1407.3861263280237,1008.90515217707,1007.5275152973019,-609.0465411463483,8.256208395877024
119,139,159,1386.0431068758962,987.7269760559623,1005.6727086510014,-607.3565778310674,5.902094584593897
120,140,160,1374.084112404455,992.0945891954498,994.0214291311413,-612.031905922136,41.656114131903905
121,141,161,1373.5813362729687,996.9252272281757,993.4923077611082,-616.8361987163153,19.479897812702575
122,142,162,1402.4200539454928,1001.5967198997394,1011.2583534216344,-610.435019375881,9.974156116066183
123,143,163,1406.967623799308,1009.534368755483,1012.804208502601,-615.3709534587761,10.084229254313072
124,144,164,1404.6648378143782,1006.562522627599,1006.7194597717721,-608.617144584993,11.113732565768714
125,145,165,1402.5718921301961,1006.6503615279084,1005.5820316452082,-609.6605010429205,11.7430172127373
126,146,166,1404.602720227831,1002.6086010355509,1011.1680227893921,-609.173903597112,11.235464788348736
127,147,167,1407.3334576905568,1006.0326653271175,1010.6349289980088,-609.3341366345694,11.688370248682645
128,148,168,1407.80785318294,1008.3235491918421,1010.8605768726021,-611.3762728815041,12.569001942872546
129,149,169,1406.743691237039,1013.3715635136671,1010.9537485671508,-617.5816208437789,12.806496722898146
130,150,170,1403.5663172775348,1005.8480304986931,1010.0733322251554,-612.3550454463136,16.080065159464766
131,151,171,1404.2472081099818,1014.9656379744481,1002.4107741447391,-613.1292040092053,16.610486833340474
132,152,172,1398.401161895264,1016.9439168392519,998.9475993845401,-617.4903543285279,15.760181121263031
133,153,173,1388.4964497101223,1011.1059480707494,997.0276659720105,-619.6371643326374,13.347079148558123
134,154,174,1390.545024528501,1010.9044136879309,999.7728923678351,-620.1322815272649,13.301965257675988
135,155,175,1372.7808329285508,1025.9168809687903,980.2363853039811,-633.3724333442206,6.337190288224406
136,156,176,1365.9997088828,1019.4711673057758,972.2124253633717,-625.6838837863475,9.80517364800312
137,157,177,1364.7184987393825,1010.5276002414602,974.50773825645,-620.3168397585277,13.454198875892871
138,158,178,1361.3161668756932,1007.5275152973019,972.2524938864046,-618.4638423080135,17.040546400135327
139,159,179,1361.120127705613,1005.6727086510014,970.0609051067422,-614.6134860521306,17.874571040719047
140,160,180,1355.7313520792104,994.0214291311413,977.7848794147901,-616.074956466721,-18.123644828386205
141,161,181,1360.1928578719337,993.4923077611082,985.0370278966386,-618.336477785813,4.192631860314805
142,162,182,1361.6739298124219,1011.2583534216344,985.1217076034743,-634.7061312126868,12.134181266894643
143,163,183,1363.9053779553237,1012.804208502601,983.8155454342315,-632.7143759815087,12.223312816414477
144,164,184,1357.5456466292153,1006.7194597717721,987.4378464951857,-636.6116596377424,7.444945458575376
145,165,185,1364.1122776077889,1005.5820316452082,993.7154606703575,-635.1852147077768,7.016229730262353
146,166,186,1367.573644573274,1011.1680227893921,998.3126214256108,-641.906999641729,7.3859863827515255
147,167,187,1370.0160832751976,1010.6349289980088,1000.5830198194038,-641.201865542215,7.56404883825553
148,168,188,1370.6075668740627,1010.8605768726021,1003.1336252996098,-643.386635298149,7.497328606178485
149,169,189,1373.1357180245004,1010.9537485671508,1004.2261489897144,-642.0441795323648,8.833445481026843
150,170,190,1372.1172097354988,1010.0733322251554,1002.9427621397128,-640.8988846293694,9.070261497755382
151,171,191,1362.2443790164257,1002.4107741447391,1001.3788587374505,-641.5452538657639,7.396155895248171
152,172,192,1360.1594054158631,998.9475993845401,1003.9665699819968,-642.7547639506738,6.581225415261315
153,173,193,1360.632144203994,997.0276659720105,1005.5508536556457,-641.9463754236622,6.500716171590284
154,174,194,1362.5335014273878,999.7728923678351,1003.44304934958,-640.6824402900272,7.585313204873842
155,175,195,1350.5983913748814,980.2363853039811,1006.3374717137884,-635.9754656428881,5.425652345087769
156,176,196,1350.3587493393825,972.2124253633717,1010.1009400840456,-631.9546161080348,7.27344717270114
157,177,197,1349.355858484826,974.50773825645,1000.5181446793138,-625.6700244509377,10.687087070348184
158,178,198,1349.4734652296588,972.2524938864046,999.0044951799379,-621.7835238366838,13.27545520745889
159,179,199,1349.371734201859,970.0609051067422,997.7838240841896,-618.472994989073,13.997082947651052
160,180,200,1349.211223817603,977.7848794147901,978.0554479569923,-606.6291035541794,12.50031701133662
161,181,201,1349.7220164412402,985.0370278966386,968.0126149519728,-603.3276264073711,1.5514146683711942
162,182,202,1340.543799233404,985.1217076034743,979.2107022310246,-623.7886106010949,4.249112311969611
163,183,203,1341.2226719031244,983.8155454342315,979.7124777937541,-622.3053513248612,4.859559774361969
164,184,204,1343.1968233286673,987.4378464951857,982.6869513576939,-626.9279745242122,3.4339891070445674
165,185,205,1348.7740720604788,993.7154606703575,978.3383023460011,-623.2796909558797,4.600140358565227
166,186,206,1346.2511430355012,998.3126214256108,974.6622968013694,-626.723775191479,2.82112737796524
167,187,207,1345.2116020296305,1000.5830198194038,967.0690115037884,-622.4404292935617,4.811303937366574
168,188,208,1342.2731214999108,1003.1336252996098,969.0876328554926,-629.9481366551918,0.10300834707959439
169,189,209,1339.7619596041427,1004.2261489897144,962.3621209658849,-626.8263103514564,-0.969122881977114
