Left,Mid,Right,Loss,Loss_left,Loss_right,gain,glasso
0,20,40,1367.0980531114594,992.9552970675969,991.9621748986991,-617.8194188548366,12.79942953225077
1,21,41,1360.386747763055,991.6496323843697,991.5827507874465,-622.8456354087614,12.351040500855447
2,22,42,1355.9517264297156,982.621249624761,992.7142452819062,-619.3837684769517,9.261454344521667
3,23,43,1353.0923658945942,980.8831207848798,994.941558311843,-622.7323132021286,9.781297839218382
4,24,44,1342.8475257793052,973.423379794217,988.6052399312118,-619.1810939461236,8.602485232629078
5,25,45,1345.9958841215137,971.9121457695661,993.4332336009711,-619.3494952490234,7.236104188710442
6,26,46,1344.7096049327497,978.557391789243,991.1825793144833,-625.0303661709765,6.986963053947193
7,27,47,1348.8147378238375,976.8932834958971,994.9443579515769,-623.0229036236365,5.6987694468589325
8,28,48,1351.6939838558815,976.9650887843801,994.464891243919,-619.7359961724178,6.877052246915127
9,29,49,1364.4019026031747,977.8243370708916,1004.8549290002882,-618.2773634680052,8.261106315734082
10,30,50,1365.5279979712823,985.0539850990872,1004.2373498192242,-623.7633369470291,7.409099098857382
11,31,51,1361.0053593638931,974.2063228705053,1004.4759188496641,-617.6768823562763,9.441258842909292
12,32,52,1365.5106698699883,976.2808540023515,1010.6305039943906,-621.4006881267537,9.966462300712237
13,33,53,1368.971616830823,988.711291797661,1002.1592659636524,-621.8989409304904,5.827259199677087
14,34,54,1370.505551467195,983.3950548606646,1005.3261042590342,-618.2156076525039,6.9546911938034555
15,35,55,1378.0352728849002,988.3849552437965,1007.0188838246263,-617.3685661835225,7.876016706258497
16,36,56,1378.4540254768353,991.8151619543885,1008.4064360054073,-621.7675724829605,8.140883883363472
17,37,57,1380.8855817907543,992.1323987786184,1010.6325203350464,-621.8793373229105,9.178225459890882
18,38,58,1381.8673774172994,991.4990711338772,1014.5561443046935,-624.1878380212713,9.174707111447333
19,39,59,1375.7564909607654,1001.4857078545297,1008.0830350632068,-633.8122519569711,4.258805273704979
20,40,60,1369.329845467445,991.9621748986991,1010.4718884271483,-633.1042178584025,3.872747274461858
21,41,61,1375.5596535926966,991.5827507874465,1013.5083586707937,-629.5314558655436,4.715974891211772
22,42,62,1384.7049278239824,992.7142452819062,1017.6693999496244,-625.6787174075482,5.213528513262304
23,43,63,1384.7340676090948,994.941558311843,1017.2251547778084,-627.4326454805564,4.150668964222632
24,44,64,1386.0498037763414,988.6052399312118,1022.3206773352844,-624.8761134901547,4.443084520050661
25,45,65,1386.2382850436998,993.4332336009711,1020.2533498471071,-627.4482984043784,3.1926152832318166
26,46,66,1390.02679215753,991.1825793144833,1019.0337844636185,-620.1895716205718,4.977748334811054
27,47,67,1390.3137536184731,994.9443579515769,1016.146060064654,-620.7766643977577,1.5079316968402736
28,48,68,1393.4959715910516,994.464891243919,1021.435588464921,-622.4045081177885,2.974398393267734
29,49,69,1397.4541763014831,1004.8549290002882,1015.4901795678908,-622.8909322666959,1.2693037508825
30,50,70,1401.1653623386608,1004.2373498192242,1017.7296335610981,-620.8016210416615,2.405076363726721
31,51,71,1404.1240517481392,1004.4759188496641,1011.9292171929288,-612.2810842944536,4.246131677455537
32,52,72,1400.2903241987328,1010.6305039943906,1004.9196643014975,-615.2598440971551,4.878554025667995
33,53,73,1396.4747560522314,1002.1592659636524,1003.3043574328035,-608.9888673442244,6.6281397860266225
34,54,74,1406.0788003526304,1005.3261042590342,990.9849583152354,-590.2322622216393,16.177171323603943
35,55,75,1406.0218228902054,1007.0188838246263,987.3978649736454,-588.3949259080664,15.140805336640142
36,56,76,1404.0036624534318,1008.4064360054073,988.0607182541006,-592.463491806076,14.530200588566572
37,57,77,1410.923458084786,1010.6325203350464,984.7570041833596,-584.46606643362,14.300939966234068
38,58,78,1413.723316744442,1014.5561443046935,984.670375894579,-585.5032034548306,14.119004998839841
39,59,79,1400.7378050445536,1008.0830350632068,981.3032450135187,-588.648475032172,9.79499243839939
40,60,80,1409.6416706481707,1010.4718884271483,984.4941492550633,-585.324367034041,10.291081269286678
41,61,81,1409.1523608134175,1013.5083586707937,984.4863124910148,-588.842310348391,10.875947644477947
42,62,82,1406.6377723325509,1017.6693999496244,981.1625603095333,-592.1941879266069,12.52707148371735
43,63,83,1406.43796958843,1017.2251547778084,981.6426672564065,-592.429852445785,12.123939088886004
44,64,84,1408.529874272237,1022.3206773352844,975.2368918154164,-589.0276948784635,11.739090645028568
45,65,85,1410.6519206034238,1020.2533498471071,982.4450067187282,-592.0464359624114,11.001068302743306
46,66,86,1411.2878274328982,1019.0337844636185,981.9999086869989,-589.7458657177192,10.40773987495254
47,67,87,1399.6548353941312,1016.146060064654,979.4182864155443,-595.9095110860671,8.823725974552872
48,68,88,1398.1310670502503,1021.435588464921,974.1213412804736,-597.4258626951444,5.83187202315662
49,69,89,1384.6611072900887,1015.4901795678908,972.0632773236869,-602.8923496014891,0.7789930870640092
50,70,90,1390.0795245203055,1017.7296335610981,977.4033716492922,-605.0534806900848,0.22470376433136607
51,71,91,1381.6580278358342,1011.9292171929288,979.9997233564469,-610.2709127135415,0.303692149026233
52,72,92,1382.4408431358702,1004.9196643014975,986.8253593539562,-609.3041805195835,2.5925313713802325
53,73,93,1379.0616676182879,1003.3043574328035,985.6615241319367,-609.9042139464525,4.091094112219821
54,74,94,1365.7686479272352,990.9849583152354,985.9990090685427,-611.215319456543,4.567510896933527
55,75,95,1363.0087380556672,987.3978649736454,982.0430809865567,-606.4322079045348,8.560539925753915
56,76,96,1368.4916450283858,988.0607182541006,989.9423771889208,-609.5114504146354,10.517877001090028
57,77,97,1350.8697279568353,984.7570041833596,983.3508260383408,-617.2381022648651,8.036656071699895
58,78,98,1342.162794828359,984.670375894579,981.8747139902298,-624.38229505645,4.958704272122645
59,79,99,1350.1571764801674,981.3032450135187,985.6859029529927,-616.831971486344,6.1004333217358635
60,80,100,1344.0406060624955,984.4941492550633,977.8364614213106,-618.2900046138784,6.577898379348767
61,81,101,1339.820138137453,984.4863124910148,980.9659930632147,-625.6321674167766,4.838988072217148
62,82,102,1330.0843641712154,981.1625603095333,967.9177704812648,-618.9959666195828,8.852460416127997
63,83,103,1336.4220565215817,981.6426672564065,976.1584646616866,-621.3790753965116,8.827156485912724
64,84,104,1327.6753681989765,975.2368918154164,974.0758574458009,-621.6373810622408,6.722373334240729
65,85,105,1331.375806129699,982.4450067187282,974.9735289513794,-626.0427295404088,7.192263925234329
66,86,106,1334.421286158553,981.9999086869989,988.2313983847903,-635.8100209132363,2.4232632486800867
67,87,107,1333.5824878036683,979.4182864155443,986.4270276521124,-632.2628262639885,2.4453252164136074
68,88,108,1334.5720789939098,974.1213412804736,992.7623746584545,-632.3116369450183,-1.6002657196064547
69,89,109,1335.416100855241,972.0632773236869,996.9817761828218,-633.6289526512678,-3.309395909949558
70,90,110,1349.94538646606,977.4033716492922,1007.1436251935141,-634.6016103767465,-5.956438768793191
71,91,111,1348.5370198773717,979.9997233564469,1005.7591011895862,-637.2218046686614,-2.6595600409041253
72,92,112,1349.4445621515306,986.8253593539562,1001.2578214283647,-638.6386186307902,-3.9232829319041684
73,93,113,1349.5799544211354,985.6615241319367,999.4491074099196,-635.5306771207211,-2.794899187883061
74,94,114,1347.3434765930094,985.9990090685427,999.5098312192297,-638.1653636947628,-3.660372551151113
75,95,115,1344.836474147791,982.0430809865567,996.7839257590329,-633.9905325977986,0.5267623628294587
76,96,116,1348.2052429827404,989.9423771889208,993.2536805787504,-634.9908147849308,2.9667324085328346
77,97,117,1348.1702001796707,983.3508260383408,991.7818150003935,-626.9624408590635,8.418159635716847
78,98,118,1348.9157988301413,981.8747139902298,993.4348709970063,-626.3937861570948,6.9448780503017815
79,99,119,1347.1537669038416,985.6859029529927,983.4627072710322,-621.9948433201832,10.525433594384708
80,100,120,1353.0667386996956,977.8364614213106,997.9979963101107,-622.7677190317256,10.545078990540105
81,101,121,1351.3689984397197,980.9659930632147,1001.5156648488191,-631.1126594723141,5.191821456523712
82,102,122,1349.5553415951367,967.9177704812648,998.6098481064629,-616.9722769925911,11.394480131035493
83,103,123,1363.3894935636163,976.1584646616866,1002.505998228905,-615.2749693269752,15.351816802890085
84,104,124,1365.3640991663217,974.0758574458009,1005.3390181672678,-614.050776446747,15.272037725665541
85,105,125,1367.0388103668943,974.9735289513794,1008.9685857926389,-616.9033043771242,16.499766149028915
86,106,126,1368.8747427507526,988.2313983847903,1008.6679508360482,-628.0246064700859,9.983937157155196
87,107,127,1369.390900715088,986.4270276521124,1008.0643046559054,-625.1004315929297,12.489687556922036
88,108,128,1371.0848177775808,992.7623746584545,1005.42559034815,-627.1031472290235,11.218698350042928
89,109,129,1377.0904636130783,996.9817761828218,1009.188076390215,-629.0793889599584,10.70095063221288
90,110,130,1379.47902314348,1007.1436251935141,1005.0659905685243,-632.7305926185586,7.949554716038051
91,111,131,1381.6650642085629,1005.7591011895862,1007.210500136942,-631.3045371179653,8.607723533090393
92,112,132,1379.5287594369383,1001.2578214283647,1002.8761580501305,-624.6052200415568,11.63788103435138
93,113,133,1375.1563939597413,999.4491074099196,1000.5458460683043,-624.8385595184827,12.077619255949912
94,114,134,1379.3031471946606,999.5098312192297,995.9604536911429,-616.167137715712,19.31636037082251
95,115,135,1377.2195719944261,996.7839257590329,997.6263238895974,-617.1906776542041,20.900865594537777
96,116,136,1379.189682499887,993.2536805787504,1006.1548840657177,-620.2188821445811,17.655433817547987
97,117,137,1377.422469618998,991.7818150003935,1003.4447822761477,-617.8041276575432,18.487562098188846
98,118,138,1382.2471833786803,993.4348709970063,1009.1187790730942,-620.3064666914202,17.682384610874806
99,119,139,1383.9802032597472,983.4627072710322,1012.0103357440142,-611.4928397552992,21.326584028883644
100,120,140,1394.5264613061463,997.9979963101107,1021.05763715103,-624.5291721549943,13.981226520513019
101,121,141,1406.0778047860717,1001.5156648488191,1027.7337100432155,-623.1715701059629,11.136578219914895
102,122,142,1404.0618921451521,998.6098481064629,1028.3611350307322,-622.909090992043,11.253215810164761
103,123,143,1402.618553105443,1002.505998228905,1026.982029745795,-626.8694748692569,8.074881305909344
104,124,144,1409.6704930035592,1005.3390181672678,1031.7265005017366,-627.3950256654452,8.075038960751158
105,125,145,1412.4312000533305,1008.9685857926389,1029.9779747673995,-626.515360506708,9.02915276082183
106,126,146,1420.8907282198604,1008.6679508360482,1026.318597759534,-614.0958203757218,10.902954204151683
107,127,147,1421.2914371453776,1008.0643046559054,1029.069104427936,-615.8419719384638,8.928858928011778
108,128,148,1427.1761205925545,1005.42559034815,1034.7809577565902,-613.0304275121857,8.102211474920637
109,129,149,1426.0352272552332,1009.188076390215,1032.2918293355083,-615.4446784704901,7.110473504564425
110,130,150,1420.620802079019,1005.0659905685243,1032.4436451625772,-616.8888336520824,5.845660494926733
111,131,151,1431.0865463818327,1007.210500136942,1039.189353510177,-615.3133072652863,7.663593868986709
112,132,152,1448.487593496924,1002.8761580501305,1043.578874259401,-597.9674388126073,14.553762865804856
113,133,153,1450.3998088872272,1000.5458460683043,1041.3176456019164,-591.4636827829936,16.91922865285096
114,134,154,1440.5354001416085,995.9604536911429,1033.6904453946534,-589.1154989441877,19.565084763192885
115,135,155,1449.7125969168474,997.6263238895974,1035.046907666212,-582.9606346389621,23.853797769043467
116,136,156,1446.3769904381663,1006.1548840657177,1028.299758621782,-588.0776522493336,18.98736189220415
117,137,157,1447.995493494663,1003.4447822761477,1026.7440068669355,-582.1932956484204,20.56837595321349
118,138,158,1454.391882528942,1009.1187790730942,1018.4598624079,-573.1867589520521,21.750510168135406
119,139,159,1461.0593108370717,1012.0103357440142,1016.0835740774243,-567.0345989843668,24.569060779064102
120,140,160,1452.5141765198382,1021.05763715103,995.7667696927647,-564.3102303239566,22.43251990953877
121,141,161,1450.0921847915058,1027.7337100432155,989.2024699891174,-566.8439952408271,19.508110303933336
122,142,162,1443.754633573688,1028.3611350307322,991.4821170041317,-576.0886184611759,17.416153377364935
123,143,163,1431.1620717630767,1026.982029745795,983.1751419950892,-578.9950999778075,12.253344660796301
124,144,164,1430.449185145629,1031.7265005017366,983.6331830003709,-584.9104983564787,12.634721436617383
125,145,165,1418.2852603234783,1029.9779747673995,985.4612656808896,-597.1539801248109,10.168490412043298
126,146,166,1400.3197887731353,1026.318597759534,977.8294377014674,-603.8282466878661,6.440735942485389
127,147,167,1399.9254539456178,1029.069104427936,977.2725405515056,-606.4161910338239,5.960557408864247
128,148,168,1397.060216441313,1034.7809577565902,971.811085526501,-609.5318268417782,4.709673185297106
129,149,169,1414.7290409466314,1032.2918293355083,988.3519504135318,-605.9147388024087,7.82114597370537
130,150,170,1406.6678142426458,1032.4436451625772,987.005472379466,-612.7813032993975,6.898794652726679
131,151,171,1404.6762776130224,1039.189353510177,986.9291961192674,-621.4422720164218,5.8234789362038555
132,152,172,1397.894799756441,1043.578874259401,981.099509787812,-626.7835842907721,6.006423141726714
133,153,173,1397.9858359196905,1041.3176456019164,981.1379057524958,-624.4697154347218,6.7718013118696945
134,154,174,1396.6403550000903,1033.6904453946534,984.3516718777412,-621.4017622723043,8.71707023928684
135,155,175,1391.2399177516204,1035.046907666212,972.639162428249,-616.4461523428408,11.196609170363558
136,156,176,1380.1705803844275,1028.299758621782,972.1814286482268,-620.3106068855814,8.908300607664728
137,157,177,1376.1752758137013,1026.7440068669355,971.0599265605047,-621.6286576137388,9.858837802335529
138,158,178,1368.0436416056627,1018.4598624079,971.4557203324231,-621.8719411346603,9.061665696410387
139,159,179,1361.6490407392234,1016.0835740774243,967.3527124576304,-621.7872457958313,8.766643414157784
140,160,180,1348.2647082017138,995.7667696927647,972.9649759233664,-620.4670374144173,6.786501330025203
141,161,181,1340.4953922275308,989.2024699891174,970.1834925383662,-618.8905702999527,4.079162345046484
142,162,182,1345.947727557148,991.4821170041317,975.1364818560955,-620.6708713030794,4.403261649492606
143,163,183,1340.734581330972,983.1751419950892,983.9284206863293,-626.3689813504466,2.1083444171036945
144,164,184,1337.7490116802064,983.6331830003709,973.272648182844,-619.1568195030086,6.884651057999122
145,165,185,1340.9161990015664,985.4612656808896,976.218614876194,-620.7636815555172,6.993139597639697
146,166,186,1338.788904357269,977.8294377014674,981.9341728640942,-620.9747062082924,7.4913822729861295
147,167,187,1340.1659657506661,977.2725405515056,984.2441330784995,-621.3507078793391,7.91950545696136
148,168,188,1341.0673568460502,971.811085526501,989.9797727171202,-620.723501397571,10.098627178802644
149,169,189,1340.2675911471763,988.3519504135318,963.7542997340684,-611.8386590004238,2.490732183511682
150,170,190,1344.4123605849468,987.005472379466,962.6639232468108,-605.25703504133,3.212710236749899
151,171,191,1337.6973675889449,986.9291961192674,959.196051223533,-608.4278797538554,0.8667610924323981
152,172,192,1331.86721996716,981.099509787812,968.7279251356849,-617.960214956337,3.1673966855024673
153,173,193,1344.1230845187013,981.1379057524958,988.0938339715169,-625.1086552053114,6.879591453392436
154,174,194,1344.143127309603,984.3516718777412,991.6710576674805,-631.8796022356187,3.1780603470811
155,175,195,1338.403160981683,972.639162428249,991.7824881220498,-626.0184895686159,3.3693433423103443
156,176,196,1342.7570698565387,972.1814286482268,995.5601840114498,-624.9845428031379,4.0095245101550745
157,177,197,1342.7256878909593,971.0599265605047,999.1325857547432,-627.4668244242885,4.167584581177948
158,178,198,1341.4164889653396,971.4557203324231,995.9274623038598,-625.9666936709434,4.228184923135586
159,179,199,1339.6046185854827,967.3527124576304,998.8542034599959,-626.6022973321435,4.234895553647675
160,180,200,1347.9913609739463,972.9649759233664,1003.8949591170931,-628.8685740665132,4.29138372348325
161,181,201,1348.602582374712,970.1834925383662,1002.1293093961896,-623.7102195598438,5.198505608108576
162,182,202,1351.7973392546642,975.1364818560955,1001.1184800616277,-624.457622663059,4.64270935026866
163,183,203,1352.975991701116,983.9284206863293,996.1294266046035,-627.0818555898168,5.474416632549492
164,184,204,1337.2429246400097,973.272648182844,997.3071865712917,-633.3369101141261,2.912747718806827
165,185,205,1341.1691427731482,976.218614876194,991.2666685294373,-626.3161406324832,7.5195112429322535
166,186,206,1343.755127611268,981.9341728640942,987.5753668154974,-625.7544120683235,8.456451075471364
167,187,207,1347.9535897509927,984.2441330784995,990.2688989832094,-626.5594423107163,6.6012998631019855
168,188,208,1347.8558389074365,989.9797727171202,980.4276055630655,-622.5515393727492,9.20635917853383
169,189,209,1340.815242678761,963.7542997340684,988.6898078389477,-611.628864894255,2.063525669224873
