Left,Mid,Right,Loss,Loss_left,Loss_right,gain,glasso
0,20,40,1328.7832575648133,951.4159656025599,985.823560461531,-608.4562684992777,6.5071548142361735
1,21,41,1317.4572768511289,938.5589820412081,989.1302261596283,-610.2319313497073,-1.5054793418545387
2,22,42,1317.2394587295726,947.3301399172217,985.4082583749986,-615.4989395626476,-2.39199784352445
3,23,43,1313.5215309137075,942.3581490024562,986.0288328216038,-614.8654509103526,-0.9115865722542367
4,24,44,1307.0396130621607,928.8948733601587,985.6237479200609,-607.4790082180589,-2.1081965431869776
5,25,45,1319.8688700189064,930.7403806774482,993.6284634429361,-604.4999741014781,4.078251668952134
6,26,46,1323.7226297488419,945.642395935733,994.4602304375815,-616.3799966244726,1.233440137596972
7,27,47,1323.2112026774366,961.7055025268317,982.5441794717477,-621.0384793211429,6.059059419296091
8,28,48,1321.5959789267213,960.6583555054624,983.6146653903157,-622.677041969057,4.140627731788527
9,29,49,1332.217645812318,967.7019263235967,995.0132860212036,-630.4975665324823,3.739960432458929
10,30,50,1337.3324190660198,969.6893194296844,997.1156643734232,-629.4725647370876,3.0066444047080267
11,31,51,1334.019065637921,961.8530600198205,1000.543394053372,-628.3773884352718,3.7932443234271886
12,32,52,1336.5007178076517,963.5683435426877,1002.1432611537173,-629.2108868887533,4.0090326436042005
13,33,53,1338.3599812506855,965.3557486425934,1003.7665489464423,-630.7623163383503,3.6847923211214493
14,34,54,1345.0628457276741,970.908864088855,1005.843418767708,-631.6894371288888,3.2222087033742355
15,35,55,1344.0119553582317,968.9511273518718,1007.0229130958874,-631.9620850895276,3.586319983634894
16,36,56,1338.8208934501454,967.3379325625269,1001.7380415124393,-630.255080624821,3.4499445421481596
17,37,57,1338.1364149655692,975.3944316315742,994.6887660254582,-631.9467826914633,3.3259549296760724
18,38,58,1338.5511235510796,981.961245015504,991.6535429262652,-635.0636643906896,4.760863825851857
19,39,59,1337.8066532529238,992.286484863864,982.8498051273107,-637.3296367382509,3.931741271194255
20,40,60,1340.0671675662697,985.823560461531,989.1881590931843,-634.9445519884455,5.756540874968323
21,41,61,1342.239571134146,989.1302261596283,990.2117547402012,-637.1024097656834,5.095827217303963
22,42,62,1343.9092738017578,985.4082583749986,996.0559674048366,-637.5549519780773,5.033689143633637
23,43,63,1356.7298659767773,986.0288328216038,1006.6602422869335,-635.95920913176,5.12775410673305
24,44,64,1372.8605968197207,985.6237479200609,1015.8764511818415,-628.6396022821816,9.388940653926738
25,45,65,1375.2466430747472,993.6284634429361,1007.8291964243547,-626.2110167925434,11.133500735131292
26,46,66,1385.4675609453768,994.4602304375815,1020.5528247731736,-629.5454942653782,7.9777239252175605
27,47,67,1397.9225565680074,982.5441794717477,1039.0723835331885,-623.6940064369289,7.454803498501974
28,48,68,1395.3965925349353,983.6146653903157,1037.4093631516832,-625.6274360070638,6.010417130478345
29,49,69,1383.6983735951012,995.0132860212036,1014.5638186389838,-625.8787310650862,6.57410129826269
30,50,70,1396.9877898351556,997.1156643734232,1021.7159858585464,-621.8438603968141,10.106515944688567
31,51,71,1401.0488212250052,1000.543394053372,1017.8429880278874,-617.3375608562542,9.674665946439859
32,52,72,1400.8696724127426,1002.1432611537173,1018.0146885124506,-619.2882772534253,9.856823385423922
33,53,73,1405.6041464590517,1003.7665489464423,1018.1918069315276,-616.3542094189183,10.463517256404884
34,54,74,1403.221548832552,1005.843418767708,1001.7402301286751,-604.3621000638313,14.73395334018619
35,55,75,1404.8603208226168,1007.0229130958874,999.2866662128752,-601.4492584861457,14.130168882859039
36,56,76,1409.630744233998,1001.7380415124393,1009.1123720124066,-601.2196692908478,12.744222874068214
37,57,77,1405.4205719410543,994.6887660254582,1006.2964652500383,-595.5646593344422,12.896929558990337
38,58,78,1406.2799235133684,991.6535429262652,1003.8383307503289,-589.2119501632255,13.95111141589598
39,59,79,1397.3220366464275,982.8498051273107,999.9151309475214,-585.4428994284046,11.070669737931667
40,60,80,1411.2714192512035,989.1881590931843,1007.1879310700509,-585.1046709120317,14.262232512565106
41,61,81,1412.6097455036293,990.2117547402012,1007.8161503149645,-585.4181595515365,16.70646580942548
42,62,82,1418.470557888365,996.0559674048366,1003.1970102837894,-580.7824198002609,17.604455983268963
43,63,83,1422.9827495144764,1006.6602422869335,1005.4699678047473,-589.1474605772044,16.58309154097242
44,64,84,1420.0780297298393,1015.8764511818415,1002.2852952328058,-598.083716684808,14.944646546595436
45,65,85,1409.953130519098,1007.8291964243547,1005.5027470702626,-603.3788129755192,14.977771493386172
46,66,86,1409.863517839613,1020.5528247731736,989.830903857031,-600.5202107905916,18.54423352932747
47,67,87,1406.3652516850848,1039.0723835331885,983.1595358455959,-615.8666676936996,10.409570608298509
48,68,88,1405.6628984711056,1037.4093631516832,987.0961600351211,-618.8426247156988,9.50343799812697
49,69,89,1388.9545471615443,1014.5638186389838,994.6710012995371,-620.2802727769767,11.806247807557952
50,70,90,1381.883868166299,1021.7159858585464,968.3960951136339,-608.2282128058814,11.386560589350893
51,71,91,1379.05488826326,1017.8429880278874,966.1135906837795,-604.901690448407,10.908625321185582
52,72,92,1370.7717644142854,1018.0146885124506,961.3825024982286,-608.6254265963939,10.128999550330832
53,73,93,1373.0466917096976,1018.1918069315276,970.0654559607692,-615.2105711825991,9.77766507864203
54,74,94,1355.6320187257859,1001.7402301286751,977.4146341760115,-623.5228455789008,12.493673185425337
55,75,95,1362.3971011062008,999.2866662128752,988.772956158671,-625.6625212653453,13.907801321246552
56,76,96,1361.2976610410926,1009.1123720124066,980.785613945704,-628.6003249170178,12.936205677772932
57,77,97,1363.710096737125,1006.2964652500383,980.2233531324745,-622.8097216453878,15.097334391982713
58,78,98,1359.2140977450545,1003.8383307503289,984.3299816244578,-628.9542146297322,10.295595251648251
59,79,99,1357.9726660358851,999.9151309475214,991.8484011795492,-633.7908660911855,8.399140510480493
60,80,100,1352.7250624571263,1007.1879310700509,976.2460499635457,-630.7089185764703,9.5817351018502
61,81,101,1362.2132475365079,1007.8161503149645,984.0590891827261,-629.6619919611826,11.812002012355379
62,82,102,1363.0440011861951,1003.1970102837894,987.1362576755062,-627.2892667731003,11.045450863088604
63,83,103,1358.62005612841,1005.4699678047473,981.8582117776491,-628.7081234539864,12.404121567638072
64,84,104,1357.6644545145175,1002.2852952328058,988.8950055988709,-633.515846317159,9.437908417572544
65,85,105,1355.47092625151,1005.5027470702626,984.5477372479911,-634.5795580667436,10.0215708387434
66,86,106,1343.3635396430232,989.830903857031,986.2816524458775,-632.7490166598855,7.057206710393643
67,87,107,1342.4744340974796,983.1595358455959,991.6032868445918,-632.2883885927081,6.313729375185858
68,88,108,1344.9871270869926,987.0961600351211,987.965429004872,-630.0744619530005,5.083634119416502
69,89,109,1345.4418622222347,994.6710012995371,986.9003921718852,-636.1295312491875,7.852274611683697
70,90,110,1341.4321512766712,968.3960951136339,999.6125440642236,-626.5764879011863,6.6056527446717155
71,91,111,1343.5188659015544,966.1135906837795,1000.0026619317648,-622.5973867139901,8.088121271184718
72,92,112,1341.0577225878476,961.3825024982286,1000.5782691132813,-620.9030490236623,8.711006987513315
73,93,113,1338.809500021232,970.0654559607692,994.8651034817816,-626.1210594213189,11.54210324883627
74,94,114,1343.3976816524023,977.4146341760115,987.517782375687,-621.5347348992964,17.592419944472567
75,95,115,1348.0782403878386,988.772956158671,989.7024441972785,-630.397159968111,13.099828324533746
76,96,116,1345.4068564117786,980.785613945704,1002.0017607843193,-637.3805183182446,8.860742903591245
77,97,117,1346.380067083956,980.2233531324745,1003.3312489817351,-637.1745350302535,9.078861354247806
78,98,118,1345.8304079022873,984.3299816244578,1001.5338798602404,-640.0334535824109,7.338265900763872
79,99,119,1351.69298882772,991.8484011795492,1007.8776195225049,-648.033031874334,3.81570292019137
80,100,120,1351.090407084731,976.2460499635457,1014.852879991487,-640.0085228703019,6.219910151199315
81,101,121,1351.0487691298827,984.0590891827261,1004.56395300275,-637.5742730555935,6.387685069371628
82,102,122,1352.311103075754,987.1362576755062,1006.3226522289513,-641.1478068287033,5.184651583885852
83,103,123,1352.6075385354297,981.8582117776491,1013.4748185499748,-642.7254917921941,4.463841773258423
84,104,124,1351.5609450839447,988.8950055988709,1004.1232579653424,-641.4573184802684,5.148776845704674
85,105,125,1345.9499208078073,984.5477372479911,1002.4162517935786,-641.0140682337624,4.796827948938585
86,106,126,1353.0482869160091,986.2816524458775,999.4298861204447,-632.6632516503132,9.135630453143222
87,107,127,1355.5599931381935,991.6032868445918,995.4567957697682,-631.5000894761665,10.296678166221682
88,108,128,1359.73012748695,987.965429004872,998.535216355827,-626.7705178737488,12.029605894165684
89,109,129,1356.1778418643173,986.9003921718852,992.913789187445,-623.6363394950129,15.256896594867158
90,110,130,1357.079958390655,999.6125440642236,984.3659472701307,-626.8985329436991,8.26798423740911
91,111,131,1361.2681905569398,1000.0026619317648,992.9988692729721,-631.7333406477971,9.2656331800398
92,112,132,1360.3260328978754,1000.5782691132813,996.9186635592757,-637.1708997746816,8.04848439688601
93,113,133,1361.8963699689689,994.8651034817816,1005.2767620674431,-638.2454955802559,11.494394618520914
94,114,134,1361.7625081163123,987.517782375687,1004.7828663933475,-630.5381406527222,16.39834766515844
95,115,135,1357.410787715793,989.7024441972785,1002.4241781718949,-634.7158346533804,12.239281741140985
96,116,136,1357.0534168815855,1002.0017607843193,991.881680023517,-636.830023926251,8.707587286833245
97,117,137,1358.7621811261606,1003.3312489817351,996.2734626855971,-640.8425305411715,8.317293132887812
98,118,138,1361.7120741618855,1001.5338798602404,1001.5147089331151,-641.33651463147,8.496975533671844
99,119,139,1360.0552211572344,1007.8776195225049,991.928023708337,-639.7504220736075,6.673686032465298
100,120,140,1363.4726385149402,1014.852879991487,981.6006929659502,-632.9809344424971,9.47546296714529
101,121,141,1360.619292772879,1004.56395300275,982.8190373115435,-626.7636975414148,10.519469698009402
102,122,142,1373.43635590725,1006.3226522289513,987.378394723241,-620.2646910449423,9.778767303704399
103,123,143,1370.0886421608932,1013.4748185499748,981.9819592355501,-625.3681356246318,7.3190091853589365
104,124,144,1365.9500742237906,1004.1232579653424,981.7193558945041,-619.892539636056,6.9214671605770945
105,125,145,1367.2863516357875,1002.4162517935786,983.0260227222418,-618.1559228800329,7.692104279822956
106,126,146,1359.9649188808723,999.4298861204447,973.5873325028032,-613.0522997423757,3.9799533007592345
107,127,147,1362.7826009725,995.4567957697682,975.1353296502534,-607.8095244475217,7.445572866040038
108,128,148,1370.1434435254462,998.535216355827,974.9284988195274,-603.3202716499081,8.860392885119836
109,129,149,1370.8145139009116,992.913789187445,980.6730370431587,-602.7723123296921,9.862626533171237
110,130,150,1354.1532861962837,984.3659472701307,975.1057425744061,-605.318403648253,3.266040294134541
111,131,151,1367.4324956103935,992.9988692729721,973.6384918001168,-599.2048654626954,4.928470844474759
112,132,152,1376.600322996781,996.9186635592757,977.3353756307046,-597.6537161931992,7.040424651114449
113,133,153,1386.2331218491204,1005.2767620674431,985.3257048524828,-604.3693450708056,8.372783157300432
114,134,154,1381.2727733227077,1004.7828663933475,979.2016280811986,-602.7117211518382,10.251036591392563
115,135,155,1392.1881673378657,1002.4241781718949,989.3708600596174,-599.6068708936466,12.73213259762133
116,136,156,1380.7120262658868,991.881680023517,991.8933807970276,-603.0630345546579,10.490859890382694
117,137,157,1377.2412872092912,996.2734626855971,978.8847391065229,-597.9169145828289,12.0600189645902
118,138,158,1369.7994137506275,1001.5147089331151,966.1417326060147,-597.8570277885024,9.483348472780904
119,139,159,1360.4974911831428,991.928023708337,972.0279239467463,-603.4584564719407,9.87032459923455
120,140,160,1362.9047185801692,981.6006929659502,978.7449370562965,-597.4409114420775,10.955983003623714
121,141,161,1367.0601126512756,982.8190373115435,978.7364216105964,-594.4953462708643,10.718392319212398
122,142,162,1361.0783198931367,987.378394723241,967.7939181178984,-594.0939929480028,10.463432498418342
123,143,163,1355.4614724851644,981.9819592355501,969.2005860473514,-595.7210727977372,10.466378972966709
124,144,164,1350.2630264078512,981.7193558945041,973.1937927473972,-604.6501222340503,10.52638686579121
125,145,165,1354.3648444316566,983.0260227222418,975.727823501953,-604.3890017925382,12.138558698451561
126,146,166,1350.2690784397855,973.5873325028032,979.3928596539255,-602.7111137169431,9.112572990549552
127,147,167,1343.140350374908,975.1353296502534,976.0424558500542,-608.0374351253997,6.450380585527455
128,148,168,1332.5676866655622,974.9284988195274,973.219360011092,-615.5801721650573,2.7715564557796597
129,149,169,1336.201409435513,980.6730370431587,972.9463350856854,-617.4179626933312,3.710010329905117
130,150,170,1332.6370702454474,975.1057425744061,972.1770265320628,-614.6456988610216,3.859731875873422
131,151,171,1329.1429360929837,973.6384918001168,967.3441111326899,-611.8396668398229,1.8841856620306316
132,152,172,1334.2216495319344,977.3353756307046,957.0571260491806,-600.1708521479509,-0.3534293520990559
133,153,173,1335.9765452917613,985.3257048524828,960.3153728398411,-609.6645324005626,-5.361264599335527
134,154,174,1328.0679640452781,979.2016280811986,964.869315094522,-616.0029791304423,-6.501630089361242
135,155,175,1331.1658148933434,989.3708600596174,956.0659446971019,-614.2709898633759,-0.7862002330168707
136,156,176,1343.4898452399725,991.8933807970276,964.3529794616,-612.7565150186551,2.384246466494915
137,157,177,1342.0484753601822,978.8847391065229,976.3644869474738,-613.2007506938144,6.350447347264549
138,158,178,1331.1247078375106,966.1417326060147,977.0308292192889,-612.0478539877929,3.7348157369063983
139,159,179,1332.348664858398,972.0279239467463,979.1485220544372,-618.8277811427856,0.29249685195577513
140,160,180,1341.812099140314,978.7449370562965,992.4437318505661,-629.3765697665485,3.166828000591522
141,161,181,1337.918723359788,978.7364216105964,989.1238227849205,-629.941521035729,2.0525794825613275
142,162,182,1329.5526265275848,967.7939181178984,987.4973445225985,-625.738636112912,3.073613744298882
143,163,183,1331.2749447915144,969.2005860473514,989.7277049716138,-627.6533462274508,3.5915233655318843
144,164,184,1341.533235077679,973.1937927473972,994.5876603996409,-626.2482180693592,6.239189146041895
145,165,185,1339.4170599821275,975.727823501953,990.3249732484736,-626.6357367682992,4.775366452025082
146,166,186,1342.1888215955787,979.3928596539255,990.5157576378035,-627.7197956961504,8.773796420659778
147,167,187,1346.3697486545318,976.0424558500542,998.2062312714497,-627.8789384669722,9.483528827815803
148,168,188,1348.3274094561934,973.219360011092,1002.3490428226656,-627.2409933775643,10.272035722712758
149,169,189,1347.058290917415,972.9463350856854,999.4786812937276,-625.3667254619982,12.055161257134614
150,170,190,1347.9421554508888,972.1770265320628,999.9302785143707,-624.1651495955446,12.435736536975924
151,171,191,1347.1241673649156,967.3441111326899,1007.9480078559975,-628.1679516237718,10.013571581137853
152,172,192,1334.3704379476335,957.0571260491806,1004.085264360671,-626.771952462218,4.722308551556807
153,173,193,1331.2631087671102,960.3153728398411,999.0777571468981,-628.1300212196288,0.10606627295965154
154,174,194,1339.7712855595903,964.869315094522,1005.3872858739696,-630.4853154089012,2.8566892118178657
155,175,195,1331.24295620584,956.0659446971019,1004.3610882056362,-629.184076696898,3.9306442979219582
156,176,196,1332.3022320181826,964.3529794616,996.6086015505688,-628.659348993986,4.52455588553255
157,177,197,1332.1156026016642,976.3644869474738,985.4946369586451,-629.7435213044546,4.978384382674335
158,178,198,1338.5251894721528,977.0308292192889,991.7136420680611,-630.2192818151971,5.599763744521283
159,179,199,1338.2737258970972,979.1485220544372,985.3219508498219,-626.196747007162,4.817342105786338
160,180,200,1336.4547983379568,992.4437318505661,965.5726558523954,-621.5615893650047,7.549900860587627
161,181,201,1338.0063049547944,989.1238227849205,969.4201022191369,-620.5376200492631,7.501602661831498
162,182,202,1338.5014103305784,987.4973445225985,976.940413768749,-625.9363479607691,7.731127491296093
163,183,203,1341.4912668189822,989.7277049716138,979.8500238624897,-628.0864620151212,8.317400295095467
164,184,204,1341.6065274893817,994.5876603996409,969.8929103018768,-622.8740432121358,7.752785479011436
165,185,205,1337.9400978380504,990.3249732484736,968.9065758241117,-621.2914512345349,6.265914016580155
166,186,206,1339.7192076909269,990.5157576378035,969.0463727286051,-619.8429226754818,10.297968699394914
167,187,207,1337.7312566765286,998.2062312714497,962.9506547860366,-623.4256293809576,8.068637914720625
168,188,208,1341.6600119822917,1002.3490428226656,962.0788252877203,-622.7678561280943,8.916921541799184
169,189,209,1337.5777613498283,999.4786812937276,966.5290147827639,-628.4299347266631,7.6079449934138665
