Left,Mid,Right,Loss,Loss_left,Loss_right,gain,glasso
0,20,40,1353.7422911932294,1008.8335675723267,975.2592773796623,-630.3505537587596,8.173299624990136
1,21,41,1355.6124297747422,1005.5913830084821,988.1331341117834,-638.1120873455234,6.875765772355635
2,22,42,1363.5878173704286,998.191582384136,997.254267685929,-631.8580326996364,11.796734891801975
3,23,43,1370.6016212165268,1003.9278972722507,999.5466116740247,-632.8728877297485,11.709147319571684
4,24,44,1370.9314077628549,998.5244578228647,1006.3026167692224,-633.8956668292324,10.871441360970493
5,25,45,1366.279191409685,991.6919608977905,1005.4955579631912,-630.9083274512968,10.684795689439511
6,26,46,1365.516168546821,1007.9616750230254,983.7649636501832,-626.2104701263875,10.944991890981782
7,27,47,1366.1363919846963,993.7162525225162,985.7504131385213,-613.3302736763412,16.72075093655883
8,28,48,1365.9948616678255,1006.6390798362097,970.1061537986207,-610.7503719670049,12.948397826355063
9,29,49,1362.4280848062995,1003.5688265828832,968.3194781831252,-609.4602199597089,14.77173787758261
10,30,50,1369.1498837501615,998.0740999180372,990.9583232935015,-619.8825394613771,17.21965810433926
11,31,51,1361.177404808001,989.270243929701,989.4092528022686,-617.5020919239687,14.935435017399413
12,32,52,1357.7701327544496,989.5580625516117,988.0342429881275,-619.8221727852897,11.41266800264475
13,33,53,1354.4089335502904,985.3250649423628,989.1984467010423,-620.1145780931147,10.968904338254447
14,34,54,1357.757274850582,986.0665256864384,992.6478644625653,-620.9571152984215,11.731831438854442
15,35,55,1354.7073360542167,982.3567333891317,994.6682206409063,-622.3176179758211,11.231802814826551
16,36,56,1349.1916490557019,982.408618488649,993.9020833150195,-627.1190527479666,8.550149042235489
17,37,57,1355.78429779397,995.2716105189735,991.6515834414215,-631.1388961664252,7.467233180910625
18,38,58,1354.9719020812217,990.5936287387859,995.1738576061341,-630.7955842636984,8.929478820736335
19,39,59,1345.1127388286995,986.840077969425,990.2625985813538,-631.9899377220793,6.647367583167238
20,40,60,1341.7694465814636,975.2592773796623,994.7702295347306,-628.2600603329292,8.542700840518364
21,41,61,1353.6819787577924,988.1331341117834,1002.4842775800474,-636.9354329340385,6.761384555386712
22,42,62,1358.3484715727695,997.254267685929,996.4710355766326,-635.3768316897922,7.447074879600905
23,43,63,1356.9743852216316,999.5466116740247,997.4639533947638,-640.036179847157,4.065449837920596
24,44,64,1360.5024842124099,1006.3026167692224,991.7843664721538,-637.5844990289663,1.5648567726608462
25,45,65,1367.7609967058952,1005.4955579631912,996.7036188697359,-634.438180127032,2.0312937194451024
26,46,66,1370.4947666815733,983.7649636501832,1010.2046022168506,-623.4747991854606,2.2027329044612998
27,47,67,1380.0767013012642,985.7504131385213,996.0704079440346,-601.7441197812918,11.970578759711657
28,48,68,1377.8432984092728,970.1061537986207,1004.4898707390425,-596.7527261283903,6.712823647736741
29,49,69,1379.1313872296132,968.3194781831252,1006.7851978247779,-595.9732887782898,8.739896671510564
30,50,70,1379.3795641870543,990.9583232935015,985.8360981592582,-597.4148572657055,14.928450824894412
31,51,71,1394.1820086180692,989.4092528022686,1002.3941242769533,-597.6213684611528,17.126275152201288
32,52,72,1403.7011407374077,988.0342429881275,1013.7166132374992,-598.0497154882189,14.964847047895319
33,53,73,1406.0263818859924,989.1984467010423,1009.8759851013049,-593.0480499163548,16.894750202228693
34,54,74,1410.2945472771205,992.6478644625653,1006.133670971061,-588.4869881565057,18.321046265030304
35,55,75,1418.5399447976838,994.6682206409063,1006.3830610234511,-582.5113368666734,19.228884807873214
36,56,76,1423.5425721848248,993.9020833150195,1016.3481471706407,-586.7076583008354,19.87111364246607
37,57,77,1411.423723853163,991.6515834414215,1004.0498845376088,-584.2777441258675,18.471100503827756
38,58,78,1409.3324989448995,995.1738576061341,993.699602173348,-579.5409608345826,19.268606444370107
39,59,79,1405.1084124600725,990.2625985813538,990.8770872089484,-576.0312733302299,16.301202113231398
40,60,80,1414.5411730083158,994.7702295347306,999.2622060441727,-579.4912625705874,19.626427164320944
41,61,81,1414.6838878524436,1002.4842775800474,1003.6635466963152,-591.463936423919,15.369782008817765
42,62,82,1410.1898415520893,996.4710355766326,1004.6223277340201,-590.9035217585636,15.631895288760234
43,63,83,1409.042871624331,997.4639533947638,1004.3741447785245,-592.7952265489575,15.123205983197295
44,64,84,1406.3329393046633,991.7843664721538,1006.2542250589482,-591.7056522264388,13.625957927874651
45,65,85,1410.9818848766397,996.7036188697359,1004.6689082292548,-590.3906422223511,15.576613659918621
46,66,86,1412.1090514203856,1010.2046022168506,1001.5322418977415,-599.6277926942066,12.122281173503097
47,67,87,1386.5772002237977,996.0704079440346,1000.4855020562492,-609.9787097764861,10.27119702390678
48,68,88,1391.6125783168854,1004.4898707390425,1007.2328347149954,-620.1101271371526,11.970321745705633
49,69,89,1395.4808237417683,1006.7851978247779,1010.055976977309,-621.3603510603186,13.022769410344495
50,70,90,1386.0861946533228,985.8360981592582,1009.8073246560714,-609.5572281620068,15.118780704600113
51,71,91,1390.3519833608675,1002.3941242769533,1007.0011869933021,-619.0433279093879,14.69032740732439
52,72,92,1393.6695251599585,1013.7166132374992,1010.5792214173658,-630.6263094949065,12.072046085785018
53,73,93,1388.0873614520956,1009.8759851013049,1009.4713821464225,-631.2600057956317,10.72552023452306
54,74,94,1382.244400232859,1006.133670971061,1003.8366812786658,-627.7259520168675,9.167437098860546
55,75,95,1382.815097846878,1006.3830610234511,1003.9445119977254,-627.5124751742985,8.660809167138268
56,76,96,1386.6029535716305,1016.3481471706407,999.295264117391,-629.0404577164011,8.242096460872972
57,77,97,1374.1648580068436,1004.0498845376088,1004.3536966297561,-634.2387231605212,8.634008568368245
58,78,98,1373.4067367101666,993.699602173348,1006.609627364908,-626.9024928280894,13.722908563437045
59,79,99,1378.1639938307226,990.8770872089484,1015.0892767674932,-627.8023701457191,11.53063247618627
60,80,100,1375.236708276921,999.2622060441727,1014.8421074524574,-638.867605219709,8.507673199594024
61,81,101,1375.9260083231325,1003.6635466963152,1015.0278260989194,-642.7653644721022,5.1741212649386625
62,82,102,1380.9237753533428,1004.6223277340201,1016.8386889015773,-640.5372412822546,6.827574964688438
63,83,103,1380.5433123718192,1004.3741447785245,1015.6199871730566,-639.4508195797619,7.5258658493515895
64,84,104,1381.877525649064,1006.2542250589482,1018.9689281184471,-643.3456275283315,6.836161236923203
65,85,105,1382.437501631008,1004.6689082292548,1017.3398718909938,-639.5712784892405,6.501569834337033
66,86,106,1382.0078594326587,1001.5322418977415,1020.5538549670597,-640.0782374321425,6.7828858547318305
67,87,107,1376.3208468244861,1000.4855020562492,1014.485863221206,-638.6505184529692,6.86422800745504
68,88,108,1372.4288655425755,1007.2328347149954,1006.7524950675069,-641.5564642399268,8.099280152790357
69,89,109,1374.2493353223279,1010.055976977309,1010.580614293215,-646.3872559481963,6.414398236821626
70,90,110,1377.5010174634824,1009.8073246560714,1010.1090955422541,-642.4154027348429,6.64078967074056
71,91,111,1374.7022723148302,1007.0011869933021,1011.2711470758089,-643.5700617542807,7.72894953542027
72,92,112,1372.2624254920509,1010.5792214173658,1009.8833046845923,-648.2001006099074,6.888787962513902
73,93,113,1376.3013489475625,1009.4713821464225,1012.8745224405387,-646.0445556393988,7.7601565188876975
74,94,114,1375.4219280255825,1003.8366812786658,1015.223286365709,-643.6380396187924,6.637459263550909
75,95,115,1368.4375064811115,1003.9445119977254,1008.0201215515876,-643.5271270682015,6.465134210620818
76,96,116,1366.3949655679503,999.295264117391,1010.0214817443997,-642.9217802938404,9.230249598459977
77,97,117,1371.8845583421044,1004.3536966297561,1006.4844064056354,-638.9535446932871,7.096370747576884
78,98,118,1371.773340170289,1006.609627364908,998.1612846114012,-632.9975718060202,10.705228304105162
79,99,119,1372.6561756535843,1015.0892767674932,993.425912675192,-635.8590137891008,9.16932885583708
80,100,120,1372.2917346745517,1014.8421074524574,998.2498861305505,-640.8002589084563,8.318544348304613
81,101,121,1371.7319006380312,1015.0278260989194,999.576238277197,-642.8721637380852,6.794949285150324
82,102,122,1378.4305630692793,1016.8386889015773,1011.1014333289146,-649.5095591612126,6.831442096675914
83,103,123,1377.3003391757893,1015.6199871730566,1010.1844661125616,-648.5041141098291,6.789195779821512
84,104,124,1376.8716836813192,1018.9689281184471,1011.9282676985717,-654.0255121356997,6.735450771153296
85,105,125,1376.349702058639,1017.3398718909938,1007.4371134952346,-648.4272833275893,7.749515079011076
86,106,126,1378.277339005388,1020.5538549670597,1004.5331267938235,-646.8096427554951,9.403529828573596
87,107,127,1373.9634136756554,1014.485863221206,1006.9549835258083,-647.477433071359,7.330391856228175
88,108,128,1369.9604211905748,1006.7524950675069,1006.599898086279,-643.3919719632111,7.319347059806091
89,109,129,1374.2996491862514,1010.580614293215,1008.9260319744492,-645.2069970814127,9.06870624190151
90,110,130,1375.6448121462913,1010.1090955422541,1007.2478608987774,-641.71214429474,10.930471684646363
91,111,131,1376.2246969269063,1011.2711470758089,1007.5009391516182,-642.547389300521,10.986315919268463
92,112,132,1372.7203692452554,1009.8833046845923,1007.5740641376639,-644.7369995770009,11.41092678850805
93,113,133,1378.2274636035854,1012.8745224405387,1012.2475992851529,-646.8946581221062,9.39483741831964
94,114,134,1380.2700747604922,1015.223286365709,1009.985825200672,-644.9390368058889,8.019155525421752
95,115,135,1379.4560528047355,1008.0201215515876,1016.4480562139169,-645.0121249607691,7.356107156668827
96,116,136,1378.6096452744619,1010.0214817443997,1010.5467237227886,-641.9585601927265,8.960212425673149
97,117,137,1375.931914138796,1006.4844064056354,1007.6560710709288,-638.2085633377683,5.910020275618422
98,118,138,1367.6871232231088,998.1612846114012,1004.2885438543402,-634.7627052426328,6.701456643971596
99,119,139,1364.3905936092965,993.425912675192,1006.3311007136695,-635.3664197795649,6.411488257688006
100,120,140,1363.6142230358194,998.2498861305505,1000.7917058156061,-635.4273689103372,8.302677987572679
101,121,141,1363.8162403788897,999.576238277197,1001.3908337909843,-637.1508316892916,8.967083214831064
102,122,142,1366.5991471847178,1011.1014333289146,998.3515270264404,-642.8538131706373,5.838403213940296
103,123,143,1370.1057967783906,1010.1844661125616,1007.272827281133,-647.3514966153041,6.027623998462786
104,124,144,1374.4617170671868,1011.9282676985717,1009.5377490402195,-647.0042996716045,6.804500699929918
105,125,145,1379.3167285038426,1007.4371134952346,1017.7470060303167,-645.8673910217087,7.571494056988172
106,126,146,1378.3178523416948,1004.5331267938235,1017.0460348477598,-643.2613092998884,7.760380671864368
107,127,147,1379.3995830536464,1006.9549835258083,1014.5832133037418,-642.1386137759037,6.938173503501616
108,128,148,1386.5447737259196,1006.599898086279,1004.8712245463562,-624.9263489067157,11.903109960939332
109,129,149,1382.6708892953507,1008.9260319744492,999.2853501308675,-625.540492809966,12.175762635408205
110,130,150,1378.2278222032437,1007.2478608987774,991.7534885173902,-620.7735272129239,12.382715575965449
111,131,151,1382.540135249737,1007.5009391516182,994.3071627715684,-619.2679666734498,11.113833219840899
112,132,152,1385.2265569132132,1007.5740641376639,997.89028144983,-620.2377886742806,10.69342294991634
113,133,153,1400.7487685699045,1012.2475992851529,1009.3565494611012,-620.8553801763494,10.228021001542743
114,134,154,1398.0069746406741,1009.985825200672,996.0425538877907,-608.0214044477887,11.846240960076102
115,135,155,1403.4062658239882,1016.4480562139169,986.5684485883,-599.6102389782286,14.748960015280772
116,136,156,1403.6546923447095,1010.5467237227886,994.3281400186199,-601.220171396699,12.36911307758885
117,137,157,1407.9948002822084,1007.6560710709288,994.6247360158847,-594.286006804605,15.542707068651453
118,138,158,1407.542514622944,1004.2885438543402,997.154250693585,-593.9002799249811,16.896514342940577
119,139,159,1410.9253261926165,1006.3311007136695,992.6066995473399,-588.0124740683927,17.74040043397349
120,140,160,1413.7846806582097,1000.7917058156061,993.1759922070049,-580.1830173644012,22.49324940728536
121,141,161,1418.7265378608047,1001.3908337909843,997.6187747759692,-580.2830707061487,23.49758967403875
122,142,162,1408.6181406749724,998.3515270264404,999.9573871185092,-589.6907734699771,20.837265964156586
123,143,163,1419.946328738597,1007.272827281133,1004.9339306691335,-592.2604292116694,19.28033807316899
124,144,164,1415.7035035926306,1009.5377490402195,1004.7595969479369,-598.5938423955258,15.97656882410206
125,145,165,1411.7381514134395,1017.7470060303167,995.6320314432329,-601.64088606011,15.035063753716258
126,146,166,1406.4635330161486,1017.0460348477598,993.641999899708,-604.2245017313192,15.726748613527207
127,147,167,1410.620321123748,1014.5832133037418,1001.1133991174308,-605.0762912974246,16.699733143612207
128,148,168,1400.5810463990392,1004.8712245463562,999.1751662819638,-603.4653444292808,16.782352414799902
129,149,169,1397.6810388976676,999.2853501308675,1001.5577458067697,-603.1620570399698,16.405247264902528
130,150,170,1391.1429403780014,991.7534885173902,1003.6230025162267,-604.2335506556155,13.961425739719061
131,151,171,1386.258483780547,994.3071627715684,998.5228674345954,-606.5715464256168,13.137160199654318
132,152,172,1386.9468947616783,997.89028144983,997.6416266329029,-608.5850133210547,13.267551915529793
133,153,173,1385.4560875326101,1009.3565494611012,999.4455077527823,-623.3459696812733,4.4271422139893275
134,154,174,1379.8886189831137,996.0425538877907,1002.555178494692,-618.709113399369,6.667552456197427
135,155,175,1364.3507477604903,986.5684485883,998.6065510677931,-620.8242518956029,7.283226451216478
136,156,176,1368.2386412589467,994.3281400186199,994.3352922087852,-620.4247909684584,12.127899840628174
137,157,177,1364.5621082459875,994.6247360158847,1000.4142805848076,-630.4769083547048,8.297957394685
138,158,178,1364.001386133079,997.154250693585,1000.999742087153,-634.152606647659,6.920928292532835
139,159,179,1354.413576202247,992.6066995473399,998.9743183841704,-637.1674417292634,6.748925696807646
140,160,180,1351.6562688802815,993.1759922070049,997.1489677321288,-638.6686910588523,5.3763276360473355
141,161,181,1356.710603128012,997.6187747759692,1001.0966162814518,-642.0047879294091,5.022147262191083
142,162,182,1365.47021479366,999.9573871185092,997.7407590584696,-632.2279313833187,9.773841058882113
143,163,183,1363.812552739801,1004.9339306691335,991.0490036575329,-632.1703815868655,7.834392344844218
144,164,184,1366.5782614556424,1004.7595969479369,996.1725797782406,-634.353915270535,8.510031355966362
145,165,185,1358.9239308632805,995.6320314432329,996.846087955219,-633.5541885351713,7.620913385471681
146,166,186,1359.567577270064,993.641999899708,995.5148991383053,-629.5893217679493,11.13224942014017
147,167,187,1362.9058333691967,1001.1133991174308,983.6163556031088,-621.823921351343,12.254316830064568
148,168,188,1363.4246360659872,999.1751662819638,988.1118211893759,-623.8623514053525,11.003654018202155
149,169,189,1369.5584829364498,1001.5577458067697,1000.0549200100545,-632.0541828803744,10.646264937238243
150,170,190,1371.3024820138612,1003.6230025162267,1002.9730906137682,-635.2936111161339,9.779521558587703
151,171,191,1370.418930574574,998.5228674345954,1005.9415854260985,-634.0455222861199,9.19144380640796
152,172,192,1367.4393663428452,997.6416266329029,1007.338143462485,-637.5404037525427,8.722569074659418
153,173,193,1361.1999045779125,999.4455077527823,995.9843028267007,-634.2299060015705,7.266211661567695
154,174,194,1363.140818761311,1002.555178494692,991.3787452547305,-630.7931049881113,8.226523072512009
155,175,195,1362.2275590718082,998.6065510677931,990.2408258232163,-626.6198178192012,10.929508941468384
156,176,196,1366.257972882508,994.3352922087852,997.8106341012275,-625.8879534275047,18.639394706559642
157,177,197,1358.4679697375063,1000.4142805848076,996.6247118494443,-638.5710226967456,7.223273278459487
158,178,198,1364.8284235385804,1000.999742087153,1004.9572925691832,-641.1286111177558,6.667114024094758
159,179,199,1368.1237549588473,998.9743183841704,1012.33757502302,-643.1881384483431,6.823403677046258
160,180,200,1366.1673478578082,997.1489677321288,1014.2209304023495,-645.2025502766701,5.710159088860223
161,181,201,1366.4279201681964,1001.0966162814518,1015.7583691781214,-650.4270652913767,4.674820445944761
162,182,202,1356.8433689231367,997.7407590584696,1003.799684118467,-644.6970742537999,6.029408112788815
163,183,203,1352.1101155759036,991.0490036575329,996.7731467064074,-635.7120347880366,10.039897741500454
164,184,204,1365.3798476905104,996.1725797782406,1006.3213218996277,-637.1140539873579,9.395482311322326
165,185,205,1367.7013864251917,996.846087955219,1009.3973337496418,-638.5420352796691,9.402833659264616
166,186,206,1373.6869498719007,995.5148991383053,1011.9882284694482,-633.8161777358528,11.124911281311938
167,187,207,1367.051383920308,983.6163556031088,1008.3214396970242,-624.8864113798252,10.975300144181688
168,188,208,1370.7930188346168,988.1118211893759,1011.6081150868602,-628.9269174416193,8.821030154675213
169,189,209,1370.0508492608715,1000.0549200100545,1005.4824781664657,-635.4865489156487,10.55593208587959
