Left,Mid,Right,Loss,Loss_left,Loss_right,gain,glasso
0,20,40,1317.7849774641368,969.1833452716359,970.7708980204221,-622.1692658279212,-0.07669568876076482
1,21,41,1317.9154164036,972.8528723317967,964.5776594430162,-619.5151153712129,0.23785565456205404
2,22,42,1317.9832901886707,972.8938281708907,963.3439910228074,-618.2545290050275,3.4828761178290506
3,23,43,1318.5986930017693,973.0597194423553,964.5496985208003,-619.0107249613864,2.7811498025936316
4,24,44,1319.5046074199824,978.627291135599,965.146083079536,-624.2687667951525,0.4182529486243993
5,25,45,1324.9851517142338,981.0955579919661,971.8923208469303,-628.0027271246627,1.0203168760430117
6,26,46,1331.7115897624283,979.3090534421787,982.2992357398134,-629.8966994195637,1.2788465366928676
7,27,47,1328.3322503399968,976.3934239545724,978.6033582554073,-626.664531869983,0.925841245405536
8,28,48,1343.296118537523,971.1320586439658,997.954643219681,-625.7905833261239,4.0401710444815535
9,29,49,1339.950273570512,970.6642144906734,994.3032090283015,-625.0171499484629,3.6675634030342508
10,30,50,1338.166362490788,966.835734823835,995.1934738319826,-623.8628461650294,3.577614024678155
11,31,51,1335.7479900159228,965.4205640211501,992.7677149059311,-622.4402889111584,6.144771855151248
12,32,52,1343.0139051884616,968.8438840419482,995.6678503662506,-621.497829219737,6.966300447318531
13,33,53,1347.8340264519784,972.1914574186211,990.2599051508487,-614.6173361174915,10.498900824981433
14,34,54,1346.4413555363285,978.3578586221893,989.9456658089854,-621.862168894846,8.259770828488286
15,35,55,1345.619350625665,977.5057825019198,991.9066941831525,-623.7931260594073,7.643673076418395
16,36,56,1349.4856732454132,972.5968528828121,999.0252373288142,-622.1364169662131,6.837001088673333
17,37,57,1352.1445288619116,980.6929954555936,995.5191661250067,-624.0676327186889,7.201488093740295
18,38,58,1346.8451124281555,971.7670902601948,993.63705728326,-618.5590351152991,9.139809074313234
19,39,59,1346.627104218173,976.897315380036,991.7957516739157,-622.0659628357789,8.958919875221568
20,40,60,1347.012818489311,970.7708980204221,996.2563399713333,-620.0144195024445,9.231212306094221
21,41,61,1347.0398182869098,964.5776594430162,994.8118167262833,-612.3496578823897,9.544740784035639
22,42,62,1359.4228721555965,963.3439910228074,1005.4700101470403,-609.3911290142512,11.824507082709943
23,43,63,1360.4036185384584,964.5496985208003,1008.1323311683399,-612.2784111506817,9.330731138609963
24,44,64,1347.6623747124959,965.146083079536,1002.5063144260714,-619.9900227931116,4.642234743017298
25,45,65,1366.9518171462946,971.8923208469303,1016.7402429037564,-621.680746604392,3.6925911464320507
26,46,66,1372.129236674612,982.2992357398134,1008.1756273072173,-618.3456263724188,4.877858761241328
27,47,67,1378.2818035901987,978.6033582554073,1024.343307942734,-624.6648626079427,0.4917190297514935
28,48,68,1383.9965743739772,997.954643219681,1014.9104979010601,-628.8685667467639,-0.17736963958327578
29,49,69,1379.161856575174,994.3032090283015,1015.3762665787456,-630.5176190318732,-0.41319470604332764
30,50,70,1385.0849236703518,995.1934738319826,1016.030393624882,-626.1389437865128,2.1864139840129155
31,51,71,1383.7172494878755,992.7677149059311,1011.4610994733642,-620.5115648914198,3.153185018199224
32,52,72,1377.3740689182614,995.6678503662506,997.1235216241892,-615.4173030721784,5.829379510768831
33,53,73,1390.6438243154962,990.2599051508487,1013.8866691506867,-613.5027499860391,11.521709873068403
34,54,74,1403.664827993508,989.9456658089854,1016.6138147805486,-602.8946525960259,13.196634333085399
35,55,75,1409.8214184029844,991.9066941831525,1019.2175665161171,-601.3028422962852,13.65653312829977
36,56,76,1414.0044110310187,999.0252373288142,1015.6254386008561,-600.6462648986517,11.44010200583557
37,57,77,1415.4148816865427,995.5191661250067,1017.9522439740472,-598.0565284125112,13.20477161675717
38,58,78,1415.8210165625662,993.63705728326,1019.5869081829333,-597.402948903627,14.715092208228157
39,59,79,1412.947627079303,991.7957516739157,1016.4594110234082,-595.3075356180209,15.726901687990107
40,60,80,1420.106666412033,996.2563399713333,1017.6460821876206,-593.7957557469208,13.749385668489822
41,61,81,1414.8016336196679,994.8118167262833,1012.244170993172,-592.2543540997874,15.431238391453121
42,62,82,1415.1464192984697,1005.4700101470403,1010.5375120971478,-600.8611029457184,15.07899008306481
43,63,83,1411.922929160855,1008.1323311683399,997.5307284435451,-593.7401304510299,16.392861975317828
44,64,84,1410.8566405210295,1002.5063144260714,1001.0954755044795,-592.7451494095214,17.768063670683887
45,65,85,1412.7486116865925,1016.7402429037564,997.3795274186556,-601.3711586358195,11.114711571583257
46,66,86,1397.1773244205187,1008.1756273072173,1000.5937875837756,-611.592090470474,7.574957408324963
47,67,87,1418.1238884935979,1024.343307942734,998.9298185981936,-605.1492380473298,11.893056483548435
48,68,88,1402.4840875780005,1014.9104979010601,996.7511027193303,-609.1775130423898,8.963891039936698
49,69,89,1409.1956836210552,1015.3762665787456,998.536078795816,-604.7166617535063,10.960088518782413
50,70,90,1402.8459740083872,1016.030393624882,992.1358905699805,-605.3203101864751,10.485738387323408
51,71,91,1400.1878846744821,1011.4610994733642,996.6254513669925,-607.8986661658746,10.401408632675043
52,72,92,1383.371286300418,997.1235216241892,996.2312246364368,-609.9834599602079,7.056150104108497
53,73,93,1372.9838978614011,1013.8866691506867,982.8555963225384,-623.7583676118238,3.6069816253846056
54,74,94,1369.98266252547,1016.6138147805486,975.8790327875153,-622.510185042594,3.8456554456539607
55,75,95,1375.4098652594412,1019.2175665161171,983.7316730972161,-627.5393743538921,4.0996919456989644
56,76,96,1365.8766789490119,1015.6254386008561,974.6604981782501,-624.4092578300942,3.4106124902137935
57,77,97,1345.4377557899377,1017.9522439740472,961.9925333963288,-634.5070215804383,0.8320896712621106
58,78,98,1350.757293596856,1019.5869081829333,957.867605701973,-626.6972202880502,0.6507377243028714
59,79,99,1347.0281413816224,1016.4594110234082,959.4135096196869,-628.8447792614727,0.5325420497764526
60,80,100,1336.4700350266962,1017.6460821876206,950.5364354157496,-631.7124825766739,-1.2660471245139888
61,81,101,1349.0000935925136,1012.244170993172,968.5143117425526,-631.7583891432109,0.6060378518735661
62,82,102,1343.9947718544292,1010.5375120971478,965.1412084037779,-631.6839486464964,0.4038888271390988
63,83,103,1348.5377210779975,997.5307284435451,982.502186383951,-631.4951937494984,2.741683250824508
64,84,104,1353.1844412387422,1001.0954755044795,986.5604425798961,-634.4714768456333,3.338371974010329
65,85,105,1346.6769599599177,997.3795274186556,985.7880531966014,-636.4906206553394,-0.5413090794299933
66,86,106,1347.5703822085688,1000.5937875837756,981.0786705385949,-634.1020759138016,-0.1104307845614585
67,87,107,1341.2315206543815,998.9298185981936,976.1559645507216,-633.8542624945337,0.20628480524567294
68,88,108,1343.887271094256,996.7511027193303,979.514545706434,-632.3783773315083,-0.48542301335578486
69,89,109,1339.908921324683,998.536078795816,974.3065941762554,-632.9337516473884,0.0761153239604937
70,90,110,1347.632367039409,992.1358905699805,994.4282837002708,-638.9318072308422,0.9313681999431083
71,91,111,1349.814016049495,996.6254513669925,992.296969696623,-639.1084050141205,1.6112895090392385
72,92,112,1354.3227777082923,996.2312246364368,994.5494564136114,-636.457903341756,0.804927882110519
73,93,113,1349.4626956937948,982.8555963225384,993.4453005377463,-626.8382011664901,5.026988267913907
74,94,114,1349.6885589809058,975.8790327875153,996.3042558745465,-622.4947296811561,4.234884109615905
75,95,115,1350.0014301056426,983.7316730972161,994.2730666207585,-628.003309612332,1.804702143686086
76,96,116,1347.2657247260677,974.6604981782501,994.6495639156134,-622.0443373677958,3.332134233279703
77,97,117,1346.6031904788135,961.9925333963288,996.3367282657936,-611.7260711833089,3.3277437339548896
78,98,118,1343.386096789755,957.867605701973,995.4950085520069,-609.976517464225,2.4946667900986768
79,99,119,1344.2318116945683,959.4135096196869,996.6293288838215,-611.8110268089401,6.553305823832147
80,100,120,1345.176576726809,950.5364354157496,1001.870602617257,-607.2304613061976,6.778636831869335
81,101,121,1347.712257995294,968.5143117425526,996.844754583339,-617.6468083305974,6.596706218278882
82,102,122,1343.7615496068333,965.1412084037779,998.6595394725002,-620.0391982694448,6.476251502712671
83,103,123,1344.4936947565473,982.502186383951,989.6349193430383,-627.6434109704421,5.432641854953658
84,104,124,1344.1431110077613,986.5604425798961,981.3149778114524,-623.7323093835873,7.919056996714858
85,105,125,1345.371593052397,985.7880531966014,980.9764156963467,-621.3928758405511,10.53172791941131
86,106,126,1346.2019217154614,981.0786705385949,983.8022455281584,-618.678994351292,12.865561762189373
87,107,127,1344.8124147332005,976.1559645507216,983.6762720120809,-615.0198218296018,15.702055015559608
88,108,128,1349.3379512702863,979.514545706434,980.1988167512877,-610.3754111874355,16.740822952981944
89,109,129,1341.5066577184784,974.3065941762554,982.8917331718578,-615.6916696296348,15.403054814927827
90,110,130,1344.6139262214056,994.4282837002708,976.1622953411872,-625.9766528200525,7.453569736020995
91,111,131,1342.8849131476256,992.296969696623,975.8999917595469,-625.3120483085443,7.873952985024857
92,112,132,1347.35798698077,994.5494564136114,974.0254672115482,-621.2169366443895,9.784735559902856
93,113,133,1353.9637747679994,993.4453005377463,976.5764725249282,-616.0579982946751,12.037588658937125
94,114,134,1355.942136540983,996.3042558745465,979.6727040697199,-620.0348234032833,9.76458639143516
95,115,135,1355.2474372932006,994.2730666207585,974.0957639759584,-613.1213933035165,8.794454816036819
96,116,136,1358.7452418734188,994.6495639156134,977.5761963437657,-613.4805183859603,7.947569166534208
97,117,137,1361.9922662344893,996.3367282657936,964.8552118804234,-599.1996739117276,6.9551766750170145
98,118,138,1356.3172902271526,995.4950085520069,970.1259330540995,-609.3036513789539,2.963937986293331
99,119,139,1356.1288645543307,996.6293288838215,969.8695802963038,-610.3700446257947,8.040148993638354
100,120,140,1360.5470941548215,1001.870602617257,976.0418389455434,-617.3653474079788,4.559213611693167
101,121,141,1354.431893305697,996.844754583339,979.2375359216016,-621.6503971992436,3.6941285067157423
102,122,142,1352.699702333201,998.6595394725002,975.038167616778,-620.9980047560771,3.8689508727330804
103,123,143,1351.9407357674006,989.6349193430383,979.8152443049554,-617.509427880593,3.9964298651427725
104,124,144,1345.5578175689475,981.3149778114524,981.2462877551345,-617.0034479976393,2.784760368404477
105,125,145,1361.7976781200096,980.9764156963467,1000.2666284129657,-619.4453659893029,6.138337925117185
106,126,146,1364.152893217487,983.8022455281584,993.3298166597613,-612.9791689704327,7.006773155485234
107,127,147,1367.29583796855,983.6762720120809,997.1587110132966,-613.5391450568275,7.825461646565259
108,128,148,1364.2336850317638,980.1988167512877,998.1269990952977,-614.0921308148218,9.290744972770085
109,129,149,1363.9719912114124,982.8917331718578,995.8069828439086,-614.726724804354,8.914773133030394
110,130,150,1357.9438764226256,976.1622953411872,999.0463948945509,-617.2648138131126,3.4866471286646856
111,131,151,1358.6560516225145,975.8999917595469,1000.5428363751732,-617.7867765122055,3.1358890447398835
112,132,152,1367.128848414448,974.0254672115482,1007.1544609723878,-614.0510797694881,5.727840460470134
113,133,153,1361.247867065615,976.5764725249282,1002.4972554893526,-617.8258609486656,5.3912182600330425
114,134,154,1362.0493825995156,979.6727040697199,1003.4793854679617,-621.102706938166,5.58237353599975
115,135,155,1364.3433890432452,974.0957639759584,1004.7008161477722,-614.4531910804853,5.971506158122679
116,136,156,1365.6566070766294,977.5761963437657,996.2623341562874,-608.1819234234235,7.869744853632824
117,137,157,1360.4722959013416,964.8552118804234,995.9187212752032,-600.3016372542852,6.0435485681797445
118,138,158,1355.932533981489,970.1259330540995,990.1973049342654,-604.3907040068757,4.408607842122933
119,139,159,1362.3107668625696,969.8695802963038,996.1459065792817,-603.7047200130157,6.318707755644368
120,140,160,1372.8841035695652,976.0418389455434,1003.8903832532258,-607.0481186292038,7.871161638836156
121,141,161,1376.4312816866125,979.2375359216016,1003.9160408587727,-606.7222950937619,7.683832835764406
122,142,162,1381.9178121622401,975.038167616778,1008.9036825392989,-602.0240379938366,8.714864494891344
123,143,163,1382.026304736865,979.8152443049554,1006.1432518950885,-603.9321914631789,8.407382411711978
124,144,164,1383.3261316221167,981.2462877551345,1008.5837507029665,-606.5039068359845,8.767648903115742
125,145,165,1383.1705090791625,1000.2666284129657,995.8302751392373,-612.9263944730405,8.048723647499969
126,146,166,1381.002127481011,993.3298166597613,999.307140708111,-611.6348298868611,5.887324846354318
127,147,167,1384.3695681283803,997.1587110132966,997.6628473102252,-610.4519901951417,6.05992037419162
128,148,168,1383.4222806924624,998.1269990952977,999.6631621056364,-614.3678805084717,6.5262725283848795
129,149,169,1384.73059276157,995.8069828439086,1004.2964789500894,-615.3728690324281,8.55637521984454
130,150,170,1376.8721310147305,999.0463948945509,1000.3953660446545,-622.5696299244748,5.871366456366445
131,151,171,1379.5937391104844,1000.5428363751732,1001.9522323829001,-622.9013296475889,6.248203871843316
132,152,172,1375.4133859694707,1007.1544609723878,989.0817029028499,-620.822777905767,6.8519042843443
133,153,173,1370.0365800268378,1002.4972554893526,988.4909393348062,-620.9516147973209,5.154580120043192
134,154,174,1365.2153738134245,1003.4793854679617,986.9856784690573,-625.2496901235945,6.6065135410799485
135,155,175,1361.752066474935,1004.7008161477722,985.3241575145968,-628.2729071874342,5.758554636537383
136,156,176,1355.0580526069984,996.2623341562874,982.6859038330272,-623.8901853823161,6.075327227612206
137,157,177,1349.3152547976288,995.9187212752032,981.3497785968193,-627.9532450743936,3.0930701706550963
138,158,178,1345.3959421804313,990.1973049342654,983.2524257797297,-628.0537885335636,3.5680519218150266
139,159,179,1354.422802606418,996.1459065792817,987.0979471525498,-628.8210511254135,5.484538575438933
140,160,180,1343.5160032596375,1003.8903832532258,970.2146128603226,-630.5889928539109,6.5444386658502935
141,161,181,1343.2175144807484,1003.9160408587727,966.6928386350341,-627.3913650130585,7.8943632639351335
142,162,182,1349.4947271508977,1008.9036825392989,966.5457022711196,-625.9546576595208,6.96184328502784
143,163,183,1351.5022350009037,1006.1432518950885,971.7968362157192,-626.4378531099039,6.8964871178534395
144,164,184,1351.5818022030544,1008.5837507029665,970.4673274903538,-627.4692759902659,8.450809853105625
145,165,185,1345.929544941669,995.8302751392373,972.8592226426945,-622.7599528402627,5.842409789139992
146,166,186,1356.6704571430582,999.307140708111,985.423157657278,-628.0598412223308,5.726261061315427
147,167,187,1358.317275444575,997.6628473102252,982.2339839053452,-621.5795557709953,6.4238834398645395
148,168,188,1360.9699670193968,999.6631621056364,987.2018528609201,-625.8950479471596,7.041131703413953
149,169,189,1359.8671875799455,1004.2964789500894,984.2485792178626,-628.6778705880065,7.426286895176872
150,170,190,1361.5965490171793,1000.3953660446545,994.3626156761658,-633.1614327036409,5.439264947070114
151,171,191,1360.1937215247249,1001.9522323829001,989.0708545378247,-630.829365396,5.969401076162967
152,172,192,1348.2474006197472,989.0817029028499,989.1216549421847,-629.9559572252874,4.549987641690109
153,173,193,1342.9004974316617,988.4909393348062,982.6403547476024,-628.2307966507469,4.472019142745353
154,174,194,1338.6544740884192,986.9856784690573,979.621643453204,-627.952847833842,2.045946355373644
155,175,195,1338.051426220466,985.3241575145968,981.8314461575653,-629.1041774516962,2.0153403935947836
156,176,196,1335.0608905087265,982.6859038330272,978.6964829331287,-626.3214962574293,1.8350799554430068
157,177,197,1335.6383741649906,981.3497785968193,980.0750849054077,-625.7864893372364,4.117372482878409
158,178,198,1343.7740604443343,983.2524257797297,988.8364892220945,-628.31485455749,5.017000337258537
159,179,199,1340.0245369179775,987.0979471525498,982.8435232226948,-629.9169334572671,4.007253385520244
160,180,200,1326.1240049975795,970.2146128603226,979.3194320801128,-623.410039942856,2.8493629362678803
161,181,201,1320.5938386710777,966.6928386350341,977.3134360627432,-623.4124360266997,2.7547215540023444
162,182,202,1313.6520632695463,966.5457022711196,966.3605952411901,-619.2542342427635,2.067488060789856
163,183,203,1317.533176566992,971.7968362157192,964.8251178818169,-619.0887775305441,1.2466276736590771
164,184,204,1320.2244816445814,970.4673274903538,966.9160163019098,-617.1588621476822,4.302682273047594
165,185,205,1320.9606654291283,972.8592226426945,964.7990279656044,-616.6975851791706,7.047173114077623
166,186,206,1331.963778691681,985.423157657278,968.223117283477,-621.6824962490741,7.8462387748431865
167,187,207,1335.2518914094364,982.2339839053452,976.9551134595721,-623.937205955481,4.730524500248293
168,188,208,1337.0377532206762,987.2018528609201,971.1129421371916,-621.2770417774354,7.8313704667149295
169,189,209,1339.7623063808746,984.2485792178626,978.3051205619511,-622.7913933989389,9.765751869794144
