Left,Mid,Right,Loss,Loss_left,Loss_right,gain,glasso
0,20,40,1333.7574205343408,976.7765686669068,983.9206964381874,-626.9398445707534,4.0326200806068755
1,21,41,1329.2554170345084,976.0340042088836,983.2258029468203,-630.0043901211957,0.739023309876643
2,22,42,1321.1860118909344,968.2116956792889,984.6734542543229,-631.6991380426775,-0.40626731854115405
3,23,43,1324.548714035004,974.2149632575254,977.0305305391585,-626.6967797616799,-4.327357344974189
4,24,44,1336.8168520328622,977.0534919617968,985.5876390903882,-625.8242790193226,-5.114708025139862
5,25,45,1341.1263938783472,979.5473254842806,981.2051043657506,-619.6260359716839,-2.291182069864476
6,26,46,1341.9131223055206,975.7109288799832,983.6768475501748,-617.4746541246373,-5.954472393597598
7,27,47,1345.2877861843253,975.8945022659441,998.2134021231952,-628.820118204814,-1.3390479550544114
8,28,48,1358.8504209324667,990.8057696168241,992.9329233196786,-624.888272004036,8.519773394918502
9,29,49,1358.7743661003337,991.1964874555807,993.6722350447629,-626.0943564000099,7.857734849732651
10,30,50,1359.754091212401,993.3534019848221,997.4151409880662,-631.0144517604874,7.436071836594351
11,31,51,1363.9015837512275,995.7598327339118,1005.3476322683375,-637.2058812510218,7.5071863595004515
12,32,52,1353.5971478955676,989.3315532513252,1000.2964015909324,-636.0308069466901,5.151176505820445
13,33,53,1353.2826942997742,984.1952221287713,1006.3450213547972,-637.2575491837943,4.757591354641249
14,34,54,1356.3909303374264,984.5659952851669,1002.5386962449151,-630.7137611926555,6.337819655584553
15,35,55,1364.273771360204,978.2698311786821,1017.3368194730501,-631.3328792915283,7.903985830435431
16,36,56,1365.1972197347432,978.6601650032313,1014.7201898782344,-628.1831351467226,8.144245372508067
17,37,57,1364.3563750877738,983.0477164760023,1009.4456458041218,-628.1369871923503,8.329056451550741
18,38,58,1367.5215212331318,981.7215787446517,1013.9531628671551,-628.1532203786751,8.829416440362138
19,39,59,1363.2347173720864,996.8898023737191,990.3936190155143,-624.048704017147,7.79333049897582
20,40,60,1357.3468199143344,983.9206964381874,995.7024888558698,-622.2763653797228,8.984251944796597
21,41,61,1363.76678424791,983.2258029468203,1004.2635192340047,-623.722537932915,8.039643627167266
22,42,62,1372.8018369384529,984.6734542543229,1013.0231369146638,-624.8947542305339,11.023733221775728
23,43,63,1381.5753640688736,977.0305305391585,1023.9073675121349,-619.3625339824198,9.092040843034397
24,44,64,1397.4188371538103,985.5876390903882,1035.5994139406491,-623.768215877227,3.387213358725262
25,45,65,1395.3108332344143,981.2051043657506,1035.4754570740236,-621.3697282053597,2.379083027165734
26,46,66,1398.7635965381946,983.6768475501748,1040.5189672127988,-625.4322182247788,0.6238494504362961
27,47,67,1404.9814851005424,998.2134021231952,1037.2035311007521,-630.435448123405,6.073469385638646
28,48,68,1382.233825402181,992.9329233196786,1014.8912412296478,-625.5903391471452,5.021212191245013
29,49,69,1387.508287089521,993.6722350447629,1014.9582146160069,-621.122162571249,4.8273228625403135
30,50,70,1382.6622093823216,997.4151409880662,1006.8530323919296,-621.6059639976743,6.170120289164856
31,51,71,1399.1692576644007,1005.3476322683375,1010.0942072713491,-616.2725818752858,9.082455383837214
32,52,72,1398.5420750944231,1000.2964015909324,1012.7667206349256,-614.5210471314349,6.957457047699677
33,53,73,1415.5290531839655,1006.3450213547972,1019.9734223851297,-610.7893905559613,10.186960723552716
34,54,74,1413.1178702109528,1002.5386962449151,1011.6211286003995,-601.0419546343619,10.111381282211028
35,55,75,1409.336771172121,1017.3368194730501,985.7995903281211,-593.7996386290504,9.7601790831892
36,56,76,1405.94654923313,1014.7201898782344,985.3878102613702,-594.1614509064743,3.6218433971478134
37,57,77,1399.961829816221,1009.4456458041218,988.3462906923196,-597.8301066802203,5.373767413967016
38,58,78,1403.2532261638726,1013.9531628671551,985.7201040997218,-596.4200408030042,5.581883250518445
39,59,79,1400.0809192516522,990.3936190155143,994.1067092566235,-584.4194090204855,6.987182554568221
40,60,80,1408.503956054186,995.7024888558698,992.5217463958165,-579.7202791975005,7.697978569908855
41,61,81,1414.0312432277715,1004.2635192340047,991.5309473667675,-581.7632233730005,11.671574414762176
42,62,82,1410.022468931634,1013.0231369146638,987.3351676803995,-590.3358356634294,12.455113046387964
43,63,83,1408.8573870027703,1023.9073675121349,975.8998553010115,-590.949835810376,15.089374075167711
44,64,84,1404.0915525299533,1035.5994139406491,963.499174210621,-595.0070356213168,9.242926599715247
45,65,85,1398.0246162196545,1035.4754570740236,962.1622490501375,-599.6130899045065,7.578907065755175
46,66,86,1402.6409356179347,1040.5189672127988,962.1701718491988,-600.0482034440629,9.654173644246498
47,67,87,1395.5836600176071,1037.2035311007521,964.938962728637,-606.5588338117818,8.465838022426624
48,68,88,1373.8976572597353,1014.8912412296478,969.1748788546215,-610.1684628245339,6.519784994517067
49,69,89,1364.8546198219792,1014.9582146160069,962.4797127521194,-612.5833075461471,2.343380423381973
50,70,90,1366.5801966571635,1006.8530323919296,970.4778474390575,-610.7506831738237,5.479017236217942
51,71,91,1366.990667724071,1010.0942072713491,978.9799249688992,-622.0834645161772,4.581150053003398
52,72,92,1366.6422681875495,1012.7667206349256,981.2412340597205,-627.3656865070966,4.020527096139517
53,73,93,1360.0030575521096,1019.9734223851297,954.7371317671434,-614.7074966001635,3.5753066073823447
54,74,94,1354.0251361337394,1011.6211286003995,957.4415270247238,-615.0375194913838,2.8060080523832767
55,75,95,1341.4393068492848,985.7995903281211,973.3111853939411,-617.6714688727773,1.3702484815199796
56,76,96,1339.7875760687766,985.3878102613702,976.687337496141,-622.2875716887347,-4.885946765039421
57,77,97,1339.9891921460307,988.3462906923196,979.3540202496793,-627.7111187959681,-3.9702888778706438
58,78,98,1341.1237306240178,985.7201040997218,980.925690422657,-625.522063898361,-4.13002441604624
59,79,99,1346.4843550047515,994.1067092566235,984.009476771671,-631.6318310235431,0.5797532210546024
60,80,100,1343.961262553922,992.5217463958165,978.196891066583,-626.7573749084775,1.877970759475943
61,81,101,1346.6887842295391,991.5309473667675,973.2320009848439,-618.0741641220723,3.56833860459642
62,82,102,1342.4053676391532,987.3351676803995,975.8850675312635,-620.8148675725099,2.394433559967297
63,83,103,1340.0081028605673,975.8998553010115,978.7487949066333,-614.6405473470775,2.647237338447553
64,84,104,1327.4875845598408,963.499174210621,979.8218193593599,-615.8334090101403,-2.1348252592757717
65,85,105,1327.4560901842046,962.1622490501375,981.3061067616853,-616.012265627618,-2.118375115821891
66,86,106,1323.183654131581,962.1701718491988,974.6395383868695,-613.6260561044874,-2.345139922224689
67,87,107,1325.6189660860632,964.938962728637,974.9094083169871,-614.2294049595607,2.204741124583279
68,88,108,1326.5152706557787,969.1748788546215,974.4579323149019,-617.1175405137446,1.6491029897620137
69,89,109,1324.4484179698745,962.4797127521194,979.0870258074124,-617.1183205896573,-0.24021057279071556
70,90,110,1321.552436495641,970.4778474390575,970.1041826405603,-619.029593583977,1.4620498044438364
71,91,111,1316.7444762178566,978.9799249688992,954.6360006958288,-616.8714494468713,0.4134081648277288
72,92,112,1324.2568197618223,981.2412340597205,965.9672644029255,-622.9516787008235,4.9035395276049485
73,93,113,1308.8592253573045,954.7371317671434,973.1197125433714,-618.9976189532103,1.1078773741601253
74,94,114,1318.8485924685071,957.4415270247238,973.4172276875604,-612.0101622437771,4.124231140484085
75,95,115,1323.2444412055806,973.3111853939411,970.2629916111506,-620.3297357995111,5.284135586983666
76,96,116,1327.615079522297,976.687337496141,967.7920693980783,-616.8643273719222,6.875495970580005
77,97,117,1340.9743409557736,979.3540202496793,981.6802759666527,-620.0599552605584,6.024235317428861
78,98,118,1337.2215930330008,980.925690422657,981.4514240892893,-625.1555214789455,5.210570492010561
79,99,119,1332.518894401821,984.009476771671,977.9451708241425,-629.4357531939925,4.260070355990479
80,100,120,1336.1153252746676,978.196891066583,985.6742642041113,-627.7558299960267,7.642097534249615
81,101,121,1334.17371601574,973.2320009848439,983.4588313631688,-622.5171163322727,7.564260104239111
82,102,122,1334.6053121304674,975.8850675312635,983.4292267635575,-624.7089821643538,6.776484106279895
83,103,123,1335.4343973998557,978.7487949066333,984.9551302925847,-628.2695277993623,6.578686272424079
84,104,124,1338.236088889914,979.8218193593599,991.986902074254,-633.5726325436997,5.334330828139969
85,105,125,1339.6869170838575,981.3061067616853,991.1848838218559,-632.8040734996837,7.210146175022942
86,106,126,1343.0811627044113,974.6395383868695,1000.4909400537731,-632.0493157362312,5.25775536059507
87,107,127,1342.0878947608198,974.9094083169871,990.6570628344361,-623.4785763906034,12.718439412445832
88,108,128,1345.4181315935784,974.4579323149019,991.3225645797514,-620.362365301075,15.946558105519898
89,109,129,1343.8555678862085,979.0870258074124,991.0321710385302,-626.263628959734,12.294327509278105
90,110,130,1339.0663286074257,970.1041826405603,992.4382275145344,-623.4760815476691,13.13107786184662
91,111,131,1333.080634106212,954.6360006958288,999.2866688886387,-620.8420354782554,9.1379137732157
92,112,132,1347.6896102691453,965.9672644029255,1006.0474301554937,-624.325084289274,14.953913178827406
93,113,133,1348.4069233800442,973.1197125433714,1002.1668683665123,-626.8796575298395,16.174305906628888
94,114,134,1343.9470616243443,973.4172276875604,991.2864059493602,-620.7565720125763,18.035421703977818
95,115,135,1334.5506085330585,970.2629916111506,986.2464110306207,-621.9587941087129,16.93257599126605
96,116,136,1335.1381287625306,967.7920693980783,989.6001583945275,-622.2540990300752,15.18015439439148
97,117,137,1336.3087587875514,981.6802759666527,987.2479291587165,-632.6194463378179,9.681073531836546
98,118,138,1336.0497411690812,981.4514240892893,986.1865773479354,-631.5882602681436,10.968931397942356
99,119,139,1336.2707666709493,977.9451708241425,987.8512999806055,-629.5257041337986,7.520556991336889
100,120,140,1335.802649320248,985.6742642041113,978.8760400460848,-628.7476549299479,9.14073185008715
101,121,141,1329.4309304215444,983.4588313631688,974.7981266305383,-628.8260275721627,5.736866408523838
102,122,142,1340.2392554103249,983.4292267635575,985.7177587699227,-628.9077301231555,5.348253263126821
103,123,143,1341.4486876727951,984.9551302925847,986.0316112146622,-629.5380538344518,3.795884904640843
104,124,144,1352.4527974158623,991.986902074254,990.7818945279417,-630.3159991863336,5.7523345665159695
105,125,145,1351.2803779270412,991.1848838218559,987.9520201113683,-627.856526006183,5.819258009312193
106,126,146,1369.7553059301072,1000.4909400537731,995.7353727368018,-626.4710068604677,7.050289498000325
107,127,147,1366.5349625423428,990.6570628344361,997.872405632215,-621.9945059243082,8.797264926941807
108,128,148,1362.3075244502138,991.3225645797514,986.2564874104073,-615.271527539945,9.449244861580837
109,129,149,1370.132577134866,991.0321710385302,1004.3294542287232,-625.2290481323873,8.843445565271395
110,130,150,1370.6373036433376,992.4382275145344,997.2043110422203,-619.0052349134171,8.862954970370652
111,131,151,1369.466492872651,999.2866688886387,994.5836116257709,-624.4037876417585,6.474584028728373
112,132,152,1370.2709428613666,1006.0474301554937,974.6203419507711,-610.3968292448981,8.695805151735726
113,133,153,1373.63827189382,1002.1668683665123,976.5395424857309,-605.0681389584231,10.434692256863514
114,134,154,1362.0127850546353,991.2864059493602,977.6984608218136,-606.9720817165385,8.830555213814023
115,135,155,1358.69894680372,986.2464110306207,976.1389181120101,-603.6863823389108,11.244080325736604
116,136,156,1377.2287076283596,989.6001583945275,997.6946577149954,-610.0661084811632,14.571429947294178
117,137,157,1371.1820185628999,987.2479291587165,997.042230752143,-613.1081413479596,10.852803259928578
118,138,158,1372.018444300763,986.1865773479354,996.492233460777,-610.6603665079497,10.379617883017545
119,139,159,1374.4016294407518,987.8512999806055,998.8122840410948,-612.2619545809487,9.436998934769122
120,140,160,1369.562123601934,978.8760400460848,995.4634324424683,-604.7773488866189,11.253153031844477
121,141,161,1367.2820117460906,974.7981266305383,999.1621334803341,-606.6782483647817,10.894193103377575
122,142,162,1371.497726328358,985.7177587699227,997.3054144098572,-611.5254468514217,11.121101918786735
123,143,163,1379.2750898008649,986.0316112146622,1005.8964424612335,-612.6529638750308,12.341521019043057
124,144,164,1375.2502588135444,990.7818945279417,1005.0180945639302,-620.5497302783274,10.398931222854799
125,145,165,1381.5925423683561,987.9520201113683,1010.7076948826385,-617.0671726256505,11.470183029975942
126,146,166,1375.8681453707409,995.7353727368018,1000.8591278823599,-620.7263552484208,7.598722924322146
127,147,167,1372.7987226420023,997.872405632215,993.0354645093523,-618.1091474995651,7.785014067046063
128,148,168,1367.184234628875,986.2564874104073,994.8485500595528,-613.9208028410853,7.312280577605179
129,149,169,1367.08418223145,1004.3294542287232,979.3108765795901,-616.556148576863,7.817915147763188
130,150,170,1363.8157465944205,997.2043110422203,985.3335202329464,-618.7220846807463,8.300429660879104
131,151,171,1367.524805621998,994.5836116257709,988.8730430203906,-615.9318490241635,9.954750678019764
132,152,172,1358.1599713851888,974.6203419507711,996.816918770669,-613.2772893362512,9.743149350338399
133,153,173,1361.004588433572,976.5395424857309,991.0039990297757,-606.5389530819346,10.894764929607163
134,154,174,1369.1415972126365,977.6984608218136,993.4212556386769,-601.978119247854,12.778997332440554
135,155,175,1371.4217557718298,976.1389181120101,1004.6880311327495,-609.4051934729298,11.017014237374156
136,156,176,1372.6939153434132,997.6946577149954,1000.2468700435411,-625.2476124151233,9.254646544219554
137,157,177,1367.5528036582248,997.042230752143,997.168067501746,-626.6574945956643,8.025626309762629
138,158,178,1366.7681346086142,996.492233460777,1001.5099267625494,-631.2340256147122,6.664187923485429
139,159,179,1364.4275871726295,998.8122840410948,1003.6288490668117,-638.0135459352769,5.034779265295128
140,160,180,1360.7893370684365,995.4634324424683,1002.578899110141,-637.2529944841729,6.1204821770834315
141,161,181,1367.2043970486084,999.1621334803341,1004.0583619206357,-636.0160983523615,7.084306743698221
142,162,182,1360.3980788025845,997.3054144098572,1001.0650528561225,-637.9723884633952,5.933644589584105
143,163,183,1366.3076533529074,1005.8964424612335,983.3813585769144,-622.9701476852406,12.418625661633996
144,164,184,1363.207577186746,1005.0180945639302,980.0107537100503,-621.8212710872344,11.436803686348753
145,165,185,1365.572558085115,1010.7076948826385,982.717003643049,-627.8521404405726,13.484579062922421
146,166,186,1361.42187691428,1000.8591278823599,989.3705541947952,-628.8078051628752,11.945050441385774
147,167,187,1359.4537389794887,993.0354645093523,993.807302677877,-627.3890282077407,10.58241499859389
148,168,188,1360.4291780993115,994.8485500595528,994.1897106092167,-628.609082569458,9.642688197247026
149,169,189,1350.7294748493266,979.3108765795901,997.1298012189161,-625.7112029491796,8.847373088634185
150,170,190,1353.1427549596885,985.3335202329464,994.4703095714588,-626.6610748447167,10.707366045684353
151,171,191,1356.8405395027207,988.8730430203906,990.6989555131491,-622.731459030819,13.693930327060002
152,172,192,1358.3952735555727,996.816918770669,993.133856726767,-631.5555019418634,12.635819821274936
153,173,193,1358.9520242936912,991.0039990297757,998.8701116236433,-630.9220863597277,8.961031794061682
154,174,194,1361.075076096742,993.4212556386769,991.1277393303859,-623.4739188723208,11.875851081982319
155,175,195,1364.9849209459026,1004.6880311327495,994.5628594227145,-634.2659696095616,8.323846853082387
156,176,196,1356.8767487571495,1000.2468700435411,995.3951815440225,-638.7653028304142,5.567706402943486
157,177,197,1365.1719010757222,997.168067501746,1004.8171595307663,-636.8133259567901,7.082785340542841
158,178,198,1372.400159589353,1001.5099267625494,1010.0133287700969,-639.1230959432933,6.417021747324384
159,179,199,1371.8708796474816,1003.6288490668117,1013.3368479751698,-645.0948173944998,4.144016916570763
160,180,200,1372.2984129484346,1002.578899110141,1015.7226051811778,-646.0030913428843,5.138181722740569
161,181,201,1377.2829126725994,1004.0583619206357,1016.979593305518,-643.7550425535544,4.472571520934366
162,182,202,1383.7585479502075,1001.0650528561225,1026.9025560139105,-644.2090609198256,5.243777868315419
163,183,203,1371.74509761877,983.3813585769144,1025.2717297017173,-636.9079906598618,3.0154343089315034
164,184,204,1380.2876839313421,980.0107537100503,1034.8242309265472,-634.5473007052553,6.759735472619923
165,185,205,1378.8501495869293,982.717003643049,1032.871754828724,-636.7386088848436,11.415617479166599
166,186,206,1382.5453049554376,989.3705541947952,1030.1992495498998,-637.0244987892574,10.37275140678014
167,187,207,1387.0324823676715,993.807302677877,1029.5085761250562,-636.2833964352617,11.793517843353698
168,188,208,1387.9887750119835,994.1897106092167,1029.7302640666057,-635.9311996638389,11.675883200961607
169,189,209,1388.0684190733364,997.1298012189161,1029.1454595275272,-638.206841673107,11.41699767162902
