Left,Mid,Right,Loss_likeli,Loss_AIC,Loss_BIC,Loss_eBIC
0,20,40,36.98354277972055,24.98354277972055,25.629775114264987,-17.017428550989848
1,21,41,38.81786521806231,24.81786521806231,23.395533526667236,-16.053049049183755
2,22,42,41.63557668890678,26.63557668890678,23.673041310891506,-35.85446190328901
3,23,43,43.86260760154204,29.862607601542038,26.358217589463834,-39.433361203522736
4,24,44,58.44997010596893,41.44997010596893,37.83827604467962,-76.41890225765712
5,25,45,53.22684198773197,37.057991291738745,36.04293196354547,-8.168850708170169
6,26,46,41.71358869271478,34.71358869271478,39.815082148944214,9.203329872139989
7,27,47,37.63064232261303,32.63064232261303,37.78469846335702,20.830474419254642
8,28,48,30.07459563449879,15.770467111117057,19.17288746199165,-40.94611826006519
9,29,49,34.23443708477902,19.995120338470144,19.673208190836874,-32.837575106104055
10,30,50,29.989390184683373,-1.010609815316684,-7.482398587274474,-95.8738744388686
11,31,51,45.947090709483234,7.947090709483177,-4.040350682443091,-218.77850263575317
12,32,52,36.96967133196796,4.969671331968016,-0.5648373364967938,-173.33241131308648
13,33,53,40.63501807489814,7.635018074898198,-3.942534174823095,-108.00660507905013
14,34,54,43.83855333129799,14.83855333129793,8.330222270450577,-95.69152943762708
15,35,55,34.48040987501838,8.480409875018381,0.7344941730160599,-87.57432690055873
16,36,56,44.970773421232764,9.970773421232707,0.5093330187435186,-102.42907409026157
17,37,57,55.10655884498681,22.106558844986807,9.835859414705624,-118.21313403944225
18,38,58,48.92040721476508,19.920407214765078,9.830592923444101,-64.94362724993357
19,39,59,56.05964353023353,25.05964353023353,16.520332993845727,-69.939825227308
20,40,60,68.45758385741789,29.45758385741783,14.6339612392851,-123.87461242254881
21,41,61,63.19400623284855,29.19400623284855,17.405133842350097,-91.3043391061708
22,42,62,55.55957437095816,24.55957437095816,20.76217855390678,-35.67032336273712
23,43,63,60.11558039093495,31.11558039093495,22.895043573086582,-58.524256427132286
24,44,64,63.98978895206176,24.989788952061758,10.572294583425673,-137.37646398133313
25,45,65,60.43870798305113,27.26985728705779,17.79107363365563,-83.31444626611665
26,46,66,46.43526331548435,21.616975456254067,26.869761458980406,-8.94868679147146
27,47,67,51.04516960056503,30.177761221674814,33.96604763604648,-1.2999791335139435
28,48,68,52.514592323428985,24.807939894346305,21.90872006825623,-50.5824727612561
29,49,69,45.397783862482186,22.15846711617337,15.488142761473227,-68.87625453437329
30,50,70,69.00514539642177,31.005145396421767,15.851399735224504,-116.40594312186613
31,51,71,86.03513417063186,39.03513417063175,17.916023015370797,-220.5122967472612
32,52,72,71.50527809499744,39.505278094997436,23.742350739434755,-129.80901373051336
33,53,73,85.70993830056682,27.709938300566705,15.662759098460924,-341.27493293362056
34,54,74,81.09799580973709,32.097995809737085,22.95179307998319,-299.34418057983396
35,55,75,79.45238677664202,23.452386776642015,11.514268270008984,-322.3807950607153
36,56,76,93.87304945113658,35.87304945113658,24.754869799279845,-283.5284841960656
37,57,77,100.18350850012462,43.18350850012462,29.014655905314726,-318.7662557311428
38,58,78,93.9069019586774,31.906901958677395,15.248718679982517,-303.4262236142522
39,59,79,95.48656050600863,34.486560506008686,19.365964134930664,-334.0844998642176
40,60,80,96.4917798254977,36.4917798254977,22.562196771756703,-341.4626367661207
41,61,81,81.60230802657719,16.602308026577134,-0.7182354378298896,-327.43277757896055
42,62,82,75.05021295720519,14.05021295720519,5.367467154963151,-259.54823452682353
43,63,83,80.00150910400902,31.001509104009074,22.181136488180073,-227.58002607540357
44,64,84,71.20081605653365,31.200816056533654,26.682663259519813,-198.5697607657395
45,65,85,66.10820869121949,25.108208691219488,19.3368466437272,-230.43184572429732
46,66,86,48.071312976812806,13.253025117582524,18.11038976950954,-125.17045695176114
47,67,87,44.708309285669316,14.840900906779098,20.367948876727723,-59.86733081747059
48,68,88,52.877800805883794,15.475276900182848,12.474087412889162,-129.93929577397876
49,69,89,43.59700282095139,9.597002820951502,5.839350601172555,-176.92782358441525
50,70,90,58.24164979314321,21.24164979314321,12.179799592352765,-222.4387241424621
51,71,91,55.96661208159708,20.966612081597077,13.793087144099445,-159.71540152489013
52,72,92,42.97484100813733,18.97484100813739,18.522700666247715,-169.4268608122445
53,73,93,47.5708998577652,-0.42910014223480175,-10.270206698810512,-243.52358465197472
54,74,94,46.012085794536404,1.0120857945364605,-8.22209392978948,-299.56796447894897
55,75,95,47.32846449276951,-2.6715355072304874,-13.355325144601352,-318.0909353928039
56,76,96,33.43344993240618,-5.566550067593823,-10.53895846860587,-232.21020768394453
57,77,97,46.001244560157375,9.307389560853835,4.6613091167320135,-229.14469748741033
58,78,98,47.70333321939438,2.7033332193943806,-7.740555694377008,-257.4632983346953
59,79,99,19.320081971790273,-25.679918028209727,-29.201615343945264,-264.5575049670671
60,80,100,10.44261731074323,-35.55738268925677,-38.39179418715025,-256.0007739625778
61,81,101,4.992463823350761,-41.00753617664924,-42.94044935051613,-256.84235302104116
62,82,102,7.5114607311111286,-33.48853926888887,-34.83950341134721,-242.1945548106006
63,83,103,15.176765136851543,-16.823234863148457,-15.426271726013738,-177.77514678841578
64,84,104,20.94714755031373,-4.05285244968627,4.260168110324912,-109.74822031130975
65,85,105,7.19530967343087,-12.804690326569187,-3.268833237824765,-131.39820102874012
66,86,106,25.84754582366844,10.84754582366844,21.74795405685211,-118.7189901208518
67,87,107,34.72429937352945,17.724299373529448,27.97554892343902,-52.86702626965723
68,88,108,19.943203646623545,-6.0567963533764555,1.8791382198000974,-138.0244090022876
69,89,109,18.974627460905253,-10.02537253909469,-5.401943040229071,-172.31581454832747
70,90,110,18.99173208745708,-18.008267912542863,-17.36776750789329,-245.35775083102055
71,91,111,11.146451578866788,-15.853548421133212,-10.234386648713553,-114.61142242703204
72,92,112,17.468674373970998,-18.531325626029002,-17.046385494322408,-188.17631902737435
73,93,113,49.247407639703,26.247407639703,23.460826250831417,-27.171117246559334
74,94,114,36.54967453883427,15.549674538834267,12.719104652676776,-68.71625905876795
75,95,115,47.751262174391286,23.751262174391286,18.387373107062842,-80.48585225968452
76,96,116,50.228742017730724,23.228742017730724,16.617742336699393,-47.192880958584055
77,97,117,35.298539239363265,13.604684240059669,9.841697632273394,-42.541024460811286
78,98,118,44.93788253281946,26.937882532819458,23.698054686987348,-35.65684510305812
79,99,119,62.36532924746962,36.36532924746962,29.133292099858068,-78.62261697731685
80,100,120,68.81335497039345,35.813354970393505,25.588259639402168,-166.22622912676263
81,101,121,59.14965832390999,26.14965832390999,18.074264634006227,-157.08446139270166
82,102,122,64.81075687435077,28.810756874350773,19.205342117098326,-195.10582265694268
83,103,123,70.41195728266877,35.411957282668766,26.483393917600324,-230.19098337383264
84,104,124,66.21002379945332,29.210023799453325,20.804869419461397,-181.5985167500903
85,105,125,51.554771982390776,24.554771982390776,17.004137324171438,-97.90462803498258
86,106,126,99.55042289167187,64.55042289167187,54.7497270906365,-208.3492931912548
87,107,127,126.86318846796246,83.86318846796246,68.0001220310312,-215.40071747134755
88,108,128,103.18442666450062,62.18442666450062,49.135999165103385,-207.45798531907633
89,109,129,93.02401044538203,55.02401044538203,43.03656905345571,-166.91147085162243
90,110,130,93.4990372983143,51.499037298314306,39.25299931067991,-244.6892454285353
91,111,131,78.531737180307,42.531737180307005,32.23317524249455,-153.99777706364432
92,112,132,63.920027323992144,23.920027323992144,15.12777690066207,-159.84998821462625
93,113,133,58.668802019023474,24.668802019023474,17.44541389644496,-134.1701218319904
94,114,134,47.83526738865419,20.835267388654188,17.096942223514475,-90.86174832369579
95,115,135,48.794148061894646,13.794148061894703,10.500003974749575,-143.33484704218802
96,116,136,49.57654362693961,19.57654362693961,16.770635183428908,-119.11144858667535
97,117,137,47.82229182603021,19.82229182603021,18.35868924635338,-112.12299816124766
98,118,138,31.37995703065741,-4.620042969342649,-5.214544379315839,-176.5398862644828
99,119,139,57.71657373895482,22.716573738954935,17.767908201838964,-125.89894394717271
100,120,140,58.89554046978344,20.89554046978344,14.453276522336637,-165.20138870883102
101,121,141,49.30837693715927,18.30837693715921,16.737470308271327,-129.84336796706577
102,122,142,36.619947460566664,3.6199474605667774,0.013587787284791375,-161.34163879605887
103,123,143,33.25394752336172,-6.746052476638283,-13.557639027977075,-150.3789724694317
104,124,144,37.15029391907285,-2.849706080927035,-10.634275892207825,-163.10904329522486
105,125,145,43.00829019467119,16.00829019467119,14.695980161491434,-120.44010530130481
106,126,146,55.47357932184684,22.47357932184684,15.748057336045349,-177.99936818773585
107,127,147,60.441292314031045,30.44129231403099,24.51622155800044,-182.8347059452143
108,128,148,61.93502405342281,33.93502405342281,26.579670438986454,-126.05909022035269
109,129,149,54.44143139193869,29.441431391938636,22.53995541699328,-72.77803465122918
110,130,150,45.28972475169269,25.289724751692688,20.87757946063232,-105.0698303158332
111,131,151,40.16947221992359,21.16947221992359,17.601766655920187,-60.40813010868612
112,132,152,46.772874661055994,23.772874661055994,20.936211103221126,-48.466790843540366
113,133,153,59.07717673411355,36.07717673411355,30.5280303836671,-75.14599095311735
114,134,154,58.216153111787776,27.216153111787776,18.330706682831647,-90.65537150109935
115,135,155,92.73796425118246,59.16036698296597,49.043069224931514,-114.26145364099239
116,136,156,114.24209402327,85.24209402327,75.88404832312722,-85.81603516742302
117,137,157,122.01078526248443,93.01078526248438,83.17901209213233,-120.51036634387879
118,138,158,163.50868755041802,114.36231622890017,93.43261142962706,-206.50297551547214
119,139,159,146.6320271148959,97.45328604780946,77.71459456587331,-217.80039958556586
120,140,160,145.34274636824682,87.89044152135341,63.12910017436138,-220.81398822636265
121,141,161,129.90134487324963,82.00264711046793,61.18024636040599,-155.2624664063958
122,142,162,103.57790469222425,60.57790469222425,40.957760205326394,-151.55458990126567
123,143,163,96.69644798365175,53.76101176471599,38.8902556423659,-100.48245502496252
124,144,164,100.50584433178108,60.219672992858364,44.16840377117592,-107.61348960644125
125,145,165,105.64172417522605,66.64172417522605,49.29093073578895,-126.3494631806708
126,146,166,78.1978708165621,49.1978708165621,35.79947362086921,-84.07530107303819
127,147,167,80.94116957301696,53.941169573016964,42.231651831437944,-108.41688030282762
128,148,168,58.86048895785643,30.860488957856433,21.42569380174018,-100.56067569650861
129,149,169,52.06270594201408,30.062705942014077,23.268534016279887,-88.91107097513554
130,150,170,45.66777259426749,29.66777259426749,25.860797489195193,-73.24220506866243
131,151,171,44.662345889704,24.662345889704056,20.596774188923632,-80.44755150449282
132,152,172,43.28151599337218,26.28151599337218,26.746582687688715,-53.61232426126992
133,153,173,37.12596800075295,20.125968000753005,20.33660719320835,-73.90866075191934
134,154,174,33.70195420379247,11.359213663933701,11.825919784529447,-86.9587684992282
135,155,175,70.28649066497121,40.708893396754604,34.19797950937516,-94.34276738649055
136,156,176,76.73429069354381,50.73429069354381,47.37530007737172,-60.85892881020993
137,157,177,69.09427042803281,41.09427042803276,35.572672887537465,-71.33398167733844
138,158,178,94.45089663345755,59.3045253119397,49.85040310118427,-158.74673054352138
139,159,179,69.27763184683198,41.09889077974549,35.281124072926104,-175.7948759102302
140,160,180,95.1645417908166,50.71223694392319,37.06031663160309,-173.52311408100138
141,161,181,107.38661807161901,61.48792030883732,46.16670850596893,-220.7877693297637
142,162,182,93.11235822585547,44.11235822585547,27.690849892107508,-162.85222033723176
143,163,183,98.93320108768393,51.997764868748106,41.48735583038672,-153.43501933080984
144,164,184,108.04120530892362,59.75503397000091,49.40243229535133,-126.23344491695264
145,165,185,122.57547433292808,68.57547433292808,48.76831481987597,-197.78298817805467
146,166,186,109.44708906427894,64.44708906427888,48.97458471491359,-182.5784567682108
147,167,187,118.35033657462941,68.35033657462941,50.73507513165907,-189.04454845441455
148,168,188,58.42615598994678,23.42615598994678,13.625460188911461,-175.77793853476032
149,169,189,56.609478853095425,19.609478853095425,9.159624368786012,-198.4589387227329
150,170,190,54.45774681443936,21.45774681443936,11.959636106397966,-200.9646841579471
151,171,191,48.59564021537443,16.595640215374374,8.288542824670003,-191.3032384549058
152,172,192,47.66869872893517,18.66869872893517,11.855199748561745,-151.30879603662072
153,173,193,42.51866766041422,7.5186676604142235,-1.9354545503412055,-158.90985676970547
154,174,194,46.596247992549536,11.253507452690826,9.166972975084263,-167.1888011321721
155,175,195,27.954454551140657,9.726649720444925,12.504572830692155,-104.25767616354938
156,176,196,12.16013613372337,-30.839863866276573,-32.14980736223697,-145.6355387215541
157,177,197,17.082943657346846,-29.917056342653154,-40.14696834053302,-182.82018043989717
158,178,198,32.62678704149556,-18.373212958504496,-25.48562520492885,-174.93689386623032
159,179,199,30.653099216393684,-18.346900783606316,-29.919118645320168,-298.793316274801
160,180,200,12.440374968980109,-39.55962503101989,-49.721147997893695,-218.68854490020146
161,181,201,15.228469974030247,-37.77153002596981,-48.562623712551726,-299.4918062517628
162,182,202,10.557322750953006,-41.44267724904694,-50.0567386564021,-198.27530493373865
163,183,203,13.440848548451015,-38.55915145154893,-46.37961437423496,-236.8749216412151
164,184,204,17.308636121540417,-36.69136387845958,-41.41788937308945,-212.09992515845784
165,185,205,18.908930765410332,-39.09106923458967,-52.26354369706189,-222.42833882547575
166,186,206,13.389471128718242,-29.61052887128176,-36.116108370653706,-199.34822090269495
167,187,207,14.918872458752276,-30.08112754124761,-33.86026433695099,-193.1948342306888
168,188,208,12.597995162689529,-28.40200483731047,-37.37758796592823,-160.09469732152934
169,189,209,11.081225431306848,-26.918774568693095,-29.637394387169138,-186.42034142168416
