Left,Mid,Right,Loss_likeli,Loss_AIC,Loss_BIC,Loss_eBIC
0,20,40,44.365598454203905,17.365598454203905,13.968220327587915,-109.91617408575723
1,21,41,53.88554040186125,28.88554040186125,22.677211607475783,-75.7951277175556
2,22,42,58.41244923549402,34.41244923549402,27.31569221676574,-114.89204222979617
3,23,43,59.303952271136666,30.303952271136666,20.717864568523396,-110.49558332563129
4,24,44,69.335813816344,46.335813816344,38.56618370578872,-98.69328557516258
5,25,45,67.90880513965715,33.90880513965715,23.318808230118293,-111.33493228344503
6,26,46,73.4726872477824,33.4726872477824,21.365387825853247,-110.90705019616132
7,27,47,71.23397067485718,37.23397067485712,26.00410250009986,-109.34384641050906
8,28,48,79.58877697244174,43.588776972441735,30.869408775181,-147.69783939175443
9,29,49,75.58791671759326,40.82043248900192,30.38990505933168,-147.83920085989814
10,30,50,52.67945349366698,14.027476389256663,8.687009413596229,-137.79529845069305
11,31,51,73.92855241403993,39.365026742748,33.26311890340935,-177.432970258845
12,32,52,67.06861446816345,39.7448290407134,29.087154145325485,-188.33763138551421
13,33,53,48.889400764292304,29.637571894440043,27.110385182308164,-79.7095680086286
14,34,54,37.70343940069745,16.281816987006323,23.386121539290798,-89.37195021425532
15,35,55,38.21012413356641,13.21012413356641,14.758678827948984,-178.6024710750695
16,36,56,32.25225909853151,2.2522590985315674,6.00552143587538,-195.40616735721824
17,37,57,21.7024834766176,-12.297516523382455,-13.964291188324523,-115.86237520328643
18,38,58,15.433880573955093,-17.566119426044793,-17.861979150316984,-170.24265798289775
19,39,59,5.229385370268517,-32.770614629731426,-36.0937162646585,-217.69515281860913
20,40,60,11.385846721721862,-22.614153278278195,-22.79672872281742,-218.89557051813642
21,41,61,17.950440765292683,-18.049559234707203,-22.1097965474803,-172.47284274487515
22,42,62,24.03997185525128,-19.960028144748662,-26.506797084006394,-244.03453393165478
23,43,63,22.389202898775352,-19.610797101224648,-25.965084054099634,-170.82018878110216
24,44,64,22.49423804251228,-13.50576195748772,-17.219425679980645,-159.56214898971666
25,45,65,23.987675397743374,-20.012324602256626,-23.614123417188466,-157.71757222814267
26,46,66,39.86234519530285,-7.137654804697149,-11.293088704826232,-171.58694017453342
27,47,67,30.453594569756945,-14.546405430242999,-21.27361189385033,-188.49845554450542
28,48,68,28.5918168924602,-20.4081831075398,-25.07448026370173,-220.17375945437584
29,49,69,26.350162566089352,-21.649837433910648,-28.20574600256157,-264.6553487928227
30,50,70,20.185130985328556,-24.466846119081765,-20.924589586123716,-161.06372201571253
31,51,71,19.134258563855155,-14.832088261311924,-10.668753884109265,-104.53156726457803
32,52,72,16.331580253275092,-11.192681166354987,-7.633633880975935,-108.85557379195211
33,53,73,28.64482260789208,8.441897859413984,15.47405587834919,-27.616934032646213
34,54,74,65.5104537486086,39.5104537486086,34.6413095755986,-69.31863873094153
35,55,75,77.89259133829148,48.83357403968171,40.85214464571152,-159.75361463950674
36,56,76,75.04058550021108,39.33236260013382,30.52739907265243,-185.89894494230532
37,57,77,100.2276195982248,42.227619598224805,21.32257624159854,-246.7048354752227
38,58,78,103.84019706334868,42.84019706334868,20.44155529639147,-338.4297318363873
39,59,79,105.74831915581149,55.74831915581149,36.74676335172114,-289.6186764275909
40,60,80,123.61024621962491,63.61024621962491,39.283455457484706,-293.8356016235115
41,61,81,126.02724414257472,68.02724414257472,44.69618565398855,-265.3785510962996
42,62,82,116.90919902349742,50.90919902349742,26.534799005674586,-322.2751517499423
43,63,83,105.6695718275655,51.66957182756545,30.041326328640366,-240.90821443796813
44,64,84,115.95340167822536,58.95340167822536,37.159930097256165,-251.55145626264834
45,65,85,105.68721923753992,44.68721923753992,21.08564050232053,-245.79673744121794
46,66,86,103.67294500406149,48.67294500406149,27.182058516086272,-233.23369581302677
47,67,87,99.72317011022142,45.72317011022142,25.07672334930305,-260.22128025857126
48,68,88,105.47356813548902,43.47356813548902,22.630950673386906,-247.08385580638355
49,69,89,89.14933254837933,38.149332548379334,19.70261786099809,-226.02752279643823
50,70,90,77.18431308297977,27.18431308297977,10.523331718495683,-167.68496169814966
51,71,91,57.06524603594096,26.09889921077388,19.304727285039576,-73.50605212665585
52,72,92,59.98488389696422,33.46062247733414,27.651003053124896,-78.55367015943034
53,73,93,56.59528441112673,30.392359662648687,28.752056267675357,-33.38588059241374
54,74,94,64.30932851900792,47.30932851900792,43.05626057428515,-31.54264128648515
55,75,95,50.46222341129135,48.40320611268157,55.13939687449806,41.20950861521135
56,76,96,50.3785874651615,39.67036456508424,43.537795548060956,28.789759744364574
57,77,97,52.972235212793805,39.97223521279375,39.883332104678686,-69.6901436130737
58,78,98,48.87110270626192,33.87110270626192,32.98800886992643,-82.50555151422645
59,79,99,47.97103325520635,28.97103325520635,27.482769232882845,-86.16561685947738
60,80,100,51.94040522406692,28.94040522406692,26.153823835195396,-72.91178500290494
61,81,101,37.95171967518894,24.95171967518894,27.83694683464722,-66.13483945289454
62,82,102,51.56631195580371,35.56631195580371,36.95982719086402,-18.567526235222203
63,83,103,46.521842381464296,36.521842381464296,40.55409436097358,-41.52311335125739
64,84,104,47.76521407774504,36.76521407774504,40.29959992047736,-55.60237370551374
65,85,105,45.17475658253454,32.17475658253454,34.71341015171282,-41.487709903674386
66,86,106,20.55426711236464,3.5542671123646414,3.061735363595062,-28.68307181021771
67,87,107,21.95559144114833,8.955591441148329,15.433745517046304,-60.1088921601995
68,88,108,23.140181394520027,7.140181394520027,7.8386629630873585,-46.80176711340994
69,89,109,25.26567062593847,1.2656706259384691,-2.3653504899900213,-75.77562248348704
70,90,110,22.720280892703215,-9.279719107296785,-14.908459346716882,-131.49444249961016
71,91,111,22.866878571054144,-9.133121428945856,-13.968280851702957,-87.8911639896462
72,92,112,21.275563847919898,-13.724436152080102,-20.752543230875744,-159.83881692169007
73,93,113,19.15092787110939,-13.849072128890612,-18.559214951090212,-166.51585401830425
74,94,114,18.13063253497438,-9.869367465025618,-12.667491108695913,-94.32992455095984
75,95,115,17.47979301432821,4.479793014328209,9.097888125186387,-71.68564152207557
76,96,116,25.882971485320127,-0.1170285146798733,1.9924784729194016,-98.46580109602849
77,97,117,24.3740560185405,9.3740560185405,13.34299244612464,-99.78654493027068
78,98,118,23.79215180945681,8.792151809456811,12.067941056481118,-108.1377444122761
79,99,119,26.361954277244195,17.36195427724425,23.278366754650506,-30.754619712879162
80,100,120,44.092082329837126,25.092082329837126,27.762701390873303,-71.51316546665487
81,101,121,28.405009188358065,5.405009188358122,5.391016521726328,-68.05184694215677
82,102,122,56.024506706510124,32.024506706510124,31.457638652905985,-64.0790032999704
83,103,123,63.92347883304785,28.92347883304791,25.707681247331948,-197.57446225305148
84,104,124,54.31065707552028,25.310657075520282,26.46835067158611,-186.41393034995906
85,105,125,47.33178561638681,14.33178561638681,14.88430902646462,-203.13973895736262
86,106,126,8.123581353672193,-20.876418646327807,-17.639283508582025,-93.32144548226063
87,107,127,7.227684521960725,-22.772315478039218,-15.746972380070815,-110.6438976994209
88,108,128,0.955244945934794,-26.04475505406515,-20.425593281645547,-143.61163971220844
89,109,129,5.032074357394379,-34.967925642605564,-35.821023648286996,-173.67261866839317
90,110,130,-5.859289505909942,-41.859289505910056,-40.81515453543875,-147.18190097781087
91,111,131,-7.6116490380386495,-42.61164903803865,-39.92949352384744,-81.17121806800719
92,112,132,5.595280378944267,-28.404719621055733,-27.310341576915107,-107.89439177103418
93,113,133,1.6201370507462798,-29.37986294925372,-24.241264730571288,-81.93701349876733
94,114,134,-3.3719517607251532,-17.37195176072521,-6.32025098104441,19.125527016698356
95,115,135,-5.062665671507602,-14.062665671507602,-1.7963167016740726,69.27137674242488
96,116,136,22.701257817201054,-2.2987421827989465,1.1969895506548482,-76.85022462886741
97,117,137,30.83819896798167,11.838198967981612,19.70742188321742,-78.56029211422617
98,118,138,17.66392110139003,-1.3360788986099124,7.2262911971857875,-90.75520710258081
99,119,139,20.747101418557122,15.747101418557122,30.586450248670758,39.34965800384191
100,120,140,10.35825954613125,-17.641740453868806,-13.213591998786114,-61.34407169020642
101,121,141,13.157931005684247,-25.84206899431581,-25.596668052118275,-140.42268928035207
102,122,142,25.380194527915137,-14.619805472084977,-16.85919783888619,-190.7081410238152
103,123,143,51.10719547611842,5.107195476118363,1.2669006497750388,-280.2758480693409
104,124,144,42.686545722995334,-8.313454277004666,-13.265929054332105,-243.9727207385298
105,125,145,42.147143612988316,-10.852856387011684,-14.340816056455424,-282.59311185258684
106,126,146,50.69611760364421,9.696117603644211,9.868416917501236,-170.24498574968925
107,127,147,35.70668090093011,-5.055514050828492,-4.7862486791054835,-125.01291216057507
108,128,148,34.74168407957757,-3.258315920422433,-6.705486184829738,-207.3220544220253
109,129,149,43.147703991625804,5.355563602045436,6.620561247322485,-207.26422558643605
110,130,150,39.48091291437618,8.480912914376177,7.343896118797375,-174.92955542231334
111,131,151,44.73999817997185,10.739998179971849,3.8631836476732815,-158.51690891062265
112,132,152,63.14177052714001,30.14177052714001,20.30112355861195,-159.67993134754897
113,133,153,73.1058205760711,36.105820576071096,28.060811675695845,-148.01151304135817
114,134,154,75.47726417877686,51.47726417877686,48.94480100170176,-63.86627269699886
115,135,155,80.6809228930465,61.6809228930465,61.69056509923075,-47.31975437232484
116,136,156,91.1094812830251,57.63778313480441,53.206310789104805,-146.36397092815002
117,137,157,98.31811108994685,64.3181110899468,56.57389965037737,-156.9025769340601
118,138,158,110.03802580563178,71.03802580563183,59.87730693998628,-156.73776556220105
119,139,159,117.95779940632713,75.95779940632701,67.28396105365107,-152.45187482465803
120,140,160,134.12470244272015,84.12470244272015,64.77657304834986,-134.3647803721301
121,141,161,129.74070709174453,75.74070709174453,55.348319551648046,-178.85293669809198
122,142,162,123.35925435421166,69.35925435421166,47.32651323217351,-179.08964151990824
123,143,163,100.80713261046947,64.80713261046947,50.54520328769809,-122.42294092200041
124,144,164,90.45445702194559,51.69795020638708,39.80866923545284,-100.66837510802554
125,145,165,71.87345905275384,36.82567580645309,27.517125209463757,-60.91400671375243
126,146,166,48.97774269559187,28.977742695591928,25.87268833250505,-8.139285484116499
127,147,167,43.677040644658064,25.757615874153203,23.614858780548275,-10.397115036073274
128,148,168,44.90917188225092,24.909171882250916,16.231235091523217,-44.99031777839559
129,149,169,83.33253330784169,35.54039291826132,17.90719972080251,-164.322600573915
130,150,170,74.247172829639,27.247172829639,9.826531678908964,-193.04519420849488
131,151,171,63.6840101021063,21.6840101021063,5.285347926871282,-133.75608234986748
132,152,172,50.34551891436831,26.345518914368313,19.729541665800753,-59.4166546969642
133,153,173,56.81731253543103,36.81731253543103,31.635178055369238,-48.13545947079024
134,154,174,64.17455898898925,44.17455898898925,42.31354799106089,-28.28058391330285
135,155,175,68.38914326661165,55.389143266611654,53.42234016215036,-18.676741005839858
136,156,176,66.29972209095808,55.82802394273733,52.39939648140137,-32.95797535359111
137,157,177,62.599028365786126,51.599028365786126,49.66429670512764,-20.124155675440193
138,158,178,64.52607757066494,52.52607757066494,49.368367238646556,-1.179992453426621
139,159,179,68.2961040659855,52.296104065985446,52.25492874080663,-57.241859925673225
140,160,180,67.77378453506486,55.77378453506486,49.374873903098205,-24.360725217776803
141,161,181,63.95036938195227,47.25764435400794,42.02038639052989,-19.756510003601534
142,162,182,63.784095033058406,45.784095033058406,38.901946112752285,-30.236243651570476
143,163,183,41.2314296032464,34.77323036390618,32.32242422056515,18.71763469391658
144,164,184,37.226261742269685,35.217283898192306,36.63263712215672,29.90678963846267
145,165,185,36.08932891026154,29.041545663960846,29.164987444459484,1.9554083911622229
146,166,186,36.03170901827639,31.031709018276388,30.752220938009486,5.485088348282545
147,167,187,35.29471159161159,30.13748177286533,30.074166220940185,24.705587444160756
148,168,188,46.51640114143913,34.51640114143913,31.33175643552761,-10.844581478167584
149,169,189,93.0519171181001,50.05191711810011,31.762835549209058,-156.2788742575675
150,170,190,100.1926733090915,58.192673309091504,40.05488428669753,-140.2523818936096
151,171,191,87.9122252184867,46.9122252184867,30.64941044091472,-108.89079193008422
152,172,192,48.81763095515555,31.81763095515555,27.300093246641154,-25.30783689864313
153,173,193,39.30798172597798,27.30798172597798,25.561405339848818,-29.533971346914655
154,174,194,28.978549148364493,18.85502184933381,21.3279919198132,-26.129519600147887
155,175,195,32.32329207323755,21.497041021118832,20.740578288633742,-14.464620151714655
156,176,196,40.857243353785634,32.77145531466647,31.45832338545995,-17.826985032884068
157,177,197,43.16716956458254,28.11768952803112,21.854915704392,-19.140655008306965
158,178,198,47.328263398922104,33.809659615473606,27.16293549637203,-15.585885919554983
159,179,199,45.62910037440889,34.62910037440889,29.845720050421903,-24.186840064390083
160,180,200,64.5755694768377,37.5755694768377,26.526111398641547,-91.67703917519407
161,181,201,65.26036259267238,37.5676375647281,26.994088511016116,-116.39050210590324
162,182,202,67.47888825505521,42.47888825505515,27.767394208277608,-105.82971704480349
163,183,203,59.283282622959405,34.825083383619244,24.32327891218665,-90.900348109442
164,184,204,60.316273207220945,34.06380217870202,22.577851437030347,-100.26339694046692
165,185,205,65.93560099453168,39.93560099453168,29.66658610125279,-96.47168906324237
166,186,206,64.65969216892603,36.65969216892603,25.145455471129935,-111.4915112511809
167,187,207,72.13288970829444,43.13288970829444,30.915913536710605,-108.63306057712884
168,188,208,84.47590392247014,49.47590392247014,32.92913274176715,-148.38124523569002
169,189,209,99.37911085418568,59.37911085418568,40.15761256366579,-148.27502416956816
