Left,Mid,Right,Loss_likeli,Loss_AIC,Loss_BIC,Loss_eBIC
0,20,40,47.647309120806256,33.647309120806256,30.332314320840624,3.122735267543362
1,21,41,59.465529319647544,40.091031094710615,33.33962608816557,-30.940635576010266
2,22,42,59.96577216657772,43.96577216657772,36.828645886917116,-25.795419645020957
3,23,43,56.74183880576743,39.04157646581791,31.880606314816305,-16.747283535655583
4,24,44,41.71975994869365,26.052260976056118,21.34617568778725,-29.471801648169958
5,25,45,40.342131823491286,21.956544103118233,18.518562379598507,-29.063309662388292
6,26,46,30.418717398588058,7.418717398588058,4.80589624212962,-135.27126333413105
7,27,47,32.07317930552841,16.073179305528413,14.976630311831286,-83.7721846711139
8,28,48,43.33956955522774,27.33956955522774,25.265462401555283,-50.187808929607854
9,29,49,46.254248342408516,26.254248342408516,22.884205733396243,-51.49087011707638
10,30,50,55.9360394913715,33.9360394913715,30.971773870570416,-59.11826569299819
11,31,51,53.11407846162365,36.11407846162365,32.15581081005439,-73.16457609981171
12,32,52,49.99597323956368,21.995973239563682,14.29404603484727,-99.88555207314357
13,33,53,43.67995627888848,21.679956278888483,20.98165222246672,-75.73750668513253
14,34,54,34.999392088124296,15.615236786895593,19.60350026911908,6.46853106026856
15,35,55,31.63908862134076,9.579597217228809,11.425103605847312,-7.756661572094117
16,36,56,50.09686872728139,18.56740223359776,14.243233937109267,-104.79108291119599
17,37,57,42.831196216326305,18.831196216326248,14.853601510117755,-102.54560943726301
18,38,58,73.37583540291757,42.37583540291757,31.794015426750263,-133.9854442569399
19,39,59,72.21688256980133,42.898039138884656,35.649989573659354,-170.48599833663468
20,40,60,80.20151036604472,48.201510366044715,36.31141098856318,-151.22988527464508
21,41,61,97.9217677883097,69.9217677883097,54.65666265706034,-138.19226414104628
22,42,62,87.61387260486703,63.613872604867026,53.52510529729125,-123.48138571463187
23,43,63,80.44281453752751,56.44281453752751,47.420672556572754,-132.43556910818768
24,44,64,63.73390242298666,38.73390242298666,29.752984906361462,-96.89127574010149
25,45,65,53.944312647996355,28.944312647996355,23.02852665056514,-58.67270556302242
26,46,66,84.27319251724396,41.273192517243956,23.677258128912854,-201.63255722237193
27,47,67,85.1810566872773,48.181056687277305,35.58959805042332,-200.8703902336722
28,48,68,73.3731431787786,40.37314317877866,29.83531169989726,-159.65483968590706
29,49,69,75.71301691059062,38.713016910590625,25.146382024969512,-145.94042285237742
30,50,70,76.80546776710207,39.80546776710207,29.529965776492645,-185.51667610836978
31,51,71,83.38035899715533,44.38035899715533,29.81560992677214,-169.40301968477286
32,52,72,95.26603858114913,48.26603858114913,29.02521323599001,-160.838922363263
33,53,73,94.53650266942805,59.536502669428046,48.91464249715432,-156.2901886137813
34,54,74,88.44166846085784,54.44166846085784,42.712823664639586,-110.54937446073791
35,55,75,97.82660726307898,52.82660726307904,35.27466137203385,-161.78217345205826
36,56,76,123.40549337852605,67.40549337852599,44.00773432032133,-225.89787193427662
37,57,77,115.74099443293028,68.74099443293028,51.86363114679136,-219.25897951787033
38,58,78,118.87694010103814,70.87694010103814,44.1750398712951,-205.11101175809256
39,59,79,118.09150004620051,70.09150004620051,50.297489207242734,-198.1505513909301
40,60,80,118.39028674682908,72.39028674682902,56.31894601505974,-153.14982841550307
41,61,81,119.74864656082718,87.74864656082718,78.0552548090028,-108.84871912094468
42,62,82,106.18810338382082,76.18810338382082,66.4273071248333,-93.52814440235932
43,63,83,130.79758457404478,102.79758457404478,88.05783547735973,-115.09100064658571
44,64,84,118.90076075690956,91.90076075690956,79.20805809260958,-74.27905236845231
45,65,85,97.4985459967047,71.4985459967047,64.930508579366,-37.55395732980128
46,66,86,86.60480941351295,63.60480941351295,56.516379824437195,-32.645301117330064
47,67,87,89.78147645435149,57.78147645435149,45.315495980287324,-120.5149923532764
48,68,88,84.11091801384822,57.11091801384822,47.00718557915275,-117.36748360878096
49,69,89,94.5455888767786,64.5455888767786,53.07534067626847,-127.24171931428054
50,70,90,89.90489144826256,59.90489144826256,46.38615196641433,-123.09744359321553
51,71,91,89.86507039874857,55.86507039874857,42.92150664454641,-114.14550403584656
52,72,92,80.47767101847023,53.47767101847023,42.75294361429826,-83.05199991986296
53,73,93,47.55940973016857,26.559409730168568,21.89369381783746,-53.77627527763627
54,74,94,43.09604963490375,26.09604963490375,19.365193261094646,-50.95727185571445
55,75,95,48.15466471829825,26.15466471829825,19.707066382843948,-91.98765936524353
56,76,96,52.14777054928038,22.14777054928038,11.717243119610202,-97.68698686809432
57,77,97,49.05439678939115,22.05439678939115,13.464041360331805,-121.67563890110137
58,78,98,51.30847246201489,23.30847246201489,15.606545257298535,-129.95965169133342
59,79,99,46.827260676283004,19.827260676283004,12.623199608343612,-107.29597028289072
60,80,100,47.19762555580377,23.197625555803768,17.732766242848413,-88.89271816556538
61,81,101,35.608351442775415,19.608351442775415,18.920538650223023,-70.4776579704286
62,82,102,30.43014062333026,11.430140623330317,8.209008649606858,-27.41882027679219
63,83,103,26.37846520080234,3.3784652008023386,-0.45515585089668775,-47.33892611010276
64,84,104,12.369470872414013,-10.630529127585987,-8.723001537937307,-100.77641194863475
65,85,105,10.290100256008088,-6.709899743991912,-6.162710721921542,-49.40083550636393
66,86,106,6.225266809472259,-10.77473319052774,-8.350539729383684,-20.181469356649473
67,87,107,7.27439161581168,-8.72560838418832,-6.151316976509804,-37.41079151993108
68,88,108,8.564778660407796,-6.4352213395922035,-4.545726453687905,-64.74737446165602
69,89,109,21.963298888044164,2.9632988880441644,2.514755636560551,-79.85018992109906
70,90,110,29.918244144468645,-4.081755855531355,-9.610843314423846,-121.23325614830992
71,91,111,26.381826645779597,0.38182664577959713,-1.3007626183270986,-107.19178530362797
72,92,112,24.117831701728107,-6.882168298271893,-12.265384420239457,-136.53888942528954
73,93,113,33.68668505221274,16.686685052212738,20.723944931002052,-52.60281521036234
74,94,114,47.60277140800525,23.602771408005253,21.358044653196657,-87.3207920265395
75,95,115,44.94541472691617,17.94541472691617,14.553663152056572,-99.99509530403509
76,96,116,57.99533938160869,30.995339381608687,28.643308577588925,-115.89905113052737
77,97,117,53.412901567626704,24.412901567626704,21.06513849005296,-98.30814232008811
78,98,118,79.64273853747488,46.642738537474884,40.95693732251323,-181.06118709262012
79,99,119,78.80006675803082,44.80006675803082,38.26982581601226,-195.6726233793603
80,100,120,93.93063792832379,54.93063792832373,45.564492712140236,-156.94805863937404
81,101,121,65.42393027698967,36.423930276989665,32.38302001885597,-133.92611394418304
82,102,122,68.36399008677853,32.36399008677853,24.686179723313387,-94.55020494167047
83,103,123,49.24820620735818,15.24820620735818,6.97777842195228,-124.28393768701517
84,104,124,66.9262774783362,27.926277478336203,17.595185570991816,-155.7792812140517
85,105,125,64.67800775063864,34.67800775063864,28.715917387744923,-112.20146821900244
86,106,126,79.62766166367317,42.627661663673166,34.25724872104354,-223.58670345323833
87,107,127,83.63411369914763,43.63411369914763,34.25961782417835,-223.46705949973853
88,108,128,91.68287052209007,47.463684188345894,39.742429928990305,-226.16220410770086
89,109,129,86.61936103442633,47.61936103442633,38.59978940852267,-259.6629338012269
90,110,130,74.79094372253616,30.790943722536156,21.75931117995367,-200.1967086037945
91,111,131,73.4773318559524,40.4773318559524,36.98131034452501,-156.59791235579826
92,112,132,81.87861613763715,50.5485349214095,47.65464948332681,-127.6728190411742
93,113,133,67.54821766314575,39.54821766314575,38.80295229136834,-98.86185522964377
94,114,134,67.06754112769636,32.06754112769636,26.80416876827752,-125.44453731964825
95,115,135,65.99989794529222,37.99989794529222,33.417133053095654,-46.91156886488159
96,116,136,65.31212946726464,39.31212946726464,37.50114392395949,-63.35376425121876
97,117,137,90.82419878951941,57.82419878951947,51.44525039399781,-69.78606031153572
98,118,138,66.96074516164686,38.08431498109235,37.57245617768365,-145.29672870282843
99,119,139,61.2171130087238,36.2171130087238,35.57135732123709,-152.1005538114316
100,120,140,42.31669935045994,13.316699350459942,13.434672175686046,-109.48688890254812
101,121,141,31.624701245713766,12.624701245713766,17.72133543870973,-72.08855038933757
102,122,142,31.345684585681,10.345684585681,16.027617308630283,-40.316421126676914
103,123,143,40.00320679272829,20.003206792728292,20.443091765587553,-77.4334351034014
104,124,144,25.799679394581972,9.799679394581972,14.038670945628212,-44.67361987373499
105,125,145,22.80709262587135,7.8070926258713484,13.471877397992216,-49.99590718730178
106,126,146,40.222831679874844,19.222831679874844,20.89771846735698,-145.29388158196434
107,127,147,48.20248621305052,17.20248621305052,13.205564452202793,-187.2316866536828
108,128,148,44.10437824668577,10.885191912941536,10.373333109532723,-183.58097138176026
109,129,149,42.53598561352226,11.535985613522257,8.269769442583197,-178.0555767036052
110,130,150,50.186295739537684,19.186295739537684,15.682044494154411,-115.10843679648724
111,131,151,47.78506024617491,20.785060246174908,19.063878146801528,-109.43914395039462
112,132,152,67.76862964054459,33.43854842431688,26.74224826899433,-146.16910410374578
113,133,153,46.157576545108896,22.157576545108896,18.73888315470117,-69.094691496716
114,134,154,45.953717114868425,23.953717114868425,21.430172389291727,-45.38351484310374
115,135,155,61.282687173299394,39.28268717329945,34.794381229095166,-25.3759743773727
116,136,156,63.80583581797487,44.80583581797487,44.708136573698596,-26.054271058973995
117,137,157,80.35823759702174,57.36617161498748,57.03436303788686,-31.268514096905506
118,138,158,66.96047430189111,43.0840441213366,38.13004419621325,-70.80707722531326
119,139,159,74.42347278800196,42.423472788002016,31.707755927756807,-132.45440540874517
120,140,160,98.12199518640676,46.121995186406764,28.49071903361562,-229.37162318926994
121,141,161,92.13286231826703,38.13286231826703,18.20673625983477,-234.75574336720877
122,142,162,99.5381278224852,44.538127822485194,23.047241334509977,-258.40384378713384
123,143,163,100.2646991772225,48.2646991772225,29.30713187041806,-222.28413340273755
124,144,164,107.15201021798794,42.152010217987936,25.75235418332113,-219.18268991612604
125,145,165,100.50826184792857,46.508261847928566,25.51524149673037,-295.14595593365175
126,146,166,91.15471072205509,43.154710722055086,24.455740010958834,-227.95046079045164
127,147,167,96.61147116378356,48.61147116378362,30.60564763324726,-209.96307472831586
128,148,168,88.13810544466412,43.13810544466412,27.665601095298825,-234.44925451984886
129,149,169,91.19663090633446,46.19663090633446,32.4945529177179,-194.3103548298351
130,150,170,87.3470459093972,43.34704590939714,29.474521374271376,-215.66566054031955
131,151,171,80.50465277295234,36.50465277295234,25.169687415675753,-173.06803817142372
132,152,172,81.11264452434938,46.11264452434938,37.46886831920472,-170.40084183590682
133,153,173,59.07181140252271,31.071811402522712,23.557021895987646,-78.7621631870652
134,154,174,49.29200443594402,28.292004435944023,28.51749730826259,-37.544306023766694
135,155,175,46.9102216486973,27.22522827612289,28.375804570440778,-35.529029411130864
136,156,176,44.07880703415083,28.078807034150827,26.99849660067889,-14.256014767355964
137,157,177,37.136915920684714,21.14484993865051,26.34825883564497,12.743469308996396
138,158,178,39.72459175054968,27.724591750549678,29.028243505105138,-24.88301405942957
139,159,179,55.26028776554699,33.26028776554699,29.23870456205259,-104.2109090039769
140,160,180,61.97943864146254,24.979438641462536,14.772468136627822,-156.9004842877681
141,161,181,73.80213577846979,38.19629045798996,27.729620998320627,-128.59913383304
142,162,182,68.91486826601925,33.914868266019255,23.844492892813378,-171.0467097702258
143,163,183,65.50913254610407,32.21104076480117,24.20652846709072,-128.67555695782823
144,164,184,64.74110275214537,18.741102752145366,13.201190315761437,-128.82795404287674
145,165,185,61.95123877680885,27.95123877680885,17.82521923162477,-184.9300805526924
146,166,186,59.14909005080091,23.149090050800908,12.157380932428623,-159.6956545783645
147,167,187,65.89767592450534,29.89767592450545,19.59911398669294,-149.23112292087308
148,168,188,68.96554739948891,28.96554739948897,15.289226553448657,-213.3774934718274
149,169,189,72.09568853129883,36.09568853129878,25.797126593486382,-152.5649805591944
150,170,190,57.41608490137526,26.416084901375257,19.300000828007796,-148.19013662030795
151,171,191,56.35011497129324,22.350114971293237,13.393858897314885,-139.93686985079637
152,172,192,50.35019300907027,29.350193009070267,22.707313629833095,-81.51528788302869
153,173,193,49.798251346875645,25.798251346875645,18.382419004350083,-56.55527835427176
154,174,194,35.88921135082347,15.889211350823473,12.027236337458362,-60.81085710275215
155,175,195,35.14180534629065,18.456811973716185,16.89989801145998,-20.11932133389473
156,176,196,33.69942050835937,16.699420508359367,12.810100172477746,-12.400680599710654
157,177,197,32.58060537094411,16.580605370944113,17.112925197757704,14.630869949563362
158,178,198,32.913680955108816,15.913680955108816,10.915692532699609,-17.73919408184088
159,179,199,31.71774000927371,20.71774000927371,19.902457762357926,-6.3369314386975475
160,180,200,37.52159939880738,31.521599398807382,31.263304896686634,-3.5717021644535407
161,181,201,38.92743145037787,31.321586129898037,27.892165119204662,-0.44618535302225837
162,182,202,37.873253093874666,35.873253093874666,36.340709199550076,24.90710460982575
163,183,203,32.602968085202065,31.304876303899164,33.88155090770448,21.0024759566773
164,184,204,36.882089423069715,31.882089423069715,31.486192919264568,13.006157111349069
165,185,205,38.64300350960349,31.31037480065754,30.42386936780673,11.722816511140934
166,186,206,40.564871376132885,30.797078661794956,28.357957400834778,-7.2851500613735425
167,187,207,42.83468954977815,25.834689549778147,19.79698035652899,-29.034618889015974
168,188,208,47.694396991352505,36.694396991352505,34.21728369510771,-34.656973563808776
169,189,209,46.747191636949765,37.747191636949765,37.641291253883935,6.944039708260902
