Left,Mid,Right,Loss,Loss_left,Loss_right,gain,glasso
0,20,40,1345.1173905404758,999.9268753969172,973.3699639013012,-628.1794487577426,4.546444301830093
1,21,41,1345.3820833433433,999.8915045400738,973.2472471850556,-627.7566683817861,4.814670307605638
2,22,42,1335.2490227417184,989.578120701818,969.1385898052051,-623.4676877653046,0.7311985725506247
3,23,43,1335.5526004166968,987.5525206960939,973.2078290543648,-625.207749333762,1.9160357546159048
4,24,44,1337.3815877102356,985.0037339464752,985.988639866368,-633.6107861026076,3.508650534761159
5,25,45,1334.0623604511602,988.6346331986028,983.6348498414955,-638.2071225889381,4.053790186088349
6,26,46,1341.4793760373896,989.029716491796,992.7754586706416,-640.325799125048,6.078600713468404
7,27,47,1341.3625299711962,989.1758377581835,994.222807232552,-642.0361150195395,5.400117917769421
8,28,48,1342.3512758432034,987.2280371372195,994.2585308279787,-639.1352921219948,4.8919299377622565
9,29,49,1342.7008563945212,989.8207517350672,991.3473571556043,-638.4672524961504,4.412709427325581
10,30,50,1340.9102890154431,986.4536929358837,991.3977207165684,-636.9411246370091,5.947289660421234
11,31,51,1340.2552072965364,984.9677420544076,989.312444506,-634.0249792638713,7.199977742247938
12,32,52,1324.5105091383948,971.6484658063091,991.0481176989427,-638.1860743668572,0.6408346108913747
13,33,53,1331.8932123009022,972.0610072870853,996.7904418560368,-636.9582368422198,1.3780126769994467
14,34,54,1321.6124215575237,948.656125677373,993.3841039339477,-620.427808053797,3.437734068878626
15,35,55,1315.3149969836643,972.4021578902973,975.132519923663,-632.219680830296,3.5496045199031414
16,36,56,1334.044753900199,974.4274084934998,994.8481050965479,-635.2307596898486,9.216277229691173
17,37,57,1345.0221289423557,968.6869311411688,1006.5582386471518,-630.223040845965,10.650029612353592
18,38,58,1351.307852328996,975.2741059477355,1003.883603463083,-627.8498570818224,10.63477375717207
19,39,59,1355.9455102242518,972.5531750359888,1006.7125385260622,-623.3202033377993,12.789637884113858
20,40,60,1359.8006238791177,973.3699639013012,1011.5385502892498,-625.1078903114333,13.844122784727233
21,41,61,1367.0741961178378,973.2472471850556,1019.185846528801,-625.3588975960188,13.640036949817727
22,42,62,1367.0090345433543,969.1385898052051,1020.8715427062357,-623.0010979680865,10.225727772011396
23,43,63,1377.2781331459714,973.2078290543648,1028.9647262458907,-624.894422154284,11.546249652688289
24,44,64,1381.202617289326,985.988639866368,1028.170459017424,-632.9564815944659,11.774353644083021
25,45,65,1383.6522752559226,983.6348498414955,1033.145338849359,-633.1279134349318,12.273320121848997
26,46,66,1389.046887559984,992.7754586706416,1035.105564722942,-638.8341358335997,8.76561861368782
27,47,67,1393.018159386465,994.222807232552,1037.0591015306209,-638.2637493767079,10.713122742195651
28,48,68,1396.7940317950597,994.2585308279787,1040.523951720637,-637.9884507535558,10.491786075258347
29,49,69,1394.8869564857264,991.3473571556043,1039.11701074484,-635.577411414718,9.728827755019097
30,50,70,1404.1730233385415,991.3977207165684,1049.7111135106506,-636.9358108886777,10.88909980366816
31,51,71,1419.9043231684755,989.312444506,1059.0515004742033,-628.4596218117276,12.458068420436007
32,52,72,1419.301796954746,991.0481176989427,1055.6614610189104,-627.4077817631073,12.635656092594445
33,53,73,1421.3587776504955,996.7904418560368,1050.94516870417,-626.3768329097113,11.78160520196991
34,54,74,1418.4648190533248,993.3841039339477,1047.3367813281502,-622.2560662087731,12.349465789038504
35,55,75,1415.6702419509747,975.132519923663,1051.5372305387705,-610.9995085114588,14.133071749691453
36,56,76,1420.099840132853,994.8481050965479,1039.3019353676063,-614.0502003313013,17.32568386714263
37,57,77,1435.17826349436,1006.5582386471518,1036.481574148354,-607.8615493011459,13.514964024344067
38,58,78,1426.213639436753,1003.883603463083,1034.0842738283889,-611.7542378547187,11.669713128135527
39,59,79,1429.9742039028556,1006.7125385260622,1024.0220112565826,-600.7603458797892,17.553826578802614
40,60,80,1427.478597654975,1011.5385502892498,1011.4650939284212,-595.5250465626962,21.429470223694466
41,61,81,1428.8964713219236,1019.185846528801,1005.1592401329476,-595.448615339825,19.427434566566376
42,62,82,1428.5632937298572,1020.8715427062357,1004.983051678008,-597.2913006543865,18.852726979305203
43,63,83,1429.4327143099058,1028.9647262458907,994.8001083169637,-594.3321202529487,20.342616067646418
44,64,84,1426.6232717225473,1028.170459017424,998.3935021480293,-599.940689442906,20.814060951379133
45,65,85,1426.8004533558237,1033.145338849359,995.4774427408418,-601.822328234377,21.29467420391188
46,66,86,1414.6732776657352,1035.105564722942,989.40863889896,-609.840925956167,19.202985479941844
47,67,87,1416.1581594567815,1037.0591015306209,985.5741742813626,-606.4751163552019,20.63664545725362
48,68,88,1419.3745247717713,1040.523951720637,989.0583578239948,-610.2077847728604,17.5268636633366
49,69,89,1417.0679023321698,1039.11701074484,990.5448628143438,-612.593971227014,16.780435051897598
50,70,90,1416.6169003353157,1049.7111135106506,974.9434398550165,-608.0376530303515,19.190208191407464
51,71,91,1414.9159500435132,1059.0515004742033,959.9180169136902,-604.0535673443803,18.936574153698757
52,72,92,1418.0152061783392,1055.6614610189104,965.9696375021551,-603.6158923427263,15.573389649518617
53,73,93,1413.2099626689046,1050.94516870417,973.1329887759383,-610.8681948112039,14.950553196101055
54,74,94,1409.905345704277,1047.3367813281502,980.0141091921774,-617.4455448160506,14.364248884931385
55,75,95,1414.5432230440024,1051.5372305387705,985.3599273190185,-622.3539348137865,13.608018237526153
56,76,96,1394.1067436374904,1039.3019353676063,982.0744306990506,-627.2696224291665,11.166209983603949
57,77,97,1378.470631077369,1036.481574148354,971.6976986251975,-629.7086416961824,5.544015157570584
58,78,98,1373.0780244150715,1034.0842738283889,967.7468208698346,-628.7530702831518,4.79324575024134
59,79,99,1361.142790986035,1024.0220112565826,967.04930709435,-629.9285273648975,5.797358928564563
60,80,100,1343.2991056297842,1011.4650939284212,961.2063961373838,-629.3723844360206,2.296671709543034
61,81,101,1348.9091642334556,1005.1592401329476,971.2011205889775,-627.4511964884696,1.5075054867861581
62,82,102,1351.3779793721883,1004.983051678008,973.7711272087963,-627.376199514616,3.040557192257893
63,83,103,1345.4680021722424,994.8001083169637,971.3742808817947,-620.706387026516,3.950415660007252
64,84,104,1344.2131595426667,998.3935021480293,971.6910228796143,-625.8713654849766,2.6079563454194385
65,85,105,1355.2106142985563,995.4774427408418,987.7474266327235,-628.014255075009,8.857346367365722
66,86,106,1358.9531128919846,989.40863889896,999.9866113579335,-630.4421373649091,12.056853648518882
67,87,107,1357.444344275948,985.5741742813626,1003.8264096305501,-631.9562396359647,11.52485327709553
68,88,108,1357.920517166665,989.0583578239948,997.6219202570404,-628.7597609143704,13.103895593614993
69,89,109,1358.9759379249626,990.5448628143438,1000.4254076447528,-631.994332534134,12.18912568751773
70,90,110,1352.409494905397,974.9434398550165,1006.2508003412795,-628.7847452908991,12.845106463176421
71,91,111,1346.4465474162205,959.9180169136902,1009.0400816057341,-622.5115511032038,7.386156168735738
72,92,112,1346.596180359732,965.9696375021551,1000.564787971043,-619.9382451134661,8.455734433272141
73,93,113,1349.9796409771839,973.1329887759383,998.3053333288102,-621.4586811275647,10.109431664036038
74,94,114,1350.0377776711307,980.0141091921774,997.2099281473213,-627.1862596683682,7.774927796858947
75,95,115,1347.3298586673254,985.3599273190185,988.4291202884897,-626.4591889401827,8.515283670623262
76,96,116,1346.3616350844352,982.0744306990506,993.3020490901552,-629.0148447047707,8.292830004532334
77,97,117,1347.8880176740358,971.6976986251975,1002.254305992505,-626.0639869436668,8.755602127384236
78,98,118,1342.6612643573426,967.7468208698346,1000.632650278586,-625.718206791078,4.758780836833353
79,99,119,1343.158008162832,967.04930709435,1004.7753169088329,-628.6666158403509,3.9038202413028102
80,100,120,1351.832929344835,961.2063961373838,1015.5463607281345,-624.9198275206832,4.372772623490732
81,101,121,1359.579656137451,971.2011205889775,1015.3510902247053,-626.972554676232,4.268383429810569
82,102,122,1367.6264152872254,973.7711272087963,1017.5488360563077,-623.6935479778786,5.5588200459025074
83,103,123,1365.319458078559,971.3742808817947,1013.3117504671347,-619.3665732703705,9.414510509462616
84,104,124,1365.3164222702972,971.6910228796143,1012.6676000211161,-619.0422006304332,10.113638688134415
85,105,125,1368.3273340339979,987.7474266327235,1004.6772491632447,-624.0973417619703,12.144275111281672
86,106,126,1371.0153029044427,999.9866113579335,1000.9689021878182,-629.940210641309,9.674619462970895
87,107,127,1374.4926060123962,1003.8264096305501,1003.423724166863,-632.7575277850169,10.520388449266306
88,108,128,1372.0862227832959,997.6219202570404,1001.6955980073235,-627.2312954810682,11.18835890200387
89,109,129,1371.072153816574,1000.4254076447528,1002.9015423185131,-632.2547961466919,11.082589030206009
90,110,130,1370.7613119269913,1006.2508003412795,998.5382855766128,-634.0277739909011,11.821523001254263
91,111,131,1370.0473018390417,1009.0400816057341,993.7670382240145,-632.759817990707,12.060990801469643
92,112,132,1370.225685467625,1000.564787971043,995.6358742767244,-625.9749767801425,15.191278935148944
93,113,133,1373.1411252316275,998.3053333288102,999.6167725821865,-624.7809806793693,12.727157658602664
94,114,134,1370.8658257228183,997.2099281473213,1003.3954252861629,-629.7395277106659,10.27960857486562
95,115,135,1371.2245678818445,988.4291202884897,1007.8349180079492,-625.0394704145945,11.850842226460031
96,116,136,1375.5968966158011,993.3020490901552,1011.110423872359,-628.815576346713,12.371924905519563
97,117,137,1374.2775679262177,1002.254305992505,1000.8397201907045,-628.8164582569918,13.887426340886577
98,118,138,1371.668768045798,1000.632650278586,1002.3328570109109,-631.2967392436988,9.349015357518965
99,119,139,1372.2415394976606,1004.7753169088329,1000.0504733015837,-632.5842507127559,10.444462806520733
100,120,140,1380.1140180738973,1015.5463607281345,1002.5391319337843,-637.9714745880215,9.179076522641708
101,121,141,1376.0743128931053,1015.3510902247053,1004.4655516634643,-643.7423289950643,6.032552879283003
102,122,142,1376.4928663426806,1017.5488360563077,992.2522929516126,-633.3082626652397,8.138851328798296
103,123,143,1392.274764939177,1013.3117504671347,1010.2420891862278,-631.2790747141855,11.307616695332854
104,124,144,1401.3698869811747,1012.6676000211161,1017.9287907043342,-629.2265037442758,13.071170404902205
105,125,145,1398.800431841629,1004.6772491632447,1018.6093629710089,-624.4861802926246,12.799265959152422
106,126,146,1392.9596590976885,1000.9689021878182,1021.9509418011718,-629.9601848913017,9.258345020561478
107,127,147,1401.7023869500856,1003.423724166863,1028.1348085339444,-629.8561457507219,9.378414582996925
108,128,148,1409.1013044044532,1001.6955980073235,1032.832431584105,-625.4267251869753,9.286107402608309
109,129,149,1410.924918235678,1002.9015423185131,1032.7797879808838,-624.7564120637189,8.97881202562246
110,130,150,1408.1474950583831,998.5382855766128,1034.8656384434291,-625.2564289616587,9.008535783260868
111,131,151,1419.3539716664047,993.7670382240145,1045.6650599460447,-620.0781265036546,10.49409291033976
112,132,152,1420.7411967012201,995.6358742767244,1042.854879863635,-617.7495574391394,10.582907468254348
113,133,153,1421.875644718737,999.6167725821865,1037.0828617744232,-614.8239896378727,10.741676903296707
114,134,154,1420.6190441569383,1003.3954252861629,1031.2622369119686,-614.0386180411931,11.814612191303013
115,135,155,1421.3560366255329,1007.8349180079492,1024.6838727871725,-611.1627541695889,13.590993043712047
116,136,156,1417.5237476987509,1011.110423872359,1017.3340854556764,-610.9207616292845,12.488558502117712
117,137,157,1416.0129505275804,1000.8397201907045,1021.2869055797252,-606.1136752428492,13.292484105800213
118,138,158,1426.4213268762492,1002.3328570109109,1025.7972281413695,-601.7087582760312,14.712234940568237
119,139,159,1421.1091535967355,1000.0504733015837,1016.0781225055289,-595.0194422103771,16.95063121530052
120,140,160,1420.6992017918988,1002.5391319337843,1003.9919429616164,-585.831873103502,19.288270650226195
121,141,161,1415.216455355459,1004.4655516634643,1004.8756037529222,-594.1247000609276,15.468647413251574
122,142,162,1413.6468968995018,992.2522929516126,1011.6444818338038,-590.2498778859144,16.618974676513176
123,143,163,1417.1589336786074,1010.2420891862278,1004.9757986186162,-598.0589541262366,14.563573580130992
124,144,164,1417.5056180469956,1017.9287907043342,1000.5872366451822,-601.0104093025209,14.42123260042456
125,145,165,1419.716121819906,1018.6093629710089,1004.9162695648445,-603.8095107159472,13.28060107824183
126,146,166,1415.573847690586,1021.9509418011718,1000.3262516360447,-606.7033457466305,12.266924256968764
127,147,167,1410.8887755372248,1028.1348085339444,997.791694295852,-615.0377272925716,9.100432005756375
128,148,168,1413.547639170795,1032.832431584105,998.102932215962,-617.387724629272,7.734585493422742
129,149,169,1406.7254767800237,1032.7797879808838,992.4121549252914,-618.4664661261515,4.575369928017494
130,150,170,1406.0542979601119,1034.8656384434291,992.3332461972209,-621.1445866805382,2.7323360602092635
131,151,171,1409.0886505656367,1045.6650599460447,984.1517218844953,-620.7281312649034,3.20424630774653
132,152,172,1401.6621862136767,1042.854879863635,984.7207734203694,-625.9134670703277,2.350641456175481
133,153,173,1389.4537444267494,1037.0828617744232,981.4144783943876,-629.0435957420614,2.5043579636990216
134,154,174,1390.5168811328922,1031.2622369119686,983.153856664456,-623.8992124435324,3.7176543352202316
135,155,175,1381.609562306197,1024.6838727871725,980.3975913075651,-623.4719017885407,0.9676852056427379
136,156,176,1380.7144683036202,1017.3340854556764,989.6082205657382,-626.2278377177943,7.16363944663442
137,157,177,1388.354716553687,1021.2869055797252,992.5548765641344,-625.4870655901725,14.499182864877184
138,158,178,1384.828973978868,1025.7972281413695,982.8273834558869,-623.7956376183884,14.976822166863712
139,159,179,1383.3154504511406,1016.0781225055289,991.905191903368,-624.6678639577563,18.89664101420999
140,160,180,1376.3004565984345,1003.9919429616164,975.6543084014654,-603.3457947646473,30.12664869952846
141,161,181,1371.1082992362367,1004.8756037529222,973.8972171632281,-607.6645216799136,24.610555601690862
142,162,182,1373.0065506030846,1011.6444818338038,965.0726567737825,-603.7105880045015,27.927978157311827
143,163,183,1362.938350268822,1004.9757986186162,973.6232034910179,-615.6606518408121,21.623394791814803
144,164,184,1360.2061287206075,1000.5872366451822,969.7151250474024,-610.0962329719771,24.933993296414883
145,165,185,1362.0267761472583,1004.9162695648445,964.0465107037364,-606.9360041213226,24.9236808784849
146,166,186,1360.154444652289,1000.3262516360447,966.8348694326185,-607.0066764163744,27.16954357379518
147,167,187,1356.2284200118825,997.791694295852,968.5819771948812,-610.1452514788507,28.84097384381255
148,168,188,1349.8369782446202,998.102932215962,967.7757317912317,-616.0416857625735,23.695250006809374
149,169,189,1350.9481690909436,992.4121549252914,968.6792297045547,-610.1432155389025,25.362299480882825
150,170,190,1350.171011932374,992.3332461972209,961.2401885838697,-603.4024228487165,25.17697144341105
151,171,191,1340.1181372934768,984.1517218844953,966.0751253818122,-610.1087099728306,19.911572164818836
152,172,192,1350.8030110896334,984.7207734203694,991.0679734262951,-624.9857357570311,14.464000173044269
153,173,193,1356.5008014831146,981.4144783943876,1005.0948618935236,-630.0085388047964,11.471118318590129
154,174,194,1352.2214632019995,983.153856664456,1002.8082780834211,-633.7406715458776,8.853676859107964
155,175,195,1350.4127754336025,980.3975913075651,1004.4802254919985,-634.465041365961,6.312459148431458
156,176,196,1350.7827383927215,989.6082205657382,998.7499909319095,-637.575473104926,8.106650450164807
157,177,197,1345.6677606679075,992.5548765641344,991.5688138318906,-638.4559297281173,4.472202041163541
158,178,198,1341.127078631531,982.8273834558869,996.8050950348493,-638.505399859205,3.87171410508995
159,179,199,1339.974987288455,991.905191903368,986.3768462643652,-638.3070508792782,4.784677806786476
160,180,200,1331.8925621964613,975.6543084014654,985.2955152592995,-629.0572614643036,7.239475616232539
161,181,201,1335.5872103825188,973.8972171632281,987.7218691667935,-626.0318759475028,8.594813298270083
162,182,202,1330.4148350399241,965.0726567737825,975.8588389260406,-610.5166606598989,9.144415479491727
163,183,203,1336.3536996206658,973.6232034910179,981.9556652019982,-619.2251690723501,12.491399019212281
164,184,204,1336.9905170170996,969.7151250474024,978.5335093167869,-611.2581173470896,15.740934015432344
165,185,205,1337.006117192369,964.0465107037364,978.416605492795,-605.4569990041625,16.67393481123804
166,186,206,1341.7538640310638,966.8348694326185,979.3454537695193,-604.4264591710739,20.41024160606696
167,187,207,1343.8353248045828,968.5819771948812,970.6482362266165,-595.3948886169151,25.962631886736176
168,188,208,1344.843866208415,967.7757317912317,973.4790041823102,-596.4108697651268,27.158708381747033
169,189,209,1346.9478489045491,968.6792297045547,970.8012764235572,-592.5326572235626,30.948819695906423
