Left,Mid,Right,Loss_likeli,Loss_AIC,Loss_BIC,Loss_eBIC
0,20,40,65.94342238928124,38.94342238928124,35.00383886916785,-90.50735699882523
1,21,41,61.59191959812097,40.7158732171265,40.53797699489934,-12.489864930333624
2,22,42,51.39793202235347,30.01201440313605,30.1246528403546,-34.526154539950085
3,23,43,35.131773101907015,21.58118654654737,24.080259951187145,-2.3015516487495233
4,24,44,39.37094685324439,23.37094685324439,24.70877864657774,1.6498266961166337
5,25,45,40.87011670944594,22.870116709445938,22.37139461234466,-20.234572171014406
6,26,46,40.89969380752626,16.89969380752632,13.762695876690088,-61.31468884072183
7,27,47,33.19403670915483,14.19403670915483,12.569391220907164,-66.84400036713714
8,28,48,31.587868542672254,11.837972407505504,11.301452161450072,-81.89092808928149
9,29,49,25.18284093725805,12.18284093725805,12.2954793744766,-50.56765983787477
10,30,50,30.618562099989788,12.618562099989788,11.2815906241633,-71.52360030972022
11,31,51,24.7478072982139,8.7478072982139,9.851253586152325,-53.83056623457685
12,32,52,21.340328305653998,-1.6596716943460024,-5.485973854057477,-57.08076074782423
13,33,53,13.551736831659923,-8.448263168340077,-11.08355201071464,-100.72184825699367
14,34,54,13.749296282414207,-15.250703717585793,-20.557226046457117,-120.2068227419843
15,35,55,18.813648099782085,-13.186351900217915,-19.41039321707558,-122.8673998399612
16,36,56,17.138198230832188,-3.861801769167812,-6.345798065045358,-79.80811328815423
17,37,57,15.653967375752757,-9.346032624247187,-13.821493467232756,-57.881447652365864
18,38,58,24.252845509605663,-5.747154490394337,-11.325651656144885,-71.76394271989739
19,39,59,26.068881685898248,3.0688816858982477,5.529074904841821,-71.55719595174389
20,40,60,26.701007608674217,3.5092001713348964,5.05212146695925,-66.64350999005626
21,41,61,36.06963509396189,24.069635093961892,28.006633457808448,31.161069054817062
22,42,62,51.903068056167626,37.903068056167626,39.597281898289054,-3.3076781007840736
23,43,63,69.73162370105035,64.73162370105035,71.32662037094735,46.1700825366255
24,44,64,76.81424657061734,71.81424657061734,79.79766331693753,94.84350819023109
25,45,65,77.27551012304974,67.27551012304974,72.91313165743816,51.62266293607968
26,46,66,81.62079892303643,64.62079892303643,66.74215160408596,-19.217273690236084
27,47,67,83.13919176974781,60.139191769747754,60.782409698789536,-74.70286390127569
28,48,68,90.37053508800403,69.37053508800403,66.5399652018466,-90.04133764254482
29,49,69,89.43325182108322,67.45003826117261,62.42721165966458,-54.25306549813433
30,50,70,98.15969074068488,67.15969074068488,62.37106489003253,-70.147637170233
31,51,71,93.98864436768588,65.98864436768588,59.75158949959149,-64.18193141800464
32,52,72,102.2558670255936,72.7654938247374,57.331643584650465,-48.41688614033171
33,53,73,93.76300540350155,64.4289891273753,51.673635438096255,-62.3410872964929
34,54,74,79.92328103169643,50.27862957966829,38.52706419597513,-43.20885577072556
35,55,75,72.21885959594658,45.87018677922413,30.98147508650709,-83.19594946280813
36,56,76,67.5085804711008,36.4417603864523,19.86088532631436,-110.33282264679451
37,57,77,64.00201379646433,31.002013796464325,15.958725643943353,-89.15348298869446
38,58,78,84.85882937914994,49.85882937914988,33.26910540810559,-103.8188607824327
39,59,79,64.08877983401777,39.08877983401777,31.88890102240805,-53.888210010925945
40,60,80,71.46948907968573,47.27768164234641,41.39126499559427,-59.36578018572652
41,61,81,68.28676412527773,50.28676412527773,42.36489443413171,-38.28905430328166
42,62,82,67.97818009124387,46.0227867541297,39.94108906359463,-47.33210578855619
43,63,83,80.55755758945116,59.55755758945122,54.78616499101042,-6.78559111515483
44,64,84,93.73559842431035,78.73559842431035,74.3002103247922,14.2993277899119
45,65,85,82.07594712167054,64.231692392774,62.09340239450603,0.6420121140315587
46,66,86,62.248019421808465,46.248019421808465,43.32206079515544,-2.243048050947664
47,67,87,60.730307842758975,43.730307842758975,42.324322737322575,-3.6271752158052095
48,68,88,56.199442410308166,31.199442410308166,22.21852489368291,-54.495542741320605
49,69,89,50.28082769858531,19.297614138674703,14.386546212024086,-58.66503739837742
50,70,90,49.12456798118876,15.124567981188761,8.842343720205463,-36.56566443403926
51,71,91,48.41982879318766,20.419828793187662,15.367652163434514,-42.2850075161881
52,72,92,65.11327186954838,33.113271869548385,22.726732937164,-109.16300755887312
53,73,93,53.40974486693972,21.409744866939718,18.736241063215402,-73.38176218348553
54,74,94,48.04335089575693,21.04335089575693,18.709340360148644,-74.04309589031857
55,75,95,29.493940460933345,9.493940460933345,3.6955008087530814,-56.443155341010424
56,76,96,24.936919282672648,2.9369192826726476,-1.5280523761455242,-72.00421734502879
57,77,97,20.472423943676688,0.4724239436766311,-3.5931477571036794,-64.0320016073232
58,78,98,35.59993737530931,18.599937375309366,17.714189059612977,-32.41833510192578
59,79,99,46.892885984540726,23.89288598454067,19.72001023454925,-109.70012348715045
60,80,100,41.624079808680506,15.624079808680449,10.731906207884776,-72.39413494845246
61,81,101,46.33800639243958,22.338006392439638,17.320690915391197,-115.60049299686227
62,82,102,40.312645504638226,7.3572521675239955,1.3442044169216842,-126.96184876897416
63,83,103,62.649011124654066,13.649011124654066,2.4477920817322456,-157.4084235959674
64,84,104,54.20273434884507,22.20273434884507,14.502225778317552,-98.76814041413422
65,85,105,51.24026165707005,12.396006928173506,4.5339399103116875,-119.03345451963958
66,86,106,50.17748954760998,16.17748954760998,6.874659883351569,-143.2617512231193
67,87,107,72.89039881451293,34.89039881451299,21.516663061466716,-149.19120755776817
68,88,108,84.02234677714108,47.02234677714114,34.14647716087177,-159.3043302837185
69,89,109,95.44508273361703,46.44508273361703,27.941393066303704,-204.4623386190243
70,90,110,100.98877858646665,52.98877858646665,34.6363814656504,-191.84963499794515
71,91,111,93.3790079339766,51.379007933976595,35.81239151104364,-175.8316811142456
72,92,112,115.37260904012533,72.37260904012533,55.26480836464293,-126.69501815220167
73,93,113,101.7481698086084,59.748169808608395,48.09518456126415,-130.84816950196432
74,94,114,106.88787844271445,63.88787844271451,50.122432788693004,-144.93798842112085
75,95,115,82.16297006752336,51.16297006752336,32.98255355258436,-122.12940105631219
76,96,116,45.18271299290626,29.182712992906204,22.285356203235608,-61.90283623465632
77,97,117,33.141906055385675,20.141906055385675,18.175102950924384,-68.7268417482843
78,98,118,30.462516201588755,16.462516201588755,17.966883761740746,-58.51333426168719
79,99,119,30.877137366106865,6.877137366106808,2.8995426598984295,-92.97015931166936
80,100,120,40.25986629393742,20.25986629393742,18.7014631040837,-81.79067349288721
81,101,121,27.694586317230062,4.694586317230119,3.04774642088546,-78.07375364381437
82,102,122,39.62981382833527,13.629813828335273,7.963339668012964,-99.73673530092447
83,103,123,70.86210647538536,28.86210647538536,15.229774126631014,-174.74183674450717
84,104,124,64.19067686009112,32.190676860091116,22.264533677338022,-130.64831689752555
85,105,125,61.03809835304372,23.03809835304378,11.49568733395995,-143.80402016127186
86,106,126,68.78399824930682,30.78399824930682,21.100727652677847,-179.85858148056934
87,107,127,51.09346703912877,17.093467039128768,8.830358145710306,-178.47063575705477
88,108,128,56.72342477318057,22.723424773180568,16.53975742144189,-147.59899242954384
89,109,129,69.34074755331744,32.3407475533175,25.35662897180771,-205.3720629782822
90,110,130,70.36838360662892,37.36838360662887,32.3757295722271,-203.3263328848143
91,111,131,57.34531756781257,25.34531756781257,21.543676850747715,-157.55409873402448
92,112,132,71.38392315276519,41.38392315276519,35.94698610958346,-115.65748940741503
93,113,133,93.93322516371575,57.93322516371575,53.27804779099495,-97.29002614191575
94,114,134,101.69990108900197,58.69990108900197,51.46222648142384,-139.64237111595048
95,115,135,73.24636239587119,32.24636239587119,23.966172666649754,-148.38606421453335
96,116,136,62.599742820238134,34.599742820238134,30.201103656487362,-81.14823046762956
97,117,137,38.31812010612737,15.318120106127367,15.362946561197191,-95.19230571954324
98,118,138,33.76993247368671,11.769932473686708,10.174364402152037,-74.89493688183666
99,119,139,42.31488845605929,20.314888456059293,17.33302602340484,-62.38510626901382
100,120,140,48.218679346547674,24.218679346547674,22.985086895133918,-99.25365600565829
101,121,141,42.301225357720455,23.301225357720455,24.68557077932371,-78.3864006755299
102,122,142,44.93285896870566,29.93285896870566,32.16892744489007,-89.85393343630949
103,123,143,59.44325924340751,39.443259243407454,37.457129084306985,-89.40767060064866
104,124,144,60.14487295626395,35.14487295626395,29.05036632122983,-94.35059053573298
105,125,145,54.06582178452459,31.065821784524587,27.93266680537306,-141.95366168206704
106,126,146,52.27903731977301,28.27903731977301,25.912466228301923,-83.70987309487157
107,127,147,42.94135724989519,19.94135724989519,18.042171651210083,-75.23350810621321
108,128,148,48.67920105151245,18.67920105151245,12.483633306819911,-103.31767745807895
109,129,149,43.93675134246649,19.93675134246655,15.772119769475125,-95.41434688171705
110,130,150,43.75664129489337,26.75664129489337,28.161155921432055,-54.61250662954569
111,131,151,50.8781977264515,22.919183700509734,24.09918388171525,-72.76886765900065
112,132,152,55.30457073966562,33.304570739665564,33.77410157728241,-72.48225416127093
113,133,153,78.94847276720827,51.94847276720827,48.987722935908664,-57.24918122095232
114,134,154,108.43254242458693,76.43254242458693,68.4720186241625,-115.32776733783021
115,135,155,93.68233022784034,54.68233022784034,43.44677614449324,-161.8129657034758
116,136,156,95.00769589771176,57.007695897711756,46.591975759267825,-152.97502134721458
117,137,157,84.4728748632715,48.4728748632715,38.68716674780853,-130.03123977072346
118,138,158,77.36824823071464,48.36824823071464,38.78216052810137,-92.21793766309338
119,139,159,82.36307494406117,54.36307494406117,44.235132607385026,-83.61014218005869
120,140,160,83.74674303550091,47.74674303550097,36.74200181271317,-119.15010686077869
121,141,161,90.20081234419013,50.200812344190126,35.207923999834975,-149.0035169947198
122,142,162,97.14608835407103,58.146088354071026,40.93607919491308,-141.33675907855093
123,143,163,91.62895264801608,54.628952648016025,39.327067899786925,-152.52287159426305
124,144,164,81.96986545769562,46.96986545769562,31.49402113714052,-162.80080652534355
125,145,165,70.85935556861068,41.16297012105963,32.18205260443449,-155.9020628034034
126,146,166,68.72590800353322,38.98642743721575,28.31663046647668,-123.07085747883536
127,147,167,66.83284489033406,40.02001138958008,31.579916072861238,-92.90668770597597
128,148,168,60.53826309923602,34.53826309923602,24.09583527661198,-66.82867413217195
129,149,169,51.2883466012197,29.2883466012197,20.227696267022793,-52.00126648181572
130,150,170,55.22439397371704,34.22439397371704,29.82513456006791,-73.12341803181482
131,151,171,46.173152700213905,21.214138674272135,19.7288541824488,-56.963406328647466
132,152,172,35.4444628916184,18.4444628916184,18.63073569088033,-41.514176675573935
133,153,173,36.086109212454005,20.086109212454005,18.637521280544433,-47.655634487749694
134,154,174,46.13287223279417,33.13287223279417,31.166069128332936,-66.21858062530293
135,155,175,41.13452937521146,26.134529375211457,23.035453081432536,-73.51974156178699
136,156,176,39.278645868733804,22.278645868733804,17.988280913361166,-82.54519643637536
137,157,177,40.10235548707789,27.102355487077887,25.243013492984574,-82.1456422465721
138,158,178,39.092633956968314,26.092633956968314,23.432683671947075,-60.987207400109185
139,159,179,33.029739137161016,23.029739137161016,21.86338726247078,-58.17358801364003
140,160,180,24.249233108124486,12.249233108124486,9.756129732629972,-41.04123633077501
141,161,181,33.03210551426844,16.032105514268437,13.18328549634407,-43.899700770763616
142,162,182,32.62350626829283,16.62350626829283,13.16684148273805,-37.222218341778444
143,163,183,30.223479765387026,22.223479765387026,22.399433754530776,-1.374154803965837
144,164,184,16.193536973330367,6.193536973330367,6.413479459760026,-26.118091260996948
145,165,185,17.57513221070576,13.878746763154822,18.88206957357147,16.27207805560556
146,166,186,18.894688786327265,11.155208220009797,13.358188274353438,8.81977494884734
147,167,187,25.079547289851632,18.26671378909765,21.93852940003444,25.74641740251502
148,168,188,38.34876735024869,19.348767350248693,19.69481435096816,-29.324661274320647
149,169,189,32.040560228066965,17.192389280773,20.248236041367647,-27.029546600452136
150,170,190,17.321768657119037,7.321768657119037,9.205406116497954,-44.221935097603705
151,171,191,35.75546055804966,9.755460558049663,9.356069811306782,-63.948031839808095
152,172,192,52.07383084417842,13.073830844178474,2.3213912668749117,-168.9273194073644
153,173,193,52.151733219681375,13.151733219681319,3.0924408229377605,-188.9145078488516
154,174,194,60.41481167602012,23.41481167602018,12.96495719171071,-182.37875916402356
155,175,195,70.03990582425246,33.03990582425246,23.283198520502992,-224.31976420960518
156,176,196,80.28676545697056,38.28676545697061,28.120169011015946,-239.79756114903023
157,177,197,80.6605094017869,39.660509401786896,31.0314998634492,-223.72249361096044
158,178,198,74.13022328996402,35.130223289963965,29.57638756686015,-237.47161748216513
159,179,199,72.68737941882125,38.68737941882125,37.70231592128221,-236.78607056204987
160,180,200,75.8747688725228,35.87476887252279,30.51621419320179,-220.9590466715108
161,181,201,76.12120678537116,35.12120678537116,27.18534442759335,-169.67018249640319
162,182,202,72.99063824971523,32.99063824971523,28.675541070471695,-167.2961356749879
163,183,203,72.07571720365422,38.07571720365422,36.05093293527523,-177.74222822130707
164,184,204,48.06272189702713,24.06272189702713,28.402893357538005,-207.77028835301383
165,185,205,57.48657955482531,33.48657955482537,35.40073588337623,-147.1132014759271
166,186,206,37.806587538478425,18.806587538478425,22.70378143494338,-36.69070731489603
167,187,207,33.166254689541745,17.166254689541802,23.679308962650907,-35.54193259835711
168,188,208,43.17730473953037,18.17730473953037,22.121053134907356,-83.12505352931521
169,189,209,41.634051623041216,18.785880675747308,24.790270147725323,-65.79864950181718
