Left,Mid,Right,Loss,Loss_left,Loss_right,gain,glasso
0,20,40,1309.8009839266765,959.4957401299417,969.4516906145507,-619.146446817816,2.6940957832568984
1,21,41,1311.481361676299,966.3532165650261,962.5251003865438,-617.396955275271,4.77781752349199
2,22,42,1311.2826971078414,962.4725195844927,964.475552899993,-615.6653753766443,6.756573609692623
3,23,43,1310.7776018790062,964.6131169903888,968.8636548527872,-622.6991699641699,5.509684066164937
4,24,44,1312.8555967620935,976.3124508244389,968.3673641139432,-631.8242181762887,2.0891049638319146
5,25,45,1318.0492051647666,977.6262466053884,971.7478788015774,-631.3249202421991,3.2040783937021615
6,26,46,1324.2058763263312,975.748275903884,981.2999151529898,-632.8423147305425,2.9048474184236284
7,27,47,1317.60672331067,972.0792126786217,975.5800969436009,-630.0525863115527,1.6755684428069344
8,28,48,1338.449946261911,968.2143012419028,999.5435934587975,-629.3079484387895,5.205601515053104
9,29,49,1335.2654104666792,973.5799138840765,990.2591687156198,-628.573672133017,5.103919022025934
10,30,50,1332.9068450783725,970.0503798224265,991.0866039905418,-628.2301387345958,4.787949105311895
11,31,51,1330.1472125871674,965.8286315461706,990.479798356526,-626.1612173155293,6.893810404040551
12,32,52,1336.941305532575,972.2033329418023,996.3660792290146,-631.6281066382421,6.71049369669754
13,33,53,1342.7620281578481,974.9114118472946,993.5372814189603,-625.6866651084067,11.019753543270326
14,34,54,1343.0368180886783,979.4786947498227,989.460301285127,-625.9021779462714,9.543210883639858
15,35,55,1343.466140818648,979.6816142371631,993.5251900532548,-629.74066347177,8.682875141898421
16,36,56,1344.0735339181792,976.5482970315538,993.9623368115256,-626.4370999249002,7.553556853787768
17,37,57,1345.0507896386027,980.2873993166903,994.3098558334651,-629.5464655115527,7.823035988210222
18,38,58,1341.0439159818166,973.71027245245,992.7085687751102,-625.3749252457437,9.949867228301855
19,39,59,1341.1996970538949,979.0234599084347,986.3484265199468,-624.1721893744866,9.997170624156979
20,40,60,1339.9230845039879,969.4516906145507,991.6997094491818,-621.2283155597447,9.774269853009969
21,41,61,1337.4570063468204,962.5251003865438,989.5852101572266,-614.6533041969501,11.24537312345683
22,42,62,1351.7194072459224,964.475552899993,1000.3667964396925,-613.122942093763,11.475683085446235
23,43,63,1354.912901529595,968.8636548527872,1002.5379975225209,-616.488750845713,9.689377114329318
24,44,64,1344.1838822800755,968.3673641139432,995.0279345823308,-619.2114164161985,7.38002685430763
25,45,65,1359.1825127064956,971.7478788015774,1010.4980189510702,-623.063385046152,6.602645242834342
26,46,66,1361.7535478354794,981.2999151529898,996.7517136975671,-616.2980810150775,7.7772461728384314
27,47,67,1367.197818489283,975.5800969436009,1008.4564566344832,-616.8387350888011,6.12014718661726
28,48,68,1372.6388958203372,999.5435934587975,994.4336804578054,-621.3383780962656,4.760994441220305
29,49,69,1364.2655218602754,990.2591687156198,994.7736759414347,-620.7673227967791,4.824673854976595
30,50,70,1370.2444069147718,991.0866039905418,998.66452678008,-619.5067238558499,5.493626959772655
31,51,71,1368.4307356751806,990.479798356526,995.2175731870697,-617.266635868415,6.510946016753678
32,52,72,1367.1937283874167,996.3660792290146,980.408878625105,-609.581229466703,6.931020582472456
33,53,73,1387.6503175057542,993.5372814189603,994.763120558141,-600.6500844713473,14.987640281887138
34,54,74,1389.6325424184947,989.460301285127,1002.3247295841333,-602.1524884507655,17.260473193798134
35,55,75,1398.0808883569562,993.5251900532548,1003.7647230838769,-599.2090247801757,17.496246741806203
36,56,76,1402.624625227781,993.9623368115256,1002.2928108297647,-593.6305224135092,18.18117531003611
37,57,77,1403.7034335659287,994.3098558334651,1003.6160952094324,-594.2225174769687,18.849926558921993
38,58,78,1407.5792669924422,992.7085687751102,1006.6565373952039,-591.7858391778718,20.411765106373878
39,59,79,1405.514669481517,986.3484265199468,1007.0710971584194,-587.9048541968491,20.60032925057601
40,60,80,1409.8136888372044,991.6997094491818,1004.6094291193133,-586.4954497312908,20.529694104286932
41,61,81,1408.832905863535,989.5852101572266,1000.6694642537508,-581.4217685474423,24.213057506673522
42,62,82,1409.6765646887902,1000.3667964396925,999.9687553117151,-590.6589870626174,21.664983532275414
43,63,83,1407.5085518503706,1002.5379975225209,986.4832898617495,-581.5127355338998,23.626004358801083
44,64,84,1406.0960122485956,995.0279345823308,992.7327353787143,-581.6646577124495,24.17299310607848
45,65,85,1407.0212956123166,1010.4980189510702,987.6241198384134,-591.100843177167,17.604546576475627
46,66,86,1387.778369225709,996.7517136975671,987.4282813840696,-596.4016258559277,14.55876179107429
47,67,87,1393.8456385992222,1008.4564566344832,989.1858396753669,-603.7966577106279,10.125153552946585
48,68,88,1374.1130410200617,994.4336804578054,989.2623660097204,-609.5830054474641,5.60967880838291
49,69,89,1378.0852866775642,994.7736759414347,991.9698898566398,-608.6582791205103,7.927913519589879
50,70,90,1377.1285295851858,998.66452678008,988.4954895652681,-610.0314867601624,8.125603149914241
51,71,91,1373.9744454232246,995.2175731870697,992.2181761514727,-613.4613039153178,6.759080253910838
52,72,92,1358.3798756337271,980.408878625105,991.5680244448821,-613.5970274362601,3.9786243239591386
53,73,93,1345.3543248394442,994.763120558141,972.6121692463755,-622.0209649650724,1.0991828586210204
54,74,94,1343.8878368208782,1002.3247295841333,965.4791335374485,-623.9160263007036,2.3261126481826295
55,75,95,1349.3731223385828,1003.7647230838769,974.1000409778177,-628.4916417231118,3.616198636457966
56,76,96,1337.9341221310488,1002.2928108297647,964.7638167090984,-629.1225054078143,3.153952124770626
57,77,97,1339.3350068365098,1003.6160952094324,966.1771050035138,-630.4581933764364,5.4394201434672595
58,78,98,1340.6863712991812,1006.6565373952039,958.2393535161623,-624.209519612185,5.67285256971013
59,79,99,1339.7060976861405,1007.0710971584194,960.3896028171839,-627.7546022894628,4.970587459533931
60,80,100,1329.1308687214976,1004.6094291193133,952.2020864084755,-627.6806468062912,1.5246616120173258
61,81,101,1337.6834330384158,1000.6694642537508,968.8336991630302,-631.8197303783652,3.5576446746639476
62,82,102,1333.7527261430555,999.9687553117151,967.8672472650284,-634.0832764336878,2.8556808330459944
63,83,103,1333.3443120731204,986.4832898617495,981.9505822374501,-635.0895600260792,5.811170406357064
64,84,104,1341.2433730642379,992.7327353787143,988.1786620994106,-639.668024413887,4.499488009381366
65,85,105,1334.7172076672466,987.6241198384134,987.0274414112636,-639.9343535824303,2.8620339084158104
66,86,106,1334.3657446381085,987.4282813840696,983.371333827381,-636.4338705733421,2.569592472243812
67,87,107,1330.9060055500859,989.1858396753669,979.2774491940601,-637.557283319341,2.5394953452497475
68,88,108,1326.8796861549595,989.2623660097204,978.6690535826967,-641.0517334374576,2.3918677936991344
69,89,109,1329.4502393282664,991.9698898566398,975.7466532859405,-638.2663038143139,4.654224217953924
70,90,110,1345.6063203432204,988.4954895652681,996.8653006957613,-639.754469917809,5.379054775812733
71,91,111,1348.210635073608,992.2181761514727,992.9727304389362,-636.9802715168007,5.883263461526212
72,92,112,1347.770673886239,991.5680244448821,995.249621293605,-639.0469718522481,5.53722560693825
73,93,113,1340.0707582239797,972.6121692463755,995.8610491701161,-628.4024601925119,10.154618730213429
74,94,114,1340.8808854001397,965.4791335374485,998.943894563312,-623.5421427006208,9.520029663121932
75,95,115,1342.6848390290297,974.1000409778177,998.3161531139866,-629.7313550627746,9.616985703021783
76,96,116,1341.235916987198,964.7638167090984,997.9951261497187,-621.5230258716192,10.09983621154015
77,97,117,1344.6753203024464,966.1771050035138,1000.1674979230164,-621.6692826240837,11.80647210510142
78,98,118,1339.8605491178123,958.2393535161623,997.1372070413677,-615.5160114397177,12.93984134348409
79,99,119,1341.1614154175136,960.3896028171839,999.5864170787733,-618.8146044784435,12.223857265084916
80,100,120,1342.8366053267623,952.2020864084755,1002.4248144007876,-611.7902954825008,11.039294492180716
81,101,121,1344.538410942341,968.8336991630302,997.4689225230615,-621.7642107437507,8.83174055483562
82,102,122,1343.3258378041148,967.8672472650284,998.2741072563006,-622.8155167172142,6.409292368827437
83,103,123,1343.1828334516867,981.9505822374501,988.0447389019157,-626.8124876876791,6.076314141156217
84,104,124,1344.2462605877975,988.1786620994106,977.0622493762503,-620.9946508878636,9.187173868509262
85,105,125,1346.7005660227187,987.0274414112636,978.0731083326855,-618.3999837212305,9.883094262753616
86,106,126,1349.363223291935,983.371333827381,980.6915816963127,-614.699692231759,10.89296967677683
87,107,127,1348.7983902862975,979.2774491940601,982.6670395277646,-613.1460984355272,12.698651497147466
88,108,128,1348.1762810365178,978.6690535826967,980.7185203957553,-611.2112929419343,15.143957292935738
89,109,129,1342.4974872873238,975.7466532859405,982.669658173489,-615.9188241721056,14.701269370513614
90,110,130,1345.7004111080562,996.8653006957613,970.4280165957986,-621.5929061835038,9.2419064049717
91,111,131,1344.0250597035429,992.9727304389362,970.0547191324506,-619.0023898678439,8.581354153927464
92,112,132,1346.4837984946485,995.249621293605,963.8586319182363,-612.6244547171927,11.79959838901084
93,113,133,1350.8995677444386,995.8610491701161,969.5175732579515,-614.4790546836289,11.954944602878413
94,114,134,1350.4880816718921,998.943894563312,970.525803625866,-618.9816165172858,10.718784133946542
95,115,135,1347.6498101744694,998.3161531139866,964.6397364341581,-615.3060793736752,12.111731431570774
96,116,136,1347.905217687044,997.9951261497187,965.6941675446867,-615.7840760073616,9.83017520163537
97,117,137,1352.2074809248998,1000.1674979230164,956.9347450348439,-604.8947620329604,11.902907204731491
98,118,138,1344.9988107897302,997.1372070413677,964.9029801462177,-617.0413763978552,10.489276755818992
99,119,139,1346.0839477785346,999.5864170787733,968.3853733251996,-621.8878426254382,10.865641747263112
100,120,140,1351.7780222963756,1002.4248144007876,973.9088725478828,-624.5556646522946,7.580554783962725
101,121,141,1350.444556729476,997.4689225230615,978.9273661930903,-625.9517319866757,7.1653095010144625
102,122,142,1349.0235756959664,998.2741072563006,977.0951408749306,-626.3456724352648,6.498301700385241
103,123,143,1348.1218546000287,988.0447389019157,982.1034435563465,-622.0263278582336,5.15713684422667
104,124,144,1336.9044426486078,977.0622493762503,981.2691107465961,-621.4269174742387,3.725969805348768
105,125,145,1359.0144835637032,978.0731083326855,1000.9414070987543,-620.0000318677367,6.096930921454373
106,126,146,1358.48835989544,980.6915816963127,996.5280064169206,-618.7312282177934,7.3335861204705
107,127,147,1361.5147801965836,982.6670395277646,997.1299202537111,-618.2821795848922,7.235046765217703
108,128,148,1361.558739758153,980.7185203957553,999.9902956275141,-619.1500762651162,6.988418914392241
109,129,149,1360.0342730353696,982.669658173489,997.6450123085233,-620.2803974466428,7.596413924148692
110,130,150,1351.524697923524,970.4280165957986,1002.7163044610643,-621.6196231333388,3.237345389099005
111,131,151,1351.6911143233217,970.0547191324506,1001.639300484783,-620.0029052939119,3.2786884143283714
112,132,152,1365.0139345612497,963.8586319182363,1012.670371263129,-611.5150686201155,7.12504576727838
113,133,153,1358.4196125102105,969.5175732579515,1008.7899106625324,-619.8878714102734,4.267880855096337
114,134,154,1358.441193334943,970.525803625866,1006.5638413167233,-618.6484516076464,4.348030844203549
115,135,155,1360.0766852853878,964.6397364341581,1006.0346602486977,-610.597711397468,5.171392671644298
116,136,156,1359.6084778424115,965.6941675446867,997.7911972023096,-603.8768869045848,7.228727524207557
117,137,157,1354.1117523888156,956.9347450348439,998.6419224075131,-601.4649150535415,0.5448409734581219
118,138,158,1351.5256127120922,964.9029801462177,992.1170820403565,-605.494449474482,0.9354961711477472
119,139,159,1362.1697058209634,968.3853733251996,997.6119618891875,-603.8276293934236,3.36500212347687
120,140,160,1380.1180687316958,973.9088725478828,1005.3389484765432,-599.1297522927302,11.373766703200204
121,141,161,1384.114880136429,978.9273661930903,1005.3539900040122,-600.1664760606734,11.606021799501036
122,142,162,1389.8143366798652,977.0951408749306,1009.991471904552,-597.2722760996173,12.509642752357195
123,143,163,1389.0103958033924,982.1034435563465,1003.5591462537716,-596.6521940067257,12.43537740766567
124,144,164,1387.652480966835,981.2691107465961,1004.6976939889056,-598.3143237686668,12.540650161181816
125,145,165,1384.3645870804453,1000.9414070987543,992.403138698888,-608.979958717197,12.536300497155707
126,146,166,1376.4145362051518,996.5280064169206,994.8380271051798,-614.9514973169485,10.3589443043644
127,147,167,1383.3252723280157,997.1299202537111,994.6032696681274,-608.4079175938227,9.59209222886875
128,148,168,1380.771943721969,999.9902956275141,993.3400391662909,-612.558391071836,8.681904165005903
129,149,169,1381.5729078781253,997.6450123085233,995.4924103751463,-611.5645148055444,11.005173237636996
130,150,170,1374.8121146677522,1002.7163044610643,990.1155689053862,-618.0197586986983,8.560363221815692
131,151,171,1376.3729228824136,1001.639300484783,993.944465529064,-619.2108431314334,8.28530623858262
132,152,172,1372.3556056899206,1012.670371263129,976.1720780611321,-616.4868436343404,9.747203427368163
133,153,173,1364.2489768647447,1008.7899106625324,978.3647673307537,-622.9057011285413,7.0055550122878
134,154,174,1363.5384906923355,1006.5638413167233,981.1944311757134,-624.2197818001011,9.91732325189355
135,155,175,1357.0255710497545,1006.0346602486977,980.3562742174711,-629.3653634164143,6.794201064677054
136,156,176,1349.156984456321,997.7911972023096,977.867419566817,-626.5016323128057,6.407915305745064
137,157,177,1342.2299248783181,998.6419224075131,979.394762793233,-635.8067603224279,0.4970098099445295
138,158,178,1337.3352539926348,992.1170820403565,978.0253120988791,-632.8071401466009,1.0776907199987136
139,159,179,1343.1563070590048,997.6119618891875,979.8705150286379,-634.3261698588205,2.951756956039503
140,160,180,1334.72566923268,1005.3389484765432,961.5215205059187,-632.1347997497819,10.279577977515714
141,161,181,1333.8679291777823,1005.3539900040122,956.1719978165972,-627.658058642827,12.377336258297873
142,162,182,1339.860607660332,1009.991471904552,958.8690180399633,-628.9998822841833,11.924468830165097
143,163,183,1342.3649601550574,1003.5591462537716,967.9846186612228,-629.1788047599371,11.038492945157145
144,164,184,1342.1740782345657,1004.6976939889056,964.2284920772081,-626.7521078315478,11.423134450414523
145,165,185,1330.1388720120744,992.403138698888,964.6723921499322,-626.9366588367457,7.438198128803606
146,166,186,1339.3605141896594,994.8380271051798,979.7680530647965,-635.245565980317,7.95840177227501
147,167,187,1344.2802088316002,994.6032696681274,977.2829860812434,-627.6060469177705,7.976352551661535
148,168,188,1345.5355428478065,993.3400391662909,980.6212153526901,-628.4257116711747,8.57599323655836
149,169,189,1347.2650987724078,995.4924103751463,978.324618964325,-626.5519305670637,10.483043173117153
150,170,190,1348.9175648277176,990.1155689053862,989.8143495466327,-631.0123536243013,7.149303423475999
151,171,191,1349.1726809298652,993.944465529064,986.5652101495772,-631.3369947487759,7.005786124159613
152,172,192,1334.2231270583165,976.1720780611321,985.3342520564029,-627.2832030592185,5.2390351681042375
153,173,193,1329.804335485072,978.3647673307537,978.0845137942306,-626.6449456399123,4.134415085846285
154,174,194,1324.136762035041,981.1944311757134,974.0815722225793,-631.1392413632516,2.2142208848182463
155,175,195,1327.268739126911,980.3562742174711,975.1340153594149,-628.221550449975,2.543726595231192
156,176,196,1324.0964530307742,977.867419566817,971.496103610719,-625.2670701467619,1.7851425721454461
157,177,197,1324.9005891001357,979.394762793233,971.442222028404,-625.9363957215014,3.633543904487169
158,178,198,1332.8167971354906,978.0253120988791,982.4114424016961,-627.6199573650847,5.571484923837602
159,179,199,1327.7074931400034,979.8705150286379,975.0353903627915,-627.1984122514259,5.155448530271883
160,180,200,1311.645296613247,961.5215205059187,970.7530460576422,-620.629269950314,2.9667186835622488
161,181,201,1303.96576939351,956.1719978165972,970.3466063789879,-622.552834802075,1.8079547573930768
162,182,202,1293.513118554033,958.8690180399633,955.3015701114784,-620.6574695974086,1.8849719634363282
163,183,203,1297.161235603106,967.9846186612228,951.1792998261483,-622.0026828842651,0.25814436127632234
164,184,204,1295.0240487486863,964.2284920772081,951.8790144426723,-621.0834577711942,2.7715980187208515
165,185,205,1297.0190507863813,964.6723921499322,951.8109815308303,-619.4643228943812,4.379262502765187
166,186,206,1309.0563122711978,979.7680530647965,954.6505205619791,-625.3622613555776,6.09473855915553
167,187,207,1312.285292503563,977.2829860812434,960.6017597251528,-625.5994533028331,3.548724018796065
168,188,208,1315.1103367519931,980.6212153526901,957.4463986268001,-622.9572772274971,6.207247175033444
169,189,209,1319.349394448643,978.324618964325,965.4064794532019,-624.381703968884,8.665144398247662
