Left,Mid,Right,Loss_likeli,Loss_AIC,Loss_BIC,Loss_eBIC
0,20,40,54.293303725374585,22.29330372537453,16.052258746691336,-110.7026898538154
1,21,41,51.33074501949318,16.330745019493065,6.530049218457748,-115.43950893823603
2,22,42,51.39846354390579,21.39846354390579,16.7894988552531,-46.96860310438922
3,23,43,50.505688842975474,25.505688842975474,21.03022799998996,-64.95112712067817
4,24,44,28.848876505565613,0.8488765055656131,-1.443219615587907,-75.25984241169272
5,25,45,26.329806765195542,2.3298067651954852,-1.8501126665559582,-80.96604390048515
6,26,46,21.05765745760732,-13.942342542392623,-17.09383295898874,-115.49008811814736
7,27,47,17.539891669342865,-17.460108330657135,-17.764288980648985,-115.99448496191474
8,28,48,22.620300317643796,-11.379699682356204,-15.147074807415038,-106.62167750981519
9,29,49,39.69724964891117,-8.302750351088832,-23.882558749665236,-136.4793718558409
10,30,50,45.30379470588451,-5.696205294115543,-20.333238546428674,-173.66871153123827
11,31,51,52.368964004670374,4.368964004670374,-11.557417984186031,-204.49521822793804
12,32,52,24.75903138301925,-4.2409686169807514,-10.166258708127884,-107.55613584968967
13,33,53,34.289813668571014,0.2898136685710142,-5.531911196339877,-115.65201759106117
14,34,54,70.16277222076155,49.36329919985053,42.87171236711026,-85.03818837257148
15,35,55,36.809118148146865,25.91065518853236,24.202448679779195,-32.83129869104556
16,36,56,48.371452038299424,32.371452038299424,30.5031970358404,-41.33192933387295
17,37,57,47.083590966373606,30.083590966373606,28.757519237026713,-74.08581596904583
18,38,58,41.30681235798164,18.306812357981585,14.480510198270167,-66.8415027132479
19,39,59,42.85730155071951,18.85730155071957,20.424817994332102,1.1590601955332431
20,40,60,46.491262226830145,16.491262226830145,13.697915151231996,-90.25772540372736
21,41,61,48.09504530739571,17.095045307395708,13.444697136827926,-127.82355863141481
22,42,62,58.252704627231026,24.25270462723097,18.762184456052182,-153.92026293939637
23,43,63,58.47062558725423,24.47062558725429,19.326679006355448,-159.12998317484744
24,44,64,44.90100321815271,11.90100321815271,7.601496364310947,-187.35008656309674
25,45,65,55.495582440979774,26.495582440979774,23.14781936340603,-196.42282954899144
26,46,66,31.68142004451653,-3.318579955483415,-8.130444090856713,-98.42463550169191
27,47,67,32.74269512350645,-2.2573048764935493,-4.272477162964265,-106.43337566502521
28,48,68,33.685134953049555,-0.3148650469504446,-5.655924120523082,-147.31343925723036
29,49,69,45.20379800001979,0.20379800001978765,-12.496117627105718,-178.84332530247207
30,50,70,46.25923796518941,-0.7407620348105866,-10.970674032690454,-246.34032106738346
31,51,71,51.68108391854895,-2.3189160814509933,-15.340743856209883,-296.35895220877376
32,52,72,56.116707452303956,2.116707452304013,-11.251693912734822,-316.76429186095606
33,53,73,58.42128673883923,0.42128673883928514,-13.205711221907677,-377.1395125770075
34,54,74,62.588810100753676,-4.411189899246324,-23.212130271546243,-374.2251285598603
35,55,75,86.93109005393808,24.931090053938078,5.153744462723466,-304.6466798859294
36,56,76,84.87274065335839,19.87274065335839,-1.5497905146540916,-279.58741434096544
37,57,77,65.56727402336543,29.567274023365485,23.774168759192662,-189.38524343391714
38,58,78,73.63834567137474,29.638345671374736,19.16916413242609,-211.37433700260976
39,59,79,89.19002395171736,44.19002395171742,31.83668191487186,-219.7921467767983
40,60,80,95.79918611615165,42.799186116151645,28.665115490814173,-240.08088373162798
41,61,81,100.47549689222285,47.47549689222285,31.6047147969324,-212.82026774463043
42,62,82,103.78665083840247,46.786650838402466,27.765767979673114,-295.7887796121597
43,63,83,103.60474619099034,47.60474619099034,29.42830305931784,-292.89271298431095
44,64,84,98.00453041853552,42.00453041853552,24.342211064179878,-282.56088697000644
45,65,85,97.81299997981387,51.81299997981387,39.65493898675129,-240.43425632830645
46,66,86,78.89941461950195,38.899414619501954,27.30253531514154,-190.73461156523797
47,67,87,74.84031631846346,40.840316318463465,33.61692819588484,-142.06666319396777
48,68,88,72.69560112472209,38.69560112472209,32.95856033189352,-211.7240021083113
49,69,89,79.49921166047108,39.49921166047113,30.1894159311629,-214.83011090837442
50,70,90,90.2714866060582,48.27148660605826,36.718595798983756,-229.85708152684742
51,71,91,101.57875639378949,57.083503327370295,48.30662346874192,-220.14770600454779
52,72,92,104.80122688741028,49.80122688741028,35.933598733326335,-269.15609323202716
53,73,93,92.34786914151971,34.34786914151971,17.255135277973068,-318.77936241696057
54,74,94,71.81703162708595,11.817031627085953,-5.231713739174779,-331.6510321613566
55,75,95,65.58354855170961,4.583548551709669,-11.57676859020819,-281.7820453247584
56,76,96,55.213973579397305,0.2139735793973614,-15.385161873818333,-253.38506920706777
57,77,97,57.48094880705435,28.480948807054347,21.667449826680922,-135.0372009604988
58,78,98,57.65408011047646,29.654080110476457,23.685020857159998,-143.86226423473215
59,79,99,58.72094872780326,32.72094872780326,28.216110642533295,-140.3267860640342
60,80,100,62.212733008420116,31.99054026016472,26.602599802197915,-123.40668748506425
61,81,101,54.8752251007852,29.8752251007852,25.85585974811238,-52.17059270669529
62,82,102,59.979640899395804,30.979640899395804,27.65777943421881,-53.548018755831436
63,83,103,61.157892329773574,32.157892329773574,27.135091982627728,-65.78284210930144
64,84,104,37.85274265479916,12.852742654799158,8.57447469814258,-47.122004968689225
65,85,105,35.72815986953725,16.728159869537194,15.239895847213688,-52.92788350187004
66,86,106,41.41099616702104,28.410996167021096,29.563355375079595,-82.62925991673103
67,87,107,38.08637810725412,20.086378107254177,18.41751931141846,-67.75770751909852
68,88,108,39.920260742098435,26.920260742098435,29.21239368962688,-57.97536064852625
69,89,109,35.1148113889945,25.114811388994497,29.35470540187623,-27.95217637061012
70,90,110,40.73592988427879,30.73592988427879,30.61089207028101,-13.008646937787034
71,91,111,54.85603047690955,38.360777410490414,36.2461039857385,-26.965181966390446
72,92,112,60.098268474412635,46.098268474412635,49.293702668653225,6.979917761792194
73,93,113,75.18822965113446,58.18822965113441,55.43291427027248,-77.0850741858734
74,94,114,64.93785643504634,46.93785643504634,43.8680170078199,-127.87011078664034
75,95,115,69.15706713344241,48.15706713344247,42.90764371262708,-109.65899284571924
76,96,116,65.17602939497687,47.176029394976865,40.14037149987382,-93.65215020727317
77,97,117,64.25640504392743,47.25640504392743,43.29813739235806,-42.447675628490515
78,98,118,68.4710038828652,50.471003882865205,45.668296504238924,-59.660069634883826
79,99,119,56.362175509958035,33.36217550995809,28.461771031946796,-18.00981711532313
80,100,120,74.71145118103954,44.48925843278403,35.88534719582458,-81.62969690870682
81,101,121,59.6183173658211,39.6183173658211,37.276220070982276,-61.31081901463449
82,102,122,59.5611279745832,29.5611279745832,26.781121143469022,-62.992239830023095
83,103,123,65.26166451331824,43.26166451331824,44.84308943613121,-41.11270412058434
84,104,124,70.42311190967098,47.42311190967098,45.35932040065143,-48.76573653698392
85,105,125,66.17669009984661,47.17669009984661,47.42129402892306,-86.16408201030424
86,106,126,38.15224246274363,13.152242462743743,13.412708118854539,-72.06594682519608
87,107,127,34.536715819033645,3.5367158190337022,0.24762750901663821,-109.76190076478304
88,108,128,48.81927567684022,19.819275676840334,16.471512599266475,-104.28357989307756
89,109,129,36.4632174658758,12.4632174658758,11.604785072187042,-84.68308258304558
90,110,130,15.973102723367674,2.973102723367674,8.285938304638307,-40.46767168234146
91,111,131,18.265886154275847,7.265886154275904,13.572860719247956,-77.35315297215686
92,112,132,42.78427891069157,26.78427891069157,30.474119832533688,-40.98615662127361
93,113,133,45.695381309138725,20.695381309138725,18.299362007832997,-59.007731081754855
94,114,134,36.311974476465366,11.31197447646548,9.861096600182009,-93.58048799563846
95,115,135,46.06668878325053,20.06668878325047,19.4876401807079,-104.56410635879001
96,116,136,47.91671351656407,17.916713516564073,13.031363531373472,-119.52252960761882
97,117,137,29.717308386492846,5.7173083864929595,6.50860716425359,-72.39758445712107
98,118,138,33.796206838115495,7.796206838115381,9.788768856206048,-105.52576063838364
99,119,139,31.08055511728702,-1.9194448827129236,-6.721822178507296,-114.57682810366782
100,120,140,31.945076750313262,-7.054923249686794,-12.955332563070556,-239.50613738886364
101,121,141,20.336640707741026,-14.663359292258974,-20.651745600214667,-184.55689695480044
102,122,142,36.87939808822256,6.879398088222615,1.9940481030319006,-115.08497096372469
103,123,143,50.151786903577204,17.151786903577317,13.545427230295331,-157.18297545216797
104,124,144,55.067342452589514,20.067342452589514,14.772103325193711,-156.09104586141245
105,125,145,72.53965790442646,34.53965790442646,24.63165805417998,-151.3341348688142
106,126,146,63.28279921207519,23.282799212075133,15.728699226251138,-170.05449771063968
107,127,147,65.11233564130822,25.112335641308277,15.24832428834759,-197.52631948481542
108,128,148,71.79157508219816,25.79157508219828,12.940366908575697,-225.71777514816347
109,129,149,73.14269643223798,26.142696432237926,12.100474941278435,-190.22958052989668
110,130,150,65.62871457510744,24.570257168762282,22.08626087288485,-149.75957707831913
111,131,151,65.67189570091978,23.558647148811247,18.429978270137667,-193.07578463282084
112,132,152,75.00543555214131,39.00543555214131,28.013726433768852,-184.12036667462144
113,133,153,77.84019131554089,27.840191315541006,10.644480615401221,-199.24246194928378
114,134,154,76.14290370573565,32.14290370573565,19.15312768900958,-210.50292708149323
115,135,155,80.61005992620107,29.610059926201075,13.46519559171395,-198.3388161491929
116,136,156,81.87842376618596,33.87842376618596,19.440125476391927,-179.44765228319852
117,137,157,89.24436487722147,35.24436487722153,16.59422287803261,-224.6051444236947
118,138,158,97.44718373714443,45.44718373714443,31.376063886513407,-252.66396688317377
119,139,159,111.57834804058291,53.57834804058291,30.593863142276632,-286.5558512092488
120,140,160,116.02654350592513,47.02654350592513,19.951825464191984,-337.44497199434477
121,141,161,99.14510180538605,34.14510180538605,9.061848310760865,-285.1602965149972
122,142,162,92.00765555830424,45.007655558304236,30.965434067344745,-249.4665697621981
123,143,163,90.7972523540414,35.79725235404135,17.078954588306033,-273.2104467331452
124,144,164,79.83728158820435,36.83728158820429,23.74680387351293,-220.93702110145193
125,145,165,72.93331232821095,33.933312328210945,22.487725570347607,-216.02832724511313
126,146,166,73.00743288610374,30.007432886103743,14.14436644917248,-219.039716850707
127,147,167,54.13960759064503,19.139607590645028,6.91289665764964,-151.7665872012144
128,148,168,59.66943239988302,20.66943239988302,7.490977690619616,-215.65333280754885
129,149,169,56.609453750452076,13.609453750452076,-2.2536126864791868,-143.0137758446748
130,150,170,47.79139489712833,3.732937490783115,2.410367745731719,-112.39434242553773
131,151,171,49.73130654199895,8.618057989890417,3.6406816577139125,-138.20306973725906
132,152,172,47.55786010430177,13.557860104301767,3.561883259483352,-128.67563596796128
133,153,173,55.06169613448566,18.061696134485715,7.33824521244685,-171.87519480818344
134,154,174,64.92480296263847,32.92480296263841,26.003999933053933,-191.54295790917536
135,155,175,61.55158772983856,31.551587729838616,25.27994338352812,-172.53283627499673
136,156,176,56.15565625459419,25.15565625459419,20.913950241408884,-93.74951081011841
137,157,177,60.71137073381561,24.711370733815556,19.611412650202737,-172.55929941671684
138,158,178,62.792711367311995,33.792711367311995,32.87096342169809,-195.45688585255482
139,159,179,40.32615147611534,7.326151476115342,5.799233344513368,-121.12056533055284
140,160,180,55.998997751402555,27.9989977514025,28.614836713405566,-54.25043674143865
141,161,181,58.698507746468465,25.698507746468465,22.438721663466595,-119.97355425030855
142,162,182,48.546295434484705,22.54629543448459,24.982531412811113,-41.92946856753713
143,163,183,29.43696522254004,14.436965222540039,21.178490372363967,0.7670953032124999
144,164,184,24.57663125817851,15.576631258178509,25.65765249103663,58.18836319808656
145,165,185,34.46972461604622,25.469724616046165,33.812152225412206,54.563714521926045
146,166,186,31.292985379367735,25.292985379367735,35.094134885044355,60.11072525598786
147,167,187,23.590042471575657,19.590042471575657,30.76837435510663,83.10632200830855
148,168,188,14.649516787872699,6.649516787872699,14.619849845521117,62.56490980666831
149,169,189,18.091126869954167,12.091126869954167,20.540858528531317,109.77146764659221
150,170,190,27.739615075883535,26.739615075883535,43.1062911017425,116.99992166595086
151,171,191,26.354682208364068,22.354682208364068,30.760425369655252,39.36725043619947
152,172,192,27.1544815311521,1.1544815311521006,2.0729055861490906,-81.09490653566377
153,173,193,29.16419224698234,-14.835807753017662,-20.449845436260034,-158.54497052847285
154,174,194,34.19138261467657,-7.808617385323487,-15.549198699318254,-234.87655272008055
155,175,195,40.5720421826303,-1.4279578173697018,-9.168539131364469,-249.60302112469037
156,176,196,31.60206276753479,-15.39793723246521,-26.320996410904968,-230.37718377366684
157,177,197,16.102219653819247,-22.897780346180753,-31.65133462287747,-176.18639424639923
158,178,198,20.855159100709443,-11.144840899290557,-16.332775977475194,-199.46048665810815
159,179,199,15.089353482916579,-13.910646517083421,-17.951556775217114,-147.06126388520113
160,180,200,40.20551367297901,12.20551367297901,6.236454419662493,-119.52647179037979
161,181,201,47.67773842552327,17.677738425523273,11.059520488932776,-113.86866903930218
162,182,202,73.22575237645464,48.225752376454636,43.1886619151187,-60.040129086497245
163,183,203,49.97202475788396,37.97202475788396,39.27567651243942,-51.07684813184517
164,184,204,63.94115210603036,48.94115210603036,48.41035753206711,-29.969048630191764
165,185,205,79.34737759596754,61.347377595967544,57.58439098818121,-34.98561752643627
166,186,206,75.00036423257473,61.000364232574725,62.17982607095428,14.192241609907569
167,187,207,73.1084080650952,68.1084080650952,73.14106095957084,90.5960102938227
168,188,208,69.71961551023321,70.71961551023321,80.3981550766348,105.51242315049262
169,189,209,74.15614447345968,75.15614447345968,83.27862959639617,98.77981192269385
