Left,Mid,Right,Loss_likeli,Loss_AIC,Loss_BIC,Loss_eBIC
0,20,40,-3.5205473433659336,-15.756741521446202,-5.72543445796623,-71.76298396396669
1,21,41,9.283526241172126,-5.716473758827874,1.333083471546729,-91.9266238198154
2,22,42,12.602886977712842,-1.397113022287158,4.109410312913951,-54.45218780221808
3,23,43,19.01482787458349,-1.9851721254165113,0.729435432905575,-113.31229699445078
4,24,44,34.07928906421597,8.079289064216027,7.757116102333384,-92.54743861489521
5,25,45,35.47753019641368,3.4775301964136816,0.7156102501887744,-163.0942951349665
6,26,46,42.44529932040649,13.445299320406491,12.408135687084723,-129.35196833832015
7,27,47,35.962492785404834,11.962492785404834,14.935559794288451,-121.78082851504769
8,28,48,32.97207764313646,0.9720776431364584,-1.7898423030884487,-157.03983728990522
9,29,49,37.24950960481863,5.249509604818627,7.090897423784327,-111.0415271031352
10,30,50,33.26732228456916,0.26732228456927487,-1.6061694373128148,-128.53580099990427
11,31,51,29.97661378477153,-6.02338621522847,-9.737049937721395,-154.007412959484
12,32,52,27.149220133906965,-2.850779866093035,-2.1909524068040582,-216.77830314143205
13,33,53,42.47214209070745,16.47214209070745,18.110288673848686,-174.1514972569854
14,34,54,28.88772223986018,2.8877222398601816,3.3627810009444374,-77.1494701893107
15,35,55,27.48977057359383,-1.5102294264062266,-3.1251245525801323,-148.12751509860664
16,36,56,5.5515137904377525,-20.448486209562247,-16.757473432325583,-133.64664955029502
17,37,57,6.58145938716882,-25.41854061283118,-24.021577475696404,-130.7629683690892
18,38,58,5.10316177979837,-27.89683822020163,-28.037461990683823,-125.54241788750426
19,39,59,12.771046555321107,-30.22895344467895,-33.658445145518726,-180.7001292199718
20,40,60,13.308749200488307,-32.691250799511636,-39.30413434809475,-273.7853785523589
21,41,61,24.44004127468861,-27.55995872531139,-37.8531862751164,-283.125879982901
22,42,62,18.31660755186647,-24.68339244813353,-29.45610399610564,-237.67142565036806
23,43,63,23.16212316064474,-15.837876839355317,-20.005418201339353,-166.87107237026134
24,44,64,32.61127137451945,-13.388728625480553,-19.209575338523905,-165.27854017500601
25,45,65,43.601222633711814,5.601222633711814,-0.36465340924792145,-140.16485398844372
26,46,66,48.713598803991545,12.713598803991545,7.416428882941318,-71.28881211538794
27,47,67,47.350009111558734,9.350009111558734,12.720117131726283,-68.50762235935201
28,48,68,56.53824835114301,5.52695923180886,7.807016205279183,-129.81407379781115
29,49,69,81.84852031118226,27.848520311182256,22.74244942862356,-164.34918744901825
30,50,70,66.78964623058539,36.789646230585504,41.35181410094026,-52.71962817706287
31,51,71,68.40880891043662,38.58260640203844,48.37342708811184,-28.74443501107146
32,52,72,72.83618055157035,39.36801111298746,39.73906041006569,-99.26903401490665
33,53,73,85.14805564275173,51.14805564275173,42.11313467796333,-86.68401612050195
34,54,74,83.40977929024154,49.409779290241545,38.62386356123034,-114.04599616993733
35,55,75,86.8290633925858,47.829063392585795,35.74708841780512,-126.57622212317995
36,56,76,78.26594156255953,36.26594156255953,21.01501946441806,-147.79744952886904
37,57,77,82.83210532727253,34.657960394645556,23.904858847598575,-161.3981866965164
38,58,78,90.20630505897657,40.20630505897657,21.816405826597588,-154.1931442164548
39,59,79,98.39346696732565,31.124748517070884,14.852706921232652,-240.72215522391662
40,60,80,111.94867195736344,43.94867195736356,17.71839364268726,-353.8425388923147
41,61,81,117.79342112708537,50.79342112708537,25.754156129746093,-353.53961705708673
42,62,82,104.85444904175364,39.854449041753696,15.464342727688404,-318.8013526687771
43,63,83,86.85394638989567,27.85394638989567,5.757889715932379,-238.50693953025325
44,64,84,68.69630857239099,12.69630857239099,-5.873515838821959,-218.83097793829154
45,65,85,61.910590556235434,17.910590556235434,4.105487428694005,-200.41570784139105
46,66,86,53.62500058445846,6.625000584458462,-6.8058698756706235,-147.09397704706066
47,67,87,55.14260550604513,7.142605506045129,2.0491263461503877,-136.006829089755
48,68,88,68.63022724991174,11.61893813057759,7.446062380586227,-178.49972898173564
49,69,89,73.47042418649443,20.47042418649437,11.373346134488884,-178.02950426151483
50,70,90,50.644135615448704,13.644135615448704,10.562357445004977,-109.01083843445792
51,71,91,54.626553953715984,11.800351445317915,8.534014137970644,-80.2479491926457
52,72,92,49.82448148516471,15.35631204658182,14.53634802632314,-71.85079014670237
53,73,93,51.01460137844481,18.01460137844481,11.53041274452903,-108.68545123469175
54,74,94,46.06030160113437,18.06030160113437,15.210404660337645,-167.48883545856086
55,75,95,46.4988984111136,6.498898411113601,5.428781589119808,-133.85724160632753
56,76,96,38.505553569106496,-0.4944464308936176,1.3096335269465271,-125.42116480917866
57,77,97,31.731881748691137,-0.4422631839358928,6.0160039275333475,-104.2589505083763
58,78,98,26.025025049417195,-2.974974950582805,-4.6713606856052365,-147.3808491206322
59,79,99,29.43776691152675,-13.830951538728073,-18.1111313379306,-129.64738049343748
60,80,100,55.32107006148891,18.32107006148908,9.182391756425659,-167.7256503619128
61,81,101,54.243194799434605,23.243194799434605,15.780537135787199,-133.112909934728
62,82,102,51.737072932597016,16.737072932597016,7.282950721841644,-131.69202417520705
63,83,103,50.88544172679997,15.885441726799968,6.084745925764537,-178.60916972879147
64,84,104,36.04922474766511,1.0492247476651073,-4.965605526841614,-156.95704694930907
65,85,105,29.266536894715273,9.26653689471516,8.320127506454583,-125.12164746244218
66,86,106,50.46507482735831,24.465074827358308,20.064422902222645,-145.7581382273272
67,87,107,62.98680899013766,32.98680899013766,26.010499058816094,-150.7839654772398
68,88,108,70.28850084754157,36.28850084754157,26.83384552412656,-131.4225224454592
69,89,109,77.99164167753304,48.99164167753304,40.79184833603961,-152.53228130602258
70,90,110,38.94130927061963,24.941309270619627,24.74909762181977,-36.72941585744047
71,91,111,33.36562501126275,17.36562501126275,15.110590162019832,-35.37667143898352
72,92,112,30.663911236516867,14.663911236516867,14.295162875961921,-4.32170499936035
73,93,113,30.58558578380024,10.58558578380024,8.816401762609644,-33.606120717311
74,94,114,34.24168220364891,19.241682203648907,19.89090914881831,-65.35529986081747
75,95,115,38.85022826411057,19.85022826411057,16.412599350013238,-97.46577579828727
76,96,116,42.135211621715825,22.13521162171577,19.10936069177535,-131.05379971678462
77,97,117,47.41951648477112,24.419516484771123,19.20691996393964,-132.5614321329532
78,98,118,54.52261914387907,35.52261914387901,32.30148717015561,-132.61034802839401
79,99,119,53.45356817164895,34.45356817164895,30.885862607645606,-50.4509068921916
80,100,120,52.35152254764614,37.35152254764614,36.393310529436974,-8.715026923339451
81,101,121,29.832850022056164,20.832850022056164,23.283526596662625,8.048847979577658
82,102,122,31.58923587099565,22.58923587099565,25.039912445602113,-12.591739590724956
83,103,123,27.967204008009958,20.967204008009958,25.79990721729041,-24.252645592521617
84,104,124,26.602194163740137,19.602194163740137,26.834468538429405,6.359917220937177
85,105,125,25.97353438917878,12.97353438917878,14.81904077779717,-18.37483664148192
86,106,126,31.042712662842348,24.042712662842348,29.448090926749444,-15.51629512396255
87,107,127,37.02955451371878,28.02955451371878,32.89472781583396,-38.606256078410865
88,108,128,41.651701376422295,22.651701376422295,24.823921188021927,-44.77597159691152
89,109,129,49.98945612787867,26.989456127878668,24.896021919567033,-73.35401038870282
90,110,130,32.53791029623409,18.537910296234088,18.692272237714178,4.5695904294575485
91,111,131,24.726864588896547,8.726864588896547,8.897844871613415,-26.776698510443453
92,112,132,22.481422147551086,7.481422147551029,10.729702236292951,-34.60825805228876
93,113,133,13.816178998986231,-13.183821001013769,-13.23946412544376,-104.2210856464111
94,114,134,21.69890002516138,1.6989000251614357,1.245090647565803,-72.45931905324301
95,115,135,25.25277503432386,1.2527750343238608,-0.8618750705786624,-115.22607201741448
96,116,136,37.167625994348555,11.167625994348555,7.5805933757059165,-152.05778995330354
97,117,137,39.566958884892586,5.566958884892529,1.125526355001739,-206.89328898287454
98,118,138,44.82047102418147,14.820471024181472,12.0145625806706,-167.98812669466474
99,119,139,60.485832187270375,22.485832187270432,15.696994649543512,-172.80405531805036
100,120,140,42.048250566982915,11.048250566982858,7.397902396415134,-142.51390378121857
101,121,141,28.71363778566547,5.713637785665469,7.252495606329944,-121.93253165311626
102,122,142,15.918224448513172,-0.08177555148688498,4.082441919880239,-66.44441130344217
103,123,143,19.983587282371786,8.983587282371673,15.637135437623783,-28.199191465334252
104,124,144,37.63265607223889,24.632656072238888,28.55760400253712,-22.455239791340205
105,125,145,42.63050764764273,19.63050764764273,16.84392625877115,-75.72548573733809
106,126,146,38.58254084676662,20.58254084676662,19.93871655150008,-73.59042288705541
107,127,147,34.483822607016464,27.483822607016464,35.66485972600435,17.784618424363885
108,128,148,49.92850456317149,33.92850456317149,35.98280576339357,4.948283345708319
109,129,149,63.09110417106211,44.09110417106217,42.44208777962717,-37.984657462163796
110,130,150,59.10382750592851,39.10382750592851,36.42455016626809,-15.148331427792186
111,131,151,78.7989667805931,60.798966780593105,60.54244265309535,17.18182876356957
112,132,152,68.85807307797205,60.41386005780765,63.513695315688096,45.228063878568605
113,133,153,85.58303160115827,65.04070623252574,61.32170812202526,-70.00657279251959
114,134,154,79.1520139811081,62.48519487366002,61.10423490054757,-37.29616339890072
115,135,155,97.65349187103766,71.8580768798654,66.494187812537,-95.26803819102929
116,136,156,87.20381222174171,57.4694818632571,50.9585679758776,-102.90654807414035
117,137,157,97.38070317174038,53.38070317174038,40.95270066155126,-202.7828928050851
118,138,158,111.9241176863253,69.9241176863253,56.2917853375709,-190.6143449390977
119,139,159,126.11025153953665,75.11025153953665,55.95740318894934,-212.7783022829401
120,140,160,115.34825086957505,70.34825086957505,52.449731388249916,-190.90098947852152
121,141,161,101.48496767912889,57.484967679128886,41.63716482187692,-184.19934262415245
122,142,162,99.55709436974189,59.55709436974189,44.147905572301624,-165.80525797824941
123,143,163,96.34296872599009,63.34296872599009,51.07226929570891,-150.85613661697266
124,144,164,102.12239993494057,62.12239993494063,47.059784727780425,-165.50851723967924
125,145,165,97.87389271187533,50.87389271187544,33.0193617278361,-211.67199865129317
126,146,166,91.16330092318094,42.16330092318094,27.024668559195334,-204.3718268149364
127,147,167,71.835076614125,29.835076614125,21.744283185111044,-101.78716995891841
128,148,168,85.75840635044005,37.758406350440055,22.795111727190374,-152.6379267798635
129,149,169,101.36470706230023,44.364707062300226,24.48992465389938,-263.6132600649174
130,150,170,85.5553595502148,40.55535955021469,24.26386091412394,-200.2859580067443
131,151,171,103.94371555814541,60.94371555814541,48.24053801122284,-202.4077357283536
132,152,172,107.4409506733059,69.99673765314162,61.084470076449065,-239.9088039337728
133,153,173,110.60896242541168,74.0666370567792,63.421501528686804,-191.00939937412204
134,154,174,93.85993413430606,56.19311502685798,45.396686952268624,-205.85421281022184
135,155,175,102.28771678324676,66.49230179207461,57.88261930837609,-212.7008039654953
136,156,176,88.66695650230565,57.93262614382104,53.00328766134453,-202.35910600973818
137,157,177,73.81705195505629,45.817051955056286,40.6523935822911,-167.56336658114037
138,158,178,72.95807901631986,46.95807901631986,43.024472807397274,-167.90478662968735
139,159,179,68.13518457062077,48.135184570620765,47.881922362920136,-168.9953080338836
140,160,180,50.17826511483497,37.17826511483497,41.44978663541326,-111.32907150884955
141,161,181,47.33640807730956,26.336408077309557,29.05101563563153,-140.63601814939943
142,162,182,49.36574451409774,25.365744514097685,26.240180071808823,-124.69499581162574
143,163,183,45.17805372460157,20.17805372460157,24.3802279297239,-93.90374123634831
144,164,184,40.55925509176001,10.559255091760178,9.832788189929147,-170.57605423625455
145,165,185,7.8540625977850596,-20.14593740221494,-20.223245620771877,-158.64322469946148
146,166,186,9.962464863875198,-21.037535136124802,-16.81736932972524,-199.86797541701287
147,167,187,11.763012497645605,-27.236987502354395,-27.13188231262575,-162.8842959060936
148,168,188,6.390098785260193,-37.60990121473981,-43.61978475581691,-160.50769459501566
149,169,189,3.185020284854602,-42.81497971514534,-49.427863263728455,-218.43753959439778
150,170,190,15.877425479537408,-24.12257452046265,-29.48112919978348,-176.18449248973616
151,171,191,30.126410566126708,-12.873589433873349,-19.379168933245182,-232.27512431625883
152,172,192,34.8226896635656,-9.177310336434402,-16.180755972583484,-243.78166578084756
153,173,193,37.370011729383975,-3.6299882706160815,-10.526129857553997,-203.3872111509486
154,174,194,34.881992064402596,-17.118007935597348,-28.450956256242193,-284.3206717533666
155,175,195,35.24631148958241,-11.753688510417533,-19.557585376337556,-275.95642011973325
156,176,196,47.70454489539969,-1.2954551046002507,-11.827952195474154,-260.4247777594494
157,177,197,43.05650792996471,-1.9434920700352905,-4.644426636898629,-198.35320023378085
158,178,198,46.206731994890106,1.2067319948901059,-4.2752945106941525,-187.27532049810145
159,179,199,22.690550811502874,-20.309449188497183,-22.855487834817836,-287.671129488245
160,180,200,28.91006698712397,-10.089933012876031,-11.831459242900223,-286.4329980064799
161,181,201,33.46943016630536,-9.530569833694585,-13.956707791386748,-237.561933555819
162,182,202,47.59456624396239,2.59456624396239,-3.520451167843703,-218.94399702608234
163,183,203,39.04545190546668,-3.9545480945332656,-4.555081268037156,-220.5381340714963
164,184,204,44.228736716952426,2.228736716952426,-1.6688960479665411,-232.6755358806115
165,185,205,46.289229511625365,9.289229511625422,5.424273242635422,-225.7056493180885
166,186,206,40.97558467758387,4.975584677583811,1.6084945453709452,-216.05675452919138
167,187,207,37.124825421882406,-0.8751745781175941,-4.891423393604555,-221.45004223469266
168,188,208,43.272849932257714,-1.7271500677422864,-10.268182611508223,-202.9025264361328
169,189,209,38.3041124963454,-1.6958875036546033,-10.173604495495397,-144.42604327397112
