Left,Mid,Right,Loss_likeli,Loss_AIC,Loss_BIC,Loss_eBIC
0,20,40,39.19432176068068,28.39402741950272,23.833047481344977,-3.4963375133659724
1,21,41,51.815577112751384,35.34893622398073,29.374542582656773,-29.713351203290472
2,22,42,54.1975935201732,37.866120026943975,32.27017600989848,-18.23322879393146
3,23,43,50.71387177798124,33.056661272813756,27.9760256736472,-28.744036858211132
4,24,44,42.79149121759076,28.79149121759076,20.92310279131982,-35.63265605192652
5,25,45,40.45299154780952,23.452991547809518,18.045555510299835,-51.697241764949524
6,26,46,40.14159982803051,23.141599828030508,19.776090045882484,-97.42523478229907
7,27,47,40.89795986719048,23.89795986719048,21.235667503336174,-71.07888652886288
8,28,48,49.68710069289091,34.68710069289091,32.22671558795514,-68.58842602187815
9,29,49,52.304083005017446,36.304083005017446,32.84368149022515,-43.94281709749907
10,30,50,60.86371992399859,41.86371992399859,37.542332773212706,-88.93820283761113
11,31,51,53.382635670333514,33.382635670333514,29.02555717100455,-22.182462419339004
12,32,52,49.017455001900146,27.96010079801556,23.69924805345221,-63.03723953646886
13,33,53,49.478197405072194,33.62016264200588,34.07937466950449,-10.406898631266472
14,34,54,31.920046885851605,16.21025272875721,16.820757302752725,-12.655208218746111
15,35,55,31.720151519288606,12.455691613092654,11.919171367037166,-22.863042224729384
16,36,56,49.13522998779899,26.135229987798994,20.922633466967568,-109.47051928715723
17,37,57,42.71164172796017,22.71164172796017,20.15176606701266,-87.84452590685385
18,38,58,60.37398307412013,41.37398307412013,37.065793864938996,-99.83861656685895
19,39,59,55.54803728622244,35.29100539354687,30.68357905870357,-90.09031242197193
20,40,60,63.94175916374098,37.9417591637411,28.623837846877336,-111.31945327431242
21,41,61,79.22762916965911,54.22762916965917,45.24671165303397,-117.73690560002149
22,42,62,80.55910572778953,58.55910572778953,51.071786621495335,-104.01070417057906
23,43,63,74.07376954211293,50.07376954211293,42.2838653428247,-111.70587525099484
24,44,64,54.91896485089944,31.918964850899442,23.587206017548283,-75.20056167847872
25,45,65,42.591728819369166,24.59172881936911,19.789021440742886,-57.7306606234979
26,46,66,58.83187055437776,28.83187055437776,17.70819594414752,-127.79456448796861
27,47,67,59.600263942309994,27.600263942309994,15.827430648805716,-160.29405824692583
28,48,68,56.48180542067797,20.63816166855088,12.047806239491592,-131.56420498124032
29,49,69,58.46566531481801,27.46566531481801,17.57699251921065,-112.94087810530038
30,50,70,55.39255774507558,27.392557745075578,20.761645897326957,-153.39474087336794
31,51,71,62.59614624816163,24.59614624816163,11.75167049686138,-107.84330127051624
32,52,72,64.44780347914332,27.447803479143317,13.878786682314058,-141.92119684785416
33,53,73,69.54755041086344,32.54755041086344,19.671680794594067,-118.54794365875978
34,54,74,82.98941942152362,43.98941942152362,33.26391348705886,-81.39586622208776
35,55,75,89.73076367741027,47.73076367741032,32.01898978697602,-108.44756937293539
36,56,76,96.15148382000007,51.15148382000007,35.30183011928159,-173.9113106982112
37,57,77,94.59193792919302,50.59193792919302,37.79924162538214,-138.77304461563403
38,58,78,99.66111681846542,62.661116818465416,51.171541563316055,-169.43580429070335
39,59,79,99.32124357403177,60.32124357403177,47.14278886476836,-162.8532921268012
40,60,80,102.83393756456115,60.83393756456121,46.508458035246804,-131.89656886952423
41,61,81,92.46692686000642,59.466926860006424,49.275668971405025,-112.88776077384307
42,62,82,78.85567580455313,53.85567580455313,47.99392060044772,-80.5639607283839
43,63,83,97.49343957047324,74.49343957047324,68.58769586908181,-61.36554906550646
44,64,84,99.22769864934361,75.22769864934361,68.82408881117522,-27.741343929302047
45,65,85,77.51657097404404,56.51657097404393,50.91341236564665,-55.44825957406067
46,66,86,70.37532541378948,49.37532541378948,42.732446034552254,-60.875125578670236
47,67,87,81.67251412724232,56.67251412724238,49.424464562016965,-111.78096981974011
48,68,88,87.94325986152847,58.09961610940138,48.77855966792481,-101.8021424204369
49,69,89,102.08583686976363,74.08583686976363,64.65104171364737,-110.64631450341301
50,70,90,106.88751122481978,82.88751122481983,72.8379361139713,-94.46945784149887
51,71,91,106.97627514986686,79.97627514986686,68.62952924200124,-121.12739831683382
52,72,92,93.9828980652141,72.9828980652141,63.47967013286075,-93.6136048059459
53,73,93,49.29551574680863,26.295515746808633,16.073911048465675,-96.10771121518269
54,74,94,41.783014419411074,20.783014419411074,12.186554246750859,-75.310714482653
55,75,95,35.34023399529002,16.340233995290077,10.693086889606889,-83.19134271987116
56,76,96,35.53239491321483,12.53239491321483,4.516633909070492,-73.88082951740853
57,77,97,33.49593638228117,8.272307279891777,1.646597143591805,-78.31001879133191
58,78,98,42.34644494529516,19.34644494529516,14.375077836448668,-97.72521864131102
59,79,99,38.290104162830744,16.290104162830744,10.189079417656501,-109.29688493040771
60,80,100,37.58721466995064,13.587214669950697,6.143884060942412,-92.28101428117668
61,81,101,28.386205729972573,4.386205729972517,-0.05872461543344798,-63.69408353724134
62,82,102,19.07394095062915,5.073940950629151,5.228289811735692,-48.58773123914284
63,83,103,14.780625722501725,-1.2193742774982752,0.588252684422855,-58.62853432492682
64,84,104,11.014113100733653,-9.985886899266347,-11.77673601458389,-83.93607319266005
65,85,105,5.919933878240101,-9.080066121759899,-7.537144826135602,-107.2708780317306
66,86,106,7.672009709813324,-5.327990290186676,-3.1359103112883417,-80.25637180862611
67,87,107,9.39991207774932,-1.6000879222506796,1.5877243302016382,-73.21613571125272
68,88,108,13.934363437267848,1.934363437267848,4.624309552943203,-70.1038716115329
69,89,109,23.34785133042965,8.347851330429648,8.504478264934107,-77.00305957251749
70,90,110,24.20943980673212,2.209439806732121,0.6138717351975629,-118.35673746051316
71,91,111,20.896474726366648,1.8964747263666482,1.79450506516298,-125.96420293556525
72,92,112,23.76471178348794,3.7647117834879396,3.1648759855072512,-115.30779906953364
73,93,113,41.55547668245413,26.555476682454128,29.13811874891843,-123.07133774377485
74,94,114,51.117785004786015,29.117785004786015,27.175643342971455,-127.94397214119908
75,95,115,41.74536934911686,21.745369349116856,21.838680731696172,-100.35824880651558
76,96,116,58.80477354285574,28.80477354285574,23.572849967385196,-160.72019859210843
77,97,117,66.94242189100703,37.718792788617634,35.86462812137489,-137.33738503198504
78,98,118,78.75350755904032,37.753507559040315,30.05887461324744,-186.16135501507313
79,99,119,78.2301134180716,40.230113418071596,32.05498151922495,-205.36002652341347
80,100,120,98.2702847006388,53.27028470063874,39.530648302673285,-230.2044625457777
81,101,121,66.18917296327407,26.189172963274018,19.323561873915764,-147.37174988836728
82,102,122,72.73345818114188,33.73345818114194,25.253463115903287,-218.02587667787668
83,103,123,47.12033873949457,9.120338739494628,3.59749093100379,-170.92071213308827
84,104,124,61.79230185580144,29.792301855801384,22.178351645656903,-148.1893305015525
85,105,125,68.75373001542869,32.75373001542869,22.455168077616236,-164.9611736273206
86,106,126,75.77168774014501,42.77168774014501,37.085886525183355,-208.70250184429915
87,107,127,82.79870550021047,50.79870550021053,45.61077042202572,-223.99035123340684
88,108,128,89.75048217473483,56.75048217473477,50.37153377921322,-176.7613893603277
89,109,129,82.63280786318973,45.632807863189726,36.56924774000015,-202.74491597810834
90,110,130,59.4356056308452,18.435605630845203,6.687433779987714,-167.95040139853757
91,111,131,56.632242216178895,20.632242216178895,11.373401049206336,-168.78232240637578
92,112,132,56.38112244520278,24.381122445202777,17.460319415618187,-125.79914500396455
93,113,133,67.76643404545223,43.76643404545223,43.25457524204353,-114.5508682535849
94,114,134,67.23538890376312,39.23538890376312,37.425212733806234,-157.28083065104602
95,115,135,70.1578298842411,42.157829884241096,37.92163858232453,-97.6589800981136
96,116,136,73.1603823621054,39.160382362105395,32.28356782980677,-109.79666951687443
97,117,137,104.61007421339264,70.61007421339264,64.7729804519339,-175.80911901498473
98,118,138,88.56090788476877,48.56090788476877,39.736617302648085,-216.6710088170562
99,119,139,84.92262852480911,49.92262852480911,43.58766862657342,-203.5896765584065
100,120,140,64.81347871071137,32.81347871071131,31.437853125606352,-209.49580573469473
101,121,141,59.55497702526952,30.554977025269466,30.32637626021551,-150.84630959981655
102,122,142,61.634403208424715,30.63440320842477,28.370349398976714,-190.63723091440966
103,123,143,63.90269728057797,33.90269728057791,31.71868836992587,-135.24232308141097
104,124,144,46.77195925343733,27.77195925343733,26.976842411673772,-65.25709023897025
105,125,145,40.12193263029644,15.121932630296442,11.686192558150879,-109.74632804990983
106,126,146,58.984788504160235,27.98478850416018,21.908425201632667,-190.66063698564335
107,127,147,55.936962722421754,26.936962722421754,22.89605246428812,-228.3107818299983
108,128,148,57.455510149364954,31.45551014936501,29.601345482122156,-213.09103453667012
109,129,149,54.15200667001318,23.15200667001318,17.422216957765613,-208.28926635929884
110,130,150,54.25331727348612,19.253317273486118,8.492599561930092,-159.48877894197858
111,131,151,54.95035457557725,22.950354575577308,12.563815643193038,-153.13063638564108
112,132,152,68.09141949471541,32.09141949471535,19.02026883466317,-171.054192814947
113,133,153,53.48404759728402,28.484047597284075,24.042408573355146,-118.97203304040568
114,134,154,57.38043773632478,29.40564130940902,24.120958828170842,-81.12358208890635
115,135,155,56.784834254243265,28.784834254243265,22.58859668943427,-60.62755730878848
116,136,156,54.71250166118648,35.71250166118648,32.64311963863105,-15.560673848209149
117,137,157,77.74618289185872,51.74618289185872,42.86007300250208,-68.30366247138261
118,138,158,67.857611596771,41.857611596770994,31.33910717252894,-98.79776594671819
119,139,159,73.84719879495509,40.84719879495509,27.19020500355407,-162.53229938653567
120,140,160,78.76308560945535,33.763085609455345,17.502199961608767,-136.08091950103005
121,141,161,77.76450768640314,40.764507686403135,27.888638070133766,-177.05669537843983
122,142,162,87.77400795824849,39.77400795824849,25.226479064435466,-186.59525401543044
123,143,163,86.59105222730153,41.59105222730153,28.067525657549027,-162.4689324632633
124,144,164,90.05138424878112,47.05138424878112,31.188317811849856,-168.5420912704899
125,145,165,76.90174352603981,36.90174352603981,21.1459811383196,-185.34736081508845
126,146,166,73.26729637651943,35.267296376519425,20.160692672073196,-193.38853811091622
127,147,167,70.47200043084877,34.472000430848766,21.054276180516467,-168.0970653505069
128,148,168,66.24924605225505,31.249246052255103,18.329387938699824,-162.74053517688935
129,149,169,72.10910940674648,37.109109406746484,24.882398473751095,-151.868980204801
130,150,170,66.46229581685265,30.462295816852702,19.29392248543718,-149.72932109487942
131,151,171,61.81784340959291,28.81784340959291,19.31973270155163,-166.19695270937723
132,152,172,65.79315815247139,36.79315815247139,28.59336481097796,-137.61712060962816
133,153,173,49.14362587161236,26.143625871612358,23.044292711517414,-83.54322593148675
134,154,174,43.23716288661967,24.262366459703912,26.82034708352137,-40.81675742372522
135,155,175,33.966499706474565,15.966499706474565,17.462148508803466,-36.679974887242
136,156,176,32.317182088252196,18.31718208825214,20.50971947182154,-14.936489860225038
137,157,177,31.54806971631467,9.548069716314671,6.119160276865614,-55.37206091035762
138,158,178,34.51891679124196,11.518916791241963,5.959746680130536,-80.34031851722614
139,159,179,50.847054167281954,23.847054167281954,16.64299309934256,-152.91766957203083
140,160,180,41.62966762051536,8.629667620515363,0.9259100800823035,-88.9419296980966
141,161,181,49.82085071950439,23.364161591126276,16.267404572397936,-96.92451554066076
142,162,182,53.88360279906249,13.88360279906243,5.163947669008053,-124.39543889023741
143,163,183,61.28677734534773,24.286777345347673,14.708088955331618,-116.202163026221
144,164,184,64.6880641376045,30.688064137604442,20.345513702506196,-129.92356983878813
145,165,185,63.99753662335547,37.99753662335547,30.9447681019131,-121.94804829906889
146,166,186,61.6608964133614,30.660896413361343,20.772223617754094,-173.98642864688986
147,167,187,63.56753385386884,33.567533853868895,24.176727195038552,-141.72778134122393
148,168,188,63.32839991312153,31.32839991312153,20.941860980737147,-125.70976992507053
149,169,189,67.01909673893846,36.01909673893846,26.476997533611097,-124.25019040426628
150,170,190,49.720756101314635,22.720756101314635,16.64662632113277,-88.48533730459121
151,171,191,49.64780971108905,19.647809711089053,11.643297413378718,-112.28125755731105
152,172,192,52.36038022180202,28.360380221802075,20.570476022513844,-107.83868648290206
153,173,193,52.34043132163691,30.340431321636856,23.19968580562272,-98.75159408428328
154,174,194,41.85337509936045,24.85337509936045,19.855386676951184,-101.48683496859155
155,175,195,37.55632921403162,20.55632921403162,14.805829888190601,-69.87053392675841
156,176,196,39.34347933131863,21.343479331318633,15.154477591572459,-46.81235255725676
157,177,197,40.45512495303882,20.45512495303882,13.270390939738661,-36.561366709926006
158,178,198,36.53290627547028,15.532906275470282,9.236600486512998,-77.97268202854684
159,179,199,35.27679369966194,19.276793699661937,16.67760054449934,-52.9703915360991
160,180,200,32.52104254972443,22.521042549724427,20.81826282860402,3.8143372480732864
161,181,201,33.466642598135536,25.009953469757363,23.755624600495253,-3.4798836206614965
162,182,202,34.05292835848877,28.742885107787856,29.50050732651789,8.266971118822426
163,183,203,38.11000485001637,29.08153997106723,27.756309247524882,1.0731613128945128
164,184,204,40.56866295297647,32.63504759212219,30.536278995803116,-3.780881237466474
165,185,205,47.44355077130075,41.00770784207265,40.25124510958756,-3.472709564696345
166,186,206,52.25353723666149,41.35402487818459,37.87461328266852,-54.225068851750564
167,187,207,43.38382656180693,27.921078042057275,24.17741848891012,-48.53614001313599
168,188,208,51.70342708523373,36.22696067736871,32.332008577724594,-28.02603672336045
169,189,209,50.7196290952441,42.31694590533829,40.7600319430822,-28.517076037717857
