Left,Mid,Right,Loss_likeli,Loss_AIC,Loss_BIC,Loss_eBIC
0,20,40,95.45250095861059,76.45250095861059,71.1519274432074,-55.005816336419684
1,21,41,87.25409351678258,68.25409351678258,63.993240772219224,-74.04209347679193
2,22,42,81.99750662274238,63.99750662274238,60.55528590341328,-51.257110228293186
3,23,43,74.93912051411985,56.93912051411985,51.789839545213624,-65.13447284010908
4,24,44,69.00045049813849,52.00045049813849,47.002462075729284,-36.122355341532
5,25,45,44.42880576676362,30.428805766763617,27.27098934496547,4.966065033055884
6,26,46,37.02629785574857,21.026297855748567,17.515627085859137,-2.3674995742660485
7,27,47,31.123964811045994,22.499715255734486,22.133814610815193,-4.928065695466444
8,28,48,33.43340397632505,21.433403976325053,21.080225466504658,-2.7201613361978616
9,29,49,34.329357429162314,27.329357429162314,28.732542972230135,21.172928436474763
10,30,50,37.05326873546255,31.29392007780558,33.56864266326835,16.13973820489963
11,31,51,31.394737725321647,19.394737725321647,18.262996089756996,-10.092368919135765
12,32,52,33.659724412751416,17.24993871647513,16.581452978561856,-43.17090722929606
13,33,53,37.60281780900374,14.602817809003739,6.617632565932581,-53.40867028294758
14,34,54,37.06321431780202,17.06321431780202,11.264774665621815,-70.76452391844145
15,35,55,45.433628504134504,22.433628504134504,18.260752754143027,-122.64014792076432
16,36,56,50.9083192311395,19.9083192311395,12.445661567492039,-172.96296364312798
17,37,57,50.090789264349326,25.090789264349326,20.268754831083868,-132.29404709341782
18,38,58,53.40062978244015,23.40062978244015,15.742691075009702,-146.34449835151827
19,39,59,76.27235607777897,37.272356077778966,24.78704854907562,-173.94883213122364
20,40,60,39.812205975302106,13.812205975302106,13.101364301856222,-43.780792131736916
21,41,61,44.94081822839718,25.940818228397177,22.026539074113828,-48.318404042291036
22,42,62,46.147547494823925,29.147547494823925,28.975781634511577,-34.59996673548244
23,43,63,38.20741553293311,16.761497791409965,19.86815086063632,-38.700831149804344
24,44,64,38.099070443756546,12.099070443756546,13.035199972796818,-66.4357546550782
25,45,65,45.47992794707454,21.479927947074543,16.116038879746156,-112.84538532950887
26,46,66,47.70486554548381,25.704865545483813,22.029855932269356,-122.08274042369794
27,47,67,52.5527756152548,24.55277561525486,18.5837163619384,-131.03548159625177
28,48,68,63.51151408930741,32.51151408930741,26.412587355406004,-123.05310920960505
29,49,69,59.50248592027799,27.50248592027799,21.076795040162096,-106.6894734091104
30,50,70,74.78318742061657,47.78318742061663,40.23255276239718,-100.09568655276678
31,51,71,85.31245773984244,44.31245773984244,30.831417937585,-144.1581897146043
32,52,72,90.24392249735911,52.24392249735911,40.25648110543261,-151.05816396319415
33,53,73,93.02111041226397,50.021110412263965,36.584059107292546,-155.142627952726
34,54,74,88.06385369841075,50.06385369841075,38.076412306484485,-163.3021566225408
35,55,75,96.25119864815053,50.251198648150535,35.320548932848055,-238.83418627165076
36,56,76,99.98054434516155,46.98054434516155,28.218258082140323,-242.50664686394225
37,57,77,106.980094628666,57.980094628665995,41.20927291275268,-223.03237842221574
38,58,78,109.8529968446527,57.852996844652694,40.23983557122813,-229.98330461757757
39,59,79,108.67010006887449,55.67010006887449,36.90781380585315,-239.0555884158032
40,60,80,92.53108431817031,45.531084318170315,32.97875941128757,-108.00983724003424
41,61,81,93.47007301833565,64.47007301833565,54.19083813516238,-97.04914561437283
42,62,82,87.95260559512838,57.952605595128375,48.561798936297976,-95.75891555772
43,63,83,81.95076569975197,44.50484795822871,38.60592206818319,-109.68214547598814
44,64,84,62.1565075932333,32.1565075932333,30.408025394605602,-16.890393276990267
45,65,85,46.68553221583409,24.685532215834087,19.97080183177968,-95.21847188183142
46,66,86,48.804541032571706,28.804541032571706,24.73896933179128,-61.096124674082944
47,67,87,59.02230041893574,29.022300418935743,19.631493760105514,-122.08709438496044
48,68,88,58.294382863793885,29.294382863793885,20.748015932020508,-94.23382413828858
49,69,89,57.09468839036583,20.09468839036583,9.717231672636103,-109.7396483936077
50,70,90,50.30382687736494,14.30382687736494,4.0052649395524895,-132.05340245517482
51,71,91,49.73367292457124,6.733672924571238,-5.663657609560232,-170.97276546362036
52,72,92,46.27565460647469,10.275654606474632,1.3633870297821886,-148.9858224046361
53,73,93,52.91072745748204,10.91072745748204,-1.6818841204324144,-174.82325989367405
54,74,94,46.69107729738897,13.691077297389029,5.92583454074736,-162.98103649436916
55,75,95,38.37099882024245,9.370998820242448,2.9040734301489692,-169.69272024490942
56,76,96,36.02083487774695,12.02083487774695,7.696666581258455,-106.702129233101
57,77,97,40.5185947117638,20.38662178085309,20.391956168860588,-62.418712021055285
58,78,98,38.932164153309714,10.932164153309714,4.921216572253002,-71.63866370058554
59,79,99,36.709339001350315,10.709339001350315,6.689163646571274,-73.2375906663051
60,80,100,35.68838259478537,12.688382594785367,9.901801205913785,-95.99462390271447
61,81,101,42.35866623650492,22.35866623650486,22.798551209364064,-84.83632606106585
62,82,102,35.825779143746445,16.825779143746388,19.66997776024425,-48.72694050287623
63,83,103,34.89912098208737,11.899120982087311,12.231701905735463,-67.0282298981881
64,84,104,44.369922561061856,25.3699225610618,24.92137930957813,-26.671541822067297
65,85,105,55.007833905406414,39.007833905406414,38.70890826292788,-63.45481037311913
66,86,106,59.944694458358356,40.944694458358356,39.45643043603485,-79.52697270285694
67,87,107,67.0668584035692,44.0668584035692,37.81454111189788,-102.7236306636388
68,88,108,69.37545128859006,52.37545128859006,50.843198768980585,-60.192413945776025
69,89,109,77.56910917120126,55.56910917120126,51.24373000451561,-90.89429349629711
70,90,110,104.39406465120152,65.39406465120157,53.60200403584446,-153.18089586551548
71,91,111,93.31058396310613,59.31058396310618,50.70090147940766,-163.91891676853163
72,92,112,93.16404633798408,55.16404633798402,47.73025566705854,-131.73346405734355
73,93,113,83.56367253026565,52.563672530265535,43.044554689920574,-94.83358668292874
74,94,114,62.26807812430809,36.26807812430803,31.64132473482556,-112.50056346198903
75,95,115,61.63656352711695,30.63656352711689,23.173905863469486,-123.96876160941781
76,96,116,57.3800634956354,28.380063495635454,28.194410369923503,-90.45473969709064
77,97,117,59.55213051189213,32.420157580981424,33.08461660235861,-50.350672974717895
78,98,118,46.15029917396521,21.150299173965095,17.02141192125964,-64.41922009083294
79,99,119,35.390423302144654,12.390423302144654,12.214077428679502,-66.83214756972507
80,100,120,25.666415226257186,7.666415226257186,7.369164521270704,-58.81013375038356
81,101,121,29.031984810767426,11.031984810767426,10.388160515500886,-56.21347999595923
82,102,122,34.898001153967584,15.898001153967584,15.62303745794577,-41.698307418568106
83,103,123,41.31742128721788,21.31742128721794,18.98471753783747,-83.74540634412745
84,104,124,47.432235001866786,30.432235001866786,29.59312966281732,-67.31613124928128
85,105,125,39.28610872371229,19.28610872371229,17.29997856461182,-90.51478444795407
86,106,126,39.63779127911897,19.63779127911903,17.998234710298334,-116.44130218075156
87,107,127,46.78450392207333,26.784503922073384,24.105226582412797,-82.86439434047702
88,108,128,50.82987379687887,31.82987379687887,27.12436883388864,-93.9815840647259
89,109,129,58.38977246035489,40.38977246035489,34.78272155077093,-91.10584523346847
90,110,130,109.12031463191659,74.12031463191659,56.66546536993826,-159.68935229906833
91,111,131,103.85550623433312,65.85550623433312,52.92156660373411,-97.58674879593377
92,112,132,86.78985307345158,44.789853073451525,33.21498986698191,-95.63432207787741
93,113,133,61.93851255544371,28.938512555443708,19.199473941477038,-98.91428614838333
94,114,134,58.21326371263126,33.21326371263126,27.004934918245795,-75.37345535267116
95,115,135,61.668904124545236,34.66890412454518,29.010101297866527,-71.91958628898874
96,116,136,54.851191514062066,24.851191514062066,26.75467173553068,-93.84041583987766
97,117,137,52.455991237627984,20.45599123762804,19.01630164874905,-114.47500033996107
98,118,138,55.65449073888959,29.654490738889535,25.02773734940706,-109.70195548562538
99,119,139,61.64599771235203,35.64599771235203,33.10313209102168,-123.5094646964368
100,120,140,71.76826940301055,44.76826940301055,38.98110925550759,-129.33741451431933
101,121,141,65.7735497681071,46.7735497681071,40.55598007414295,-104.91714550868153
102,122,142,67.71289485112891,42.71289485112891,34.07855092478371,-122.24684166777365
103,123,143,71.94463190283886,47.944631902838864,39.46158052299069,-113.527593043661
104,124,144,75.24137184970476,49.24137184970476,40.10916178658255,-118.74309583554793
105,125,145,67.73373687557438,40.73373687557438,33.502438355864115,-107.5355596778735
106,126,146,42.779400527497444,23.779400527497444,22.153222647552298,-49.59017232698284
107,127,147,36.534093159454756,22.534093159454756,20.572225240443174,-46.658315467034754
108,128,148,35.96110262066151,24.961102620661507,21.470455258639277,-31.321172223277756
109,129,149,34.88540334230919,20.017712041239292,17.351005973601787,-45.92804197703424
110,130,150,40.79494664609075,27.79494664609075,23.05555481938967,-43.35069691492953
111,131,151,37.87730861961893,28.87730861961893,27.262324643033082,16.869153002999667
112,132,152,36.83254840804716,26.83254840804716,25.167243068898415,2.6195079257468024
113,133,153,47.78797232969043,37.19235751069698,34.79100382138381,-36.11293081679764
114,134,154,28.176102686254126,23.84665688894063,24.085926430009522,3.2116479750979465
115,135,155,32.50665207500771,18.506652075007707,17.02824978240176,-15.658953051812091
116,136,156,43.508487479340374,26.184785163939978,24.832844050967424,-17.65733798310987
117,137,157,42.01126651220676,26.01126651220676,20.835655704959436,-33.57475730473101
118,138,158,49.49566621700137,29.49566621700137,23.21463735035684,-54.578302428743086
119,139,159,74.91712222887878,46.91712222887878,34.11387318340081,-80.85430313416327
120,140,160,79.0850545978713,49.085054597871306,39.51382338896599,-71.22796382463684
121,141,161,83.25263020456094,57.252630204560944,45.764882865111076,-99.04225125761013
122,142,162,92.73738004853487,64.73738004853487,51.063883294577295,-95.28853304469703
123,143,163,77.87289946102953,49.87289946102953,36.837437005775826,-77.11178878385772
124,144,164,67.65022052366538,42.65022052366538,29.000571940828877,-84.12298112781536
125,145,165,67.4009434786077,43.4009434786077,34.28927078209779,-59.254518934725525
126,146,166,47.74032797346291,26.74032797346291,24.035124129229814,-23.581639214040365
127,147,167,40.95231427978524,21.95231427978524,16.114821315768836,-37.9700470064912
128,148,168,35.58150298096746,18.581502980967457,18.010267572289877,-15.140225785295456
129,149,169,35.885599079570454,17.0179077785005,13.854896960332837,-46.77169874547292
130,150,170,38.68199528996479,24.68199528996479,19.098163736206743,-51.262058441986824
131,151,171,35.7166151450549,21.716615145054902,15.903790536690167,-22.467541649024156
132,152,172,43.04415588800123,31.044155888001228,27.066990360934767,-16.18987200646228
133,153,173,41.75362525816632,27.15801043917287,22.072045022191787,-28.78274106612548
134,154,174,39.36353190030485,27.122997431446663,26.517827245458534,-9.602472766697531
135,155,175,32.529591911311286,15.529591911311286,16.29963946118022,-9.86069731049156
136,156,176,33.30837312135088,16.984670805950486,15.429251297572932,-20.45152704110626
137,157,177,38.762519767176684,20.762519767176684,17.17246075332463,-30.374711203053607
138,158,178,36.702668901783,13.702668901783,12.179251438075994,-24.248076058452625
139,159,179,40.796195897573625,13.796195897573625,10.913839372168468,-88.21252638243254
140,160,180,37.93602960853923,13.93602960853923,12.334355166637692,-65.7883455682163
141,161,181,35.45015099919863,9.450150999198627,6.020462695198262,-84.1807566995542
142,162,182,47.15178776911716,15.151787769117163,6.498116788132791,-143.1227718139213
143,163,183,49.56744982795033,18.567449827950327,10.417922699909525,-117.45411049412257
144,164,184,49.48824964260655,22.488249642606547,15.977335755227102,-132.71349024194092
145,165,185,42.38287177083748,14.382871770837482,7.374091746681074,-115.4689341550561
146,166,186,21.36967040097852,-3.6303295990214792,-5.759887698629484,-63.64560062364433
147,167,187,22.490668929557387,0.49066892955738695,2.30667595820546,-31.17222403295125
148,168,188,25.204243123481433,-1.795756876518567,-1.2684339911868392,-45.15001826297316
149,169,189,36.98924772662326,5.989247726623262,3.1781448867429845,-142.96212927968065
150,170,190,52.33051240206214,20.33051240206214,13.40970937247755,-136.84206699498134
151,171,191,37.82637303075671,3.826373030756713,-3.626008146428603,-137.6527138982043
152,172,192,50.19830475619028,24.198304756190282,20.2646985472677,-111.23689168740361
153,173,193,39.947189237955,7.947189237955001,7.648235772017301,-51.239859441481485
154,174,194,36.70514706020498,12.79405838866029,12.648100230170712,-89.69369148923977
155,175,195,32.76388085586228,4.76388085586234,1.309539374372548,-77.86012925374166
156,176,196,35.92264399757062,-1.077356002429383,-7.9086875835635055,-205.93932237648187
157,177,197,30.84437968622774,-5.1556203137722605,-11.295299168225029,-195.68808828845818
158,178,198,17.083876180762275,-17.916123819237725,-19.027650356932668,-162.02515868706882
159,179,199,28.81362531793809,-9.186374682061853,-12.000081267534483,-169.73100955758696
160,180,200,23.67763608475019,-9.32236391524981,-12.928723588531625,-151.03221486246957
161,181,201,12.710415031953517,-22.289584968046483,-24.30831746828028,-135.60712457110185
162,182,202,15.809223826352309,-7.190776173647691,-5.471900888879645,-117.22507359794179
163,183,203,22.280086710050057,-1.7199132899499432,-1.5386249127986957,-90.37773407249006
164,184,204,20.513043598087847,0.5130435980878474,3.0323701126269498,-82.68463160247234
165,185,205,28.343910765452392,1.3439107654523923,2.2839997831689516,-83.05406316457606
166,186,206,25.343760567997663,6.343760567997663,8.321232448473893,-15.540910276125373
167,187,207,29.061480892210398,12.061480892210398,17.059965785303348,2.8920347574685366
168,188,208,30.68609309652163,8.686093096521631,7.437098615266962,-42.80761886372886
169,189,209,46.10283822838869,15.102838228388691,9.026474925861066,-137.74083386475195
