Left,Mid,Right,Loss,Loss_left,Loss_right,gain,glasso
0,20,40,1343.4015487440681,982.2362091984528,974.6135385386506,-613.4481989930352,7.544475630671059
1,21,41,1347.016693682861,980.8756377013217,982.3431907905613,-616.202134809022,10.89246813101579
2,22,42,1348.068313661407,990.7307031622651,976.3335603733551,-618.9959498742132,6.896741680449736
3,23,43,1347.5036006285295,990.192144594344,975.9980536360241,-618.6865976018385,7.871436187852055
4,24,44,1350.2599633979937,992.2952003862055,974.7016034105798,-616.7368403987914,8.252929542877041
5,25,45,1352.1522781974113,992.4406972947166,977.8635175036434,-618.1519366009488,7.943908149508616
6,26,46,1350.7595527768822,1005.3771467654082,965.8735931299128,-620.4911871184388,-0.5304286720835307
7,27,47,1344.4383735712388,993.3246153705395,972.9099472810276,-621.7961890803283,0.6132631807361122
8,28,48,1347.980470995647,996.953347550011,971.1899419878721,-620.162818542236,-0.23603151402937783
9,29,49,1352.2348325895587,1002.2371476622492,969.062766206921,-619.0650812796116,1.3976420354048287
10,30,50,1353.6916843764943,1003.1254336583647,968.0639743835917,-617.4977236654622,1.5956231050868155
11,31,51,1353.6247168301788,999.2192872509163,970.1007106489844,-615.6952810697219,2.5748318295730996
12,32,52,1345.810756394092,998.7768063403753,972.0206076304187,-624.9866575767019,1.5907629832980774
13,33,53,1343.0814415617815,994.5057842953013,978.2062782575829,-629.6306209911027,1.3246980263380692
14,34,54,1341.0520521004712,987.8606079752859,981.7648746440187,-628.5734305188334,1.4982792577334294
15,35,55,1356.0023043294516,979.1252111677659,1003.3765942423033,-626.4995010806176,-2.483146365257653
16,36,56,1344.7167793425615,976.0109346899524,996.8290753228885,-628.1232306702793,-2.893928945976313
17,37,57,1348.5830302473987,978.7189344820765,998.1792327386325,-628.3151369733105,-1.9641990227399901
18,38,58,1366.785904146432,976.4678624010221,1012.8538322638494,-622.5357905184396,2.1120974444986587
19,39,59,1370.397048619276,976.2976829275398,1008.7682144868438,-614.6688487951076,7.738150538163495
20,40,60,1366.5089976868194,974.6135385386506,1003.7397335553283,-611.8442744071594,7.793832938661922
21,41,61,1372.1977827757041,982.3431907905613,999.2783454405317,-609.4237534553888,12.730674870582334
22,42,62,1370.490952464328,976.3335603733551,997.6450161932103,-603.4876241022373,15.030185809658292
23,43,63,1371.9335656987278,975.9980536360241,989.5409265202147,-593.605414457511,19.868645242737216
24,44,64,1369.9210162083423,974.7016034105798,988.9978958460763,-593.7784830483138,21.10311940612587
25,45,65,1369.5578178998308,977.8635175036434,991.9021543364054,-600.207853940218,17.855022150747118
26,46,66,1362.37131689535,965.8735931299128,1002.952297733628,-606.4545739681907,6.558985325815115
27,47,67,1373.2610850040132,972.9099472810276,1009.1872769943122,-608.8361392713266,7.837109306590264
28,48,68,1374.165525074241,971.1899419878721,1008.8759892696437,-605.9004061832748,7.96555644078785
29,49,69,1367.3852323174426,969.062766206921,1007.4601464632692,-609.1376803527476,7.188268818854908
30,50,70,1377.9750681429864,968.0639743835917,1014.4359160935549,-604.52482233416,6.935567957853209
31,51,71,1377.0445070214637,970.1007106489844,1013.2407860974531,-606.2969897249739,7.399746738079216
32,52,72,1380.2489975004241,972.0206076304187,1012.689350873552,-604.4609610035466,8.004822697653594
33,53,73,1381.9124393705808,978.2062782575829,1005.9800373811141,-602.2738762681163,6.1683132166094765
34,54,74,1374.044924799195,981.7648746440187,997.32699049723,-605.0469403420536,4.5084280939097425
35,55,75,1387.440622535994,1003.3765942423033,991.308252290256,-607.2442239965653,4.06268549988647
36,56,76,1382.6435890146256,996.8290753228885,987.5989171115237,-601.7844034197867,6.688177881623801
37,57,77,1387.3058265221425,998.1792327386325,988.7480235840883,-599.6214298005784,6.874759369451681
38,58,78,1389.4118790005314,1012.8538322638494,967.5684818404693,-591.0104351037874,10.637433723975619
39,59,79,1374.961734384691,1008.7682144868438,963.8132804332351,-597.619760535388,7.382486012144
40,60,80,1377.3844578498438,1003.7397335553283,970.6445934450671,-596.9998691505516,9.046097385115218
41,61,81,1370.6501744560574,999.2783454405317,972.3722466644238,-601.0004176488981,10.475914390870116
42,62,82,1370.2409518332738,997.6450161932103,974.1179115147099,-601.5219758746464,9.06331158588739
43,63,83,1363.1901604617847,989.5409265202147,967.985574022493,-594.336340080923,11.276616505817856
44,64,84,1370.6689089966142,988.9978958460763,967.8446173331101,-586.1736041825723,18.82350818551845
45,65,85,1371.80765906146,991.9021543364054,972.9304377827368,-593.0249330576821,15.67685547681549
46,66,86,1371.7345486715453,1002.952297733628,971.5990927312002,-602.816841793283,10.607794179636926
47,67,87,1368.366315442177,1009.1872769943122,961.2278007555461,-602.0487623076815,10.03888369160154
48,68,88,1372.7112455656506,1008.8759892696437,971.2742782893015,-607.4390219932945,8.766348645280573
49,69,89,1374.0473107706503,1007.4601464632692,976.8959918386913,-610.3088275313103,9.644491307633643
50,70,90,1373.1356633814928,1014.4359160935549,974.0869851995899,-615.3872379116519,6.710389513300811
51,71,91,1376.6783719690106,1013.2407860974531,980.030530130704,-616.5929442591464,5.4388021414512195
52,72,92,1386.8664546046157,1012.689350873552,988.523104136571,-614.3460004055073,9.155249220337396
53,73,93,1387.940665281143,1005.9800373811141,992.2396337431044,-610.2790058430755,11.48913969284638
54,74,94,1377.5958622991943,997.32699049723,994.0931172012151,-613.8242453992507,8.878179178142545
55,75,95,1359.0016010450108,991.308252290256,985.1505924477707,-617.4572436930157,7.943450211892241
56,76,96,1363.2062117151468,987.5989171115237,996.6206778815554,-621.0133832779325,8.937910288680428
57,77,97,1358.9193316765245,988.7480235840883,993.2126895107713,-623.041381418335,8.652807776276518
58,78,98,1342.9948342783503,967.5684818404693,991.4177680483242,-615.9914156104433,9.259727156790973
59,79,99,1349.028509798105,963.8132804332351,1000.7958157168464,-615.5805863519765,10.633680460452979
60,80,100,1354.1435210601644,970.6445934450671,1002.9232322217389,-619.4243046066417,10.630914218038697
61,81,101,1354.2817447491452,972.3722466644238,1002.817551852804,-620.9080537680825,11.258697824145884
62,82,102,1352.9937766304638,974.1179115147099,1000.282016719631,-621.4061516038771,10.7005951740083
63,83,103,1359.5913203101818,967.985574022493,1006.9276871108805,-615.3219408231917,11.896341573325344
64,84,104,1357.4471033383538,967.8446173331101,1007.9593058832854,-618.3568198780417,11.764884939082776
65,85,105,1364.6990267367014,972.9304377827368,1009.3109432468581,-617.5423542928934,12.877612730864598
66,86,106,1370.0794035860274,971.5990927312002,1014.4906763284912,-616.010365473664,15.147586420780954
67,87,107,1362.5058404945498,961.2278007555461,1008.6134777670658,-607.3354380280621,16.600635168943086
68,88,108,1363.7179699891547,971.2742782893015,1001.4261511790663,-608.9824594792133,17.628364153723282
69,89,109,1366.6537624098166,976.8959918386913,994.3931499679533,-604.6353793968281,20.638677663446742
70,90,110,1358.538082818437,974.0869851995899,992.5259437058664,-608.0748460870193,18.983904749225303
71,91,111,1356.8052137860066,980.030530130704,990.5527628411448,-613.7780791858424,15.272514579049357
72,92,112,1355.496709035617,988.523104136571,976.4650707793608,-609.4914658803148,14.155454613087045
73,93,113,1353.1997144395868,992.2396337431044,970.3229448005177,-609.3628641040352,12.616419892551448
74,94,114,1357.3707463715568,994.0931172012151,977.6738918681453,-614.3962626978036,12.231438754061855
75,95,115,1350.262249473134,985.1505924477707,978.9600900921633,-613.8484330668,9.010617118799814
76,96,116,1350.9471431204458,996.6206778815554,978.8910538920104,-624.5645886531199,5.425421155793856
77,97,117,1358.423918659219,993.2126895107713,995.082755352113,-629.8715262036653,6.526291700631987
78,98,118,1362.648184175398,991.4177680483242,999.3953107918876,-628.1648946648138,7.870982996221528
79,99,119,1364.3721423868283,1000.7958157168464,994.6665051273567,-631.0901784573748,4.276070812002899
80,100,120,1359.4283249198097,1002.9232322217389,985.0462095515672,-628.5411168534965,6.844755438250786
81,101,121,1360.6847363645059,1002.817551852804,993.6624019007994,-635.7952173890974,6.1270086783938496
82,102,122,1354.4634735469383,1000.282016719631,989.3372903130031,-635.1558334856957,6.347260325483489
83,103,123,1355.4821265347887,1006.9276871108805,976.7012907857649,-628.1468513618565,8.687848754557649
84,104,124,1356.198347761645,1007.9593058832854,973.7930607873053,-625.5540189089456,4.982719453625577
85,105,125,1353.3956460511354,1009.3109432468581,972.0643017364341,-627.9795989321569,3.9410292818970447
86,106,126,1357.065933617906,1014.4906763284912,968.1607461123585,-625.5854888229437,6.690292654496375
87,107,127,1362.774476164927,1008.6134777670658,981.0821874426248,-626.9211890447637,7.877755887103945
88,108,128,1349.844102214916,1001.4261511790663,981.2731434836346,-632.8551924477852,37.83422754373396
89,109,129,1359.8930033163167,994.3931499679533,983.6425473420741,-618.1426939937107,14.95494182169557
90,110,130,1364.982709624232,992.5259437058664,989.4979519439125,-617.041186025547,13.973359525617298
91,111,131,1368.3966150410597,990.5527628411448,999.1460198028788,-621.3021676029639,12.96517527134506
92,112,132,1352.9343737852678,976.4650707793608,994.8542360575532,-618.3849330516462,8.964846118733249
93,113,133,1354.1233811653374,970.3229448005177,994.7011686587485,-610.9007322939287,12.223122162946993
94,114,134,1368.207078096012,977.6738918681453,1002.6994582492844,-612.1662720214176,17.206184621539933
95,115,135,1371.655371156801,978.9600900921633,1008.0163914310056,-615.3211103663677,14.046726906978279
96,116,136,1370.3079837306045,978.8910538920104,1011.3318800145477,-619.9149501759534,12.092200694956773
97,117,137,1372.5123367696806,995.082755352113,1005.6697743021721,-628.2401928846045,9.704286666223197
98,118,138,1372.945908361657,999.3953107918876,1002.8233842198277,-629.2727866500582,8.207428232279426
99,119,139,1366.8479784197807,994.6665051273567,1006.8835952586326,-634.7021219662086,2.2707862271961403
100,120,140,1362.4247968799734,985.0462095515672,1006.3399315541606,-628.9613442257544,4.098075743613663
101,121,141,1361.4237693129476,993.6624019007994,1004.5911560873996,-636.8297886752514,1.8759216436659472
102,122,142,1364.437491858334,989.3372903130031,1009.6473791534975,-634.5471776081667,3.6273646195352285
103,123,143,1355.5691605652091,976.7012907857649,1013.6077020825159,-634.7398323030716,3.010874564118467
104,124,144,1350.2408469028246,973.7930607873053,1015.0385326395958,-638.5907465240766,-0.039423998190727616
105,125,145,1371.2761002424327,972.0643017364341,1034.1210419665458,-634.9092434605473,3.02094202905414
106,126,146,1367.687842825997,968.1607461123585,1032.8725582572392,-633.3454615436008,3.188655964581585
107,127,147,1382.8597825816344,981.0821874426248,1028.0169397319114,-626.2393445929017,7.484395773177084
108,128,148,1388.6550157476174,981.2731434836346,1021.2035074636244,-613.8216351996416,-18.563292670685314
109,129,149,1384.471469500084,983.6425473420741,1022.2784238221991,-621.4495016641893,6.054552945651949
110,130,150,1384.0715331217023,989.4979519439125,1017.9074992667536,-623.3339180889639,6.409229947026802
111,131,151,1391.923217544595,999.1460198028788,1014.2765086372227,-621.4993108955064,7.42323091565936
112,132,152,1392.4580172301885,994.8542360575532,1014.5560572134889,-616.9522760408536,7.470341562487533
113,133,153,1392.7323687244254,994.7011686587485,1007.3249363603225,-609.2937362946457,9.79466810368615
114,134,154,1395.770538496084,1002.6994582492844,985.2261257657437,-592.155045518944,16.933755833423334
115,135,155,1403.7260081219747,1008.0163914310056,991.6460582158098,-595.9364415248406,14.307300128145357
116,136,156,1410.921075487368,1011.3318800145477,987.613184517142,-588.0239890443218,17.342966666601228
117,137,157,1404.8169563277595,1005.6697743021721,986.5206876451734,-587.373505619586,14.65561290880055
118,138,158,1393.8103757126723,1002.8233842198277,986.5832370196053,-595.5962455267609,11.626165570489093
119,139,159,1404.0410970636935,1006.8835952586326,983.3176005783981,-586.1600987733373,12.819337199161623
120,140,160,1400.875025535906,1006.3399315541606,985.1116171931513,-590.5765232114059,11.39710844453407
121,141,161,1395.193787592253,1004.5911560873996,986.4691811557958,-595.8665496509423,9.168588772374733
122,142,162,1391.0053551341548,1009.6473791534975,980.4588828891582,-599.1009069085007,9.210689097135287
123,143,163,1398.2965249547806,1013.6077020825159,983.3528394708152,-598.6640165985505,9.749494937791724
124,144,164,1394.860630786828,1015.0385326395958,981.5485467627005,-601.7264486154681,7.843476139259565
125,145,165,1407.0381839169695,1034.1210419665458,984.8269498503646,-611.9098078999409,11.209429709850383
126,146,166,1409.6727083573064,1032.8725582572392,984.4570741067574,-607.6569240066901,11.726675932310968
127,147,167,1385.0595952124538,1028.0169397319114,974.9902018574985,-617.9475463769561,7.693158646939878
128,148,168,1383.4804651278978,1021.2035074636244,984.5031360172161,-622.2261783529427,6.706498178699235
129,149,169,1381.283166955574,1022.2784238221991,985.4180238318844,-626.4132806985094,5.374837907847336
130,150,170,1386.4307781224993,1017.9074992667536,997.6955548927258,-629.1722760369801,5.048064861116586
131,151,171,1378.7065227333333,1014.2765086372227,994.4762094325284,-630.0461953364179,4.854727358605942
132,152,172,1382.089590395347,1014.5560572134889,1001.4983158127282,-633.9647826308701,3.426989988969808
133,153,173,1371.9656144055152,1007.3249363603225,1000.0643261799739,-635.4236481347812,2.993574446734897
134,154,174,1351.000177734039,985.2261257657437,995.3711546953109,-629.5971027270157,2.1791986493584545
135,155,175,1344.4344020675999,991.6460582158098,986.2439229464417,-633.4555790946515,2.5604955186513507
136,156,176,1341.3710002489875,987.613184517142,986.7079082573755,-632.9500925255302,1.603857865514783
137,157,177,1341.672513062505,986.5206876451734,987.6305562252787,-632.4787308079472,1.7762262284456938
138,158,178,1342.9888572095786,986.5832370196053,985.1563359766483,-628.7507157866751,0.8258175896924058
139,159,179,1338.0914376662008,983.3176005783981,986.481632548278,-631.7077954604752,0.8063977613380757
140,160,180,1336.715375754638,985.1116171931513,988.1202277501116,-636.5164691886248,0.9727941986435553
141,161,181,1337.1081150022915,986.4691811557958,980.9794813556399,-630.3405475091442,2.931670794970273
142,162,182,1332.8287605991977,980.4588828891582,982.8558950813333,-630.4860173712937,2.9537541855917198
143,163,183,1334.9380317692485,983.3528394708152,976.4488332897065,-624.8636409912733,4.898997728405448
144,164,184,1345.5926192252132,981.5485467627005,997.4292858748258,-633.3852134123131,3.9099393289709496
145,165,185,1342.9351440544165,984.8269498503646,988.281477693648,-630.1732834895961,6.657667253862087
146,166,186,1350.4285421231934,984.4570741067574,995.6947805736189,-629.7233125571829,7.203403845823459
147,167,187,1354.3749957190064,974.9902018574985,1001.1067319725464,-621.7219381110385,7.538304130114398
148,168,188,1360.8631925355899,984.5031360172161,998.0955410818901,-621.7354845635164,8.933328863864517
149,169,189,1355.3278028112609,985.4180238318844,996.1464307299641,-626.2366517505875,6.994988411682925
150,170,190,1361.139355429706,997.6955548927258,997.287143911218,-633.8433433742377,4.803892476346164
151,171,191,1363.2478092380059,994.4762094325284,994.6567436494945,-625.8851438440172,7.442780517160145
152,172,192,1382.1555706069237,1001.4983158127282,1008.2641832067324,-627.6069284125367,11.100703432422733
153,173,193,1381.3699307384884,1000.0643261799739,1008.179341457563,-626.8737368990485,11.277586645796191
154,174,194,1378.6722319024038,995.3711546953109,1008.2327384802777,-624.9316612731848,12.198738449116036
155,175,195,1374.8053500797246,986.2439229464417,1010.6642737865977,-622.1028466533148,10.977832413017609
156,176,196,1380.2314071754713,986.7079082573755,1016.2115700323438,-622.688071114248,11.232596277430048
157,177,197,1387.1246479174208,987.6305562252787,1019.6939473554435,-620.1998556633014,13.85373265532985
158,178,198,1389.706549308087,985.1563359766483,1023.4107239549248,-618.8605106234861,12.887847042679596
159,179,199,1393.6687322561882,986.481632548278,1025.6030916806362,-618.415991972726,16.985311309853955
160,180,200,1392.2225316637014,988.1202277501116,1024.3980274443131,-620.2957235307233,17.965179107109066
161,181,201,1390.4155471404029,980.9794813556399,1025.399201596137,-615.9631358113738,18.526231820807197
162,182,202,1393.1126121407815,982.8558950813333,1028.4108103901917,-618.1540933307435,19.302217771905816
163,183,203,1390.4486487067747,976.4488332897065,1025.854054113658,-611.8542386965898,19.45013941856496
164,184,204,1391.6967867781154,997.4292858748258,1019.7735782043203,-625.5060773010307,15.447495167407055
165,185,205,1388.2254067702393,988.281477693648,1019.4720879408819,-619.5281588642906,17.984400040117748
166,186,206,1387.7428006185464,995.6947805736189,1010.032843890107,-617.9848238451796,18.17300557128965
167,187,207,1392.1166822835617,1001.1067319725464,1009.4175529416572,-618.407602630642,17.1600373265602
168,188,208,1380.9858584586345,998.0955410818901,999.6379552854589,-616.7476379087145,17.278298860403083
169,189,209,1377.8633835742507,996.1464307299641,998.1022345760746,-616.3852817317879,16.247730134934955
