Left,Mid,Right,Loss_likeli,Loss_AIC,Loss_BIC,Loss_eBIC
0,20,40,35.12372381233399,19.123723812333992,17.85994185128834,-11.587815930805277
1,21,41,26.730288875990595,6.9350785186444455,8.188510771241681,-26.086476876233064
2,22,42,32.96474792254139,22.96474792254139,21.45182245757121,-27.759515120393417
3,23,43,23.66987753619503,14.669877536195031,15.076754228734785,-25.760498123116804
4,24,44,23.21014563355544,16.24041393706875,19.700945477648588,-12.652815203180808
5,25,45,44.94939710671372,26.6467088301643,21.951305500749186,-62.49634065183193
6,26,46,44.877209291010104,28.877209291010104,25.445607691000305,-63.02757800312327
7,27,47,39.2673918239916,24.267391823991602,20.611709265416323,-50.02944801302169
8,28,48,49.606593699140774,37.606593699140774,35.44450955089661,-25.981554240270043
9,29,49,39.258451457610875,27.258451457610818,25.096367309366656,-36.24435407929718
10,30,50,37.95269108785726,33.95269108785726,37.557031748113445,-12.77766763155796
11,31,51,41.71012873845518,33.71012873845518,36.438455134739115,-10.87398232242765
12,32,52,47.03694839815455,39.03694839815455,39.212902387298186,-8.236707897954375
13,33,53,37.95159664030575,21.884648254591866,21.75801715074158,-31.62170901735874
14,34,54,35.99629946724656,18.99629946724656,19.900037869211587,-39.111628243314044
15,35,55,38.749225147786774,21.649315601733406,22.017707631139615,-29.21913106751515
16,36,56,50.496966028237125,32.69012734205609,31.977653106856906,-25.893069939755605
17,37,57,46.07135497557255,30.586388174423064,27.081998162344917,-50.90451571057588
18,38,58,59.44494062023534,34.44494062023534,29.1333709399305,-71.87911689141856
19,39,59,58.9031583541003,36.9031583541003,33.552941918488614,-51.75024541391349
20,40,60,58.47405638635644,37.47405638635644,35.800385283105584,-61.723982945020225
21,41,61,41.60832952010941,18.60832952010935,13.345513497319757,-36.922399032910334
22,42,62,40.27065742426055,23.27065742426055,18.96581618241123,-64.12581621280083
23,43,63,38.3748388124169,23.374838812416897,19.872577678966877,-33.40756169441022
24,44,64,36.90260751530241,22.932875818815774,21.41995035384548,-33.08386948491648
25,45,65,35.99698706982974,19.694298793280325,15.648054147139192,-43.383360596228044
26,46,66,35.43537056381223,20.435370563812228,16.847399040378946,-38.2393978384456
27,47,67,31.775038254061258,19.775038254061315,16.329203574555663,-48.97627486129625
28,48,68,49.28053858372118,40.546225063468626,38.29031947952518,10.815567185068915
29,49,69,29.43736260998878,20.43736260998878,14.599056107021283,-37.56608714786887
30,50,70,26.929749553147758,18.55600788386971,14.919652379933723,-36.0081484221181
31,51,71,42.707316716529135,28.401668619622228,19.630858819298965,-53.939382784651684
32,52,72,42.42322184826617,27.423221848266166,20.505141023465285,-54.498380807707235
33,53,73,49.60725230704372,31.607252307043723,23.408911242390104,-63.364879381192054
34,54,74,52.89467667880814,34.89467667880808,23.997317728690177,-71.40373169278212
35,55,75,70.19168440059843,45.091774854545065,35.368376284541,-94.08239083896103
36,56,76,66.8095035129599,41.52227524001751,35.225988967095304,-73.61232724609374
37,57,77,70.6009760093254,44.600976009325336,32.90599089602938,-104.57479103891626
38,58,78,97.78196534938456,60.790996723032265,46.33744918450384,-113.43263877463892
39,59,79,95.0641572348568,58.06415723485679,46.70046387101695,-113.15123309119645
40,60,80,118.68300258121747,73.68300258121747,53.358467967932484,-200.39552851063831
41,61,81,99.52477585165838,54.524775851658376,33.50709405781345,-183.68184524008848
42,62,82,104.84733716148116,59.847337161481164,39.52280254819618,-203.16949245500678
43,63,83,130.16168779602674,83.16168779602674,64.26743604114756,-235.9581517806406
44,64,84,104.65779383413428,60.65779383413428,42.2174197187461,-217.02462566854433
45,65,85,91.34087134061446,45.3408713406144,25.558191361392346,-198.1255421239115
46,66,86,77.84054062077655,36.84054062077655,19.547191325439485,-190.77155339254057
47,67,87,84.38138493336692,44.38138493336692,29.716355306553396,-166.602173972743
48,68,88,85.67544783659599,51.94113431634344,42.355046613730224,-141.44321047506423
49,69,89,51.94608003682356,27.338694073501074,12.716624344978527,-77.73442056731335
50,70,90,44.45524093615626,18.189121509384677,20.22706131752659,-54.290558167386166
51,71,91,49.59368178746354,19.593681787463424,9.807812658947,-92.6180593640288
52,72,92,47.16107557887881,19.16107557887881,12.372269789619281,-59.52037881834849
53,73,93,52.8751712247643,26.875171224764244,17.74296116164203,-97.56438437453176
54,74,94,52.845934177015295,27.84593417701535,20.25131102150999,-103.04519444109508
55,75,95,44.43372858044927,20.43372858044927,13.668709528849831,-68.86635722031474
56,76,96,46.248738458554726,22.248738458554726,17.429930443332523,-55.2145185362956
57,77,97,53.754710691069874,16.75471069106993,7.691150567880413,-174.49378914902616
58,78,98,60.843605959559795,19.852637333207554,12.877435481066186,-208.14149097033362
59,79,99,40.799600220363345,-2.200399779636541,-8.244018799591345,-191.03260116071726
60,80,100,46.28530052992312,4.28530052992312,-6.574443096591494,-209.67673146993673
61,81,101,28.991769597463417,-2.008230402536583,-4.618857802264415,-227.41008768235315
62,82,102,24.85868573845198,-5.141314261548018,-7.947222705058834,-180.56162106006923
63,83,103,39.46553970163194,12.465539701631883,11.846376849012017,-194.09721562567734
64,84,104,29.001502263657244,3.0015022636573576,2.5336319575344532,-212.48047360013572
65,85,105,25.208495442677417,-1.7915045573224688,-3.103814590502452,-201.11497708580418
66,86,106,37.431355761560894,5.431355761560894,-0.7963000874636919,-174.84983815197506
67,87,107,29.780854880830134,2.780854880830134,-0.26432310374957524,-164.5066553874035
68,88,108,28.138262236045932,5.138262236045875,4.431122388854192,-121.43509976180735
69,89,109,19.98931684088666,-1.0106831591133414,-2.454958684150938,-67.26124923414693
70,90,110,35.311352383745714,8.311352383745657,11.716259498368458,-82.07736747452327
71,91,111,45.879105675681956,8.879105675681899,-0.8776016280675094,-112.71449177018462
72,92,112,44.410426295836544,11.4104262958366,6.418058453549179,-109.2667249977842
73,93,113,47.11935583999957,11.119355839999571,2.900235443867018,-136.67423389965222
74,94,114,52.0550348058062,19.0550348058062,13.715807181124546,-168.63211848742492
75,95,115,42.576769693093865,6.5767696930938655,-2.3354978835986913,-126.58295608512685
76,96,116,44.614891747411264,5.614891747411093,-4.444400649332238,-124.55838756585138
77,97,117,62.875258117296994,13.875258117296994,-0.4695484666565335,-245.08165352350102
78,98,118,65.15122354749337,13.151223547493316,-3.0337550370711597,-247.43048424867675
79,99,119,60.22754592401628,10.227545924016226,-5.308273977274212,-203.73372986697166
80,100,120,50.51549511251534,11.515495112515282,0.4164819449318884,-157.88599738532753
81,101,121,46.214271994208616,15.214271994208673,8.098187920841156,-183.7642596135023
82,102,122,36.48757078559157,12.487570785591572,7.816828898823019,-78.18068315011271
83,103,123,25.944730440342028,8.944730440342028,6.719330740172609,-50.056953178295544
84,104,124,29.26832227300929,7.268322273009289,2.900165479234886,-85.65633776717948
85,105,125,25.650011500685082,3.650011500685082,0.3215754777505708,-112.88547725180354
86,106,126,21.982880435262075,-3.017119564737925,-7.839153998003383,-93.26139739952828
87,107,127,13.40178091551877,-9.59821908448123,-11.377719361707989,-80.86927658918762
88,108,128,18.30469571997844,5.30469571997844,6.110481337756994,-45.9028229097396
89,109,129,0.4819632731799288,-18.51803672682007,-20.006300749143634,-122.94005376158623
90,110,130,18.928665826558245,-15.071334173441755,-23.681016657140333,-189.9263911668511
91,111,131,11.923768058168434,-9.076231941831566,-8.341259867260248,-76.09582957487123
92,112,132,45.820561430303485,17.820561430303542,14.135558325250258,-104.56298582823229
93,113,133,47.998240119471916,23.998240119471916,22.793234135503212,-122.70827593183787
94,114,134,61.80619743820614,37.80619743820614,35.90804427367743,-152.08506136396045
95,115,135,47.85862794682453,22.858627946824527,19.422887874678963,-113.3549343631081
96,116,136,42.26060652618804,18.26060652618804,16.01587977137939,-127.24378613798808
97,117,137,39.155629434815694,20.155629434815694,18.60565616855979,-79.16626168968457
98,118,138,46.25034868847507,25.25034868847507,20.03253067630027,-64.71986043429968
99,119,139,47.633965565173526,23.633965565173526,17.230355727005133,-71.72865329688682
100,120,140,45.530977899479296,16.530977899479296,7.638037377426031,-114.06108609127989
101,121,141,40.20256724225709,19.20256724225709,14.639129404699759,-85.9271322748682
102,122,142,36.54709969077851,17.54709969077851,12.93967335593527,-58.07338771248533
103,123,143,40.725908349378585,23.725908349378585,19.767640697809327,-55.51690401094811
104,124,144,38.204798423699,17.204798423699003,14.289741268849241,-36.42862223651747
105,125,145,43.578713520552185,26.586450250088035,23.731218921283755,-34.21118446385799
106,126,146,49.06443859841744,29.06443859841744,22.818513996752984,-72.94360148561975
107,127,147,37.812068739878555,21.812068739878555,19.044736265722804,-29.28015671011076
108,128,148,41.953440328635736,28.70267930366043,26.496606658130247,-44.46456075889506
109,129,149,61.59346395938206,46.38991029332675,43.11949120289921,-40.98675456283172
110,130,150,97.11936946292855,67.11936946292855,53.68906287041705,-148.84157599148602
111,131,151,65.5092849518137,48.19301468364682,41.60595286505276,-22.57733002069625
112,132,152,64.59503433945332,43.21376854336478,32.811901731134355,-21.607256375460167
113,133,153,75.98390876213784,53.733946910168754,42.28302576429786,-68.88538006348517
114,134,154,78.18971024927959,58.189710249279585,48.232387513739695,-49.73138874316908
115,135,155,68.03996241530774,50.72108473583478,41.75949427384887,0.48678870231367455
116,136,156,65.85892347790741,48.61943928661066,39.65784882462475,-24.585190267203814
117,137,157,65.74623254031974,46.841650778493204,39.30339385031425,-8.313369492955928
118,138,158,73.4470047459813,53.88714520964362,46.231678931745535,-1.1558679334752924
119,139,159,74.25664636744546,51.89701998050987,39.450366561084934,-47.635517418371705
120,140,160,79.1491616818198,50.149161681819805,36.750764486126855,-60.20068813140574
121,141,161,74.88027425665177,45.880274256651774,35.32229392892219,-52.20571383773796
122,142,162,84.49515949771535,55.49515949771535,40.71082029203967,-82.0516886584486
123,143,163,85.62457392758586,56.62457392758586,41.55261884725297,-75.76934846423183
124,144,164,78.46190865415696,49.46190865415696,38.63886538669743,-56.220829813816465
125,145,165,64.59962573074858,43.41196798643767,34.45037752445177,-54.53348339820036
126,146,166,60.14679643376121,39.14679643376121,29.323489617028258,-66.81714847513064
127,147,167,65.11611676688955,47.75733082103159,39.02358292210033,-50.768489573848456
128,148,168,69.68084665804412,50.43008563306881,42.17910577021871,-37.89958580531129
129,149,169,68.18046845767327,47.97691479161796,40.20633764696902,-54.273678559612506
130,150,170,50.78574800343074,34.78574800343074,28.89933135667866,-75.9580334190108
131,151,171,58.64145963271892,41.64145963271892,35.950324029749765,-90.48741526062713
132,152,172,61.623398594120886,44.623398594120886,37.89254222031184,-72.37715530725927
133,153,173,48.52505308644339,35.52505308644339,31.132234850022314,-47.16844343437998
134,154,174,41.52997305649785,28.52997305649785,23.79058122979677,-18.907284627139745
135,155,175,36.99821629523785,25.998216295237853,22.254556742090756,-7.130296598344387
136,156,176,30.097467329387428,23.097467329387428,22.038419503908244,-10.56025773208188
137,157,177,28.3127635773198,17.408181815493265,15.6999753067401,-6.147686338203812
138,158,178,41.60901436335223,30.049154827014547,29.110439359629652,-25.62690723640958
139,159,179,46.21687441498801,32.21687441498801,28.365910812629807,-15.88173933517254
140,160,180,39.00551106546567,24.00551106546567,20.69640209717039,-28.494526979718444
141,161,181,27.856237824076345,10.856237824076345,9.738387040470514,-68.40237813926706
142,162,182,45.19441168517437,28.194411685174373,24.582717623885117,-30.631744471112825
143,163,183,42.741145059547534,27.741145059547534,25.125183271812205,-24.748392992961044
144,164,184,36.356872477148045,21.356872477148045,18.740910689412715,-31.35866361675403
145,165,185,25.865511717613572,7.865511717613572,3.7559515195472954,-79.66110851502617
146,166,186,21.179806857445953,4.1798068574459535,0.9146863864366424,-81.97459715002435
147,167,187,21.49745513811945,-1.5025448618805513,-7.061714972991922,-74.52646796393708
148,168,188,27.478604634274518,5.478604634274518,0.41730065994022425,-67.33630957479863
149,169,189,32.334315688161894,13.334315688161894,10.45975730471855,-78.90346474187993
150,170,190,44.7656438955745,17.7656438955745,9.86843564707516,-109.13759123542854
151,171,191,45.644342918137056,20.644342918137056,14.159781711157166,-132.8762025129265
152,172,192,55.71512482987788,29.715124829877936,23.00892989871545,-164.44210451986442
153,173,193,44.9984285446061,21.9984285446061,17.825552794614737,-120.00479657857
154,174,194,32.82222032234489,9.822220322344833,7.035638933473365,-79.22906463705226
155,175,195,21.038057011986496,-0.9619429880135044,-3.9438054206680135,-66.66402693301552
156,176,196,27.945547443384157,13.945547443384157,15.293187695225527,-35.729151223968984
157,177,197,30.3833631710516,12.383363171051599,11.046391695225111,-60.553654569008245
158,178,198,30.366230934480427,12.366230934480427,11.02925945865394,-81.81403180451969
159,179,199,30.7344506049659,14.7344506049659,15.77950576381329,-62.40347652306161
160,180,200,39.57909972553432,21.57909972553432,21.62842261082767,-99.85762364212826
161,181,201,32.25951487191941,8.259514871919407,5.6682145268306385,-121.89384131916756
162,182,202,13.08671904196035,-6.91328095803965,-8.206263936580285,-68.98634070568824
163,183,203,16.825336109566365,-0.17466389043363506,-1.3603428197631615,-73.869896499618
164,184,204,22.123246077753947,10.123246077753947,12.120045012869355,-60.90051926127376
165,185,205,36.3347645450591,21.3347645450591,22.531112250403567,-88.495138934985
166,186,206,33.701953553679175,18.701953553679175,20.244874849303528,-100.22164963003172
167,187,207,30.365545911480126,8.365545911480126,5.383683478825674,-94.87088805804774
168,188,208,33.40102501561165,11.401025015611651,7.032868221837248,-107.03790949459608
169,189,209,33.01396617647015,15.013966176470092,14.716715471483553,-103.3926752668234
