Left,Mid,Right,Loss_likeli,Loss_AIC,Loss_BIC,Loss_eBIC
0,20,40,28.702616529172815,16.702616529172815,13.50081161008859,-14.3461121217847
1,21,41,28.40758923608155,10.407589236081549,6.019036896993384,-23.872067806823452
2,22,42,34.75920020702256,19.75920020702256,15.410370467887333,-8.285952168964172
3,23,43,23.190251600558497,11.190251600558497,10.876032479019784,-24.045117874398898
4,24,44,24.36892027435482,15.131112582137519,16.25881034754923,-5.327811626773496
5,25,45,36.77491863918942,23.774918639189423,19.72867399304829,-14.078140920618694
6,26,46,34.992001363788006,22.992001363788006,23.099884338579727,-22.044326729783393
7,27,47,32.14166440468125,19.14166440468125,18.83812571037913,5.206131335990335
8,28,48,53.58310849142515,43.97531099508461,42.31958620077262,-17.65755666833428
9,29,49,43.396460938801056,33.396460938801056,31.88353547383076,-31.127172575558234
10,30,50,42.52819851131187,36.52819851131187,36.31359041288965,-3.385122738093969
11,31,51,48.33989697907555,42.33989697907555,42.12528888065333,8.668327837422225
12,32,52,50.974153642744,42.974153642744,44.613202169175906,19.09897695990867
13,33,53,35.24688754607149,27.24688754607149,29.33333358291395,0.7444229806341127
14,34,54,29.542233729073814,19.622953015241535,20.694891306379645,-17.52329976460294
15,35,55,29.267313123257622,20.794104006462703,23.987984397270793,-8.492599475498764
16,36,56,39.93375738478079,25.37247401471535,25.265169965504242,-10.897132542164968
17,37,57,41.00548499974411,23.005484999744112,17.737124642074832,-15.973386585319247
18,38,58,67.17025500111458,46.17025500111458,38.60213841707508,-33.10394026095935
19,39,59,61.20072791542236,43.20072791542236,37.916317267019906,-57.7189589764655
20,40,60,61.31092076141874,46.31092076141874,41.61551743200357,-26.38162037108259
21,41,61,47.898794537582376,31.898794537582376,26.488818841677016,-2.0291094018884905
22,42,62,47.146450877664336,30.146450877664336,23.762168094135234,-4.994808172339617
23,43,63,43.34738573960851,31.347385739608512,29.646872256949905,-11.862909019319545
24,44,64,41.73402684381563,30.496219151598325,30.13509452255056,2.588961041274956
25,45,65,41.92557837249308,33.92557837249308,31.432212947907942,10.834327135730689
26,46,66,41.26857591760182,32.26857591760182,32.436949179956116,-4.953748809446893
27,47,67,42.92515980402902,33.92515980402902,34.87270530449882,7.4609791513383925
28,48,68,66.03068909902288,59.42289160268234,57.46846643974169,36.90507126275452
29,49,69,47.36155656140181,35.34996201734174,28.67777534076572,-13.017130714981647
30,50,70,43.08694200577327,29.60101553945441,24.508220903471226,-17.167619809000314
31,51,71,47.60352596154581,31.799298630301962,25.327038852201042,-31.504889645905394
32,52,72,46.04332760394141,27.174160488374696,22.77353089166354,-32.306556408501706
33,53,73,41.862034715427626,25.862034715427626,19.01982636165542,-29.747637215882378
34,54,74,43.44206518153476,26.707258530762715,19.334799551331116,-51.46953272633266
35,55,75,57.128958897906784,35.655749781111865,28.537507339847593,-49.93533479193286
36,56,76,53.5153202205895,30.954036850524005,25.50702032891695,-45.61265723127792
37,57,77,51.887438506523665,26.887438506523722,18.106310785044002,-54.782367411498285
38,58,78,70.36658051902322,43.366580519023216,31.45120558024348,-97.09464082042939
39,59,79,81.58093945878562,52.58093945878562,36.059986567190265,-131.43533851526252
40,60,80,92.72197663256236,60.72197663256236,47.90942256821825,-125.71383184676063
41,61,81,88.03104818533677,58.03104818533677,45.99752016483342,-106.72294586675696
42,62,82,90.29889549479117,54.29889549479117,39.14830329305914,-100.06387864364535
43,63,83,113.92941796031289,70.92941796031283,51.51142121803878,-181.344486153253
44,64,84,88.59552023439267,56.595520234392666,43.76039372626565,-146.13530940697694
45,65,85,85.46317299330286,59.46317299330286,47.28011212606975,-122.47415688737146
46,66,86,79.29702599100574,60.29702599100574,55.29219312426528,-122.79386049281516
47,67,87,87.1402358018683,61.1402358018683,53.816285831205505,-101.59503872299626
48,68,88,89.02468898316357,64.02468898316357,56.73004163693332,-100.37200839560671
49,69,89,58.002731596068884,38.002731596068884,32.933290667342135,-64.73101028674171
50,70,90,52.30396669016602,32.4447509449443,28.328361527875927,-35.66958922701485
51,71,91,51.67958420895468,25.29029203947391,17.802972933179603,-52.59666016411313
52,72,92,41.22134634436975,11.352179228803152,2.7178353024578428,-72.32670540441904
53,73,93,50.31021912024164,27.31021912024164,20.4486837118302,-80.66949975387968
54,74,94,39.91859522685809,18.918595226858088,13.833521753632795,-98.78968208764934
55,75,95,34.0485108360765,12.048510836076503,5.947486090902203,-94.06315344897337
56,76,96,39.24612555070286,19.246125550702914,15.527127440202435,-99.43183637693994
57,77,97,46.551491480985874,8.551491480985874,-0.12544399949990748,-171.7828971836708
58,78,98,60.81962418094395,21.819624180943947,15.169993687901183,-251.50015093390402
59,79,99,42.52454410896428,-1.4754558910357218,-12.637784610544372,-177.75991720463946
60,80,100,31.48373868291867,-7.51626131708133,-15.496112172145104,-181.23795942397976
61,81,101,20.127687418775793,-13.87231258122415,-18.669685571843047,-168.90361969567027
62,82,102,7.736278608203747,-17.263721391796253,-11.546518406699533,-113.00293465588675
63,83,103,24.35003117478567,-2.649968825214387,-2.2294109069943033,-160.3966325611633
64,84,104,13.724203755660255,-9.275796244339745,-7.210347369291753,-133.91122382426408
65,85,105,11.089488022248588,-9.910511977751412,-6.815385087688469,-122.4435203221442
66,86,106,29.546319880677004,2.546319880676947,0.5408626669373007,-153.7478777967939
67,87,107,29.738752961808984,0.7387529618089275,-2.609010115764818,-134.7073588020744
68,88,108,23.390842858035626,5.390842858035626,8.212754465568764,-108.50485521356563
69,89,109,11.445428261507004,-4.554571738492996,-2.0387363236541205,-73.2551981347342
70,90,110,27.301283222533357,8.301283222533357,8.545887151609577,-44.01702669600195
71,91,111,18.91109262634052,1.911092626340519,7.310311912330462,-85.36986347673121
72,92,112,21.839880021341912,-7.160119978658031,-8.428441514552105,-109.45930995458536
73,93,113,25.63470611046546,-3.3652938895345414,-3.940468244868498,-138.97792878660664
74,94,114,25.329360042534802,5.329360042534859,10.446213233925732,-111.3051284242116
75,95,115,19.545898223786367,-1.4541017762136335,1.607079372388398,-139.65086910539458
76,96,116,18.8045265263454,-2.1954734736546015,2.2520020360673243,-126.87393593786123
77,97,117,46.027536286242025,7.027536286241968,1.8202741534180404,-181.8880880526798
78,98,118,51.81169999962896,13.811699999628956,9.448877593861994,-234.164445809722
79,99,119,54.19101742174564,9.191017421745642,-2.469177434540029,-163.98691150968307
80,100,120,42.52363987078894,1.5236398707889407,-9.5313847995086,-140.46554177913902
81,101,121,45.47256974278105,10.472569742781047,2.4047418931455695,-122.92179016873104
82,102,122,27.08211966708808,0.08211966708813634,-1.0881606561287072,-93.44858882163749
83,103,123,20.44423855194094,4.444238551940941,3.4098521691084898,-16.943822837899347
84,104,124,27.119726055486694,4.119726055486694,-0.399723284784784,-40.420694969094484
85,105,125,23.046397607488984,-1.9536023925110158,-6.429063235496528,-64.77756153373412
86,106,126,22.53199065614251,-8.468009343857489,-13.94957059602217,-81.08703791649748
87,107,127,15.924691001323765,-13.075308998676235,-19.54223438876977,-47.50542679061948
88,108,128,24.551565745779385,8.551565745779385,7.863752953226879,-51.64672723549711
89,109,129,19.635819834731194,3.635819834731194,3.641154222738635,-59.79395819598733
90,110,130,39.140202075367995,8.140202075367995,2.063838772840427,-98.13102984819511
91,111,131,33.60449319259902,14.604493192599023,13.462802760555405,-77.74302355187729
92,112,132,47.25074703288254,20.250747032882543,23.485755265837156,-93.2729168122122
93,113,133,52.0781229549458,24.078122954945798,22.267946784988908,-131.58542000247132
94,114,134,56.791414769320625,31.791414769320625,30.088542648574844,-121.19755144103442
95,115,135,42.43330145463182,23.19408868422761,27.919487844296896,-62.85261768812222
96,116,136,38.43552340275943,21.82352580403483,25.553192690550077,-93.7251753857687
97,117,137,45.949546115637986,29.68675225860261,31.057860541542084,-49.59961903464409
98,118,138,53.828321263084604,35.828321263084604,31.29829130064053,-71.84953110175735
99,119,139,64.69066712842431,41.69066712842431,32.79457379774175,-114.06508517391802
100,120,140,61.15675543379615,37.15675543379615,30.65460647028226,-115.07876665575293
101,121,141,59.663269274935544,39.663269274935544,33.518256032475335,-109.9360444886093
102,122,142,48.52469500347064,25.52469500347064,16.846362579839536,-103.7417034963135
103,123,143,50.10704652951961,30.107046529519607,22.575738925939504,-61.39947628833244
104,124,144,49.87214502985279,27.87214502985279,18.534136968762652,-81.46432797834285
105,125,145,52.319032673696086,26.46731991478447,16.214454456100555,-86.87157095457655
106,126,146,57.94768212676064,29.94768212676064,19.023988220343654,-111.66048971373908
107,127,147,46.95448958089389,23.954489580893892,14.252236209197008,-54.37529724355443
108,128,148,48.5709026781152,26.98234269455469,19.709631686682712,-70.19974447901848
109,129,149,47.77809051323868,27.63946509679414,20.830410193458135,-61.166097619860125
110,130,150,83.29479559145955,48.29479559145955,33.295495936224484,-164.4284311044255
111,131,151,56.48045756992002,39.48045756992002,32.40302760583103,-56.48573771356689
112,132,152,54.532256462211876,34.532256462211876,30.161972763646247,-15.339134516648642
113,133,153,61.78123397235004,42.78123397235004,33.61202087257692,-53.681095943118635
114,134,154,68.09155647605763,51.09155647605763,41.97179724047601,-32.43529548417433
115,135,155,54.85360345180459,43.61439068140032,42.96523199812634,23.03835825779049
116,136,156,51.98076895579595,42.79610646276217,40.30677577887718,6.294801962255633
117,137,157,52.77179631979391,42.16189406331898,39.99124426312636,19.584059973153387
118,138,158,58.15376384884428,47.30122465921232,45.826209390998486,25.419025101025568
119,139,159,62.79269560798434,43.79269560798434,35.805809079357914,-33.913219951440624
120,140,160,70.25360144619913,51.983505780971996,43.31393828120645,-45.19150063501104
121,141,161,70.44014791659521,49.44014791659521,38.92473592078227,-60.0572119157971
122,142,162,79.38641702594344,52.386417025943445,41.09559462052482,-75.02801570136228
123,143,163,81.53972881495372,58.39120043597501,44.94881474299615,-63.809049393937414
124,144,164,82.35540095666511,54.14516668820261,38.71131644811578,-83.85335339831909
125,145,165,81.42811175185,54.55453618873884,45.83931992019842,-59.64652381298566
126,146,166,82.11687637400536,54.664917553261716,41.08845931584415,-56.60686774500232
127,147,167,80.41380822543931,58.41380822543931,47.772343409305336,-29.455178833284265
128,148,168,82.39599960136769,61.80743961780718,54.50505610668455,-33.06977273780484
129,149,169,75.95338622664542,58.81476081020082,54.19245149775577,-16.2324344007161
130,150,170,61.5764836096871,41.5764836096871,35.084896776946835,-68.52647687335207
131,151,171,59.80691897448645,35.80691897448645,30.845946880496854,-63.77418613127122
132,152,172,73.49799383988682,52.49799383988682,44.47105258410238,-19.908550391107667
133,153,173,67.94154401255525,48.941544012555255,44.86216303568193,-16.97570654994928
134,154,174,62.96090702951426,46.96090702951426,41.42106397304212,-12.505038460645892
135,155,175,58.54273792409606,45.54273792409606,41.843066868234814,-17.897840286148835
136,156,176,46.630990784417975,39.630990784417975,39.26509013949874,1.6273137965135334
137,157,177,39.83969915170394,32.83969915170394,33.17890050158405,2.249866642323468
138,158,178,45.856410855928004,33.00387166629605,31.98881233810289,8.995920202215643
139,159,179,50.39603613649126,36.39603613649126,34.73290985647168,-5.216854629217835
140,160,180,34.42007790852722,24.42007790852722,23.94687321439693,-10.93524996903136
141,161,181,20.78982163354908,7.7898216335490815,5.82301852908779,-11.98127575300191
142,162,182,29.129920859267713,13.129920859267713,11.768116710448169,-27.98438687108228
143,163,183,26.055225703160318,16.055225703160318,16.275168189589976,-4.028233160065497
144,164,184,27.83872434546487,12.838724345464868,10.222762557729595,-41.80759683727592
145,165,185,22.31085856212036,8.310858562120359,10.562950206374921,-30.327675729000134
146,166,186,21.799515486125472,6.799515486125472,4.364928809461446,-27.205826159832895
147,167,187,16.024164975753706,3.024164975753706,2.0970826421323636,-32.783560534699404
148,168,188,17.738228271061473,4.738228271061473,5.6816909695194795,-11.569196546915009
149,169,189,27.42863615472612,13.42863615472612,16.648553661270626,-28.54340729413468
150,170,190,48.63212412070311,26.63212412070311,20.531099375528868,-91.71859353064167
151,171,191,52.56734189297964,27.56734189297964,23.148224433052974,-101.59766470683928
152,172,192,59.396063324414285,29.396063324414285,19.31434196959674,-94.54235551147553
153,173,193,41.12977184293982,12.129771842939817,7.923759762216264,-57.43630035555054
154,174,194,46.61190570642208,20.61190570642208,15.638578726659603,-75.74328027164017
155,175,195,35.48827766103858,10.48827766103858,6.012816818053125,-73.51642120728945
156,176,196,52.200649063962544,33.200649063962544,30.326090680519087,-70.33845255287667
157,177,197,49.27204313262422,33.27204313262422,31.891083159511766,-78.13345222391627
158,178,198,42.992656554090445,22.992656554090445,19.96680562414997,-58.219237118290266
159,179,199,46.46816486355408,23.46816486355408,18.948715523282658,-58.57030210540813
160,180,200,40.57487333070617,22.57487333070617,21.23790185487968,-78.38410730184205
161,181,201,26.448941911516613,8.448941911516613,9.537985567649912,-73.81565909490143
162,182,202,28.818529537999723,16.818529537999723,20.54819642451497,-49.02110957489333
163,183,203,43.49561006186423,27.495610061864227,27.84751804015167,-34.8659126842
164,184,204,48.46777583197638,40.46777583197638,45.842333675319765,-24.450316680307537
165,185,205,36.53615038306782,25.53615038306782,30.055859960408497,-49.73303091308571
166,186,206,26.998879043797217,17.998879043797217,22.875570750363522,-52.34139618731331
167,187,207,17.23989435711269,6.239894357112689,9.081133019285176,-95.75822835485724
168,188,208,28.28421191721793,14.284211917217931,15.769529249738866,-72.5905105222921
169,189,209,29.860315644196533,11.860315644196533,16.207930916152804,-82.19945986388029
