Left,Mid,Right,Loss_likeli,Loss_AIC,Loss_BIC,Loss_eBIC
0,20,40,23.214674310737564,7.214674310737564,7.913155879304952,-88.26522512353779
1,21,41,19.33750856139011,2.337508561390109,2.538123993180477,-109.44399226901294
2,22,42,19.4838741808378,2.4838741808378018,0.605048070948385,-71.8023482253684
3,23,43,22.62829170910595,5.628291709105952,5.693910800794811,-53.55917590002366
4,24,44,37.03218801939431,14.032188019394312,9.972184816222068,-91.4390523301629
5,25,45,45.52920780826719,21.529207808267188,18.289009615366922,-90.60565140607468
6,26,46,49.66473591980861,25.664735919808606,20.993994033040167,-86.48819062142707
7,27,47,39.32126552476848,9.321265524768535,2.7030475881779807,-95.61393536147716
8,28,48,54.41282724463758,26.412827244637583,18.838173818629684,-169.49887482922736
9,29,49,60.96801399078561,26.968013990785607,18.01175791680714,-138.2427817730213
10,30,50,47.194777379234324,12.194777379234324,3.0872287587587834,-166.37265723358598
11,31,51,41.82913320571902,-0.1708667942809825,-8.497767630757835,-187.31397286756874
12,32,52,28.965039172549496,6.965039172549496,2.9434559690549804,-118.07965819447418
13,33,53,36.337632212972096,5.337632212972039,-3.6198976905103564,-116.79294033942847
14,34,54,45.25271472581039,10.252714725810335,-0.5877018460651016,-123.09727777467799
15,35,55,48.24910525363259,10.249105253632479,1.0342525839459995,-197.46876024869005
16,36,56,50.20274714817816,4.202747148178105,-9.216773947445745,-187.61190631797217
17,37,57,51.724490353909175,9.724490353909005,-1.6207067303845406,-189.05357907079394
18,38,58,55.20650670845163,20.20650670845174,12.485252449096038,-192.29859537381378
19,39,59,47.349025914283686,24.349025914283743,21.562444525412047,-114.49519372552675
20,40,60,53.045963162925545,39.045963162925545,38.66073546336713,-74.09262368983786
21,41,61,54.069614232010395,38.06961423201034,36.34208066861788,-94.38152527243301
22,42,62,57.63401042248756,39.63401042248756,37.603891766101015,-86.87436992060077
23,43,63,58.919303944148965,43.919303944148965,43.38278369809336,-54.29710949691503
24,44,64,52.59562021424597,37.59562021424597,35.32623201679053,-59.31421745208513
25,45,65,51.65970925253157,31.65970925253157,27.21208598123667,-45.76126355970064
26,46,66,50.1363225360073,34.136322536007356,30.117366924538487,-46.09824584632588
27,47,67,42.04906333513168,16.049063335131677,10.215559545994097,-101.05811561230598
28,48,68,43.960464356630325,21.96046435663027,15.512866021176023,-115.80287102406908
29,49,69,49.861213239655285,20.861213239655285,11.80568838235024,-106.5262511286711
30,50,70,45.64100131025907,21.64100131025907,14.544244291530731,-118.34090028565231
31,51,71,52.470250355966584,20.470250355966527,11.768604844349511,-128.40184052593997
32,52,72,50.577980490391155,24.577980490391155,15.099196836988995,-108.82887216296194
33,53,73,73.05193785398876,27.05193785398876,12.012710259971186,-166.56942761193113
34,54,74,80.77860312921746,35.77860312921746,19.95952518957222,-167.83881982865785
35,55,75,97.20348743322262,55.20348743322256,41.30631825046862,-221.83474627003056
36,56,76,96.38942605590876,50.38942605590864,33.725908389206325,-188.1529902940423
37,57,77,97.40235962118288,56.40235962118288,43.27913015732304,-215.66695981516762
38,58,78,96.31851463734017,60.1524434202222,51.12377157312119,-158.76832914725162
39,59,79,103.38263501155029,66.38263501155029,51.16686600531466,-127.75734944597309
40,60,80,120.58635545157983,80.58635545157983,64.48401947357979,-144.8232044336296
41,61,81,116.92136665681846,70.92136665681846,52.87155462899625,-170.29293636063733
42,62,82,98.07892114787825,62.07892114787819,49.007770487826065,-124.77121770138297
43,63,83,99.015997904617,70.015997904617,60.08333661172367,-93.48878032306618
44,64,84,102.56679549738715,82.56679549738715,77.11492943548683,-69.21355423391446
45,65,85,95.3694633523794,76.3694633523794,71.4154634272561,-34.02595885915241
46,66,86,92.06406850560279,65.06406850560279,57.50273449671806,-61.83489286373276
47,67,87,77.73986757108895,53.73986757108895,47.86237528466552,-83.00068151689959
48,68,88,79.00798740959306,58.007987409593056,52.40482880119572,-45.44366325100509
49,69,89,82.35615278777198,51.356152787771975,42.89627895353817,-70.1059808783989
50,70,90,82.60359088888254,59.603590888882536,52.658126416651214,-93.74996694090828
51,71,91,55.58636443641018,36.58636443641018,31.632364511286937,-63.36748391189792
52,72,92,48.11384862808177,31.11384862808177,27.155580976512397,-77.92886982412904
53,73,93,74.76936742011964,47.76936742011958,38.83243840078046,-83.97427404034568
54,74,94,59.61415665525453,34.61415665525459,27.961906712906,-60.58862610819415
55,75,95,46.145492472267335,28.145492472267335,24.464242620761297,-43.23487980269067
56,76,96,42.482179302828,25.482179302828,23.668356848821702,-52.9438673243327
57,77,97,32.950568572589646,16.950568572589646,15.927418937874847,-44.726833760984846
58,78,98,35.220293136746136,18.054221919628162,19.07461563582882,-37.2309804411143
59,79,99,28.266559991251256,4.266559991251256,-3.0906548757633914,-61.656271495628516
60,80,100,45.47342800436837,18.473428004368373,10.005677352459543,-61.92305905058424
61,81,101,65.26750739641551,30.26750739641551,17.69422287314029,-87.43304894652908
62,82,102,60.87470924988372,32.87470924988372,23.52708295611177,-73.90735213781147
63,83,103,73.13444765213302,42.13444765213302,31.458450865209727,-112.81475358383534
64,84,104,71.26987758287243,46.269877582872425,40.011907061239185,-69.77188554389795
65,85,105,71.15910620478223,45.15910620478223,35.333748961100014,-53.31333239872538
66,86,106,64.97958954641376,37.97958954641376,28.338813995849364,-77.79549802904933
67,87,107,65.87652562099044,43.876525620990435,36.7357801049763,-98.48132659852479
68,88,108,64.5019424613161,38.501942461316105,29.716305988473948,-100.09072912775684
69,89,109,63.13107641453723,30.131076414537233,20.491481051721337,-127.4510035543343
70,90,110,46.47998228000341,26.479982280003412,24.090148790385115,-62.285105235245624
71,91,111,51.59917534259699,35.59917534259699,34.618760961682995,-47.09791553402033
72,92,112,41.771120170520874,23.771120170520874,21.706843734760696,-66.25447386674489
73,93,113,39.482587964689685,26.482587964689685,24.699445669093222,-9.22492595996971
74,94,114,65.81337360657835,44.81337360657835,38.766293850217835,-41.69145294721807
75,95,115,53.836548400116726,34.836548400116726,30.076994809604514,-33.92069835632856
76,96,116,63.12863181455742,44.12863181455742,42.34157617163203,-38.50053458263892
77,97,117,53.61125892067565,33.61125892067565,29.89226081017523,-68.29803077134034
78,98,118,42.61490308460651,22.61490308460651,21.041145995087106,-51.013968329361546
79,99,119,40.30627576879823,17.30627576879823,11.177194657706536,-50.344336517675856
80,100,120,57.11007473647555,29.110074736475553,21.53075230890954,-106.67925586704837
81,101,121,47.583000064591374,29.583000064591374,27.20630781792488,-47.681006976393746
82,102,122,47.602487573380245,25.602487573380245,22.014646822510144,-81.9002148826263
83,103,123,41.36302501341942,17.363025013419417,13.63782708673483,-108.03427405159255
84,104,124,39.75480611177096,18.75480611177096,18.300609630325425,-84.74517745493517
85,105,125,35.52401163433183,15.524011634331828,13.884455065511304,-59.872602531678695
86,106,126,42.983555449695075,21.983555449695075,19.84613274409753,-122.96482325211662
87,107,127,50.02337703284962,36.02337703284962,36.6778701041311,-98.33009369941226
88,108,128,60.17114944144032,44.17114944144032,44.869631010007765,-63.154557787317
89,109,129,54.14702879629482,34.14702879629482,31.814325046914348,-76.86092671879692
90,110,130,52.9895600439209,40.98956004392096,45.35524437075833,-13.197076626780586
91,111,131,65.73443003020867,53.73443003020867,57.8344551699638,-9.624241803289351
92,112,132,37.37191543552814,18.371915435528138,23.100757905947717,-46.78762045252506
93,113,133,20.47374730192371,5.473747301923709,11.359212489772517,12.01770501513613
94,114,134,37.88449650400662,18.88449650400662,22.972075451594833,0.5832071133839918
95,115,135,55.493707090431144,36.51595812834296,37.47220158344658,-1.7615813008869736
96,116,136,57.587266006350205,42.587266006350205,45.228623193143676,-8.660065047318199
97,117,137,32.73940889093399,23.739408890933987,26.973375796490984,-5.013942770712447
98,118,138,37.64066505202413,31.640665052024133,37.03703387738261,3.881285777560379
99,119,139,56.01059751840893,40.36467552208683,35.979472944157294,-30.683441072440928
100,120,140,74.81777792145465,49.010713326333075,36.25933020453408,-111.12020188158897
101,121,141,57.584801347344296,37.584801347344296,27.551006899639617,-53.61328727936905
102,122,142,58.820247569976914,35.820247569976914,27.71387317492247,-64.80773069774
103,123,143,55.8306669938396,36.8306669938396,29.79722552703646,-68.77631748881049
104,124,144,61.23637059016244,36.35118408099822,30.357463385034976,-92.97419679638494
105,125,145,64.08445360495045,40.084453604950454,31.497657301468962,-93.79467935057585
106,126,146,66.82831479740025,39.97690696873178,33.83189372627157,-85.10334455321629
107,127,147,67.69705526671703,48.69705526671703,40.351629804760705,-95.54146730824516
108,128,148,77.65122122522689,53.65122122522689,45.20350651013888,-69.40285194800049
109,129,149,71.38704560772521,41.13087760213216,32.08083432145929,-108.30167935924874
110,130,150,87.44117082634682,60.44117082634682,49.16672587636083,-118.49838930891553
111,131,151,79.90120128599358,50.90120128599358,40.06664012181784,-101.84072194432133
112,132,152,99.19534621457319,60.84945063383492,42.00506924578508,-171.13758876035956
113,133,153,104.34910080966222,64.18099623882676,43.768484630969965,-107.72525890624809
114,134,154,92.71354703104078,58.99928338437667,43.23650206346008,-87.20436823888383
115,135,155,91.94263811946166,60.5815724172611,52.46442168233216,-44.738458372294645
116,136,156,85.48574627800963,57.48574627800963,48.33529603766772,-89.10769480879435
117,137,157,66.87847925297092,47.87847925297092,41.28175452683843,-49.792531429583846
118,138,158,62.986820070064596,47.986820070064596,41.90512237952953,-49.95323498705284
119,139,159,62.271551973180976,41.625629976858875,35.80871611837506,-53.36299344621216
120,140,160,78.11667401412137,51.3096094189998,40.960444743982805,-82.75094968870769
121,141,161,80.44094719706993,55.44094719706993,45.04186911798263,-95.20763675686032
122,142,162,72.92134508972697,46.92134508972697,37.45925414024623,-71.16182014231129
123,143,163,88.44822688635475,51.448226886354746,38.91893086036532,-181.53630754979724
124,144,164,82.58426019999189,36.69907369082762,22.3296056642273,-214.4139186964685
125,145,165,95.08842648912429,45.088426489124345,26.086870685034,-246.62129488341225
126,146,166,66.97759019942765,32.12618237075924,22.691387214642987,-161.00564901562018
127,147,167,72.87838133228729,39.87838133228729,28.385960847424258,-193.1371329080448
128,148,168,83.43475739631646,48.43475739631651,36.207030089620844,-155.90090259579722
129,149,169,77.5528883631988,40.29672035760575,31.15478666437832,-107.87119671074902
130,150,170,85.67027147287592,52.670271472875925,39.01327768147485,-146.285829868238
131,151,171,86.64292352992015,57.642923529920154,48.12622266504309,-92.81343751116094
132,152,172,86.3000125721386,62.95411699140027,53.88522248020331,-84.27019322452315
133,153,173,98.96564299341912,71.50410296603565,59.904996181727256,-82.16796112135432
134,154,174,127.69618086719129,92.69618086719129,72.39369885448434,-135.43493204771642
135,155,175,110.21635785812055,75.95750541859923,64.58093123240997,-144.013579051144
136,156,176,65.72380969010953,47.72380969010953,44.320969894675954,-85.95555357724322
137,157,177,67.8589933752429,50.8589933752429,48.66064950363659,-97.40525328683407
138,158,178,59.08386490081068,39.08386490081068,35.711440380590375,-107.21445829231357
139,159,179,47.50904404264179,28.50904404264179,27.713927200878288,-130.56404403563772
140,160,180,51.871278652755564,20.871278652755564,13.062047398828213,-128.5169132182034
141,161,181,51.55850740002154,22.55850740002154,16.784729190488065,-134.4898263930861
142,162,182,44.95530917877147,13.955309178771472,5.106357154003945,-137.4936525946972
143,163,183,93.54089886721795,51.54089886721795,39.6414344698635,-207.73678680452758
144,164,184,90.89993427100393,46.89993427100393,33.311590419535605,-208.98566840412184
145,165,185,80.2732951780024,37.27329517800251,29.15706748526486,-169.6537482409317
146,166,186,87.24593882806573,57.24593882806573,49.99312345102294,-185.08810609454486
147,167,187,84.21896475125698,53.218964751256976,45.06315990704968,-182.58007556259236
148,168,188,78.60957505693625,51.60957505693625,49.364790512235345,-154.63166720194795
149,169,189,72.71322101962494,46.71322101962494,41.408659335675225,-93.40715815189594
150,170,190,69.4547643204707,40.454764320470645,36.29485189734362,-100.84227513431097
151,171,191,67.64054256451277,44.64054256451277,42.54710835620119,-116.58063113666901
152,172,192,51.07669067942277,29.076690679422768,27.48112260788821,-128.21355408585646
153,173,193,44.71533456226172,22.715334562261773,21.812913671287106,-127.16157742587234
154,174,194,60.67950912209784,36.6795091220979,35.127929547849135,-133.88114696038338
155,175,195,40.099822104040015,16.099822104040072,14.201668939511364,-162.21669043006898
156,176,196,32.892899437152835,12.892899437152778,10.82276464992492,-81.53664262954976
157,177,197,27.79115695663114,4.791156956631198,2.3511491580395614,-140.616679711399
158,178,198,17.714384317735835,-18.285615682264165,-26.504736078396718,-141.92361207051715
159,179,199,14.343970602846866,-20.65602939715302,-27.68413647594889,-144.2972358504669
160,180,200,17.858399754663992,-13.141600245336008,-16.098801235343785,-178.73948980910995
161,181,201,12.629601436202961,-31.37039856379704,-40.106712151345846,-219.55862969831128
162,182,202,20.332826231139848,-25.667173768860152,-34.01292526884299,-259.7225545948005
163,183,203,35.36155875360129,-5.638441246398656,-13.920877194456466,-185.09662896119994
164,184,204,50.54724593247437,2.5472459324741976,-7.487385021622458,-254.10173645782527
165,185,205,43.965294215480014,2.965294215480071,3.1747779789531023,-177.8481139437207
166,186,206,36.274671619080834,-6.725328380919223,-11.844613519171276,-241.00020547522263
167,187,207,33.274053517339496,-13.725946482660447,-20.83669616802058,-216.78616082872372
168,188,208,32.1039790405232,-9.8960209594768,-10.371614960345028,-197.97081035489362
169,189,209,27.601666828745465,-28.398333171254535,-36.8553768889949,-273.00260164614406
