Left,Mid,Right,Loss_likeli,Loss_AIC,Loss_BIC,Loss_eBIC
0,20,40,16.203935936583207,-16.796064063416793,-17.084098948343126,-75.85931939993645
1,21,41,20.737449972754916,-12.262550027245084,-13.693981132598083,-90.88796258232503
2,22,42,23.092590469407412,-29.90740953059253,-35.49989936297504,-309.92693386734413
3,23,43,20.796822301362,-19.203177698638,-17.976834162639534,-283.52734754541734
4,24,44,35.09621158848586,1.0962115884858576,0.11114809094669909,-170.74275023092764
5,25,45,31.480120118081174,-4.519879881918882,-5.807528472451963,-213.81796251728997
6,26,46,32.40997882556286,-5.590021174437197,-7.332505820378287,-213.08984416951796
7,27,47,36.15066035753148,-4.849339642468522,-9.319466097446593,-230.3386906358794
8,28,48,29.63964983281255,-26.360350167187335,-36.912174312700586,-286.3612906647635
9,29,49,29.631090157736082,-14.368909842263747,-22.20114985036912,-178.84182421954358
10,30,50,39.21550595284327,-9.784494047156727,-21.70328549915041,-232.38541127297538
11,31,51,45.858792151303305,-0.14120784869669478,-11.606121661199381,-258.47797544512684
12,32,52,43.929300828797864,-0.07069917120213631,-10.886454300430842,-207.69219673093698
13,33,53,26.468135107481544,-12.531864892518456,-21.204862928142006,-163.39588925218573
14,34,54,33.73734331050605,-6.262656689494065,-9.357406879213272,-207.255193655359
15,35,55,30.13426677859985,-9.865733221400205,-15.917435081281042,-223.85959720972835
16,36,56,27.18320937280282,-13.816790627197179,-20.712932214135208,-185.45916420923515
17,37,57,26.705019843149103,-6.294980156850897,-11.287634191252664,-154.03542387113123
18,38,58,22.345085528915718,-8.654914471084226,-13.34498341249207,-133.8048293911363
19,39,59,22.506696573923875,-11.493303426076068,-15.449325161613501,-175.18751252869242
20,40,60,32.22287592761256,-6.777124072387437,-14.557812451615291,-137.41973676229793
21,41,61,33.541227146054666,-7.458772853945447,-15.835780971354097,-129.2498887073076
22,42,62,65.38224390353719,12.3822439035373,-4.647174408084311,-291.990335316254
23,43,63,56.082954459966516,22.082954459966572,10.70068325402815,-143.4785229802818
24,44,64,47.9620780233754,21.962078023375398,17.679883667354716,-107.78497063651662
25,45,65,59.20520446492401,29.608107356030928,23.57570267074084,-87.4927423538046
26,46,66,59.96373828834908,29.384860744128787,22.238950945721058,-85.34142603622865
27,47,67,65.18879701813069,30.188797018130686,19.001806855975246,-122.62964642216855
28,48,68,63.56862343507589,24.568623435075892,12.512025120573526,-160.88903820685687
29,49,69,63.368336600444536,22.368336600444536,11.524238329030595,-150.78846542480733
30,50,70,64.32853504779729,23.328535047797345,11.580363196939857,-159.15527383345557
31,51,71,62.25313923670694,21.253139236706943,9.15839379556951,-174.59135308330042
32,52,72,76.89591266694185,32.895912666941854,18.96099522519353,-170.70846026024174
33,53,73,81.26294663251093,49.26294663251099,39.22298129040655,-80.95648871444462
34,54,74,73.82273883345852,44.8227388334584,39.926470752406544,-87.39762041498818
35,55,75,123.19295352603137,61.19295352603149,35.177283309777295,-234.25526702914192
36,56,76,126.31124157270028,58.31124157270028,29.65494812606414,-281.8272194313337
37,57,77,128.5214336870261,63.04481333429624,45.429551891326014,-279.01063599663394
38,58,78,127.1532674077348,62.1532674077348,41.16552134674623,-266.7586175083894
39,59,79,115.32602621933688,49.32602621933688,24.932831433295974,-268.27445774144473
40,60,80,126.28774149566851,59.28774149566857,32.862182137209174,-298.181640138985
41,61,81,107.89673801353547,47.896738013535355,30.31135986139475,-280.9618902620771
42,62,82,98.69937296982829,48.69937296982823,32.123832297697845,-286.6618407622085
43,63,83,104.52659814456717,56.526598144567174,40.60021615571077,-284.03898759091703
44,64,84,94.8289089694876,47.82890896948766,31.35865778974994,-212.66131136026672
45,65,85,95.09069573684019,47.49359862794711,33.192750661231116,-203.44716257151538
46,66,86,83.93407875262801,41.35520120840761,32.47701777413647,-129.69465853499867
47,67,87,85.87066881307942,46.87066881307942,33.69221410381613,-172.73717014425495
48,68,88,54.41831991613418,26.418319916134124,20.115804667585394,-136.92255361613434
49,69,89,74.69624226980136,45.69624226980136,38.189596108868045,-157.6981918747764
50,70,90,55.607526179491515,25.607526179491515,18.29616106234107,-138.9472306934956
51,71,91,49.786195685949224,23.786195685949224,20.545736657586644,-164.0956393497686
52,72,92,43.38930732071543,23.389307320715375,24.522339474134583,-143.95032494208044
53,73,93,48.118550538432544,21.118550538432487,18.07337255385289,-124.2890835086431
54,74,94,11.646559156306353,-16.353440843693647,-19.20333778449043,-215.05517216347096
55,75,95,16.572693944229854,-25.427306055770146,-33.297536764096094,-209.7591087504536
56,76,96,24.879832912678012,-18.120167087321988,-27.74490889921367,-235.4821126476462
57,77,97,18.873567313580565,-25.603053039149245,-27.91109534588304,-211.97674228715437
58,78,98,29.793363814167378,-19.206636185832565,-28.143643161005002,-220.1092500263262
59,79,99,33.078376716358605,-11.921623283641452,-22.54209736908706,-227.52898371946924
60,80,100,35.60628768153441,-5.393712318465646,-14.022721856803287,-204.40625266934762
61,81,101,54.28805447945405,19.28805447945399,12.606520990938407,-214.73309516367124
62,82,102,58.16137018168348,16.161370181683537,6.3881308743059435,-260.83972062541636
63,83,103,68.67169671813082,30.67169671813076,23.18971199984412,-278.2017344846689
64,84,104,60.190051477238114,30.19005147723817,25.203743818833118,-176.2999517269369
65,85,105,54.10725558370274,20.107255583702795,17.735897725043856,-199.25232717654478
66,86,106,50.33725233758969,12.337252337589689,7.229314247800289,-126.16065897422322
67,87,107,46.69793131149714,12.229090252201559,10.721499175238932,-154.16923774274676
68,88,108,45.68560467115361,21.685604671153556,20.827172277464797,-124.36566192506984
69,89,109,61.44838658884919,35.44838658884919,34.42479533724486,-111.98665223422188
70,90,110,57.35968756210559,26.35968756210559,21.32304503041803,-111.45685209526118
71,91,111,79.42486113205649,48.424861132056435,44.08136578092865,-181.64480650885173
72,92,112,63.45965064393255,36.459650643932605,36.187061381592514,-151.12306851911273
73,93,113,71.48500042039569,34.48500042039569,27.500881838885903,-134.13242800881687
74,94,114,79.32005362147726,40.32005362147726,33.03334994697349,-203.6803185278137
75,95,115,82.96936291100093,40.96936291100087,31.71283784155503,-218.96757738926124
76,96,116,82.97999073529371,46.979990735293825,39.10744392944105,-205.94534256143174
77,97,117,81.29553673391791,47.29553673391791,40.765295791899234,-176.47983058910302
78,98,118,84.24125300964295,47.241253009642946,38.87084006701332,-157.81748080619536
79,99,119,50.170396585187575,20.170396585187575,14.591899419437027,-165.11536615416787
80,100,120,44.51912282363514,21.519122823635144,18.732541434763675,-96.97194904239484
81,101,121,23.904549047126068,10.904549047126068,11.710334664904622,-70.49707544871978
82,102,122,25.94875476677339,9.94875476677339,9.654299112797958,-43.580420915810464
83,103,123,25.73477357234958,10.734773572349582,9.851679736014034,-59.26985306780341
84,104,124,26.50799890683021,16.50799890683021,19.39957244228549,-46.94660741855091
85,105,125,28.134734662588016,10.134734662588073,8.797763186761586,-102.95882503410655
86,106,126,31.664227016588825,4.664227016588825,0.5793282611692803,-139.3835843958227
87,107,127,29.86816128085644,-5.60067977843903,-8.992431353298798,-150.7564755824469
88,108,128,46.72111486124487,5.721114861244928,-5.33390980905267,-188.01444347142092
89,109,129,55.22335994473002,7.223359944730078,-6.832727857648138,-196.5393529454136
90,110,130,47.94258864937717,7.942588649377171,-1.2282755230233988,-197.08894774748876
91,111,131,71.1126212044901,27.112621204490097,15.950292484981446,-231.55102633438992
92,112,132,60.935969330374746,23.93596933037469,15.912129978025064,-221.8002786592872
93,113,133,66.95823527481895,27.958235274818946,18.592090058635335,-234.05990385753807
94,114,134,62.786447157345094,17.786447157345094,5.4331051204994765,-260.23335459334567
95,115,135,41.61337385649978,3.613373856499834,-2.13574291038708,-240.99319259839933
96,116,136,38.217545558472466,2.217545558472466,-2.882412525140353,-185.2621838588152
97,117,137,41.36741948250642,3.3674194825064205,-2.7282708746604385,-215.90103284221675
98,118,138,39.266414870275696,8.26641487027564,5.655787470547807,-183.56436696818582
99,119,139,28.11246063450011,-2.88753936549989,-4.45844599438783,-172.88927417344712
100,120,140,32.67146580904978,0.6714658090497778,-2.7836013177350196,-186.7591392286057
101,121,141,31.89219193489987,5.892191934899756,5.4243216287769656,-212.77468225320263
102,122,142,34.43990185095828,6.439901850958222,4.283152090721501,-178.56704789904256
103,123,143,39.31236980920971,5.312369809209713,-0.524723952249019,-155.64133134137103
104,124,144,33.394322665195546,4.394322665195432,2.828396050884294,-111.84498766505362
105,125,145,37.525223125675666,4.525223125675666,-1.8582038358495083,-84.47685845444869
106,126,146,33.311004415224374,3.311004415224261,-2.6140663408061755,-109.7930065449624
107,127,147,32.69107413353191,6.69107413353197,2.757467924609273,-91.57586235315148
108,128,148,48.33367906408927,18.333679064089324,12.408608308058774,-155.89345141162994
109,129,149,59.299495226636736,29.299495226636736,25.29431482530788,-156.557296603463
110,130,150,80.76117927206928,49.79008213043596,44.12360797011354,-160.42316354654236
111,131,151,88.49938078848186,51.80436239516496,43.04389102172138,-193.6705799455808
112,132,152,78.4517741035163,46.4517741035163,38.560422890711834,-180.95790516881277
113,133,153,84.72992835530067,49.72992835530067,38.19636460286529,-177.7565293321062
114,134,154,87.84033715405565,45.840337154055646,34.62251366655448,-214.00542255366793
115,135,155,110.25745599932958,69.25745599932958,52.310680294272515,-216.29716610615583
116,136,156,124.3050702182428,84.3050702182428,68.54930783052271,-179.71623931164027
117,137,157,127.42769574808244,84.42769574808244,67.49117212692488,-222.24497554273842
118,138,158,123.9780218532822,87.9780218532822,74.21829869751514,-229.07871096448855
119,139,159,140.98229961285853,95.98229961285853,78.77692731209322,-187.2299017490634
120,140,160,145.7929970566621,96.7929970566621,77.24958661850894,-215.12081733035882
121,141,161,123.64725636375226,81.64725636375226,65.58151905435341,-170.6453882726887
122,142,162,111.14532971596918,71.14532971596918,55.389567328249086,-174.1029355833375
123,143,163,111.17976027247107,68.17976027247101,53.356414606379644,-186.46428209746682
124,144,164,97.02392191198271,58.023921911982654,45.93415648542191,-164.5796136763804
125,145,165,96.23203427412778,55.232034274127784,43.41244377605301,-134.44302703116364
126,146,166,75.59500569192164,40.59500569192164,28.02172116864631,-132.18911102417792
127,147,167,64.2033060865723,41.2033060865723,33.57796362131228,-64.39882383054987
128,148,168,50.138391058303796,35.138391058303796,32.175855680288464,-51.25260957933267
129,149,169,29.638063813631277,17.63806381363122,18.435590790928643,-32.10511088437056
130,150,170,35.900667224081985,18.929570082448663,18.200401301255624,-21.209549344197967
131,151,171,36.659049495521344,15.964031102204444,11.703682014392939,-77.205498117405
132,152,172,34.380630459069266,11.380630459069266,5.54405934529791,-83.10087411143104
133,153,173,41.29280220824023,18.292802208240232,11.000764145729022,-63.339964656841175
134,154,174,52.36849273992323,28.368492739923283,23.686244582448182,-81.14545326135158
135,155,175,64.44288036723646,44.442880367236455,37.6047199442163,-75.32568957171156
136,156,176,44.899366471372105,32.899366471372105,30.390708732847884,-41.53172604936026
137,157,177,45.342850878321315,29.342850878321315,26.229022953808965,-95.19490526477489
138,158,178,42.40268015912443,29.40268015912443,28.129024235223085,-58.66345978440518
139,159,179,52.54054883896606,36.54054883896606,33.862093728917955,-40.588272978814075
140,160,180,42.96164249381951,25.96164249381951,23.38966920337009,-76.09474071430986
141,161,181,46.42016350504713,28.420163505047128,26.03608142969614,-36.21493864871832
142,162,182,43.9025114636965,22.9025114636965,17.992500035859166,-42.235528133144044
143,163,183,59.4211434171803,36.4211434171803,30.168826125509042,-76.04138437924723
144,164,184,51.6110681051789,28.6110681051789,22.70532440378753,-86.28394136061218
145,165,185,38.58043055659533,17.58043055659533,14.41387211445533,-53.563265320040614
146,166,186,40.919671363142356,16.0313916602297,13.511487422324535,-57.89895952451377
147,167,187,42.410689021705934,24.410689021705934,20.590897466353624,-42.82983011789156
148,168,188,50.34255878079853,31.342558780798527,26.735132445955287,-30.536155545834617
149,169,189,50.80745066241457,23.807450662414567,16.603389594475118,-93.3802809454462
150,170,190,49.900202283039675,21.900202283039675,15.284616855094612,-74.54362329174364
151,171,191,53.51996330649979,27.51996330649979,21.160341965617476,-112.54949191917683
152,172,192,51.252858443210755,29.252858443210755,24.538128059156406,-70.516178801808
153,173,193,52.8231246827296,32.8231246827296,29.10412657222912,-69.63281025870936
154,174,194,46.52755335973893,28.52755335973893,25.111140342232602,-49.72646465414971
155,175,195,2.458890236824402,-3.541109763175598,-0.6365555490780253,-35.77192185253227
156,176,196,36.25270261426061,29.252702614260613,31.443367254980387,15.664213965886233
157,177,197,35.41643983385035,28.416439833850347,30.476554320890955,-8.651223469326965
158,178,198,36.787392953290976,24.787392953290976,23.474410531083663,-20.13442270782855
159,179,199,58.18659290596173,41.186592905961675,36.843543131167166,-16.690644356993175
160,180,200,55.89481956741196,39.89481956741196,36.43441805261966,-52.43399491840728
161,181,201,69.87311962333206,49.87311962333206,44.07467997115185,-50.5449702554597
162,182,202,62.12593812419357,42.12593812419357,37.020645652573194,-58.29217164986278
163,183,203,63.22568163085907,40.22568163085907,34.55129046134408,-38.64902916624726
164,184,204,50.296220791706446,26.296220791706446,20.54915206362739,-51.01906369970061
165,185,205,47.64136658765693,14.641366587656876,10.611087710776815,-160.5635260386116
166,186,206,54.45145525406065,8.563175551148106,1.4798334756854956,-227.11800363379132
167,187,207,59.24127711818363,26.241277118183632,21.19181813621583,-184.2189670959143
168,188,208,47.550967994547364,12.550967994547364,8.710866049837591,-208.4116075526398
169,189,209,43.62361220842104,6.6236122084210365,-0.013932782808751654,-187.37502649700843
