Left,Mid,Right,Loss,Loss_left,Loss_right,gain,glasso
0,20,40,1330.472001742964,975.2447660090486,982.7299686087154,-627.5027328747999,2.9480411899578485
1,21,41,1324.6781673091775,966.4117324623301,980.8478099543756,-622.5813751075282,2.2610833561366235
2,22,42,1325.5036984222402,959.3965380739251,986.5321525888669,-620.4249922405518,2.4025304427503897
3,23,43,1332.2205349028752,965.8432857695882,989.8568438963821,-623.4795947630951,3.8053987848849147
4,24,44,1331.1898365215875,961.2088860027694,989.2100854118992,-619.2291348930812,6.730406277192401
5,25,45,1332.1398039892133,961.6964713870923,987.9187371905858,-617.4754045884647,7.385236042977795
6,26,46,1333.4450926088944,957.0201928409341,993.1605096447769,-616.7356098768166,6.539562004076288
7,27,47,1324.6344844639293,950.2421289400576,991.3660958023868,-616.9737402785149,2.755295288318166
8,28,48,1326.5298946795124,956.4220029893664,987.1931484773703,-617.0852567872244,4.96401388892275
9,29,49,1340.8303388264976,958.0720295571728,996.2195628171248,-613.4612535478,10.109817038079086
10,30,50,1335.6996310883267,969.1924687434166,983.5975329943335,-617.0903706494234,6.601660865781923
11,31,51,1336.6756850233178,977.422115750019,976.5314257627443,-617.2778564894456,6.404475203765287
12,32,52,1332.5433076497302,974.8190300296396,978.2990258155826,-620.574748195492,5.003547668402916
13,33,53,1339.8748901154097,975.4322637934079,982.241860711703,-617.799234389701,9.703599830861663
14,34,54,1335.2439892806976,976.0416081974871,982.8061059154832,-623.6037248322725,6.873285994128082
15,35,55,1339.2215160540736,977.9117416823628,984.64321862531,-623.3334442535993,6.021058183563241
16,36,56,1345.1011426360158,980.3913081834493,988.5929195441374,-623.8830850915708,6.628872165563962
17,37,57,1345.040527977636,994.855371861958,969.739802662072,-619.554646546394,6.848867916813674
18,38,58,1338.0505639706846,987.68931236515,971.086876005899,-620.7256244003645,3.1513289290548983
19,39,59,1339.3774684233413,983.2658711149743,973.8021668861345,-617.6905695777675,2.342906178706471
20,40,60,1338.4550384710415,982.7299686087154,973.4425705185076,-617.7175006561815,1.5653948247492053
21,41,61,1351.0492399779537,980.8478099543756,989.2813356617099,-619.079905638132,4.878646672120908
22,42,62,1354.9745864915794,986.5321525888669,990.8649578853335,-622.422523982621,2.5498956845933662
23,43,63,1360.2133983780745,989.8568438963821,997.3056175431008,-626.9490630614082,1.1966647584032444
24,44,64,1369.717312591406,989.2100854118992,1005.5401809260018,-625.032953746495,2.9646197465477826
25,45,65,1380.6769993203375,987.9187371905858,1017.9155458732091,-625.1572837434574,5.131458006569687
26,46,66,1383.4793979506594,993.1605096447769,1013.1452674179743,-622.8263791120917,5.4177518516802365
27,47,67,1387.3225180001605,991.3660958023868,1018.0786840755118,-622.1222618777381,6.095209992083028
28,48,68,1384.794678036227,987.1931484773703,1012.476765262754,-614.8752357038973,7.537110090842248
29,49,69,1387.3441692396516,996.2195628171248,1007.0136191872277,-615.889012764701,3.0419959859459595
30,50,70,1383.978072530343,983.5975329943335,1015.847983542651,-615.4674440066415,5.952493823676605
31,51,71,1377.6772295145488,976.5314257627443,1013.8717667874009,-612.7259630355966,6.851993284187074
32,52,72,1380.222275238043,978.2990258155826,1013.2549408804568,-611.3316914579964,7.0624415071253
33,53,73,1379.8768614130227,982.241860711703,1006.5574531795462,-608.9224524782267,8.368881434946843
34,54,74,1379.8605730069658,982.8061059154832,1001.7541678740644,-604.6997007825817,9.105532590260282
35,55,75,1383.9843338127614,984.64321862531,1004.3885176395039,-605.0474024520524,9.398599856121336
36,56,76,1383.4589781563416,988.5929195441374,997.5044288180698,-602.6383702058656,7.155786656921464
37,57,77,1374.4572469986756,969.739802662072,999.3341260391284,-594.6166817025246,4.255346232030888
38,58,78,1375.4664166872633,971.086876005899,994.3746345517587,-589.9950938703944,5.879291659229807
39,59,79,1388.0384837652236,973.8021668861345,998.031682934679,-583.79536605559,6.767917952260518
40,60,80,1390.007333414007,973.4425705185076,994.6365447479195,-578.0717818524201,7.559979907635579
41,61,81,1397.6074144106378,989.2813356617099,994.1001010278794,-585.7740222789516,9.920025916253962
42,62,82,1399.2952814689065,990.8649578853335,997.6429175653061,-589.2125939817331,9.592141511733871
43,63,83,1394.3385599777812,997.3056175431008,992.1714658488638,-595.1385234141835,9.214329654651237
44,64,84,1401.222055738941,1005.5401809260018,993.1301913749426,-597.4483165620034,8.80241063178164
45,65,85,1403.8952028237024,1017.9155458732091,983.2143362022221,-597.2346792517287,10.035163658615602
46,66,86,1399.8774431123088,1013.1452674179743,988.2269473786221,-601.4947716842876,9.022973311631745
47,67,87,1413.5302348042514,1018.0786840755118,1006.4820237916372,-611.0304730628975,7.412136083562359
48,68,88,1397.3380562567042,1012.476765262754,1002.9561612800867,-618.0948702861365,4.819057088355066
49,69,89,1390.1738501292089,1007.0136191872277,1005.3773059314993,-622.2170749895181,3.399835004883471
50,70,90,1394.2646488776304,1015.847983542651,1002.240363301868,-623.8236979668886,6.948429033990578
51,71,91,1394.8766402449965,1013.8717667874009,1006.5488327831348,-625.5439593255392,9.100498425510523
52,72,92,1403.1309557252484,1013.2549408804568,1015.6412518790324,-625.7652370342407,8.809560777676097
53,73,93,1402.1495484218005,1006.5574531795462,1015.8995245912099,-620.3074293489556,10.100460223529922
54,74,94,1401.5158966161998,1001.7541678740644,1016.3057333252552,-616.5440045831197,11.976202398079295
55,75,95,1390.4748728276213,1004.3885176395039,1015.3161958027845,-629.229840614667,9.726651737031034
56,76,96,1386.8042618980312,997.5044288180698,1013.1885261603665,-623.8886930804051,11.357858453715039
57,77,97,1386.8810499708434,999.3341260391284,1017.193950922554,-629.6470269908391,8.839790073310837
58,78,98,1386.112909751763,994.3746345517587,1016.8284791820455,-625.0902039820412,13.07976436235765
59,79,99,1382.6804658781361,998.031682934679,1012.9152996954074,-628.2665167519503,13.839784962898989
60,80,100,1388.15615441687,994.6365447479195,1025.3575801771092,-631.8379705081586,12.899398185394944
61,81,101,1387.7448796482352,994.1001010278794,1025.5157917094225,-631.8710130890668,12.19752316968004
62,82,102,1388.8202355443836,997.6429175653061,1024.159011246218,-632.9816932671404,13.309805576910776
63,83,103,1387.0734017035309,992.1714658488638,1022.8039016606434,-627.9019658059763,15.171552362050761
64,84,104,1383.8685374200359,993.1301913749426,1018.6760939824364,-627.9377479373431,15.891066109057306
65,85,105,1376.943305911604,983.2143362022221,1017.057936048679,-623.328966339297,15.529124769955956
66,86,106,1375.407518062437,988.2269473786221,1013.0065101587885,-625.8259394749737,14.745243385223603
67,87,107,1375.1381237396508,1006.4820237916372,1006.2214913299663,-637.5653913819526,9.686035967037924
68,88,108,1373.9648674975865,1002.9561612800867,1006.2779954402605,-635.2692892227606,9.946723587666611
69,89,109,1376.4752515082366,1005.3773059314993,1007.317691219019,-636.2197456422816,8.51994564202937
70,90,110,1375.4031924761903,1002.240363301868,1006.7019555981269,-633.5391264238046,11.710440759070934
71,91,111,1375.1206822087167,1006.5488327831348,997.052684927487,-628.4808355019052,16.47635967332974
72,92,112,1372.9666299133532,1015.6412518790324,989.0401554185224,-631.7147773842016,14.739337817102864
73,93,113,1371.7984052302636,1015.8995245912099,986.9853394293073,-631.0864587902536,12.281643855819198
74,94,114,1369.7462154976563,1016.3057333252552,984.2399024478738,-630.7994202754728,12.44507944518216
75,95,115,1374.5856487420915,1015.3161958027845,992.8101558195166,-633.5407028802097,9.335991887007253
76,96,116,1374.9165456560054,1013.1885261603665,999.4509297241256,-637.7229102284866,6.782984415490887
77,97,117,1375.6459055400733,1017.193950922554,999.9845882240804,-641.5326336065611,4.1184190424691
78,98,118,1383.1835368942345,1016.8284791820455,1002.5883812145461,-636.233323502357,7.471855540113438
79,99,119,1375.3778630789793,1012.9152996954074,999.2135511925844,-636.7509878090125,6.196770978825612
80,100,120,1377.4922495285496,1025.3575801771092,975.9946254112788,-623.8599560598384,4.1384263173717954
81,101,121,1376.1996226881797,1025.5157917094225,967.7437955832511,-617.0599646044939,-36.409700515929785
82,102,122,1372.9934226006924,1024.159011246218,970.3413684005967,-621.5069570461221,-51.309648110392345
83,103,123,1379.6452163570416,1022.8039016606434,981.7842352216895,-624.9429205252914,10.563137642275251
84,104,124,1379.2634532569648,1018.6760939824364,986.7063957548498,-626.1190364803215,12.066761719556098
85,105,125,1376.1377953855076,1017.057936048679,984.7650332402541,-625.6851739034255,13.102920332081908
86,106,126,1377.4559412897806,1013.0065101587885,998.6089078022532,-634.159476671261,10.198025662842952
87,107,127,1370.0626873073343,1006.2214913299663,994.6416217828883,-630.8004258055203,10.94500882432203
88,108,128,1369.1213958886208,1006.2779954402605,995.381862691142,-632.5384622427816,10.339221856435529
89,109,129,1367.170703584956,1007.317691219019,995.6036393406218,-635.7506269746848,9.258993546274723
90,110,130,1369.3216563326296,1006.7019555981269,989.8742080030264,-627.2545072685239,12.375828418890364
91,111,131,1365.146366035187,997.052684927487,987.5236374133731,-619.4299563056732,15.867829615637788
92,112,132,1356.0378860926148,989.0401554185224,990.0118157894738,-623.0140851153815,11.632572199723313
93,113,133,1359.579720103626,986.9853394293073,1006.6218855595612,-634.0275048852425,8.416182493506767
94,114,134,1361.7929536337967,984.2399024478738,1008.8759252072289,-631.322874021306,9.185057410514105
95,115,135,1363.111616849155,992.8101558195166,1001.2457131447577,-630.9442521151193,8.683200971567999
96,116,136,1362.9200907013028,999.4509297241256,997.5654515737905,-634.0962905966132,8.082769220267892
97,117,137,1361.3698716026283,999.9845882240804,994.0041203511763,-632.6188369726283,7.4249108389076355
98,118,138,1357.9358360247174,1002.5883812145461,987.5708522603595,-632.2233974501883,8.192877607057767
99,119,139,1359.0326718131296,999.2135511925844,996.9782362737581,-637.1591156532129,6.048945626515774
100,120,140,1327.602274338491,975.9946254112788,993.8146024007873,-642.2069534735751,10.421426633980786
101,121,141,1323.090920918503,967.7437955832511,986.1857447093862,-630.8386193741344,57.10862725835909
102,122,142,1333.2205145245798,970.3413684005967,996.4321835815127,-633.5530374575296,70.44021577810304
103,123,143,1355.8268041876115,981.7842352216895,995.0140885461019,-620.9715195801798,6.260776141751762
104,124,144,1357.7335667228067,986.7063957548498,990.2658720359066,-619.2387010679497,7.633029121288132
105,125,145,1359.5868873843642,984.7650332402541,996.027271273881,-621.2054171297709,7.031329150686588
106,126,146,1371.2143189300837,998.6089078022532,998.6325302605694,-626.0271191327388,7.495123449934567
107,127,147,1364.7503891918109,994.6416217828883,997.0939691385946,-626.9852017296721,6.043605710103407
108,128,148,1364.0632725227965,995.381862691142,987.6580313604742,-618.9766215288196,7.180075405271964
109,129,149,1368.1452791463025,995.6036393406218,993.7806941156202,-621.2390543099395,6.67381891934474
110,130,150,1365.2020956603303,989.8742080030264,987.2311123252639,-611.9032246679601,8.090939328987133
111,131,151,1369.2925101984288,987.5236374133731,986.8378180965365,-605.0689453114808,10.043196941217502
112,132,152,1369.1821739499828,990.0118157894738,988.6355558194529,-609.4651976589439,7.753991401607777
113,133,153,1380.1032633312639,1006.6218855595612,985.619735684124,-612.1383579124213,7.466038318834876
114,134,154,1390.1392412366945,1008.8759252072289,994.3740703055101,-613.1107542760446,7.458468736739974
115,135,155,1389.9401133027686,1001.2457131447577,1000.0709111822429,-611.3765110242321,6.528743813132223
116,136,156,1387.9596164668833,997.5654515737905,1003.4211106787684,-613.0269457856757,5.494187657906423
117,137,157,1392.0933774693049,994.0041203511763,1004.6732979260855,-606.5840408079571,6.72726971591544
118,138,158,1378.953350932186,987.5708522603595,998.272662077127,-606.8901634053007,4.316713625291072
119,139,159,1383.7325613268235,996.9782362737581,991.1409239637035,-604.386598910638,3.082016790476928
120,140,160,1383.3204689916124,993.8146024007873,992.621813821484,-603.115947230659,2.5126747948421553
121,141,161,1391.4358387098785,986.1857447093862,1004.1966272763601,-598.946533275868,8.968482049467752
122,142,162,1391.6902005107559,996.4321835815127,994.2271692673435,-598.9691523381002,4.75943414664448
123,143,163,1382.145356613058,995.0140885461019,990.7169987511851,-603.585730684229,3.0609215556409026
124,144,164,1375.5592873846108,990.2658720359066,990.9973073774287,-605.7038920287246,2.9709603625353793
125,145,165,1392.1253891427357,996.027271273881,1002.3904056614965,-606.2922877926419,6.779253392926989
126,146,166,1382.5772196879084,998.6325302605694,998.7514526897619,-614.8067632624229,3.6518748704945665
127,147,167,1395.399108766599,997.0939691385946,1009.3877425094655,-611.0826028814611,9.489951689743862
128,148,168,1390.203090411801,987.6580313604742,1011.0542382220264,-608.5091791706996,11.47839641013013
129,149,169,1392.475392896999,993.7806941156202,1015.1807202100557,-616.4860214286768,13.129534014904038
130,150,170,1388.8063079749465,987.2311123252639,1013.7973587983065,-612.2221631486238,14.116408562174001
131,151,171,1382.0264639470445,986.8378180965365,1008.533844364679,-613.345198514171,13.794340932286786
132,152,172,1383.915240374045,988.6355558194529,1009.3641021921433,-614.0844176375513,13.402834778447868
133,153,173,1374.398274671331,985.619735684124,1009.1410585705153,-620.3625195833083,9.67374619608654
134,154,174,1370.3709215024155,994.3740703055101,1002.7678766320452,-626.7710254351398,5.343638520817876
135,155,175,1371.279407756761,1000.0709111822429,1005.5984892930462,-634.389992718528,4.33705123480479
136,156,176,1376.85533734726,1003.4211106787684,1007.8977100802233,-634.4634834117317,4.861344943626818
137,157,177,1379.630184404623,1004.6732979260855,1005.4768266152795,-630.5199401367422,6.1278782470667466
138,158,178,1372.2386288701516,998.272662077127,1003.5450437757404,-629.5790769827158,7.429542398940725
139,159,179,1360.3840844541774,991.1409239637035,1000.7054971841708,-631.4623366936969,4.448441897172643
140,160,180,1375.018317090219,992.621813821484,1014.1940699399718,-631.7975666712368,6.443242727489633
141,161,181,1373.4458245370363,1004.1966272763601,1000.3218581330727,-631.0726608723965,4.774651779172245
142,162,182,1368.606899621455,994.2271692673435,1004.7066944270499,-630.3269640729384,2.22080486461698
143,163,183,1369.4168064457936,990.7169987511851,1007.7052712560019,-629.0054635613933,2.7372061111253743
144,164,184,1375.6246369657542,990.9973073774287,1014.2850337908368,-629.6577042025112,3.7566353199714513
145,165,185,1375.8684461265507,1002.3904056614965,1006.5580006723499,-633.0799602072957,6.178314444627631
146,166,186,1369.9053134242981,998.7514526897619,1005.4791435835573,-634.325282849021,7.026685540864378
147,167,187,1377.686572062465,1009.3877425094655,1002.5483989237441,-634.2495693707447,6.943877567449363
148,168,188,1380.2441714063016,1011.0542382220264,1000.9680863081915,-631.7781531239161,8.346184186740402
149,169,189,1377.3808151296885,1015.1807202100557,993.0879800317107,-630.887885112078,10.726054150378786
150,170,190,1380.3402600155946,1013.7973587983065,991.7496555271825,-625.2067543098944,12.36942223509277
151,171,191,1387.138667409737,1008.533844364679,1002.1238695901529,-623.5190465450949,14.54206068123085
152,172,192,1388.4440221788204,1009.3641021921433,1001.7521649739306,-622.6722449872534,15.973799466957075
153,173,193,1385.8711526898026,1009.1410585705153,1005.3509285330841,-628.620834413797,12.338352855307448
154,174,194,1381.9958270974164,1002.7678766320452,1007.7787241232526,-628.5507736578813,11.499517490147582
155,175,195,1375.735504362156,1005.5984892930462,998.1211903472589,-627.984175278149,10.476217839444985
156,176,196,1376.3527562514905,1007.8977100802233,999.6122683870396,-631.1572222157724,10.965194489960936
157,177,197,1375.5172698954304,1005.4768266152795,999.9120580400015,-629.8716147598504,6.667479203111725
158,178,198,1376.0915907874355,1003.5450437757404,1000.2074207760616,-627.6608737643664,7.621720856902357
159,179,199,1371.6873630478349,1000.7054971841708,1002.4110910895959,-631.4292252259318,7.743270631508722
160,180,200,1372.4073999860234,1014.1940699399718,983.414741063312,-625.2014110172604,9.714348133865997
161,181,201,1357.7727013900198,1000.3218581330727,982.165438690527,-624.7145954335799,5.254869458850635
162,182,202,1354.5099373298053,1004.7066944270499,975.2055971573604,-625.4023542546051,4.927720969032521
163,183,203,1362.064252542374,1007.7052712560019,977.2358464987756,-622.8768652124033,7.031392099838513
164,184,204,1367.2959588528138,1014.2850337908368,984.079691156416,-631.0687660944391,5.049364692809377
165,185,205,1361.6798531633876,1006.5580006723499,986.4521404849922,-631.3302879939545,4.564209764599809
166,186,206,1362.658944914094,1005.4791435835573,989.0305609142222,-631.8507595836854,4.397316991663388
167,187,207,1350.0058668499103,1002.5483989237441,982.1528170387621,-634.695349112596,0.5619802421773556
168,188,208,1353.8256995272156,1000.9680863081915,987.3732113964749,-634.5155981774508,1.3004414523993546
169,189,209,1352.245605370319,993.0879800317107,988.4136158523331,-629.2559905137248,2.7132728022244237
