Left,Mid,Right,Loss,Loss_left,Loss_right,gain,glasso
0,20,40,1364.3221416548226,1006.2604996896182,982.5379127602806,-624.4762707950763,6.05181916085553
1,21,41,1365.619653089304,1005.1552155452234,984.4943936948373,-624.0299561507568,6.698153676181164
2,22,42,1356.1237019818673,993.5674696439535,982.312055650487,-619.7558233125733,2.4558011863427964
3,23,43,1356.394274791458,993.7018324854524,982.727574341684,-620.0351320356785,3.415598161389994
4,24,44,1362.7679103787511,992.0721718388829,994.4189710994025,-623.7232325595344,5.613036570109443
5,25,45,1360.6668739121988,994.7481264763901,990.3672339164694,-624.4484864806609,4.876754736280191
6,26,46,1364.870136059823,995.2541969221402,1002.6550065925987,-633.039067454916,5.891533784532498
7,27,47,1363.598677507539,996.5670214927986,1003.446039625567,-636.4143836108267,5.620653899055469
8,28,48,1365.7106778377633,993.4597557085474,1004.3386204156137,-632.0876982863979,6.199818399504807
9,29,49,1367.8472212472464,997.0640614604497,1003.3981624396524,-632.6150026528558,3.3551122988037605
10,30,50,1371.8830798682939,995.0162968024601,1005.0199060867516,-628.153123020918,4.367124296971724
11,31,51,1366.1767834960046,990.6617383576554,1004.5372318976171,-629.0221867592677,5.582856723096938
12,32,52,1351.1566423857416,975.9853398049759,1005.0843845804202,-629.9130819996544,0.8356084817215788
13,33,53,1362.4509990690192,971.7725913457253,1011.886942427539,-621.208534704245,3.797386165941134
14,34,54,1346.5742828606571,951.4010986388089,1011.1861133786459,-616.0129291567978,6.584373536993212
15,35,55,1340.78527944805,975.8634467731432,992.604987998108,-627.6831553232012,4.1885518992168045
16,36,56,1358.8579340085907,977.4567672843474,1006.0470809332453,-624.6459142090021,10.0915834722108
17,37,57,1368.0370277436405,976.4882821340084,1016.1730325068202,-624.6242868971881,12.406693688023893
18,38,58,1372.4934937920436,984.596829479473,1014.3971219275264,-626.5004576149556,11.58264071074052
19,39,59,1376.9823114358637,981.055051330588,1015.0363309913101,-619.1090708860343,13.592565316714854
20,40,60,1377.8483528986833,982.5379127602806,1017.532236897195,-622.2217967587924,13.7711324800905
21,41,61,1383.5394454757247,984.4943936948373,1021.4106319524797,-622.3655801715922,13.605110397004182
22,42,62,1386.3374224256781,982.312055650487,1022.3398379639355,-618.3144711887444,10.3500771770357
23,43,63,1390.0514814631056,982.727574341684,1029.9088092995214,-622.5849021780998,10.671385247764533
24,44,64,1396.9503359556736,994.4189710994025,1030.9279687819828,-628.3966039257118,10.636441549249753
25,45,65,1397.5696371353615,990.3672339164694,1035.6594716269194,-628.4570684080272,10.353771476239672
26,46,66,1407.4111586295803,1002.6550065925987,1036.400326996432,-631.6441749594505,7.440978266699517
27,47,67,1409.6625429510646,1003.446039625567,1036.4720253030173,-630.2555219775197,9.7288809449077
28,48,68,1414.288093961469,1004.3386204156137,1042.1457800440362,-632.1963064981808,9.13996087508906
29,49,69,1413.2804672555812,1003.3981624396524,1040.6529611394687,-630.7706563235399,8.137525130655035
30,50,70,1427.2637053769558,1005.0199060867516,1050.582323038791,-628.3385237485868,9.151223662509665
31,51,71,1437.9289659198284,1004.5372318976171,1052.3758233225296,-618.9840893003184,10.888221364456058
32,52,72,1436.5747705376948,1005.0843845804202,1047.6195248347217,-616.1291388774471,12.264230718487738
33,53,73,1438.9913185894802,1011.886942427539,1041.0018539980038,-613.8974778360625,12.29418092768151
34,54,74,1435.6630330086161,1011.1861133786459,1040.553717083502,-616.0767974535318,12.884000262988138
35,55,75,1425.7987394597567,992.604987998108,1046.0344716390912,-612.8407201774426,13.572244345168997
36,56,76,1431.7861255051216,1006.0470809332453,1032.702009361693,-606.9629647898166,17.9788369488831
37,57,77,1443.7541563088107,1016.1730325068202,1030.322732121438,-602.7416083194476,14.995894618944135
38,58,78,1437.7991407482705,1014.3971219275264,1024.8514943256284,-601.4494755048845,13.76870499205279
39,59,79,1438.1025964302466,1015.0363309913101,1013.9276583193536,-590.861392880417,18.360459876346
40,60,80,1439.404819885166,1017.532236897195,1005.9441461245883,-584.0715631366174,20.976705798823787
41,61,81,1437.1849129111297,1021.4106319524797,1000.599896576303,-584.825615617653,18.66888776822657
42,62,82,1437.8082427148045,1022.3398379639355,1004.2039177003222,-588.7355129494533,18.43927609749892
43,63,83,1440.8845997410926,1029.9088092995214,997.6489028598778,-586.6731124183066,18.659207327915283
44,64,84,1430.4982767537126,1030.9279687819828,995.7165927608207,-596.1462847890909,18.537738936779988
45,65,85,1433.4873443298318,1035.6594716269194,996.0515003303876,-598.2236276274753,17.492065666494
46,66,86,1421.303078411186,1036.400326996432,987.6603647305164,-602.7576133157625,16.22602292332408
47,67,87,1422.1490339220222,1036.4720253030173,988.5882865982908,-602.9112779792858,18.585316454212148
48,68,88,1423.4437754736352,1042.1457800440362,989.9976022240469,-608.6996067944478,16.554235129733115
49,69,89,1421.6644961075383,1040.6529611394687,987.4880108324141,-606.4764758643446,15.889418701678892
50,70,90,1421.1935963635149,1050.582323038791,973.3467700266974,-602.7354967019735,18.073051093179174
51,71,91,1419.3719995289844,1052.3758233225296,961.5726731938655,-594.5764969874108,19.695344307503774
52,72,92,1429.0338053674523,1047.6195248347217,972.3537115109339,-590.9394309782033,19.578944116122216
53,73,93,1426.0465337622388,1041.0018539980038,978.3580338395914,-593.3133540753563,19.45035384398625
54,74,94,1424.7296066323672,1040.553717083502,983.7784624403284,-599.6025728914633,18.067232585311785
55,75,95,1430.8907987604875,1046.0344716390912,988.7833629172528,-603.9270357958565,17.060439681984008
56,76,96,1406.5518711132145,1032.702009361693,986.1884360076821,-612.3385742561604,11.659581030157142
57,77,97,1389.3910230980869,1030.322732121438,973.2567196724875,-614.1884286958389,9.345796963347311
58,78,98,1380.4789709871902,1024.8514943256284,971.1626382811639,-615.5351616196021,7.62304766611453
59,79,99,1364.4587776346125,1013.9276583193536,971.3701795981635,-620.8390602829045,8.34028152197061
60,80,100,1348.0997023028144,1005.9441461245883,966.4686640396645,-624.3131078614383,4.6100821228367295
61,81,101,1357.464044084162,1000.599896576303,980.2771317482759,-623.412984240417,5.695581347634175
62,82,102,1359.5298098445915,1004.2039177003222,982.6501849326844,-627.3242927884153,5.387316342360691
63,83,103,1354.3462142468948,997.6489028598778,979.680923243599,-622.983611856582,6.092739819063695
64,84,104,1351.4267399878297,995.7165927608207,980.8253564600789,-625.1152092330699,5.775715896612837
65,85,105,1358.4928596036534,996.0515003303876,990.7038321152561,-628.2624728419903,7.845242718849022
66,86,106,1360.1495506457572,987.6603647305164,1002.3449774955693,-629.8557915803285,8.778657583170911
67,87,107,1363.0721285295074,988.5882865982908,1007.0696997188645,-632.5858577876479,8.142642791292587
68,88,108,1362.5032855461661,989.9976022240469,999.6872314924786,-627.1815481703595,10.605158436835382
69,89,109,1365.3647543354111,987.4880108324141,999.4218890263066,-621.5451455233097,13.306827135994354
70,90,110,1365.9472090590432,973.3467700266974,1011.3669968836671,-618.7665578513213,14.390236992200244
71,91,111,1359.2150007300884,961.5726731938655,1014.7775391573214,-617.1352116210985,8.053624113876594
72,92,112,1362.4269468288976,972.3537115109339,1007.1213874627138,-617.04815214475,7.9906036399190725
73,93,113,1365.9161415656174,978.3580338395914,1000.0320715152932,-612.4739637892671,9.777197953209793
74,94,114,1368.1280829728357,983.7784624403284,995.7160779792921,-611.3664574467848,10.528206479781147
75,95,115,1369.947189200813,988.7833629172528,991.5973319710987,-610.4335056875386,10.41513859636359
76,96,116,1369.0593887973264,986.1884360076821,994.5635682213012,-611.692615431657,11.575687950688803
77,97,117,1360.9641016432206,973.2567196724875,1000.4105688572206,-612.7031868864874,9.799646729604774
78,98,118,1359.0346237534227,971.1626382811639,1003.6102874869974,-615.7383020147386,7.488497483244942
79,99,119,1357.8966147858432,971.3701795981635,1002.1732198361824,-615.6467846485027,7.025941314443912
80,100,120,1365.1797661012793,966.4686640396645,1010.8791057609337,-612.1680036993189,8.208700334687592
81,101,121,1371.4116221797026,980.2771317482759,1020.0919730509128,-628.9574826194862,3.7701425670272783
82,102,122,1380.5400913555004,982.6501849326844,1020.1436998418823,-622.2537934190664,1.9042573863875987
83,103,123,1379.7394903479992,979.680923243599,1013.5159243091953,-613.457357204795,8.755743415827055
84,104,124,1382.0802178338313,980.8253564600789,1022.3801277302458,-621.1252663564933,6.855351187655629
85,105,125,1384.015772495,990.7038321152561,1014.8475984199144,-621.5356580401706,7.076916209088722
86,106,126,1385.6817166679527,1002.3449774955693,1018.5365339738494,-635.1997948014659,3.7685196062205932
87,107,127,1391.216187534314,1007.0696997188645,1019.0892289793161,-634.9427411638667,4.707415425706472
88,108,128,1384.2236434579722,999.6872314924786,1017.5574397443886,-633.0210277788951,4.470560442488363
89,109,129,1380.0021637551315,999.4218890263066,1017.9607066289695,-637.3804319001447,5.418790152122256
90,110,130,1382.003872666579,1011.3669968836671,1008.0857899648245,-637.4489141819126,7.198495205484278
91,111,131,1384.1490292057274,1014.7775391573214,1003.8741589450467,-634.5026688966407,6.846278045122517
92,112,132,1371.8147061935742,1007.1213874627138,1004.000755152498,-639.3074364216375,7.701137024538411
93,113,133,1367.733140140694,1000.0320715152932,1010.2571686889137,-642.5561000635128,4.2885637358210715
94,114,134,1365.3954776792739,995.7160779792921,1011.6370339363989,-641.9576342364171,3.8425969210843505
95,115,135,1367.2664815912372,991.5973319710987,1013.3665803778465,-637.6974307577079,5.916054702176893
96,116,136,1372.6443774432864,994.5635682213012,1017.3738910509206,-639.2930818289356,5.265283582644997
97,117,137,1373.697527738112,1000.4105688572206,1009.7903926239852,-636.5034337430939,6.025097106521912
98,118,138,1372.527830074091,1003.6102874869974,1007.3019989782979,-638.3844563912044,3.1156515803611455
99,119,139,1370.4537756434784,1002.1732198361824,1002.884328822137,-634.603773014841,5.861466524161187
100,120,140,1381.2401010651656,1010.8791057609337,1004.0089320454605,-633.6479367412285,5.73043569625986
101,121,141,1393.425571839858,1020.0919730509128,1004.0223182615277,-630.6887194725823,3.273015268778522
102,122,142,1381.9510840930734,1020.1436998418823,994.8291773559679,-633.0217931047769,6.290123882840476
103,123,143,1394.9963788537457,1013.5159243091953,1010.2883398592069,-628.8078853146565,7.796357882584289
104,124,144,1414.75440475163,1022.3801277302458,1018.7801152300007,-626.4058382086164,11.001867624419674
105,125,145,1409.172449582195,1014.8475984199144,1020.5826737113068,-626.2578225490263,5.9044522332093266
106,126,146,1410.1529938951358,1018.5365339738494,1022.8516192673763,-631.2351593460899,3.5490682201984782
107,127,147,1422.2519764570743,1019.0892289793161,1029.3657597599827,-626.2030122822243,4.278795913390695
108,128,148,1432.3975814112223,1017.5574397443886,1035.146723258826,-620.3065815919922,5.623604664473646
109,129,149,1432.8356807741716,1017.9607066289695,1036.7067047960493,-621.8317306508475,4.597017587312848
110,130,150,1420.9442986053234,1008.0857899648245,1038.5834620500116,-625.7249534095126,6.035949177316411
111,131,151,1435.4331885755205,1003.8741589450467,1046.2517306920995,-614.6927010616259,7.79045752476361
112,132,152,1430.121815501072,1004.000755152498,1042.9605897113274,-616.8395293627534,7.287694369325777
113,133,153,1431.2783001843572,1010.2571686889137,1034.0492321251866,-613.028100629743,7.30351813816992
114,134,154,1430.949560726662,1011.6370339363989,1029.6769264568243,-610.3643996665612,8.411233655941146
115,135,155,1433.035068115907,1013.3665803778465,1024.056712188693,-604.3882244506324,10.282972280010426
116,136,156,1426.6775078580683,1017.3738910509206,1016.9821565164452,-607.6785397092974,8.465340428110494
117,137,157,1420.5850305716401,1009.7903926239852,1016.6222190766846,-605.8275811290298,8.865341753735265
118,138,158,1426.0645367809827,1007.3019989782979,1018.5468601645014,-599.7843223618165,13.222278406401983
119,139,159,1421.0428079746632,1002.884328822137,1010.5173953822568,-592.3589162297305,15.144002877726734
120,140,160,1419.69242033548,1004.0089320454605,1004.4729912861076,-588.789502996088,17.66836408785491
121,141,161,1415.556873051762,1004.0223182615277,1005.9666397302764,-594.4320849400419,15.033381485421955
122,142,162,1409.8758378464127,994.8291773559679,1010.1836114811792,-595.1369509907345,14.876048294146472
123,143,163,1413.8599844089113,1010.2883398592069,1000.8598405700913,-597.2881960203867,13.575452609461877
124,144,164,1411.4326599109631,1018.7801152300007,996.4209888370324,-603.76844415607,13.988622987484632
125,145,165,1409.534468366728,1020.5826737113068,1000.1802172094673,-611.2284225540461,11.417826559631294
126,146,166,1408.145176586994,1022.8516192673763,996.2441692728581,-610.9506119532405,11.070146686665112
127,147,167,1403.6903563830756,1029.3657597599827,990.9082601717415,-616.5836635486485,8.39554652643767
128,148,168,1412.4565287562978,1035.146723258826,992.9486065094613,-615.6388010119895,7.569743575989264
129,149,169,1407.3006066840721,1036.7067047960493,989.0084899055594,-618.4145880175365,6.045704125852012
130,150,170,1408.0203339996583,1038.5834620500116,988.6148218944679,-619.1779499448212,5.6463621850294885
131,151,171,1410.035256774698,1046.2517306920995,980.9225533443621,-617.1390272617637,2.801420786758399
132,152,172,1401.8400397839375,1042.9605897113274,979.3073935960164,-620.4279435234064,2.4905442161428937
133,153,173,1391.632821839423,1034.0492321251866,978.8977547057217,-621.3141649914853,1.8001212061423075
134,154,174,1387.8704920324317,1029.6769264568243,981.1168851940657,-622.9233196184582,1.0520010615032334
135,155,175,1377.900937732947,1024.056712188693,978.1106016125561,-624.266376068302,-1.390504567243056
136,156,176,1380.0438618534852,1016.9821565164452,987.002961687627,-623.9412563505871,5.075144081357848
137,157,177,1389.9996951842145,1016.6222190766846,994.7389783099184,-621.3615022023885,9.881950039994535
138,158,178,1386.943650760445,1018.5468601645014,982.930004414479,-614.5332138185354,11.769394622261075
139,159,179,1384.0949406943887,1010.5173953822568,989.2991694950914,-615.7216241829597,16.09104398499869
140,160,180,1377.3354481825925,1004.4729912861076,972.3659719877207,-599.5035150912358,27.097013394589567
141,161,181,1372.1978599601466,1005.9666397302764,971.6316884641328,-605.4004682342625,21.768701387382634
142,162,182,1374.291895101664,1010.1836114811792,966.9292794353445,-602.8209958148595,24.311333947073194
143,163,183,1367.108315402802,1000.8598405700913,973.0957111873158,-606.8472363546052,19.357255025604218
144,164,184,1365.5490465089943,996.4209888370324,969.6539242430392,-600.5258665710774,23.197141653641438
145,165,185,1367.3870216885236,1000.1802172094673,966.4994414043314,-599.292636925275,24.35478077406674
146,166,186,1366.2119528569003,996.2441692728581,968.6962229470673,-598.728439363025,26.712501684465337
147,167,187,1360.9344160073688,990.9082601717415,972.7917980131772,-602.76564217755,26.605330504141193
148,168,188,1357.573798789385,992.9486065094613,972.2158346034436,-607.5906423235201,21.58242198781545
149,169,189,1358.5668715550669,989.0084899055594,972.7546016098743,-603.1962199603668,23.05207705975795
150,170,190,1356.8935314927792,988.6148218944679,967.5645954671405,-599.2858858688294,23.84592360194233
151,171,191,1344.7795578174964,980.9225533443621,971.4199969506658,-607.5629924775315,17.287766404318063
152,172,192,1355.4203860030175,979.3073935960164,994.8489361893537,-618.7359437823525,11.64364352529742
153,173,193,1361.5245764473675,978.8977547057217,1008.2937426415546,-625.6669208999087,7.187700906820396
154,174,194,1358.981307568051,981.1168851940657,1004.5922756501777,-626.7278532761923,4.181084778438844
155,175,195,1356.7395184371644,978.1106016125561,1002.7018779817679,-624.0729611571596,1.9806915699809906
156,176,196,1356.7372983123296,987.002961687627,999.1156633025681,-629.3813266778657,5.2286756876537765
157,177,197,1354.0223382523548,994.7389783099184,992.674309899623,-633.3909499571866,2.613812865841737
158,178,198,1352.7662255228574,982.930004414479,999.9409024599979,-630.1046813516195,1.8333322776045406
159,179,199,1353.1277690338818,989.2991694950914,994.4737272184638,-630.6451276796734,3.785113380184839
160,180,200,1344.4380560756179,972.3659719877207,995.2980667019037,-623.2259826140066,6.446559733610002
161,181,201,1347.7691125000601,971.6316884641328,996.2933707858398,-620.1559467499123,7.872083623329786
162,182,202,1344.142891208413,966.9292794353445,989.2594667853706,-612.0458550123021,10.54263223415478
163,183,203,1348.831657771224,973.0957111873158,993.4925669003194,-617.7566203164113,9.721764723890146
164,184,204,1351.5523736069385,969.6539242430392,988.6939829846726,-606.7955336207733,13.960000144317974
165,185,205,1351.8184845830274,966.4994414043314,989.9290297746988,-604.6099865960027,16.255775939113164
166,186,206,1356.9420294110691,968.6962229470673,991.1701005265129,-602.9242940625111,19.76336398645992
167,187,207,1355.2499944552155,972.7917980131772,981.4116126104002,-598.9534161683619,24.851950026261648
168,188,208,1355.4763315484465,972.2158346034436,979.2717469441126,-596.0112499991096,26.465505138543676
169,189,209,1357.11240946766,972.7546016098743,977.3939086539353,-593.0361007961496,29.748113027360887
