Left,Mid,Right,Loss,Loss_left,Loss_right,gain,glasso
0,20,40,1351.7161220999376,970.1003650964371,994.0774930564988,-612.4617360529985,11.080267121072325
1,21,41,1343.4331506045892,960.8439827855631,994.369853774602,-611.7806859555758,10.686642188483233
2,22,42,1340.037006924737,966.3928149564468,992.4584308052812,-618.8142388369911,9.851089125826547
3,23,43,1322.1128544897122,960.3129473070503,987.031998379794,-625.2320911971321,61.77330884635694
4,24,44,1322.7701434279231,950.3908073182995,988.861699489034,-616.4823633794103,77.1470816731279
5,25,45,1345.0612593925139,950.4577636690218,1002.7759723920038,-608.1724766685118,15.016076505851288
6,26,46,1345.4732849740317,963.1914360195073,1003.5588132472785,-621.2769642927542,11.670357536241
7,27,47,1345.0272656287748,978.7815812732474,996.2692072375087,-630.0235228819813,8.158580960062068
8,28,48,1342.4262710993905,977.2206686019488,994.6285337778792,-629.4229312804375,7.150910459361398
9,29,49,1360.447240538856,983.5696444840526,1007.6185629992544,-630.740966944451,5.596190652970336
10,30,50,1357.3863980464546,984.2003779975925,1006.3266390878264,-633.1406190389641,4.189900552273343
11,31,51,1359.8855817045999,976.6997843759789,1012.2325436105564,-629.0467462819354,8.12360290953984
12,32,52,1361.69373559638,976.2536585676064,1011.9657742370523,-626.5256972082786,6.413825209235711
13,33,53,1361.7573070014928,974.5666027241233,1011.5635806787407,-624.3728764013713,5.976127661522241
14,34,54,1366.843523958276,977.4293326535651,1013.1849395457645,-623.7707482410538,6.103709518424807
15,35,55,1365.125363031581,975.4393557444662,1012.6677844103474,-622.9817771232326,5.665058187544901
16,36,56,1360.9702037467061,975.9485388949392,1008.6796214446651,-623.6579565928982,5.6683553640657465
17,37,57,1359.0728523999599,981.0244942048707,1004.8918472637525,-626.8434890686633,4.821234817231357
18,38,58,1359.7457069100365,992.1092360828748,997.0949171940854,-629.4584463669237,4.914949061054244
19,39,59,1357.6735089147364,1001.7430646749247,985.9665640701282,-630.0361198303165,4.302117808064281
20,40,60,1354.5679764499523,994.0774930564988,991.6338130666078,-631.1433296731543,6.036819363721406
21,41,61,1339.0348689750099,994.369853774602,982.4190268465602,-637.7540116461523,5.589035119272353
22,42,62,1344.4208380997316,992.4584308052812,990.2535769560391,-638.2911696615888,6.152382365388235
23,43,63,1356.5122245261787,987.031998379794,1001.148890483253,-631.6686643368685,-47.042824698609024
24,44,64,1377.5223982758553,988.861699489034,1014.3639468058428,-625.7032480190214,-58.91872129676665
25,45,65,1378.6436996640264,1002.7759723920038,1006.5939344415447,-630.7262071695222,8.54776583887724
26,46,66,1387.3338252268368,1003.5588132472785,1015.6967100576123,-631.9216980780541,4.226255388167829
27,47,67,1397.7743348646275,996.2692072375087,1033.3983886814144,-631.8932610542956,5.067177840995214
28,48,68,1398.0636412173149,994.6285337778792,1031.7464568136672,-628.3113493742317,3.4046091626618136
29,49,69,1381.863043936346,1007.6185629992544,1009.2326569150382,-634.9881759779466,5.115138746663661
30,50,70,1401.6141375382763,1006.3266390878264,1020.7985237064299,-625.51102525598,10.226559777122134
31,51,71,1401.3632907226847,1012.2325436105564,1021.677364771199,-632.5466176590708,8.041550497628577
32,52,72,1400.817588324665,1011.9657742370523,1021.1214304071999,-632.2696163195874,7.373619148131752
33,53,73,1405.8238281055678,1011.5635806787407,1021.5181228987404,-627.2578754719134,8.793454778636487
34,54,74,1401.8562033390901,1013.1849395457645,1004.1076823016197,-615.4364185082939,13.239455990648366
35,55,75,1402.6604634841394,1012.6677844103474,1000.838566508734,-610.8458874349419,13.061871321305716
36,56,76,1409.317224724605,1008.6796214446651,1007.6227905218516,-606.9851872419117,12.908541189035986
37,57,77,1409.8038258782099,1004.8918472637525,1005.9723518764287,-601.0603732619713,12.9370201113843
38,58,78,1407.8254250073205,997.0949171940854,1007.2402246112931,-596.509716798058,13.2473526150618
39,59,79,1393.37520459923,985.9665640701282,1003.633633944345,-596.2249934152433,10.797194357733588
40,60,80,1403.213769043993,991.6338130666078,1006.3610275370891,-594.7810715597041,13.988151970994295
41,61,81,1404.1274131079235,982.4190268465602,1006.4169000029171,-584.7085137415538,17.95805432048769
42,62,82,1407.6767199930578,990.2535769560391,1003.5972446729725,-586.1741016359538,19.461815888143178
43,63,83,1414.4220677777894,1001.148890483253,1006.1239138165915,-592.8507365220553,16.48572984312193
44,64,84,1412.2991205160597,1014.3639468058428,1003.1257184185797,-605.1905447083627,14.395463202421183
45,65,85,1406.307857741093,1006.5939344415447,1007.0931553007617,-607.3792320012135,15.206377982288586
46,66,86,1408.8873047219108,1015.6967100576123,993.6541678438709,-600.4635731795724,18.37457346782901
47,67,87,1405.1782516171515,1033.3983886814144,987.2795438246085,-615.4996808888714,11.37774077052677
48,68,88,1408.3726334503503,1031.7464568136672,989.1720452659323,-612.5458686292491,10.779862610130749
49,69,89,1388.7237827741915,1009.2326569150382,996.2240272577693,-616.7329013986159,11.415532221438866
50,70,90,1380.5982926552315,1020.7985237064299,968.6379658408157,-608.8381968920141,15.786247938313068
51,71,91,1378.8205542849735,1021.677364771199,966.7930678975526,-609.6498783837781,14.481908456676024
52,72,92,1373.135892687997,1021.1214304071999,959.4235907495283,-607.4091284687311,14.138506962489828
53,73,93,1374.5686890821194,1021.5181228987404,968.5650827740642,-615.5145165906852,12.210773206574004
54,74,94,1360.4873920840137,1004.1076823016197,974.496922834481,-618.117213052087,15.361672456079646
55,75,95,1365.2319308437045,1000.838566508734,985.0683378723312,-620.6749735373605,14.482205686984116
56,76,96,1364.3633736506758,1007.6227905218516,972.7251354951497,-615.9845523663255,14.031688124705624
57,77,97,1366.4786188098055,1005.9723518764287,980.1293209014915,-619.6230539681146,14.099415673048497
58,78,98,1362.8520312965654,1007.2402246112931,985.5046740025687,-629.8928673172963,10.121955151520524
59,79,99,1360.1378822349543,1003.633633944345,991.2988448381554,-634.794596547546,7.56399534394825
60,80,100,1356.1676439302637,1006.3610275370891,979.2156142077501,-629.4089978145755,9.511406258668103
61,81,101,1362.7221756704553,1006.4169000029171,986.4679893211126,-630.1627136535744,10.172055184735086
62,82,102,1358.9061712050825,1003.5972446729725,987.9517541336711,-632.6428276015611,10.80066379911068
63,83,103,1356.7459314043613,1006.1239138165915,985.1631548571488,-634.5411372693791,9.282790360997183
64,84,104,1356.3844208456414,1003.1257184185797,988.9562197925877,-635.697517365526,6.787273680166436
65,85,105,1354.5088869878211,1007.0931553007617,985.3468385659386,-637.9311068788791,8.08482746612458
66,86,106,1345.2001856287243,993.6541678438709,986.4745886275133,-634.9285708426601,6.070185934190135
67,87,107,1345.4375679008149,987.2795438246085,991.9200116715382,-633.7619875953319,6.847076059798496
68,88,108,1347.1332906193584,989.1720452659323,988.9135914015488,-630.9523460481228,7.492732537845768
69,89,109,1347.8792798818831,996.2240272577693,987.2321039602843,-635.5768513361704,8.855156904479372
70,90,110,1336.641256256785,968.6379658408157,1000.5357670827756,-632.5324766668061,8.92932621280761
71,91,111,1337.4835847371992,966.7930678975526,999.7935912877273,-629.1030744480809,8.810881570854804
72,92,112,1333.1486732956835,959.4235907495283,997.8435981132812,-624.1185155671262,9.736099387229956
73,93,113,1333.0003472960248,968.5650827740642,988.2981131132163,-623.8628485912559,12.313844527316405
74,94,114,1337.6257572901236,974.496922834481,982.5115920371692,-619.3827575815267,18.332347490781785
75,95,115,1341.1354582256633,985.0683378723312,979.3409645865764,-623.2738442332443,13.434853380762888
76,96,116,1338.4239369408817,972.7251354951497,988.6416082311565,-622.9428067854244,10.00916408165449
77,97,117,1348.1122274316347,980.1293209014915,986.5997139304093,-618.616807400266,10.910015496692381
78,98,118,1348.8258403479078,985.5046740025687,985.3368885662762,-622.015722220937,9.68351899578272
79,99,119,1353.8510307741565,991.2988448381554,990.1628639541527,-627.6106780181517,4.3181381684803455
80,100,120,1352.1562599418082,979.2156142077501,996.3429336453778,-623.4022879113197,5.272293175970503
81,101,121,1351.4719328694946,986.4679893211126,990.2291815589458,-625.2252380105638,6.120868513828555
82,102,122,1352.7047703612498,987.9517541336711,994.3752053294223,-629.6221891018436,6.050026686560045
83,103,123,1351.7774281280163,985.1631548571488,998.8944360031668,-632.2801627322992,3.326976164050393
84,104,124,1351.5263374834142,988.9562197925877,992.9711521365632,-630.4010344457367,4.490073159124904
85,105,125,1348.4766691262869,985.3468385659386,991.9273486409555,-628.7975180806072,5.157752251818351
86,106,126,1353.118709645471,986.4745886275133,990.5767256169414,-623.9326045989837,9.408652169847073
87,107,127,1354.7672026361074,991.9200116715382,986.5928175511565,-623.7456265865872,11.165338610746971
88,108,128,1358.4340746731718,988.9135914015488,987.3802701036158,-617.8597868319928,14.654621288183534
89,109,129,1355.2855632666942,987.2321039602843,985.3037890846383,-617.2503297782284,16.609153218208235
90,110,130,1357.649426478713,1000.5357670827756,979.6208632932256,-622.5072038972883,11.784675124771638
91,111,131,1363.6806065093288,999.7935912877273,988.8467731796361,-624.9597579580345,10.530767595936709
92,112,132,1363.1859808731363,997.8435981132812,989.4691274986803,-624.1267447388252,10.952661587185275
93,113,133,1352.9922721474786,988.2981131132163,993.3143269953949,-628.6201679611327,10.3961114055694
94,114,134,1356.9732044259463,982.5115920371692,999.1722352205281,-624.7106228317512,14.96777316577652
95,115,135,1349.2826662439843,979.3409645865764,1000.7768216364194,-630.8351199790116,10.369751124165987
96,116,136,1347.3099446407125,988.6416082311565,991.4757599591321,-632.8074235495762,7.229839364593772
97,117,137,1351.143501131802,986.5997139304093,995.8233482041302,-631.2795610027376,6.866457614959359
98,118,138,1352.3539967656952,985.3368885662762,999.3959143647622,-632.3788061653431,7.3024472009389
99,119,139,1348.7916818512304,990.1628639541527,992.2983887409125,-633.6695708438349,4.285030112918207
100,120,140,1352.0539720076833,996.3429336453778,986.8215503838524,-631.1105120215468,5.697996441614009
101,121,141,1350.6505050675087,990.2291815589458,988.174816536645,-627.7534930280822,6.954979748802884
102,122,142,1361.3621891036669,994.3752053294223,991.3053610500427,-624.3183772757982,6.637745214957249
103,123,143,1357.332713829731,998.8944360031668,985.8007536176243,-627.3624757910602,4.111593408273734
104,124,144,1351.3907750180128,992.9711521365632,983.1024230923448,-624.682800210895,5.195471882295351
105,125,145,1351.451314816257,991.9273486409555,982.3048374320031,-622.7808712567014,5.818432305922329
106,126,146,1345.8660443725466,990.5767256169414,972.4820950615667,-617.1927763059616,2.157050482013574
107,127,147,1349.8440469313318,986.5928175511565,981.2291079063914,-617.977878526216,4.148696802444192
108,128,148,1355.4042637928446,987.3802701036158,980.1379508335372,-612.1139571443082,5.718148620208353
109,129,149,1356.0890354066796,985.3037890846383,984.9040131011257,-614.1187667790844,6.974545178566359
110,130,150,1345.7899450272084,979.6208632932256,980.2681723643848,-614.0990906304019,2.041766802626171
111,131,151,1353.3786863731193,988.8467731796361,975.8546085999878,-611.3226954065046,2.4120450955269916
112,132,152,1365.2659790450753,989.4691274986803,983.2965893251707,-607.4997377787759,3.6959664451329672
113,133,153,1372.179409333995,993.3143269953949,986.5292709318162,-607.6641885932163,3.6803984021890983
114,134,154,1370.6081085394803,999.1722352205281,981.201236851605,-609.7653635326528,5.133454426261778
115,135,155,1379.1381351037298,1000.7768216364194,984.5235777768827,-606.1622643095723,8.294744221909468
116,136,156,1371.8064769090156,991.4757599591321,989.057600141786,-608.7268831919025,7.333282368644973
117,137,157,1370.2981865642755,995.8233482041302,979.4252009380058,-604.9503625778605,8.264129249237158
118,138,158,1367.3434428079267,999.3959143647622,970.4820038655853,-602.5344754224207,6.770060130120555
119,139,159,1358.983527311231,992.2983887409125,975.1789170757124,-608.493778505394,6.695584494362265
120,140,160,1359.1368240626866,986.8215503838524,976.9698310716287,-604.6545573927945,7.2065241601958405
121,141,161,1366.3029514777159,988.174816536645,978.6458360122084,-600.5177010711377,7.952738642243958
122,142,162,1360.6863966135502,991.3053610500427,966.4529119549015,-597.0718763913942,9.205275975429913
123,143,163,1354.4690911754903,985.8007536176243,966.3569062742997,-597.6885687164338,8.050153513192186
124,144,164,1347.9898390959045,983.1024230923448,973.9710527660782,-609.0836367625186,9.30415233016572
125,145,165,1354.5868766761691,982.3048374320031,977.8574069840033,-605.5753677398372,10.791099759068175
126,146,166,1351.604083988455,972.4820950615667,980.1343221574136,-601.0123332305254,7.4038389833175415
127,147,167,1355.6790923432075,981.2291079063914,979.3710478581322,-604.9210634213161,4.806375086645517
128,148,168,1350.4390162275301,980.1379508335372,978.7097201689118,-608.4086547749187,1.281937211985337
129,149,169,1350.7331929909815,984.9040131011257,977.5934266598285,-611.7642467699727,2.6960774160978644
130,150,170,1347.6222565967487,980.2681723643848,978.6830306037831,-611.3289463714191,2.593324012436142
131,151,171,1337.8434758522521,975.8546085999878,973.6423469023492,-611.653479650085,1.5987342319194795
132,152,172,1340.9290417039788,983.2965893251707,966.1794417049102,-608.546989326102,-1.05921272240721
133,153,173,1342.2189443338548,986.5292709318162,967.6347544921334,-611.9450810900948,-3.563544096330702
134,154,174,1336.58422635436,981.201236851605,970.7164847184586,-615.3334952157036,-4.941619112134276
135,155,175,1337.4335280558937,984.5235777768827,962.9889008563739,-610.078950577363,-0.9927227838148838
136,156,176,1347.295504627005,989.057600141786,968.1896836162321,-609.9517791310132,2.388058792916354
137,157,177,1348.785871104026,979.4252009380058,978.2584005230345,-608.8977303570143,5.758311731151139
138,158,178,1338.951909269204,970.4820038655853,979.356994667376,-610.8870892637574,3.8470897786777414
139,159,179,1341.1186166694295,975.1789170757124,982.1577185504359,-616.2180189567189,2.0278966142154786
140,160,180,1345.339035483932,976.9698310716287,992.2883780455143,-623.9191736332109,2.0608846506755754
141,161,181,1341.8556524624944,978.6458360122084,985.776787874244,-622.566971423958,1.5415952874259347
142,162,182,1332.9288740603306,966.4529119549015,984.9648018287519,-618.4888397233228,0.7277148484777172
143,163,183,1334.992143236645,966.3569062742997,987.5812596195149,-618.9460226571696,1.4246276792104027
144,164,184,1342.8475506770842,973.9710527660782,992.2047067636552,-623.3282088526491,3.8037002849430337
145,165,185,1344.7973785044735,977.8574069840033,986.859494733231,-619.9195232127609,1.9104665362237938
146,166,186,1350.0559781372272,980.1343221574136,987.5524599559251,-617.6308039761116,4.1932006391925825
147,167,187,1353.215488333055,979.3710478581322,993.8637405497979,-620.019300074875,5.166169395975089
148,168,188,1356.4831172879913,978.7097201689118,999.478298946197,-621.7049018271175,5.744630057558879
149,169,189,1355.1738870394317,977.5934266598285,998.3384467027897,-620.7579863231865,7.286765238725252
150,170,190,1358.2348007404908,978.6830306037831,999.3876989355391,-619.8359287988314,7.297309245966517
151,171,191,1357.094243433913,973.6423469023492,1006.1407745298928,-622.688877998329,5.316817314330478
152,172,192,1349.0567546391449,966.1794417049102,1004.6329322124215,-621.7556192781867,1.2808876338791606
153,173,193,1348.1432493881832,967.6347544921334,993.1376612547745,-612.6291663587247,-18.886516805698193
154,174,194,1353.6702528945598,970.7164847184586,999.4422832389153,-616.488515062814,-47.04301649945887
155,175,195,1346.2937971530087,962.9889008563739,1007.2853220341204,-623.9804257374858,1.9156718067935117
156,176,196,1346.179925834188,968.1896836162321,1002.8570259771312,-624.8667837591752,2.0349029303864654
157,177,197,1346.3894775373137,978.2584005230345,993.5191342083176,-625.3880571940385,3.5593046791725556
158,178,198,1352.6373332432368,979.356994667376,995.9130986323329,-622.6327600564721,4.9178938277513
159,179,199,1353.8478875986882,982.1577185504359,991.1527758574879,-619.4626068092355,5.158359784740696
160,180,200,1351.170555947506,992.2883780455143,977.0599825727236,-618.1778046707318,5.769880473816215
161,181,201,1347.3265760842792,985.776787874244,979.5784215030224,-618.0286332929873,5.148705619661769
162,182,202,1348.1980755011064,984.9648018287519,984.7735385629267,-621.5402648905722,4.4256735552336295
163,183,203,1352.715612984688,987.5812596195149,988.5706900794102,-623.4363367142369,4.622639147093423
164,184,204,1354.7198914171042,992.2047067636552,982.2289870646603,-619.7138024112112,3.974069754092511
165,185,205,1349.3707438051324,986.859494733231,980.9228196151048,-618.4115705432034,2.446658133779124
166,186,206,1352.9151027596497,987.5524599559251,980.1968751234517,-614.8342323197271,6.649003529031802
167,187,207,1347.9640908126303,993.8637405497979,977.4089298942711,-623.3085796314385,5.0677131499255665
168,188,208,1353.1798536656188,999.478298946197,974.2433715844813,-620.5418168650594,6.20623236794961
169,189,209,1351.551307622647,998.3384467027897,978.1069678660896,-624.8941069462321,6.013754849914449
