Left,Mid,Right,Loss_likeli,Loss_AIC,Loss_BIC,Loss_eBIC
0,20,40,63.33848944071502,41.33848944071502,35.142245819584616,-37.54428641240264
1,21,41,57.4637259659288,39.4637259659288,31.88842986506279,-37.25187607626003
2,22,42,42.752488838242925,22.752488838242925,16.607475595782773,-64.5077031804891
3,23,43,35.85867202037781,22.85867202037781,20.198721735356628,-36.83510180833349
4,24,44,29.548952629813982,22.548952629813982,22.183051984894746,-4.44787100938197
5,25,45,25.830365730321944,15.830365730321944,13.62429308479176,-16.484452577927925
6,26,46,26.688704579140335,18.688704579140335,18.02939085686114,-7.909206041659672
7,27,47,29.04865527280583,20.04865527280583,18.340448764052667,-31.412695461758688
8,28,48,30.04564876708912,21.04564876708912,21.695632420254697,-12.609651170484653
9,29,49,28.57773813116671,23.57773813116671,24.326130019771767,4.34492452260821
10,30,50,28.08694904458588,23.50502506181249,24.081423230769133,2.518161282464291
11,31,51,27.935355054248248,22.437072539448195,25.36329331212187,13.715984370510228
12,32,52,21.30118295102352,13.79940736755998,13.903274833529451,13.738365478060473
13,33,53,24.850708538731453,16.850708538731453,17.267910972161985,7.9844435068246185
14,34,54,16.413318455109447,5.971040155842843,10.598837684434898,2.9958571181854836
15,35,55,28.805585136404034,11.120109917998548,12.214887499290512,-7.685145734677462
16,36,56,34.94435106029272,16.236819231390143,13.63844831026114,-1.941094868600203
17,37,57,45.709319440349475,28.709319440349475,25.27986172639271,-3.4467131008569822
18,38,58,60.00339387209783,31.55545905725546,24.156116945533142,-79.88941977291722
19,39,59,91.9781082264908,60.978108226490804,48.66342029892371,-64.6048835833434
20,40,60,80.19705452709184,44.19705452709184,32.68532350872118,-84.94960262530867
21,41,61,98.09396963792403,55.09396963792403,37.498035249592874,-157.56262882203634
22,42,62,62.51545969123413,35.51545969123413,25.192236310775,-88.36864693587404
23,43,63,60.777201949371715,31.777201949371715,21.151393475918496,-114.12562798324757
24,44,64,59.63968247673631,30.63968247673631,19.667300413003147,-116.97093920562531
25,45,65,59.50330268532093,33.503302685321046,24.371092622198773,-124.8188247736199
26,46,66,53.823909999330226,29.823909999330283,21.340858619482105,-105.73563124022644
27,47,67,47.14497462207646,23.14497462207646,15.008496832508285,-94.99119860941778
28,48,68,45.45373713003278,18.45373713003272,10.696745168974076,-71.22316091787343
29,49,69,41.910732270395556,14.910732270395556,8.982262947256686,-62.49937601959289
30,50,70,38.19700855090633,15.615084568132943,9.965586473665212,-82.34300345167799
31,51,71,47.47791717843057,22.243566763780223,18.46904027250764,-96.5221714551169
32,52,72,49.11009074904439,24.608315165580848,20.766558890854412,-79.69797090933935
33,53,73,52.99573014268236,29.995730142682305,24.054536284429105,-76.23614337829213
34,54,74,47.7177013657394,29.059474045852085,28.91993821227311,-52.28994647978004
35,55,75,53.28672826545494,31.28672826545494,29.516411769652507,-51.822955131109666
36,56,76,49.47268149975844,31.808900031767337,28.214796837084407,-45.404248631475525
37,57,77,61.40965930872261,37.40965930872261,31.518834323189367,-58.158272743676434
38,58,78,86.67082257430849,50.67082257430843,39.01293604664414,-110.34458457323865
39,59,79,82.70754946664903,46.70754946664903,33.98297239687673,-135.97034592949944
40,60,80,97.50124400967047,51.50124400967047,36.6636445203946,-123.82233577640261
41,61,81,95.30243246044199,44.30243246044199,24.109863339014737,-198.18934391349376
42,62,82,72.65490467094094,32.65490467094094,18.139768543832588,-144.88702631176443
43,63,83,86.05894296278689,44.05894296278689,26.2677275306728,-157.17429479525867
44,64,84,85.90078926075353,46.90078926075353,30.603172238970444,-187.25188285089257
45,65,85,85.44567704820452,47.44567704820457,31.645926163198453,-179.64217903958627
46,66,86,86.66288561955332,48.66288561955332,36.51054182005663,-170.53788210438768
47,67,87,80.08939761748411,48.08939761748411,36.663137914259835,-145.47797905326627
48,68,88,69.85621135924657,32.85621135924657,20.59274249059729,-114.50370607133334
49,69,89,62.11563541036787,26.115635410367815,15.58781059626574,-98.20766644880757
50,70,90,60.409894626611276,23.40989462661122,10.04898994872633,-119.38775196676966
51,71,91,75.8808239938727,37.88082399387275,24.754144953048353,-132.9986777418377
52,72,92,74.76390585228859,38.76390585228859,26.430967933541865,-126.43111310635868
53,73,93,75.78712220272098,41.78712220272098,30.40485099678267,-125.44979077709388
54,74,94,58.21245677544704,30.212456775447038,22.560687059212455,-106.4731456676667
55,75,95,58.61484073600144,35.61484073600144,31.027530722139545,-97.13741406577708
56,76,96,36.94708050112524,21.2832990331342,18.969810752084413,-71.3417726882052
57,77,97,36.24082936582647,20.24082936582647,18.53293026392629,-88.08915991229901
58,78,98,32.15742080857967,14.157420808579673,12.365444140953684,-33.9720181622024
59,79,99,29.75295745100169,16.75295745100169,15.3172413167365,1.5641449732836463
60,80,100,20.00860542792816,10.00860542792816,15.17144633108336,15.886905730708463
61,81,101,49.23787369665655,37.23787369665655,36.88975554822639,-12.680361114722018
62,82,102,31.415849437907184,15.415849437907184,16.68790375169965,-39.812862043471114
63,83,103,34.024501784243114,22.024501784243114,21.24871199711879,-35.10431733237158
64,84,104,40.54459491254289,27.54459491254289,25.577791808081656,-61.8060642443196
65,85,105,25.946239728168393,17.056587159228172,22.797045647490677,2.4277153026035876
66,86,106,31.996667768702878,19.97448724087826,23.29998217875442,-22.87755076447172
67,87,107,29.84141021639175,21.164611962345248,21.83843208826596,-13.266996063063743
68,88,108,41.91262554307019,29.9754918214972,28.436884679929506,-26.518098040386292
69,89,109,46.04974528623876,36.82937395637953,38.00106021907726,-8.43192805096578
70,90,110,52.30311183112053,41.27146494154533,40.990946622326305,-4.198773945244113
71,91,111,50.154605550629014,43.91540679791365,44.89181201682834,-10.464662082744951
72,92,112,16.43144583682863,1.4314458368286296,3.667514313012987,-40.52172598329764
73,93,113,32.73171610161643,14.731716101616428,14.781038986909778,-98.05276919358289
74,94,114,30.291465429066136,14.291465429066136,15.33652058791347,-102.10876159382815
75,95,115,19.538122473915223,0.5381224739152799,1.4758735835515608,-80.82888186182754
76,96,116,13.11326763369118,-8.88673236630882,-9.637972297094848,-106.5970626460861
77,97,117,20.937765477300673,1.9377654773006725,2.1823694063770063,-115.30050578124974
78,98,118,22.958539761243287,1.958539761243287,0.5142642362055767,-120.7127096417986
79,99,119,47.52399861061912,15.523998610619174,11.213724092910525,-138.3723243430345
80,100,120,36.60673569489364,11.606735694893587,13.193969094008821,-154.0427390367836
81,101,121,58.32098507606082,18.320985076060822,13.459955196354713,-141.84471488178406
82,102,122,29.13622527527673,1.136225275276729,-3.0738723614666696,-102.39585581593212
83,103,123,30.29367007235453,2.29367007235453,-2.126369623093183,-97.78906232519057
84,104,124,39.27743647460534,11.277436474605338,6.694671582408773,-137.84295646083865
85,105,125,36.82542818458751,17.935775615647287,21.47016145837972,-69.63363522178304
86,106,126,42.44263863245607,24.42045810463145,24.57708503913591,-91.51480641474916
87,107,127,46.01507641672265,30.33827816267609,30.992771233957626,-97.46376552810284
88,108,128,50.755250340010946,35.8181166184379,36.472609689719434,-98.55601007482028
89,109,129,51.82283739049251,34.602466060633276,35.25695913191481,-130.66073145228336
90,110,130,70.41707739624997,43.38543050667482,39.75440939074622,-132.51510914055552
91,111,131,70.2161322289561,36.97693347624073,27.976688904976356,-115.29674104418837
92,112,132,55.20073256276481,28.200732562764756,20.650097904545532,-86.79181981795796
93,113,133,44.608344065388735,27.608344065388792,25.38294436521926,-92.9206598273845
94,114,134,48.050091297740494,26.050091297740494,21.33536091368603,-85.31314922885315
95,115,135,37.512149355192605,13.512149355192605,10.920849010104007,-116.57365683638523
96,116,136,39.73185994672366,12.731859946723716,9.340108371864062,-143.4190664218047
97,117,137,34.344295407001255,5.344295407001255,3.0362531002674586,-155.7423383446178
98,118,138,34.52054965389323,0.5205496538931129,-4.623396927005615,-157.45046188533308
99,119,139,44.30589694113297,-1.6941030588670856,-10.563056002713893,-169.60967731859614
100,120,140,45.1429775230356,5.1429775230354835,-2.9881658785251375,-214.19033179454902
101,121,141,31.10399946552559,-8.896000534474524,-9.679245379234999,-184.5927909783228
102,122,142,32.682712529113246,-2.317287470886754,-8.108197669029778,-131.67894764757978
103,123,143,36.83926749910739,-0.16073250089254998,-6.916401618693271,-149.7230665750934
104,124,144,52.54711830759061,13.547118307590608,6.260414633086839,-186.0179254043478
105,125,145,52.18586104231804,14.185861042318038,6.110515107691867,-145.1397497920767
106,126,146,57.71599401982252,18.715994019822574,11.28442223575064,-168.36077160685772
107,127,147,58.950924650996114,17.950924650996058,6.549326390418628,-192.4270169742971
108,128,148,60.626656934887365,23.62665693488725,14.563096811697847,-193.06798161160646
109,129,149,64.12046551029397,26.120465510294025,15.519318479487538,-229.40418218694685
110,130,150,69.07860239439833,33.07860239439833,24.166334817705888,-210.67812346165317
111,131,151,61.81248571626236,21.81248571626236,12.641621543861788,-175.71029754990832
112,132,152,65.49834228874352,42.498342288743515,36.24602499707214,-104.65419104129376
113,133,153,74.03503992299466,52.035039922994656,44.20114722642052,-121.80509739487047
114,134,154,70.99309074390743,43.99309074390737,34.36301454400825,-99.75455924730068
115,135,155,78.74666303638969,43.74666303638969,27.722816851739367,-152.03356518268095
116,136,156,85.55529104783693,44.55529104783693,31.14968298830047,-161.41181140696676
117,137,157,103.88843813109395,62.88843813109395,45.41169285378976,-201.68255629316297
118,138,158,112.71115581597883,67.71115581597883,49.90986352418008,-219.51390794897998
119,139,159,83.81123916184089,49.811239161840945,34.834152568158174,-137.69571994038733
120,140,160,78.79048584274307,38.79048584274301,24.767591406422753,-135.10987360550962
121,141,161,71.09856112028854,36.09856112028854,22.788397727290203,-187.9810667316267
122,142,162,102.23721747402215,48.237217474022145,33.33342426739625,-303.3314125920065
123,143,163,104.4000717765158,51.4000717765158,36.86239286381431,-309.3886168659168
124,144,164,97.49054751515126,49.490547515151206,35.990180658254644,-247.18712789977542
125,145,165,90.6795801278123,35.67958012781219,20.18023063881708,-249.71433507380573
126,146,166,92.07840406528499,37.078404065284985,22.72069486362102,-285.707284121522
127,147,167,90.22935324104043,38.22935324104037,23.0840954273159,-256.8260718686438
128,148,168,85.40062176887096,20.400621768870906,4.511687277942428,-241.78902733945324
129,149,169,82.82152529929647,19.821525299296468,1.7940342602657893,-292.30105398239243
130,150,170,85.888803020941,30.888803020941054,12.863652435765516,-227.86630034058294
131,151,171,63.5602415306962,28.560241530696203,25.72569980873277,-57.80377501566261
132,152,172,59.97970723242247,27.97970723242247,24.32577652548059,-51.14880479348221
133,153,173,58.87697044996685,25.876970449966848,19.478631857921528,-107.93515873185845
134,154,174,63.678168922623115,35.67816892262306,32.48169839154639,-98.26194748105297
135,155,175,53.67328309178663,26.67328309178663,20.85551638496713,-96.25951098457585
136,156,176,65.1905761770131,40.1905761770131,36.8302678475884,-52.70401427599745
137,157,177,57.7904177234268,37.790417723426856,37.88372910600617,-100.42289859550738
138,158,178,65.6144339738737,43.6144339738737,43.058586673179036,-54.27994150226391
139,159,179,71.00642546106212,48.00642546106212,46.25956484303049,-61.833394990829674
140,160,180,51.77861452795014,26.77861452795014,25.075742407204416,-46.731540832696965
141,161,181,39.279579852077575,15.279579852077632,16.154015409788826,-86.47908192990542
142,162,182,31.03370878589925,-6.966291214100806,-10.289392849027877,-227.95178306124387
143,163,183,36.208960774342074,-6.791039225657869,-12.25689795418998,-230.7723135045926
144,164,184,32.09376565549826,-2.906234344501854,-6.815179110777649,-195.1649121552365
145,165,185,16.306419775553024,-28.69358022444692,-35.15517122653307,-207.13222402332656
146,166,186,6.3207606212938,-43.67923937870626,-51.59044029383733,-255.35623543074007
147,167,187,12.716177651872442,-29.283822348127615,-30.092931856523023,-255.74883194494248
148,168,188,17.118729105491468,-39.881270894508475,-42.77636294394165,-303.7312098545451
149,169,189,23.314655176173062,-34.68534482382688,-41.55916542197326,-302.854108303579
150,170,190,16.84040861009288,-37.15959138990718,-43.59652094934643,-240.9666726332888
151,171,191,13.36413215247552,-18.635867847524537,-12.698765763277493,-133.65962176856533
152,172,192,8.467147457520639,-21.532852542479418,-16.566431989707894,-129.6261971282688
153,173,193,7.883701652150876,-26.116298347849124,-22.615295368272427,-141.29492483769604
154,174,194,5.066742070377927,-20.933257929622073,-15.162803610705396,-169.51391047962693
155,175,195,21.140061787259526,-8.859938212740474,-9.181245888134981,-117.36004608371877
156,176,196,37.82894724037351,1.828947240373509,-2.8190032661416353,-136.0732450586887
157,177,197,58.55403689859543,21.554036898595427,14.569918317085694,-177.6010306888794
158,178,198,54.17375969086743,23.173759690867428,20.216558700859537,-133.4770294624061
159,179,199,56.006978203602785,23.006978203602785,19.400618530320912,-153.54816242787138
160,180,200,52.26132673359848,25.26132673359848,23.25586951985872,-75.22033843786778
161,181,201,51.5175577495628,25.517557749562798,25.322590200870195,-81.32089753730656
162,182,202,37.02265442279736,15.022654422797359,14.813380712382582,-135.81788623652608
163,183,203,30.855222036692567,2.8552220366925667,0.919372643049087,-95.14600680274737
164,184,204,23.40232484328476,-2.5976751567152405,-4.105266233678094,-140.41574209825512
165,185,205,18.746081842838123,-2.253918157161877,0.46068940116026624,-95.35537885987458
166,186,206,23.44959809081871,-5.550401909181346,-7.858444215915142,-112.8166197033512
167,187,207,39.28791327931208,13.287913279312079,12.47346938290923,-129.448817652986
168,188,208,40.262056558292954,16.262056558292954,16.443344935444088,-126.86792070355989
169,189,209,53.90946193356092,28.909461933560976,28.246310583655088,-119.62274805068478
