Left,Mid,Right,Loss_likeli,Loss_AIC,Loss_BIC,Loss_eBIC
0,20,40,160.64612780175594,2.646127801755938,-32.695023024012926,-1083.6571314383991
1,21,41,164.37729625917405,22.377296259174045,-7.424011510122455,-891.4469895787952
2,22,42,164.24729231516108,18.247292315161076,-16.318068723483293,-916.966140539636
3,23,43,156.09275906564903,9.092759065649034,-19.403819780768345,-761.4784742147144
4,24,44,161.32076464300235,35.32076464300235,8.633284798217801,-728.7076894070756
5,25,45,183.16884328607102,47.168843286071024,16.542422844356906,-815.6215952817865
6,26,46,187.34441931759716,31.344419317597158,-6.1201615471375135,-950.9524203182218
7,27,47,176.32794356755062,23.32794356755062,-12.296465296572933,-938.8945077200465
8,28,48,150.25220792501273,-3.7477920749872737,-38.8303463050479,-835.9041164672858
9,29,49,148.90581413068844,0.9058141306884409,-24.408133113741314,-773.7383618701051
10,30,50,133.02454367697942,10.02454367697942,-1.835343240986731,-699.3778093311639
11,31,51,127.3430752941938,-4.656924705806205,-12.100885418018379,-731.262209091627
12,32,52,126.81665781277275,33.816657812772746,26.331349203869195,-483.9984187594491
13,33,53,181.6960913270002,71.6960913270002,48.427725060826106,-534.6406350697789
14,34,54,180.87698147767173,65.87698147767173,36.00168938043521,-596.7793090673076
15,35,55,217.08647580464867,102.08647580464867,72.55775729769198,-664.1118053843938
16,36,56,155.07295645501176,44.07295645501176,15.842555314603032,-560.5210722474421
17,37,57,135.92597714795193,43.925977147951926,29.31391568966592,-694.3824022333474
18,38,58,118.96619397761424,13.966193977614239,-2.8035559680001825,-602.6010066586491
19,39,59,103.5090130881863,-7.490986911813707,-29.483063427182742,-618.9143383261144
20,40,60,99.33677311352267,-22.663226886477332,-44.93322705219384,-707.1785768992249
21,41,61,96.30296556584312,-29.697034434156876,-55.34479350810125,-647.7012314306085
22,42,62,103.68626775714074,-14.31373224285926,-39.09772453510732,-611.1344123012236
23,43,63,118.27687162450047,-5.7231283754995275,-32.80117030784959,-609.9740672286885
24,44,64,172.56334254273793,16.563342542737928,-20.54630120587899,-766.6922276484356
25,45,65,212.779193917336,47.77919391733599,10.326093983177088,-824.4925156246386
26,46,66,246.04641629629737,35.046416296297366,-26.091484517767185,-1229.682655414164
27,47,67,286.3643973344376,52.364397334437626,-25.176829709372896,-1464.3130805210217
28,48,68,297.0606900089515,49.0606900089515,-35.152954270242844,-1475.9876104174414
29,49,69,269.8792571209269,28.879257120926923,-18.550809693057545,-1225.790492166339
30,50,70,282.15218456094544,47.15218456094544,-13.231869126116635,-1220.1316007773162
31,51,71,311.9018851901185,68.90188519011849,7.002687489477921,-1207.6265355172495
32,52,72,353.4234320414166,109.19651967468462,42.80104560358359,-1418.133615745884
33,53,73,369.5346350897978,127.5346350897978,57.518070910817414,-1327.5663561201764
34,54,74,424.5658638475809,149.56586384758089,67.09806387829849,-1479.840870494903
35,55,75,474.11146962603925,204.11146962603925,106.0934741659321,-1520.8018713120741
36,56,76,482.06811274535403,184.06811274535403,73.20608855282353,-1629.6517294937098
37,57,77,467.58476413649123,221.58476413649123,122.67669862838852,-1685.910037636536
38,58,78,484.2946576967222,216.2946576967222,107.68999186458564,-1927.7598576722917
39,59,79,525.2248129344262,212.22481293442615,86.54461447758399,-2262.55663621631
40,60,80,561.016048445551,216.01604844555095,74.75070720212489,-2410.774475056163
41,61,81,527.9255345393624,172.9255345393624,30.147267830966257,-2477.2630948753545
42,62,82,450.843631968032,118.84363196803201,-9.86829590785942,-2333.8758954483224
43,63,83,390.53315904670035,100.53315904670035,0.08976031498082193,-1847.6200746262748
44,64,84,366.62178907464613,101.62178907464613,5.046132563137235,-1634.5701144656355
45,65,85,335.7361804551192,76.73618045511921,5.391954781146978,-1433.5423517572963
46,66,86,348.57835792762444,63.57835792762444,-27.806520764073866,-1655.0757061715517
47,67,87,347.1156639419155,46.1156639419155,-54.03881296727468,-1983.1493182228305
48,68,88,303.30057066995005,26.300570669950048,-53.63621770065879,-1650.774947815249
49,69,89,253.85506776914212,13.855067769142124,-11.786082260356125,-1381.3321056240902
50,70,90,261.1058057487876,28.10580574878759,-5.800268069850745,-1425.4753488771935
51,71,91,249.44603991824602,-11.553960081753985,-49.74893851070374,-1613.585366808427
52,72,92,231.2407039561906,-36.986208410541394,-68.70521360338739,-1692.7304253647317
53,73,93,227.48799901247685,-27.51200098752315,-55.925768819393625,-1613.964304293132
54,74,94,190.51386374251751,-91.48613625748249,-116.09547370464838,-1743.6010594165982
55,75,95,192.05677915619322,-77.94322084380678,-113.57797005351881,-1700.870789584294
56,76,96,149.58886880221507,-115.41113119778493,-151.6192097096391,-1566.3174797460752
57,77,97,128.3427293554812,-84.6572706445188,-121.73461331230419,-1365.4628072051578
58,78,98,126.6243897696204,-72.3756102303796,-101.22637229822703,-1419.6123388707888
59,79,99,146.6377188539634,-76.3622811460366,-112.52653414683255,-1528.0461672218653
60,80,100,142.99476123933414,-95.00523876066586,-135.51832150059727,-1647.6561175965453
61,81,101,193.56549080469767,-65.43450919530233,-120.21509030062975,-1728.4142813142344
62,82,102,168.33213563823438,-89.66786436176562,-146.18719190760226,-1751.7596671641063
63,83,103,133.659265318302,-77.340734681698,-99.87255287155426,-1355.6381296553363
64,84,104,137.14264987550177,-43.857350124498225,-75.74675771409898,-1215.1111007060126
65,85,105,116.3327588266825,-76.6672411733175,-103.70219282869743,-1210.6448061168162
66,86,106,144.48429519079673,-72.51570480920327,-113.30716194695242,-1396.0546872681089
67,87,107,119.8319864829457,-76.1680135170543,-109.28708853327066,-1203.95262908547
68,88,108,107.01119380006821,-112.98880619993179,-150.43204951263647,-1390.2598034240386
69,89,109,98.1188169590705,-63.8811830409295,-76.26049991364812,-1015.6098801389385
70,90,110,92.67436105312822,-60.32563894687178,-72.38304367195724,-1025.9068374069811
71,91,111,89.13682157582684,-74.86317842417316,-87.5450803898857,-1047.7203790184822
72,92,112,82.77290612265574,-68.22709387734426,-71.82632586960949,-1062.2277852670672
73,93,113,73.379091519354,-72.620908480646,-73.66730418583847,-1035.4436267450806
74,94,114,17.373175206474798,-130.6268247935252,-136.72916293192588,-775.7001073538504
75,95,115,33.2040032609882,-130.7959967390118,-144.17104588528446,-926.7301457945214
76,96,116,43.946460344109255,-105.05353965589075,-116.50577419498791,-899.2544871612799
77,97,117,55.837374713162944,-88.16262528683706,-99.5515442740093,-801.804097103261
78,98,118,114.60325243533794,-32.396747564662064,-38.34779315656556,-1125.359629726956
79,99,119,170.4176776121226,23.41767761212259,6.0297035409796536,-1019.1064053034211
80,100,120,204.55718556700072,44.557185567000715,17.924362995517185,-1082.382888003338
81,101,121,231.32592114046724,45.325921140467244,4.015711061382262,-1113.1605405770583
82,102,122,211.61459207483017,23.61459207483017,-15.918761555569063,-1127.7400358627829
83,103,123,199.2029036606748,9.202903660674792,-16.063081668899258,-1081.9064818055435
84,104,124,191.26767045191082,-3.732329548089183,-44.67130459424766,-1260.4743269465475
85,105,125,206.63609176309183,-3.3639082369081734,-56.27633200836135,-1211.7104906004506
86,106,126,201.67161184657016,5.671611846570158,-41.310406780844914,-1243.337733228836
87,107,127,197.68800441519807,22.688004415198066,-22.849738687179297,-997.4518543501613
88,108,128,196.45165353088987,-11.548346469110129,-53.41440384889006,-1659.41660911994
89,109,129,214.44900472765426,12.449004727654255,-37.173637130143106,-1510.882684965948
90,110,130,195.83181891253435,6.831818912534345,-34.93226880604175,-1329.0552188862944
91,111,131,201.9696752013415,10.969675201341488,-37.33532223526822,-1297.0381639445086
92,112,132,207.73369535850884,18.73369535850884,-29.96186416566684,-1407.9107626486866
93,113,133,139.1194880598507,-17.88051194014929,-48.218339955501506,-967.8980544190654
94,114,134,129.44631667051772,-18.553683329482283,-52.035335100000566,-693.1617898207028
95,115,135,133.60931039028173,-25.390689609718265,-60.53655939170403,-843.1057458958671
96,116,136,126.39352052673416,-15.606479473265836,-43.87146796291563,-688.6174593289397
97,117,137,138.33028593965582,-13.669714060344177,-35.44851272876258,-839.7110052753064
98,118,138,227.89143738461007,65.89143738461007,32.82336926659491,-1124.314728944923
99,119,139,216.37764664166434,53.37764664166434,16.039858638725264,-964.8825494262737
100,120,140,263.97277776731926,79.97277776731926,32.38025456590867,-1086.0932225092552
101,121,141,247.91244099283517,53.91244099283517,-1.084758708305344,-1093.522871185232
102,122,142,243.98339111688097,49.983391116880966,14.562139740512066,-1107.8760922411539
103,123,143,238.97748801444618,52.97748801444618,29.56088402612727,-1026.539540533171
104,124,144,261.8950306328609,76.89503063286088,41.24008483179546,-1173.9426155631036
105,125,145,297.78346127927443,97.78346127927443,37.22337046499433,-1142.232660498314
106,126,146,297.6014180419818,117.60141804198179,65.536289985763,-1047.6194622483458
107,127,147,324.5170405402739,134.5170405402739,73.9707042027078,-1088.380317122189
108,128,148,351.55418569065114,169.55418569065114,98.56258390415246,-1336.7149437635287
109,129,149,323.13748786006636,143.13748786006636,68.42424762224596,-1140.1297501333231
110,130,150,297.1877540545888,117.18775405458882,44.63505036234801,-996.5777662918588
111,131,151,320.1360515024319,137.13605150243188,61.41542974366712,-1112.8190899340464
112,132,152,331.1745857577798,134.26705579386135,64.70309652494689,-1150.1121462841654
113,133,153,278.5200339089524,117.24110829429583,52.826429994287764,-798.7180019714681
114,134,154,286.92442785409867,128.1762416363531,64.8810876276932,-762.2682466842123
115,135,155,290.7629709387668,125.76297093876678,57.40490086529098,-837.1949945822571
116,136,156,288.45607482949026,125.45607482949026,55.48265798631496,-725.5625614437083
117,137,157,335.0805116326619,136.0805116326619,56.32457463567607,-928.9649920302045
118,138,158,277.9906509777081,118.99065097770813,55.22925508501339,-574.5948847798475
119,139,159,326.72077486778153,140.72077486778153,53.1158236076144,-810.7842653356302
120,140,160,344.4867277618066,161.4867277618066,80.25712897553694,-857.0825416455591
121,141,161,338.82201016156387,148.82201016156387,78.5629446313385,-756.5024499918636
122,142,162,294.23032765578023,118.23032765578023,54.3407189911602,-736.9809038957212
123,143,163,306.08317814632255,139.08317814632255,80.13721477858871,-773.955344260926
124,144,164,288.9928493696127,137.9928493696127,89.44303657181263,-706.4743487788164
125,145,165,299.9702023901996,156.97020239019957,104.34063954568978,-752.482940427788
126,146,166,296.2780518288607,135.27805182886073,78.32288350581052,-711.2165146878556
127,147,167,316.9193833008885,152.9193833008885,89.02860777636579,-837.5932916254087
128,148,168,253.46415250432506,127.46415250432506,77.5562421107827,-686.3190728937307
129,149,169,245.20714375144667,114.20714375144667,64.62185301036561,-588.4620227647085
130,150,170,234.09941794325005,112.09941794325005,85.44498321494666,-536.4058367527593
131,151,171,218.66053398744475,110.66053398744475,80.25106506339421,-582.3846487639503
132,152,172,190.78078358432253,94.87325362040406,84.95126110352544,-512.6339547990897
133,153,173,175.73605303432487,83.45712741966781,67.60472975875155,-549.2622365777679
134,154,174,175.79035069584302,93.04216447809745,83.52722201736765,-557.6355297432585
135,155,175,159.65219439692237,73.65219439692237,65.07339095534758,-544.8906457148591
136,156,176,152.45584460087412,44.455844600874116,24.818648460375243,-579.5156032348959
137,157,177,150.03517211904932,26.03517211904932,2.8337683083034335,-482.57951923568817
138,158,178,132.59224822188116,24.592248221881164,10.928625252961865,-423.7040149011882
139,159,179,147.58093116804184,41.58093116804184,21.68993993962181,-516.2965262458247
140,160,180,122.8456346215039,32.845634621503905,23.564032236212825,-452.5885771832668
141,161,181,122.59915115490253,34.59915115490253,38.68943571496902,-306.4067294844242
142,162,182,152.90583949990514,50.90583949990514,25.122532243336536,-509.53193909902825
143,163,183,164.47234001278866,63.47234001278866,37.76371125306491,-495.3256364912311
144,164,184,175.04117074940496,48.041170749404955,17.719675572249116,-733.3159897052105
145,165,185,170.4319266775026,54.43192667750259,27.87107793656878,-807.3724030109552
146,166,186,187.70915422038206,52.70915422038206,14.469427674890085,-759.5713889102076
147,167,187,220.30783826478364,91.30783826478364,51.343257940149215,-659.2955303722244
148,168,188,209.62126905016385,78.62126905016385,37.31438286169532,-606.6678342478021
149,169,189,208.38067176184472,59.380671761844724,11.924145447736691,-630.2421353525272
150,170,190,227.6767370674222,71.67673706742221,34.252083309841055,-754.9440743860459
151,171,191,212.60905413026512,79.60905413026512,37.306435668242784,-644.0279015860469
152,172,192,249.82943142936733,100.82943142936733,56.79927940395282,-918.254061623204
153,173,193,234.4940561745277,82.49405617452771,38.70317369018176,-816.7892901703808
154,174,194,209.6130970859831,70.6130970859831,36.76021028253763,-906.2786375113155
155,175,195,214.31267958739954,80.31267958739954,49.29569705811946,-873.5039965899027
156,176,196,197.0106582981382,31.010658298138196,-14.26853709181728,-896.1420133272081
157,177,197,163.0103241116028,5.010324111602813,-31.732721574710013,-852.2443024938248
158,178,198,134.22554972254625,-3.7744502774537523,-32.765048650989456,-738.4393134812044
159,179,199,230.79781116663003,48.79781116663003,-3.3858290123621373,-1150.856773231052
160,180,200,244.1166227119486,35.116622711948594,-26.30884827000682,-1412.6158830927584
161,181,201,249.49507425174306,48.49507425174306,-12.759777129075928,-1430.5532938236688
162,182,202,252.93601148917628,50.93601148917628,-7.998377111653326,-1474.9675632733465
163,183,203,171.15376918042784,-9.846230819572156,-60.45061228429154,-1208.2729884924815
164,184,204,126.90815117804345,-43.091848821956546,-83.71424610848908,-989.0360594065137
165,185,205,114.20068363384235,-43.799316366157655,-78.79389360164623,-1010.5910471363841
166,186,206,121.12344747042403,-21.876552529575974,-47.456162080173954,-813.6808242258558
167,187,207,82.23387643833644,-32.76612356166356,-46.005883325461355,-731.8733947855935
168,188,208,97.92026497970664,-25.079735020293356,-42.64899746858714,-770.855444366448
169,189,209,85.85825758364172,-36.141742416358284,-53.906285908435166,-699.4508059869577
