Left,Mid,Right,Loss,Loss_left,Loss_right,gain,glasso
0,20,40,9290.458438056565,8120.300593231866,8165.91601121957,-6995.7581663948695,11.594065533038702
1,21,41,9306.264783052087,8122.895570525477,8178.876905901096,-6995.507693374486,14.740443845999835
2,22,42,9301.473938250143,8133.4686384663755,8169.665869092505,-7001.660569308737,26.910094447240226
3,23,43,9317.238563478259,8161.319200287305,8174.107640883533,-7018.1882776925795,23.05332807513105
4,24,44,9321.21522612424,8169.223811586662,8168.254879367012,-7016.263464829433,24.267203269465426
5,25,45,9323.158175773126,8183.773114030908,8162.466033007651,-7023.080971265434,18.793530180915695
6,26,46,9328.379375373326,8196.757367905288,8144.1481221483555,-7012.526114680317,26.264567349880963
7,27,47,9313.892493375723,8190.239027378566,8143.034679141618,-7019.381213144461,21.03117266591198
8,28,48,9325.828162841948,8173.565216290788,8175.55490351725,-7023.29195696609,17.969734081935258
9,29,49,9326.272742963953,8184.851920214305,8172.58647428307,-7031.165651533422,20.104120913356383
10,30,50,9324.379919750018,8179.551529925526,8173.553714473264,-7028.725324648773,21.01691026715207
11,31,51,9331.434803907781,8181.5472579287925,8184.747619684456,-7034.860073705468,16.188374512530572
12,32,52,9331.838654625986,8185.070360697329,8172.782486580784,-7026.014192652128,19.215948293413476
13,33,53,9346.711751054496,8188.102457758834,8187.3635892307775,-7028.754295935116,17.93475517433808
14,34,54,9337.439559948807,8175.505612144659,8187.244558536119,-7025.310610731971,22.09754666695335
15,35,55,9335.851317281169,8180.990128117993,8185.108806338123,-7030.247617174948,22.371034386952942
16,36,56,9320.283983978374,8167.384238404385,8178.9294491899645,-7026.029703615975,25.830540708285298
17,37,57,9324.463005704323,8168.776140018283,8171.607402518496,-7015.9205368324565,27.883282771635095
18,38,58,9329.844973995616,8161.2540115719,8170.262249778417,-7001.6712873547,36.14701101097671
19,39,59,9316.470466390863,8144.376932333782,8171.549650968271,-6999.456116911189,33.83724036455669
20,40,60,9323.705381014866,8165.91601121957,8162.0538310433385,-7004.264461248042,28.743920073071877
21,41,61,9332.508294033216,8178.876905901096,8156.44890051339,-7002.817512381271,31.341458879765923
22,42,62,9343.195865614845,8169.665869092505,8170.8668867399,-6997.336890217561,29.224317865210196
23,43,63,9344.66857758291,8174.107640883533,8170.347552557341,-6999.786615857964,24.935480253388505
24,44,64,9344.675734139815,8168.254879367012,8171.9628326797,-6995.541977906898,23.128430830866364
25,45,65,9364.69837872245,8162.466033007651,8198.656317428275,-6996.423971713475,23.007471346327748
26,46,66,9358.287267587011,8144.1481221483555,8202.006404096443,-6987.867258657787,25.62591640111441
27,47,67,9381.204806649548,8143.034679141618,8207.876586956607,-6969.7064594486765,30.103781517729203
28,48,68,9418.898382967072,8175.55490351725,8187.659515121627,-6944.316035671804,34.07503629002804
29,49,69,9409.966272588521,8172.58647428307,8197.300694439631,-6959.920896134179,29.185109963150353
30,50,70,9460.627530280624,8173.553714473264,8245.108229138641,-6958.034413331283,36.67809197781526
31,51,71,9482.39586870215,8184.747619684456,8240.52585712583,-6942.877608108136,43.759870623903225
32,52,72,9481.1092941271,8172.782486580784,8235.946893375989,-6927.620085829674,42.70002272895863
33,53,73,9490.447515130976,8187.3635892307775,8216.20440961555,-6913.120483715351,44.52509610093193
34,54,74,9510.326738653623,8187.244558536119,8211.572875870908,-6888.490695753406,50.23692556792503
35,55,75,9513.631670938597,8185.108806338123,8217.772725491639,-6889.2498608911665,50.485435099401
36,56,76,9510.788969354739,8178.9294491899645,8215.097638035895,-6883.23811787112,54.513771601561984
37,57,77,9508.379627035967,8171.607402518496,8208.10963409441,-6871.3374095769395,57.28233449070012
38,58,78,9506.33870409296,8170.262249778417,8193.009409113523,-6856.93295479898,58.32551582432643
39,59,79,9499.871257742478,8171.549650968271,8167.657015467894,-6839.335408693687,60.30680846471523
40,60,80,9481.02774435963,8162.0538310433385,8142.075643122126,-6823.101729805834,62.60711653940007
41,61,81,9481.039080900895,8156.44890051339,8161.044816791171,-6836.454636403667,66.3283832659954
42,62,82,9495.004605433911,8170.8668867399,8156.013917534858,-6831.876198840848,64.26719820059361
43,63,83,9481.00511927993,8170.347552557341,8156.513480064701,-6845.855913342113,61.270857382496615
44,64,84,9473.1326334909,8171.9628326797,8156.938594660027,-6855.768793848825,54.39846208329982
45,65,85,9495.040891905574,8198.656317428275,8157.224031884111,-6860.839457406812,62.42257089541863
46,66,86,9493.151890332323,8202.006404096443,8163.045206388131,-6871.899720152251,62.18010543141418
47,67,87,9504.67799250155,8207.876586956607,8182.927987585217,-6886.126582040273,62.41336186167928
48,68,88,9466.626305155072,8187.659515121627,8160.232747880707,-6881.265957847261,59.94358619643299
49,69,89,9486.278259363824,8197.300694439631,8180.131030738297,-6891.1534658141045,56.33395074684677
50,70,90,9487.186419614818,8245.108229138641,8171.452796525228,-6929.37460604905,43.17551960990022
51,71,91,9460.427282288103,8240.52585712583,8176.749246642516,-6956.847821480242,34.41175748156547
52,72,92,9443.143319266235,8235.946893375989,8177.010387450423,-6969.813961560178,27.64205286505876
53,73,93,9422.256357237362,8216.20440961555,8173.547728155665,-6967.495780533853,25.081075851734113
54,74,94,9401.924765126978,8211.572875870908,8170.880429102908,-6980.528539846839,15.846685183784302
55,75,95,9404.072309794217,8217.772725491639,8176.7351005525425,-6990.435516249963,18.852755665380755
56,76,96,9404.325971626615,8215.097638035895,8182.784416702346,-6993.556083111627,19.5197917601472
57,77,97,9400.783176455356,8208.10963409441,8195.960025092825,-7003.286482731877,18.16638589704462
58,78,98,9370.502029595771,8193.009409113523,8193.516200541024,-7016.023580058778,17.11829924949143
59,79,99,9354.942760923606,8167.657015467894,8203.715837778625,-7016.430092322913,17.667823409857192
60,80,100,9321.779526224347,8142.075643122126,8200.78958759757,-7021.08570449535,19.39421402815242
61,81,101,9329.961190199247,8161.044816791171,8187.319584666686,-7018.40321125861,24.417099125448203
62,82,102,9329.236798646401,8156.013917534858,8184.243487865775,-7011.020606754231,24.423952699590245
63,83,103,9334.306051429792,8156.513480064701,8189.382527222858,-7011.589955857768,23.972084648008604
64,84,104,9345.67462868031,8156.938594660027,8198.25997180479,-7009.523937784506,22.796784757726527
65,85,105,9343.954380959327,8157.224031884111,8198.221632892877,-7011.491283817661,23.588869373187663
66,86,106,9352.36693628122,8163.045206388131,8196.441086302446,-7007.119356409357,26.749394120424768
67,87,107,9349.186307788843,8182.927987585217,8168.220321814301,-7001.962001610676,28.80003436460038
68,88,108,9333.27191022555,8160.232747880707,8157.37158457364,-6984.332422228796,32.401420024179515
69,89,109,9338.694118635623,8180.131030738297,8153.209023032539,-6994.645935135213,31.68852362462121
70,90,110,9335.294483554208,8171.452796525228,8160.560229982992,-6996.718542954011,27.505902366483042
71,91,111,9332.782955092345,8176.749246642516,8158.82506160764,-7002.791353157811,26.53083275490644
72,92,112,9341.130208238572,8177.010387450423,8173.097697820534,-7008.977877032385,24.482220401764607
73,93,113,9346.365041590703,8173.547728155665,8177.111559866395,-7004.294246431356,26.78348497244997
74,94,114,9339.872114687514,8170.880429102908,8172.337328252512,-7003.345642667906,22.204208214123355
75,95,115,9338.907280483148,8176.7351005525425,8172.292602417272,-7010.120422486667,21.563088550511566
76,96,116,9344.262759123858,8182.784416702346,8146.8688123465645,-6985.3904699250525,30.37983308628327
77,97,117,9346.011688067025,8195.960025092825,8138.387429441479,-6988.33576646728,28.315265249396816
78,98,118,9336.041087200403,8193.516200541024,8133.499890041863,-6990.975003382484,25.107529806814
79,99,119,9337.635156109187,8203.715837778625,8126.907305590781,-6992.98798726022,26.615523846354336
80,100,120,9331.654686887816,8200.78958759757,8118.156049022945,-6987.2909497327,28.545128191461572
81,101,121,9319.015044296653,8187.319584666686,8122.7672008510135,-6991.071741221045,24.928375687894913
82,102,122,9304.968689618729,8184.243487865775,8116.972713722455,-6996.247511969503,20.41933406916951
83,103,123,9309.556736876362,8189.382527222858,8100.387494982311,-6980.213285328806,27.841671346805015
84,104,124,9308.45079751811,8198.25997180479,8101.140896233228,-6990.950070519908,19.457738440870344
85,105,125,9303.084002027197,8198.221632892877,8095.747761627979,-6990.885392493659,11.414771801028564
86,106,126,9304.334299594693,8196.441086302446,8096.015070188641,-6988.121856896394,10.10228174097574
87,107,127,9280.575946290566,8168.220321814301,8094.009501240091,-6981.653876763827,9.459668615412738
88,108,128,9278.876447587772,8157.37158457364,8085.559707357116,-6964.054844342983,10.026902582766525
89,109,129,9272.390546412606,8153.209023032539,8091.432876190799,-6972.251352810732,3.0484090985473813
90,110,130,9260.309046223414,8160.560229982992,8061.280340477253,-6961.531524236831,1.3422318770635684
91,111,131,9250.733874804815,8158.82506160764,8070.98163371969,-6979.072820522515,-10.575865353732752
92,112,132,9259.64084528132,8173.097697820534,8060.030496468971,-6973.487349008186,-4.660364659105653
93,113,133,9249.2055610298,8177.111559866395,8036.776609742237,-6964.6826085788325,9.477794174716564
94,114,134,9251.790609380329,8172.337328252512,8033.33998854742,-6953.886707419602,13.507294171769445
95,115,135,9244.55190470828,8172.292602417272,8018.502014923601,-6946.242712632593,14.107592860038949
96,116,136,9208.806604783109,8146.8688123465645,7998.119059368918,-6936.181266932374,11.874056543269035
97,117,137,9197.879964141845,8138.387429441479,7996.715154052775,-6937.222619352409,11.615776750899386
98,118,138,9211.56847904736,8133.499890041863,8027.95601207542,-6949.887423069922,15.902021857804357
99,119,139,9215.935955131594,8126.907305590781,8033.839039320434,-6944.810389779621,17.160543941643027
100,120,140,9226.024414627964,8118.156049022945,8047.785730322168,-6939.91736471715,21.11883477181027
101,121,141,9237.940875718548,8122.7672008510135,8044.580942518174,-6929.40726765064,23.572326443433212
102,122,142,9256.507052005916,8116.972713722455,8060.162825989179,-6920.628487705719,24.90167151408832
103,123,143,9249.182052680932,8100.387494982311,8064.603323152836,-6915.808765454216,20.29358363182928
104,124,144,9271.055034068777,8101.140896233228,8090.474988679106,-6920.560850843558,19.868943408132964
105,125,145,9276.280325485714,8095.747761627979,8089.806237105777,-6909.2736732480425,19.03809508719496
106,126,146,9283.36474692899,8096.015070188641,8095.594401080014,-6908.2447243396655,19.616663254360446
107,127,147,9322.425180787994,8094.009501240091,8129.483041499949,-6901.067361952046,24.42102228111844
108,128,148,9301.430428027696,8085.559707357116,8116.355743111721,-6900.485022441142,17.638007967448175
109,129,149,9305.117305666252,8091.432876190799,8132.659026962826,-6918.974597487373,2.164945515768977
110,130,150,9310.972477149428,8061.280340477253,8154.851583908447,-6905.159447236272,3.822114723634513
111,131,151,9325.598152320697,8070.98163371969,8160.460062603536,-6905.843544002528,-5.441024357204697
112,132,152,9334.412395753743,8060.030496468971,8183.304995320626,-6908.9230960358545,-5.142189624499224
113,133,153,9320.725232655537,8036.776609742237,8195.369422439242,-6911.420799525942,1.8431191574777586
114,134,154,9310.419772818019,8033.33998854742,8176.99725252625,-6899.917468255651,0.2268985377882018
115,135,155,9311.235192582171,8018.502014923601,8178.186258108846,-6885.453080450276,1.5631371815261446
116,136,156,9326.656416087983,7998.119059368918,8193.991378028113,-6865.454021309048,6.799380765806745
117,137,157,9337.055633290252,7996.715154052775,8199.750459025425,-6859.409979787946,7.980239651703869
118,138,158,9359.724527515305,8027.95601207542,8194.48713500729,-6862.718619567406,17.203747079576715
119,139,159,9365.948697377728,8033.839039320434,8175.571859247577,-6843.462201190283,24.181878166460592
120,140,160,9368.44599152952,8047.785730322168,8169.517432439252,-6848.857171231901,23.59805954752028
121,141,161,9356.389157757221,8044.580942518174,8174.241695992095,-6862.433480753047,18.378269157353316
122,142,162,9362.621995271222,8060.162825989179,8179.237228239612,-6876.778058957569,15.430520523842915
123,143,163,9354.577086034831,8064.603323152836,8175.6169005414595,-6885.643137659465,15.411657777712662
124,144,164,9405.149554672951,8090.474988679106,8194.993824387477,-6880.319258393631,35.45888400990543
125,145,165,9397.511084103098,8089.806237105777,8196.181290227898,-6888.4764432305765,34.08842394310204
126,146,166,9415.195887085652,8095.594401080014,8212.284729432416,-6892.683243426778,36.986368634831706
127,147,167,9411.87841739678,8129.483041499949,8200.092585667026,-6917.697209770195,27.66607223489973
128,148,168,9408.866439471694,8116.355743111721,8200.683157897001,-6908.172461537028,29.126088837013867
129,149,169,9396.798842060958,8132.659026962826,8203.970096930363,-6939.83028183223,19.009982378978293
130,150,170,9394.17477161191,8154.851583908447,8198.129061519488,-6958.805873816025,19.047170569082482
131,151,171,9419.216415288905,8160.460062603536,8205.519417079937,-6946.763064394567,26.886094948752543
132,152,172,9436.85810879825,8183.304995320626,8189.278405925084,-6935.7252924474615,37.23372627604567
133,153,173,9428.600315329786,8195.369422439242,8180.860959783214,-6947.630066892671,35.39170872568957
134,154,174,9407.342048005496,8176.99725252625,8183.915811191511,-6953.571015712267,36.239073730116615
135,155,175,9408.036054608352,8178.186258108846,8185.550875984175,-6955.70107948467,38.96722978671005
136,156,176,9411.728401560886,8193.991378028113,8175.493704485516,-6957.756680952743,33.751504530151124
137,157,177,9410.239277829438,8199.750459025425,8180.311313896902,-6969.822495092889,33.67694822090698
138,158,178,9391.475199847178,8194.48713500729,8179.939980558599,-6982.9519157187115,33.39386865343704
139,159,179,9366.789621828657,8175.571859247577,8182.513178275374,-6991.295415694294,35.558906697855036
140,160,180,9356.819456089619,8169.517432439252,8196.65274225531,-7009.350718604943,32.61799367260028
141,161,181,9353.158380759556,8174.241695992095,8186.420742126671,-7007.504057359209,29.68970597828411
142,162,182,9384.3525012849,8179.237228239612,8208.224089802417,-7003.108816757127,37.42768586287548
143,163,183,9382.787088991543,8175.6169005414595,8212.439918393618,-7005.269729943535,39.74075454979902
144,164,184,9378.894140992947,8194.993824387477,8177.574192115242,-6993.673875509772,44.55138038793302
145,165,185,9375.076121469836,8196.181290227898,8177.992232070198,-6999.097400828261,44.72151515892938
146,166,186,9373.083681207861,8212.284729432416,8182.360970043082,-7021.5620182676375,35.58127547923823
147,167,187,9357.857761166584,8200.092585667026,8175.895280167224,-7018.130104667665,37.316585571152245
148,168,188,9374.785156061802,8200.683157897001,8188.6282388572145,-7014.526240692414,34.82677478435198
149,169,189,9375.156593938675,8203.970096930363,8181.536468769234,-7010.349971760923,34.67153223742116
150,170,190,9370.052117401885,8198.129061519488,8169.621183267787,-6997.698127385391,42.849426193664385
151,171,191,9360.965203785992,8205.519417079937,8138.980580011867,-6983.534793305811,47.00902171863936
152,172,192,9342.276469378608,8189.278405925084,8114.559862163652,-6961.561798710129,52.09628474496412
153,173,193,9339.70275942114,8180.860959783214,8136.739285042869,-6977.897485404943,46.692662710268905
154,174,194,9350.66490659991,8183.915811191511,8159.924128778515,-6993.175033370117,42.36139539702708
155,175,195,9350.534553244652,8185.550875984175,8161.168094071391,-6996.184416810915,40.1503660508497
156,176,196,9340.460098979855,8175.493704485516,8153.9160614798475,-6988.949666985509,38.28448739106216
157,177,197,9347.518650579632,8180.311313896902,8153.985157412431,-6986.7778207297015,39.512154350604305
158,178,198,9330.949626271742,8179.939980558599,8158.796701592653,-7007.787055879509,33.96048202258453
159,179,199,9330.408206750792,8182.513178275374,8152.746717997744,-7004.851689522326,26.351731638992987
160,180,200,9331.727644562274,8196.65274225531,8129.315865614375,-6994.240963307411,29.05981699184167
161,181,201,9326.978440754861,8186.420742126671,8134.898005790501,-6994.340307162311,28.341037258406686
162,182,202,9322.86353648367,8208.224089802417,8086.0159775362445,-6971.376530854992,38.63437978595857
163,183,203,9327.174959829525,8212.439918393618,8079.718130051199,-6964.983088615292,45.962385100863685
164,184,204,9284.51335535619,8177.574192115242,8070.464435942738,-6963.5252727017905,43.814388486151074
165,185,205,9283.23674558525,8177.992232070198,8068.31626215175,-6963.0717486366975,45.967923825314756
166,186,206,9280.770449640078,8182.360970043082,8061.364452731536,-6962.95497313454,42.01115400894423
167,187,207,9311.559974305996,8175.895280167224,8121.945220489244,-6986.280526350472,43.08554136807834
168,188,208,9312.679141033525,8188.6282388572145,8114.430922677302,-6990.380020500992,41.61379273972807
169,189,209,9322.827350616806,8181.536468769234,8126.960469381768,-6985.669587534196,49.177898007099884
