Left,Mid,Right,Loss,Loss_left,Loss_right,gain,glasso
0,20,40,9285.561715168333,8122.894682718045,8126.440635513084,-6963.773603062797,33.095148352004344
1,21,41,9304.41304348954,8135.510825760612,8150.268192302541,-6981.365974573613,31.905980347169134
2,22,42,9321.048444640981,8150.194187024355,8175.920563758086,-7005.066306141462,30.816083884767977
3,23,43,9297.1033310852,8130.744083920069,8178.969981622178,-7012.610734457048,26.377598745059004
4,24,44,9297.151985171255,8127.62645935964,8183.015156189907,-7013.489630378292,25.98995745653383
5,25,45,9289.84769360888,8134.393964560509,8166.809389582189,-7011.355660533818,23.46782977016619
6,26,46,9290.80409554058,8127.421832820017,8170.142324132141,-7006.760061411578,25.048079111527386
7,27,47,9300.240769378328,8170.912978269302,8143.621198260202,-7014.293407151175,20.2251409074388
8,28,48,9312.723569479364,8164.924335822445,8157.723304302118,-7009.9240706452,23.82680184507626
9,29,49,9301.685403548972,8153.274071535508,8135.411292718894,-6986.999960705429,29.125430870411492
10,30,50,9304.037578516687,8167.946855593602,8134.483210641338,-6998.392487718253,26.854161013892735
11,31,51,9326.311667699316,8176.896283977859,8145.522028175371,-6996.106644453914,28.094134998477784
12,32,52,9318.091484211707,8156.567342503985,8134.08193339839,-6972.557791690668,25.874043046637325
13,33,53,9323.011218206253,8178.53965019801,8133.860940854785,-6989.389372846543,21.52697636731591
14,34,54,9319.589494047756,8175.204630570331,8133.172166272317,-6988.787302794892,20.87099267873691
15,35,55,9310.026559863903,8168.38814549009,8127.603432879745,-6985.965018505931,15.040605124867852
16,36,56,9301.486117855691,8158.855140950109,8122.068706513186,-6979.437729607604,19.373471432168117
17,37,57,9305.016575658969,8152.124863659548,8139.0059990431855,-6986.114287043765,24.606434975640695
18,38,58,9314.398935727462,8140.187274234039,8161.758190705778,-6987.546529212355,33.91303633981261
19,39,59,9302.456406166872,8144.817128496538,8150.505157032402,-6992.865879362069,31.01002114488665
20,40,60,9293.246740685277,8126.440635513084,8147.625750029299,-6980.819644857105,29.15752075374394
21,41,61,9324.40288069468,8150.268192302541,8133.3129624025405,-6959.178274010401,36.1247798529439
22,42,62,9323.1179807222,8175.920563758086,8112.888845719526,-6965.691428755414,36.75008603325023
23,43,63,9324.654483038554,8178.969981622178,8118.100276556728,-6972.415775140353,32.76988150495481
24,44,64,9337.74714463557,8183.015156189907,8130.015247985012,-6975.283259539348,35.48631707563982
25,45,65,9342.56269973642,8166.809389582189,8142.247542268943,-6966.494232114714,35.37762431130113
26,46,66,9350.8564012175,8170.142324132141,8130.925996137233,-6950.211919051873,40.89354690245773
27,47,67,9323.171746226359,8143.621198260202,8098.218888051477,-6918.66834008532,30.193603907536726
28,48,68,9335.277814169509,8157.723304302118,8089.233362256821,-6911.67885238943,38.75930802776702
29,49,69,9328.192661014731,8135.411292718894,8096.278043614528,-6903.496675318691,35.277834172900384
30,50,70,9357.477650045548,8134.483210641338,8121.5981627140045,-6898.603723309794,36.83149906494009
31,51,71,9335.35662561053,8145.522028175371,8066.838555962889,-6877.00395852773,37.65679247574144
32,52,72,9345.09997757196,8134.08193339839,8076.492067448564,-6865.4740232749955,27.767684823739273
33,53,73,9330.951136511394,8133.860940854785,8057.062811432071,-6859.972615775463,17.65205723080271
34,54,74,9354.814135897652,8133.172166272317,8091.68995234819,-6870.047982722854,23.904876993915877
35,55,75,9346.180290977265,8127.603432879745,8091.994708030957,-6873.417849933436,18.901273974247033
36,56,76,9337.086073830229,8122.068706513186,8092.958458236853,-6877.94109091981,14.149464798035297
37,57,77,9359.540814998007,8139.0059990431855,8094.631255835649,-6874.096439880828,18.788301208489884
38,58,78,9361.239019701798,8161.758190705778,8067.749573705332,-6868.268744709314,31.444591529353602
39,59,79,9365.306875492555,8150.505157032402,8073.839442894958,-6859.037724434806,35.240532840143715
40,60,80,9358.443878903445,8147.625750029299,8067.0830214424,-6856.264892568253,36.64012974657817
41,61,81,9321.451043193863,8133.3129624025405,8055.043490826436,-6866.905410035113,28.682476209789
42,62,82,9304.130310438206,8112.888845719526,8077.663118679445,-6886.421653960766,22.921544900015306
43,63,83,9306.102807495106,8118.100276556728,8075.499282846142,-6887.496751907764,20.05546618185781
44,64,84,9331.41060810388,8130.015247985012,8091.9707735875,-6890.575413468632,25.20447785461465
45,65,85,9341.847064201182,8142.247542268943,8090.482772769252,-6890.883250837014,31.301390564920894
46,66,86,9333.209611693994,8130.925996137233,8112.244783578224,-6909.961168021462,26.871931320423755
47,67,87,9312.520632919117,8098.218888051477,8104.829390363144,-6890.527645495504,22.597546567557856
48,68,88,9287.134923836878,8089.233362256821,8092.4934949838635,-6894.591933403806,21.163399539533657
49,69,89,9296.280462332492,8096.278043614528,8113.187361728182,-6913.1849430102175,24.44147143841883
50,70,90,9316.723450393176,8121.5981627140045,8096.423373825297,-6901.298086146126,18.535502299643213
51,71,91,9290.686661577107,8066.838555962889,8124.497580083603,-6900.649474469385,23.94930607863762
52,72,92,9272.309042405688,8076.492067448564,8106.265524186539,-6910.448549229413,17.02355964084063
53,73,93,9247.727604991058,8057.062811432071,8101.614523664817,-6910.949730105829,6.3315310703874275
54,74,94,9248.481462760676,8091.68995234819,8079.817956062024,-6923.026445649539,7.896952846011118
55,75,95,9242.638108381649,8091.994708030957,8085.713195767494,-6935.069795416803,6.57838523765713
56,76,96,9237.829867057619,8092.958458236853,8081.00352657993,-6936.1321177591635,4.5425306445868046
57,77,97,9227.320210876249,8094.631255835649,8070.575837306421,-6937.886882265822,0.9109720253245541
58,78,98,9191.860526568002,8067.749573705332,8076.842566040608,-6952.731613177939,2.2410073335031484
59,79,99,9194.233997495874,8073.839442894958,8055.9710174311895,-6935.576462830273,3.6702174268093586
60,80,100,9191.354217433214,8067.0830214424,8076.4914176465845,-6952.220221655771,8.927664079378246
61,81,101,9196.400934891499,8055.043490826436,8091.172507674392,-6949.8150636093305,9.012170079509815
62,82,102,9205.952175210188,8077.663118679445,8093.386119431779,-6965.097062901035,10.929889843281671
63,83,103,9206.096076879985,8075.499282846142,8088.358570578775,-6957.761776544932,11.63300857629838
64,84,104,9203.242352475067,8091.9707735875,8063.651791010223,-6952.380212122656,13.444386903979193
65,85,105,9190.801494511765,8090.482772769252,8029.184206489873,-6928.865484747359,17.16720943507198
66,86,106,9191.472998147729,8112.244783578224,8036.842613724013,-6957.614399154509,6.935497847891384
67,87,107,9186.67424042364,8104.829390363144,8012.449730063293,-6930.604880002797,12.2497716985863
68,88,108,9188.196178775408,8092.4934949838635,8028.761357984126,-6933.058674192582,13.951949842997237
69,89,109,9192.279651375693,8113.187361728182,8029.523242247734,-6950.4309526002235,11.395902500084048
70,90,110,9159.989736681682,8096.423373825297,8011.650490460036,-6948.08412760365,-4.32607468792321
71,91,111,9160.487080563373,8124.497580083603,7976.2847681282965,-6940.295267648526,-16.71293511948261
72,92,112,9165.765276471297,8106.265524186539,8020.508454393088,-6961.008702108329,-14.51845408717918
73,93,113,9229.884454679974,8101.614523664817,8108.257433713919,-6979.987502698763,8.434280911958012
74,94,114,9225.07388304827,8079.817956062024,8119.886114246294,-6974.630187260049,9.940806198266728
75,95,115,9241.170677384078,8085.713195767494,8130.852293831352,-6975.394812214767,12.365285831619076
76,96,116,9247.18663433152,8081.00352657993,8148.719760961571,-6982.5366532099815,10.653736018648033
77,97,117,9242.022490154071,8070.575837306421,8151.325676087386,-6979.879023239735,9.266801640788799
78,98,118,9247.604030954408,8076.842566040608,8155.01362438063,-6984.252159466831,10.838254822535418
79,99,119,9235.840598659213,8055.9710174311895,8146.584480817674,-6966.714899589651,7.566263349653127
80,100,120,9247.872704905389,8076.4914176465845,8138.366977807278,-6966.985690548474,12.356254769732459
81,101,121,9250.22787210691,8091.172507674392,8129.862120827066,-6970.806756394548,9.076477218438413
82,102,122,9253.107190705658,8093.386119431779,8125.873642690527,-6966.152571416649,14.93284622692272
83,103,123,9265.785375380941,8088.358570578775,8129.316126762637,-6951.889321960471,22.73508933025505
84,104,124,9253.787327012602,8063.651791010223,8142.920997809335,-6952.785461806956,20.2907589532374
85,105,125,9239.657463116382,8029.184206489873,8147.344547801738,-6936.87129117523,22.930204631445122
86,106,126,9234.60512266406,8036.842613724013,8138.053827209124,-6940.291318269079,20.841754149463668
87,107,127,9222.352313724563,8012.449730063293,8137.756650613952,-6927.854066952683,22.554511807361905
88,108,128,9221.666633856981,8028.761357984126,8113.617013958689,-6920.711738085834,27.90350440480188
89,109,129,9217.578773083467,8029.523242247734,8132.123813974572,-6944.0682831388385,20.25197779816017
90,110,130,9220.733556395338,8011.650490460036,8130.792219921697,-6921.709153986394,17.0363594544242
91,111,131,9205.284051808652,7976.2847681282965,8146.395400625046,-6917.39611694469,-0.705989743848022
92,112,132,9227.077318419362,8020.508454393088,8152.308472424921,-6945.739608398648,8.451746309300233
93,113,133,9235.277944888887,8108.257433713919,8059.929685088029,-6932.909173913062,40.840228704243145
94,114,134,9257.731362262994,8119.886114246294,8093.261299578002,-6955.416051561302,37.62417171772495
95,115,135,9267.334006840058,8130.852293831352,8089.033556017972,-6952.551843009267,43.63577006675723
96,116,136,9269.91660421999,8148.719760961571,8084.479063010785,-6963.282219752366,40.7101308405322
97,117,137,9279.779849598426,8151.325676087386,8125.957636414739,-6997.503462903698,29.145810622741465
98,118,138,9279.146970473947,8155.01362438063,8104.9054937961955,-6980.772147702879,30.9460657857735
99,119,139,9287.348884594947,8146.584480817674,8126.058639456972,-6985.294235679699,29.08433898336898
100,120,140,9285.049626083017,8138.366977807278,8132.168894091017,-6985.486245815278,28.144560481050576
101,121,141,9290.933797800626,8129.862120827066,8144.652665921779,-6983.580988948219,23.471978632247556
102,122,142,9293.930558401853,8125.873642690527,8138.06944472347,-6970.012529012145,25.169113761907283
103,123,143,9292.8415436143,8129.316126762637,8114.855481000168,-6951.330064148504,30.025717927283495
104,124,144,9313.68845529755,8142.920997809335,8135.338673810747,-6964.571216322533,30.134827436599153
105,125,145,9317.2679908287,8147.344547801738,8136.958860551807,-6967.035417524847,29.870928033988548
106,126,146,9329.758780585269,8138.053827209124,8143.153460133098,-6951.448506756953,30.47804780139859
107,127,147,9338.803486708568,8137.756650613952,8153.490217342111,-6952.4433812474945,30.324206458803474
108,128,148,9315.735691207514,8113.617013958689,8136.122589027342,-6934.003911778518,26.991266698792515
109,129,149,9329.031303748123,8132.123813974572,8153.99874469738,-6957.091254923829,25.653812400546485
110,130,150,9330.122912760095,8130.792219921697,8123.473707254227,-6924.143014415829,32.87599840483699
111,131,151,9341.294283653426,8146.395400625046,8121.386977003185,-6926.488093974805,36.19561947894044
112,132,152,9337.822689728606,8152.308472424921,8106.543209432313,-6921.028992128629,32.80739192069677
113,133,153,9275.608650055143,8059.929685088029,8109.8175204840445,-6894.138555516931,21.382685265136388
114,134,154,9272.992824924215,8093.261299578002,8083.239081040731,-6903.507555694519,10.968936317297903
115,135,155,9288.393866597862,8089.033556017972,8097.832095552007,-6898.471784972116,12.477782148333517
116,136,156,9311.636952168337,8084.479063010785,8110.461620308099,-6883.303731150547,22.586858198781556
117,137,157,9313.178040591196,8125.957636414739,8071.522867583953,-6884.302463407495,20.803963411611676
118,138,158,9310.192184809002,8104.9054937961955,8081.258633847097,-6875.9719428342905,17.656829786308208
119,139,159,9315.004332383432,8126.058639456972,8063.3995916127615,-6874.453898686301,15.206826928974351
120,140,160,9327.536393560862,8132.168894091017,8053.866238739548,-6858.498739269704,18.677457567487636
121,141,161,9334.086692182442,8144.652665921779,8060.804355904326,-6871.370329643663,11.57108971168691
122,142,162,9331.318557518507,8138.06944472347,8056.912417052439,-6863.663304257401,19.397843694653602
123,143,163,9306.430731303564,8114.855481000168,8062.412940709155,-6870.837690405759,13.538276936870716
124,144,164,9331.298864972336,8135.338673810747,8083.1205312044185,-6887.16034004283,18.70860084722017
125,145,165,9358.180167215996,8136.958860551807,8116.039592845318,-6894.818286181129,25.313621833984598
126,146,166,9364.667773414298,8143.153460133098,8127.501265364048,-6905.986952082847,27.774186348574403
127,147,167,9380.427003433348,8153.490217342111,8135.464969347708,-6908.528183256471,31.585251256647553
128,148,168,9373.508303730761,8136.122589027342,8149.997724886344,-6912.612010182924,32.29279504500619
129,149,169,9374.903803728103,8153.99874469738,8144.6213500725835,-6923.716291041861,32.342586861800555
130,150,170,9350.84325892117,8123.473707254227,8146.33304452489,-6918.963492857947,28.369355884859942
131,151,171,9350.197742530929,8121.386977003185,8152.914920114177,-6924.104154586434,33.81002805233038
132,152,172,9338.828176285155,8106.543209432313,8151.853800836374,-6919.568833983532,33.13882383290684
133,153,173,9338.836454444996,8109.8175204840445,8148.335372882003,-6919.316438921052,30.557335948663876
134,154,174,9305.081392387057,8083.239081040731,8143.618156548808,-6921.775845202481,27.636213311040592
135,155,175,9319.410412592064,8097.832095552007,8141.952373717997,-6920.37405667794,29.376636949034037
136,156,176,9306.32957627968,8110.461620308099,8130.641917514534,-6934.773961542953,27.82720180879369
137,157,177,9276.278030177371,8071.522867583953,8146.973101065962,-6942.217938472542,26.203775905131806
138,158,178,9273.239062631314,8081.258633847097,8142.317791508358,-6950.337362724142,26.335830718153375
139,159,179,9252.706683334829,8063.3995916127615,8135.17801449901,-6945.870922776943,29.664938022345723
140,160,180,9239.511703847853,8053.866238739548,8132.185365799015,-6946.53990069071,24.87463342160663
141,161,181,9244.688482508473,8060.804355904326,8132.900889853437,-6949.01676324929,17.166965866383634
142,162,182,9243.283834897939,8056.912417052439,8131.48586327561,-6945.11444543011,21.80128780751693
143,163,183,9241.717327467144,8062.412940709155,8128.151724111109,-6948.84733735312,19.33414179122383
144,164,184,9232.398321294148,8083.1205312044185,8103.10810382782,-6953.830313738092,12.027169898734428
145,165,185,9234.655659128988,8116.039592845318,8082.58947568034,-6963.973409396669,13.881267923571613
146,166,186,9248.36319624184,8127.501265364048,8093.621494720052,-6972.759563842261,17.411682137665593
147,167,187,9256.129100838223,8135.464969347708,8094.482136143059,-6973.818004652543,17.762627275840714
148,168,188,9276.40910170152,8149.997724886344,8090.54133887336,-6964.129962058185,26.608022936627094
149,169,189,9288.563252801538,8144.6213500725835,8117.957526207233,-6974.015623478279,20.18946395450621
150,170,190,9303.774111515677,8146.33304452489,8133.353776645333,-6975.912709654547,22.872595229515355
151,171,191,9332.005452568003,8152.914920114177,8158.039085001108,-6978.948552547283,29.52693159380533
152,172,192,9331.298660624314,8151.853800836374,8145.24790224845,-6965.8030424605095,31.90806323691004
153,173,193,9334.218914064671,8148.335372882003,8146.7086140519805,-6960.825072869311,30.401295795350507
154,174,194,9331.802651784372,8143.618156548808,8146.579524066261,-6958.395028830697,35.0306993483664
155,175,195,9318.205333333906,8141.952373717997,8137.307304517937,-6961.054344902028,34.733115676145644
156,176,196,9334.94127188396,8130.641917514534,8199.834303964188,-6995.534949594763,22.100850906966116
157,177,197,9346.377025781327,8146.973101065962,8195.61115971732,-6996.207235001955,30.83767479783728
158,178,198,9343.411288255798,8142.317791508358,8194.118333726903,-6993.024836979463,33.03791171874036
159,179,199,9344.864174312206,8135.17801449901,8186.063677436059,-6976.377517622863,39.777146042781624
160,180,200,9338.235580722456,8132.185365799015,8182.508327860569,-6976.458112937129,39.17391462785736
161,181,201,9342.90351631015,8132.900889853437,8179.213871261114,-6969.211244804399,40.46121010379193
162,182,202,9346.698382647837,8131.48586327561,8195.893088990902,-6980.680569618677,36.17548426187477
163,183,203,9352.621927784261,8128.151724111109,8216.570818733313,-6992.100615060161,36.342770058986844
164,184,204,9346.830082141061,8103.10810382782,8217.750929873124,-6974.028951559883,33.82949842715607
165,185,205,9337.832589328034,8082.58947568034,8213.860064925802,-6958.616951278109,39.68282749817854
166,186,206,9344.611316936345,8093.621494720052,8211.473450788339,-6960.483628572045,41.96873528564356
167,187,207,9343.288714780363,8094.482136143059,8202.543227789249,-6953.736649151944,42.52096445302459
168,188,208,9338.175335266693,8090.54133887336,8195.298732357003,-6947.66473596367,44.17644635565466
169,189,209,9333.465121656674,8117.957526207233,8182.327853118759,-6966.820257669318,31.481586170185437
