Left,Mid,Right,Loss,Loss_left,Loss_right,gain,glasso
0,20,40,9307.770218171998,8121.43275868258,8149.111600063916,-6962.774140574498,43.68294560794493
1,21,41,9297.674294609993,8102.04340425873,8154.8426829481305,-6959.211792596869,40.139444428260504
2,22,42,9310.391784953052,8109.501787024305,8148.6141812867445,-6947.724183357997,48.98085821394534
3,23,43,9301.891411935625,8165.355723855428,8150.1387430200875,-7013.603054939891,24.86442347995944
4,24,44,9275.738007206035,8133.601587161367,8146.506935240228,-7004.37051519556,17.30153892056478
5,25,45,9292.373871836047,8134.206423870637,8163.024624561696,-7004.857176596286,17.359992630972556
6,26,46,9302.967579169765,8145.068318738988,8166.806196671525,-7008.906936240748,19.762795243390883
7,27,47,9319.359208832519,8163.296287280413,8162.56986905526,-7006.506947503154,23.706500969286026
8,28,48,9325.094468870382,8157.63660955874,8170.136244330572,-7002.6783850189295,25.820504336811155
9,29,49,9317.30333053681,8158.18392089214,8179.047451645571,-7019.9280420009,20.255181669241665
10,30,50,9334.03505130608,8175.250156260909,8186.188609654519,-7027.403714609347,21.05422154822918
11,31,51,9331.210706051419,8183.890491416792,8173.166421760813,-7025.846207126187,18.535054673044215
12,32,52,9336.41785377865,8190.239040352066,8176.838457179465,-7030.659643752881,19.987440091661938
13,33,53,9324.087850004871,8167.8187916686275,8171.712155565499,-7015.443097229256,24.119197480518324
14,34,54,9318.588065179467,8158.467609538848,8167.586539165052,-7007.466083524434,22.978479043661537
15,35,55,9308.77886870411,8123.1667113002495,8179.343033519928,-6993.7308761160675,27.53329951491878
16,36,56,9321.822738928098,8131.75708032944,8191.429848025956,-7001.364189427299,26.965581978392947
17,37,57,9336.128811890296,8114.00240289075,8201.404055846178,-6979.277646846633,31.720454362949113
18,38,58,9346.123574895642,8138.135201086636,8185.061175957639,-6977.072802148632,37.29656717349053
19,39,59,9354.990955430065,8150.006806827738,8206.11017458961,-7001.126025987283,31.057909203203053
20,40,60,9357.791811051502,8149.111600063916,8218.278032561018,-7009.597821573432,28.21717983108374
21,41,61,9366.860691398522,8154.8426829481305,8223.229264497522,-7011.2112560471305,26.16554731063752
22,42,62,9401.367173716288,8148.6141812867445,8258.721675996381,-7005.96868356684,32.694780494571205
23,43,63,9409.242805971255,8150.1387430200875,8258.624716431415,-6999.520653480249,26.826580691643358
24,44,64,9426.160694965132,8146.506935240228,8276.76258304207,-6997.108823317165,23.4573653546654
25,45,65,9454.427587109096,8163.024624561696,8301.897780729174,-7010.494818181773,20.158072827296564
26,46,66,9465.180599323086,8166.806196671525,8298.394930987542,-7000.020528335981,29.056218822706796
27,47,67,9468.935331567649,8162.56986905526,8287.012390160073,-6980.6469276476855,28.105856411318655
28,48,68,9495.692121062784,8170.136244330572,8307.73626481569,-6982.180388083478,32.46200265756306
29,49,69,9497.385645829445,8179.047451645571,8289.894362869652,-6971.556168685778,38.728509412174844
30,50,70,9524.40558800007,8186.188609654519,8309.113723865608,-6970.896745520058,43.57926469010454
31,51,71,9538.871030454753,8173.166421760813,8319.122640683607,-6953.418031989666,47.55077245369512
32,52,72,9538.704792420354,8176.838457179465,8286.503932166925,-6924.637596926037,54.72836485115931
33,53,73,9535.90096438655,8171.712155565499,8254.339265147766,-6890.150456326715,66.29866793130077
34,54,74,9544.00976596577,8167.586539165052,8265.35605915561,-6888.932832354894,63.93836362427055
35,55,75,9540.96171675607,8179.343033519928,8250.430637367397,-6888.811954131257,66.49620938964699
36,56,76,9557.965320761166,8191.429848025956,8229.766864870315,-6863.231392135105,75.06480984391374
37,57,77,9560.063843313492,8201.404055846178,8208.680191064193,-6850.020403596882,79.5697149342709
38,58,78,9569.064410531031,8185.061175957639,8196.350798041765,-6812.347563468373,91.10901996131179
39,59,79,9581.040290238772,8206.11017458961,8173.919838854694,-6798.989723205532,98.24499708018902
40,60,80,9575.931114452364,8218.278032561018,8168.983019346409,-6811.3299374550625,91.98615218122268
41,61,81,9567.602374102238,8223.229264497522,8152.333743354355,-6807.960633749639,94.16936176129911
42,62,82,9570.586801467298,8258.721675996381,8127.381561704724,-6815.516436233809,93.95201790937062
43,63,83,9562.063834314029,8258.624716431415,8128.525734394232,-6825.086616511619,83.40367550956262
44,64,84,9574.147230334975,8276.76258304207,8119.23146161488,-6821.846814321974,80.67030365623305
45,65,85,9554.43408499821,8301.897780729174,8115.284010538337,-6862.7477062693,66.74873418115885
46,66,86,9543.122816644565,8298.394930987542,8118.660595408289,-6873.932709751265,62.25668881067031
47,67,87,9513.296843219568,8287.012390160073,8117.3819693635005,-6891.097516304004,48.97371490466276
48,68,88,9505.114265017364,8307.73626481569,8116.250352959055,-6918.872352757382,42.489906712727134
49,69,89,9472.012749356018,8289.894362869652,8127.808126417061,-6945.6897399306945,27.953738769974734
50,70,90,9472.197626042842,8309.113723865608,8115.868928398248,-6952.785026221012,21.555692133888442
51,71,91,9461.395004356436,8319.122640683607,8104.850581572974,-6962.5782179001435,19.457321340053113
52,72,92,9439.931799163865,8286.503932166925,8114.859239014065,-6961.431372017125,23.029580316524516
53,73,93,9409.370761937531,8254.339265147766,8112.073258652812,-6957.041761863047,19.450432033189827
54,74,94,9408.328700903388,8265.35605915561,8104.035825747447,-6961.0631839996695,22.22939931584824
55,75,95,9399.99916685,8250.430637367397,8111.8298878558735,-6962.261358373271,24.635990497800776
56,76,96,9356.356784369182,8229.766864870315,8106.239749866898,-6979.649830368031,18.653093362126583
57,77,97,9321.565454623364,8208.680191064193,8087.09943676956,-6974.21417321039,14.285786082819413
58,78,98,9311.914667897201,8196.350798041765,8073.63815451298,-6958.074284657543,24.98550752245592
59,79,99,9277.334605954284,8173.919838854694,8065.028226055987,-6961.613458956397,24.988021629234936
60,80,100,9269.727462588744,8168.983019346409,8069.754790001152,-6969.010346758816,29.158246261017666
61,81,101,9255.778178148646,8152.333743354355,8059.0073300946915,-6955.5628953004,22.883902978969672
62,82,102,9236.430613285238,8127.381561704724,8056.072238714308,-6947.023187133795,22.54374992301564
63,83,103,9241.793396515619,8128.525734394232,8066.418069895772,-6953.150407774385,18.825775209043968
64,84,104,9238.14160509963,8119.23146161488,8060.630842874056,-6941.720699389305,17.91440012632347
65,85,105,9232.122551227765,8115.284010538337,8068.48968011168,-6951.6511394222525,12.86116467221882
66,86,106,9224.596397616458,8118.660595408289,8049.221959274035,-6943.286157065866,4.625988320643501
67,87,107,9219.060853980134,8117.3819693635005,8046.533662673689,-6944.854778057055,2.718548186416683
68,88,108,9206.264278769351,8116.250352959055,8035.986987435279,-6945.9730616249835,-1.1545813228503903
69,89,109,9204.31639411964,8127.808126417061,8031.882302993468,-6955.37403529089,-0.3816720245367833
70,90,110,9183.574380826425,8115.868928398248,8016.465656243324,-6948.760203815147,-4.525551803628332
71,91,111,9154.539367199917,8104.850581572974,7997.181693679039,-6947.492908052096,-6.2703054707017145
72,92,112,9157.658308393451,8114.859239014065,7980.095688210867,-6937.29661883148,-4.639872637129429
73,93,113,9161.257168365224,8112.073258652812,7995.194583777904,-6946.010674065492,-2.858467906586611
74,94,114,9146.518375054002,8104.035825747447,7998.110636106157,-6955.628086799603,-3.3874119166780474
75,95,115,9158.594456272076,8111.8298878558735,7998.468816657777,-6951.7042482415745,9.31773992764829
76,96,116,9151.747243281803,8106.239749866898,8006.705951116837,-6961.198457701932,8.890205636862447
77,97,117,9133.577011066878,8087.09943676956,8001.625500752121,-6955.147926454803,6.870590998750231
78,98,118,9086.45083529432,8073.63815451298,7947.2901008941135,-6934.477420112773,-8.892679280356788
79,99,119,9106.355986124112,8065.028226055987,7978.41358597683,-6937.085825908705,-7.091358113204478
80,100,120,9092.71430150674,8069.754790001152,7964.288775244958,-6941.32926373937,-13.169613871149522
81,101,121,9087.811086789585,8059.0073300946915,7958.287679419816,-6929.483922724923,-24.20606066873279
82,102,122,9102.086014644763,8056.072238714308,7979.883743572723,-6933.8699676422675,-17.167665953722462
83,103,123,9103.452554541458,8066.418069895772,7956.200707870992,-6919.166223225306,-9.775072794098378
84,104,124,9103.156071075296,8060.630842874056,7969.896071985946,-6927.370843784705,-4.724322901967753
85,105,125,9118.011030241621,8068.48968011168,7980.428985996632,-6930.90763586669,-2.6471228692216755
86,106,126,9111.882035666542,8049.221959274035,7986.221132766306,-6923.561056373799,-11.962294929364361
87,107,127,9108.76086687445,8046.533662673689,7994.266239286096,-6932.039035085334,-14.007023151075828
88,108,128,9099.517620160668,8035.986987435279,7995.802885247215,-6932.272252521825,-16.895847002099345
89,109,129,9107.188466906317,8031.882302993468,8016.837431511063,-6941.531267598215,-11.476710728224589
90,110,130,9093.619371959905,8016.465656243324,8020.532986310995,-6943.379270594412,-13.344627063328517
91,111,131,9096.865481600043,7997.181693679039,8019.202043323632,-6919.518255402627,-2.568480666265714
92,112,132,9087.333186641823,7980.095688210867,8012.877263705106,-6905.639765274151,-4.260853007599962
93,113,133,9081.094444415721,7995.194583777904,8009.699305876381,-6923.799445238565,-6.251933085742166
94,114,134,9080.92079626428,7998.110636106157,7995.381738627432,-6912.571578469309,-8.596260165507374
95,115,135,9098.841934118538,7998.468816657777,8019.198194088472,-6918.825076627711,-1.341051962086567
96,116,136,9114.796160586691,8006.705951116837,8044.147453252399,-6936.057243782545,-2.716741811168049
97,117,137,9131.69220460251,8001.625500752121,8080.21087364711,-6950.14416979672,3.7292247607524587
98,118,138,9107.113769761885,7947.2901008941135,8092.0005649722025,-6932.176896104431,-1.911299351506841
99,119,139,9120.44354067366,7978.41358597683,8073.170545112225,-6931.140590415396,-9.638341738764666
100,120,140,9117.673474662364,7964.288775244958,8084.096345941291,-6930.711646523885,-15.401915921583168
101,121,141,9146.079510436339,7958.287679419816,8104.837712194613,-6917.045881178092,-19.10909036816929
102,122,142,9192.00821593411,7979.883743572723,8130.697056729988,-6918.572584368601,-1.1986048016506174
103,123,143,9224.212294442297,7956.200707870992,8161.1049909480325,-6893.093404376728,5.32760469926734
104,124,144,9233.777024800265,7969.896071985946,8171.877897756611,-6907.9969449422915,13.559042667474387
105,125,145,9241.540998242872,7980.428985996632,8163.039849695863,-6901.927837449624,17.012847986534325
106,126,146,9255.014623268697,7986.221132766306,8172.696584185172,-6903.90309368278,19.373375047713125
107,127,147,9278.526285839293,7994.266239286096,8194.015864066698,-6909.755817513502,22.964536891468924
108,128,148,9288.71841123512,7995.802885247215,8201.874873069151,-6908.959347081247,24.173384349524895
109,129,149,9304.18581431978,8016.837431511063,8199.772805659928,-6912.424422851211,26.43841771411917
110,130,150,9314.502597828145,8020.532986310995,8201.483099029043,-6907.513487511893,30.668069358326193
111,131,151,9335.935737183565,8019.202043323632,8217.832983948121,-6901.099290088188,34.86141262278534
112,132,152,9322.483617458332,8012.877263705106,8207.163500408627,-6897.557146655401,31.48365106666961
113,133,153,9314.882766818733,8009.699305876381,8201.465816507542,-6896.2823555651885,26.316648699428697
114,134,154,9331.261005110926,7995.381738627432,8220.675007793228,-6884.795741309736,22.584940382614604
115,135,155,9364.32742633298,8019.198194088472,8225.1936766956,-6880.064444451091,28.68957644255579
116,136,156,9353.934012230906,8044.147453252399,8187.767789449258,-6877.98123047075,20.326266166628557
117,137,157,9381.848885969821,8080.21087364711,8170.155151506437,-6868.517139183727,29.315495597978497
118,138,158,9442.229254843432,8092.0005649722025,8191.853751592328,-6841.625061721099,50.70230879015071
119,139,159,9447.985480275183,8073.170545112225,8195.056896751114,-6820.241961588155,51.308011819537114
120,140,160,9479.31850381835,8084.096345941291,8194.196985241331,-6798.974827364273,64.56627022787416
121,141,161,9494.886356283343,8104.837712194613,8198.334770069323,-6808.286125980594,67.36970436751699
122,142,162,9486.882762354406,8130.697056729988,8181.079523050099,-6824.89381742568,59.43404722820833
123,143,163,9488.85432689219,8161.1049909480325,8156.6644367329245,-6828.915100788767,64.8085055367651
124,144,164,9492.748102544389,8171.877897756611,8138.845221808946,-6817.975017021168,67.06291744835607
125,145,165,9482.860423937462,8163.039849695863,8143.628262582971,-6823.807688341372,69.4956143944105
126,146,166,9489.56106718977,8172.696584185172,8147.4519528853425,-6830.587469880744,73.58946579625672
127,147,167,9483.442452060552,8194.015864066698,8133.115542697774,-6843.688954703919,75.5808773454346
128,148,168,9463.451793931064,8201.874873069151,8123.79767520151,-6862.220754339596,71.23865951638072
129,149,169,9446.461414489804,8199.772805659928,8129.660822996869,-6882.972214166992,60.84077369563238
130,150,170,9449.085343760502,8201.483099029043,8134.1040526048055,-6886.5018078733465,61.50337717707271
131,151,171,9434.354902768187,8217.832983948121,8120.310444005012,-6903.788525184946,51.772493636018226
132,152,172,9430.76512765128,8207.163500408627,8128.86299032581,-6905.2613630831565,51.47890888976326
133,153,173,9427.316003044249,8201.465816507542,8133.3978002619915,-6907.5476137252845,54.079437174550094
134,154,174,9435.632133702185,8220.675007793228,8125.293318170566,-6910.336192261608,54.95540365124998
135,155,175,9405.49974184226,8225.1936766956,8126.075853178152,-6945.769788031492,41.69062631405859
136,156,176,9373.887300085773,8187.767789449258,8134.131977978288,-6948.012467341772,38.71374733593029
137,157,177,9334.211401391407,8170.155151506437,8115.5048201036725,-6951.448570218701,28.067908857247858
138,158,178,9323.708046361366,8191.853751592328,8110.5777731788985,-6978.72347840986,20.259837680595865
139,159,179,9324.8139613512,8195.056896751114,8113.456876756987,-6983.699812156901,27.36621619527159
140,160,180,9315.88339217538,8194.196985241331,8123.61799741104,-7001.931590476992,20.552833299022495
141,161,181,9323.125646037604,8198.334770069323,8134.088174538606,-7009.297298570325,16.62815089389278
142,162,182,9304.730927136841,8181.079523050099,8123.533152667709,-6999.881748580967,15.794769490295948
143,163,183,9269.594227124715,8156.6644367329245,8117.952284404473,-7005.022494012683,12.71454422049328
144,164,184,9251.421965679408,8138.845221808946,8093.463999828882,-6980.88725595842,17.718949990049623
145,165,185,9262.343395901913,8143.628262582971,8088.58542743606,-6969.870294117118,26.2532742530816
146,166,186,9254.271326581707,8147.4519528853425,8080.144294379263,-6973.324920682899,26.695768538363154
147,167,187,9288.70670729909,8133.115542697774,8125.201586202715,-6969.610421601399,27.986594089154096
148,168,188,9294.028094071327,8123.79767520151,8141.396329144389,-6971.1659102745725,32.199895808748806
149,169,189,9302.246879586597,8129.660822996869,8151.01488381137,-6978.428827221642,26.49905732276011
150,170,190,9315.648033844613,8134.1040526048055,8157.10867170027,-6975.564690460462,32.054381671857755
151,171,191,9321.519644261443,8120.310444005012,8161.090562188099,-6959.881361931668,34.39009103927674
152,172,192,9331.977220834724,8128.86299032581,8159.692118146678,-6956.577887637763,35.21469099540218
153,173,193,9336.62100591716,8133.3978002619915,8154.837566945975,-6951.614361290805,35.07657114815902
154,174,194,9321.849077234627,8125.293318170566,8137.517024596381,-6940.96126553232,34.998908773240146
155,175,195,9305.988376993182,8126.075853178152,8119.6012661541545,-6939.688742339125,37.27826703964729
156,176,196,9318.985721384612,8134.131977978288,8123.1506999414805,-6938.296956535156,30.13070475882023
157,177,197,9333.711477413039,8115.5048201036725,8160.0811518816045,-6941.874494572239,33.21894907540582
158,178,198,9313.901735389523,8110.5777731788985,8155.648771618136,-6952.324809407512,28.414323098189925
159,179,199,9301.636381056793,8113.456876756987,8143.601984756961,-6955.422480457157,28.071916280771347
160,180,200,9300.002304215508,8123.61799741104,8142.275050915549,-6965.890744111082,26.458338972991896
161,181,201,9297.007117395464,8134.088174538606,8139.206764084619,-6976.287821227761,21.006916775022546
162,182,202,9289.47224610183,8123.533152667709,8145.89066430439,-6979.951570870269,17.51024080224579
163,183,203,9287.127872588248,8117.952284404473,8148.614825332768,-6979.439237148994,22.188702709382596
164,184,204,9288.018301351978,8093.463999828882,8166.465309791257,-6971.911008268162,20.877739529574683
165,185,205,9262.352818435003,8088.58542743606,8156.62926779074,-6982.861876791798,10.167173530240234
166,186,206,9275.713719113386,8080.144294379263,8174.33873811324,-6978.769313379116,16.0786788977357
167,187,207,9290.25148105271,8125.201586202715,8149.295514017144,-6984.245619167148,16.291504591379635
168,188,208,9297.987739986913,8141.396329144389,8140.580601298192,-6983.989190455668,18.65031066117308
169,189,209,9295.62207647719,8151.01488381137,8130.90563656639,-6986.29844390057,18.307961744181284
