Left,Mid,Right,Loss,Loss_left,Loss_right,gain,glasso
0,20,40,9308.936140946385,8149.2309800614275,8135.310485179281,-6975.6053242943235,32.63805481494546
1,21,41,9304.40303845431,8150.7029901817705,8135.324601983408,-6981.624553710868,31.524007968017486
2,22,42,9306.416326026996,8156.736525513603,8127.1873537834,-6977.507553270007,35.981037307792576
3,23,43,9287.1905777879,8159.190723535747,8102.665191510141,-6974.665337257988,27.475820507127082
4,24,44,9282.14461692738,8137.2674087932355,8105.7946977011625,-6960.9174895670185,28.466338958508004
5,25,45,9283.373150139674,8153.1514366482315,8111.660286343443,-6981.438572852001,26.743577672049923
6,26,46,9308.043287231054,8162.276111438425,8140.570330262455,-6994.803154469826,25.492927717144084
7,27,47,9303.818023092419,8154.137988755341,8143.15914191146,-6993.4791075743815,21.555860166212824
8,28,48,9305.005527094307,8171.916846148942,8120.751460128928,-6987.662779183562,14.25993634461065
9,29,49,9315.708929820976,8173.280534528978,8107.637461371459,-6965.20906607946,23.943182011710633
10,30,50,9317.66217795818,8169.0000018888895,8110.09024452626,-6961.428068456969,28.292694176794612
11,31,51,9304.463321973053,8167.665063426299,8096.402950853113,-6959.604692306359,28.989454390610263
12,32,52,9314.77079982906,8177.772242799872,8124.47616977318,-6987.477612743991,28.59537504575019
13,33,53,9325.441848943668,8182.58622625102,8132.726365703698,-6989.87074301105,28.259645921232732
14,34,54,9311.472406662153,8147.403156462429,8137.592019532697,-6973.5227693329725,28.475684345231002
15,35,55,9282.448526860286,8109.6268085708425,8141.172732576611,-6968.351014287169,26.23082316575801
16,36,56,9272.739666881938,8112.308463252426,8139.416135860634,-6978.984932231122,29.36296910850251
17,37,57,9269.10157859396,8117.4874763362495,8100.2591040284,-6948.645001770688,33.17702079993933
18,38,58,9268.394214139036,8110.785144052833,8117.569107451503,-6959.960037365301,34.9282103088708
19,39,59,9278.839540853378,8121.244175593498,8126.718822854227,-6969.123457594347,35.319074110562724
20,40,60,9272.469456451145,8135.310485179281,8112.977027596398,-6975.818056324535,31.692390345592685
21,41,61,9301.17343893355,8135.324601983408,8135.246153494276,-6969.397316544133,32.51037649966338
22,42,62,9321.664934566565,8127.1873537834,8167.068869907042,-6972.591289123877,33.66662906028478
23,43,63,9318.313899142337,8102.665191510141,8168.521854387289,-6952.873146755093,26.836542317765634
24,44,64,9325.448045359557,8105.7946977011625,8164.0062070463155,-6944.35285938792,31.747458452778574
25,45,65,9336.357340033755,8111.660286343443,8185.131764725802,-6960.43471103549,31.688151089420444
26,46,66,9371.425781624059,8140.570330262455,8199.16281296369,-6968.3073616020865,30.07346012038306
27,47,67,9393.621130586036,8143.15914191146,8213.256171848006,-6962.79418317343,30.399876031818167
28,48,68,9396.794439670306,8120.751460128928,8236.46083116752,-6960.417851626142,36.188413408039196
29,49,69,9368.730453281949,8107.637461371459,8202.661730330356,-6941.568738419866,35.857785239316854
30,50,70,9392.448812301533,8110.09024452626,8209.084280109859,-6926.725712334586,37.81600314829893
31,51,71,9380.406857476666,8096.402950853113,8193.248136728656,-6909.244230105103,36.94012394411311
32,52,72,9394.717884460155,8124.47616977318,8173.958816095488,-6903.717101408514,33.40334987491315
33,53,73,9393.420313911183,8132.726365703698,8153.457308428387,-6892.763360220901,39.51600471976144
34,54,74,9387.017444460465,8137.592019532697,8127.083171415749,-6877.657746487981,44.56039220744833
35,55,75,9398.369386257646,8141.172732576611,8128.580807711232,-6871.384154030198,49.89975454554178
36,56,76,9400.370371127165,8139.416135860634,8130.67262754561,-6869.718392279081,52.11692138063836
37,57,77,9356.472903381286,8100.2591040284,8119.095900389633,-6862.882101036748,39.396542405924265
38,58,78,9362.163783928252,8117.569107451503,8101.261366685034,-6856.666690208285,42.997353059258785
39,59,79,9365.391056254692,8126.718822854227,8088.002920289331,-6849.330686888867,41.41333617432292
40,60,80,9376.548290174745,8112.977027596398,8100.278738909017,-6836.70747633067,43.54947741227534
41,61,81,9397.27125965845,8135.246153494276,8121.581678343108,-6859.556572178935,49.99056000628252
42,62,82,9399.812998567853,8167.068869907042,8104.375360094338,-6871.631231433526,42.355436922737226
43,63,83,9419.679872735402,8168.521854387289,8135.195070222473,-6884.03705187436,40.12052573032861
44,64,84,9416.074495769866,8164.0062070463155,8150.854028978091,-6898.785740254541,36.63140380769346
45,65,85,9432.590576006836,8185.131764725802,8146.889526592115,-6899.43071531108,41.87360370667284
46,66,86,9408.708722241703,8199.16281296369,8135.846658488289,-6926.300749210277,30.412912941237664
47,67,87,9405.130825096654,8213.256171848006,8119.511057511859,-6927.636404263212,24.572868976366408
48,68,88,9411.518556064138,8236.46083116752,8088.014493492792,-6912.956768596174,25.716304915418732
49,69,89,9361.594493664894,8202.661730330356,8095.1786661330725,-6936.245902798533,12.044973782232773
50,70,90,9366.579293186018,8209.084280109859,8099.9480637526485,-6942.4530506764895,11.314890307176938
51,71,91,9393.996090095798,8193.248136728656,8155.012576073402,-6954.26462270626,19.8464080031481
52,72,92,9374.389826546827,8173.958816095488,8160.920460647583,-6960.489450196244,16.103876792616575
53,73,93,9356.027323498847,8153.457308428387,8161.515863363591,-6958.945848293131,16.901168668906394
54,74,94,9341.435887751686,8127.083171415749,8172.379097320575,-6958.026380984638,19.63230668287133
55,75,95,9343.16066081742,8128.580807711232,8174.7481287390065,-6960.168275632817,25.58889962703688
56,76,96,9337.978987193781,8130.67262754561,8174.745057919282,-6967.438698271111,26.079528985014804
57,77,97,9330.57705650413,8119.095900389633,8186.117142650603,-6974.635986536106,22.720285762673484
58,78,98,9303.01955273835,8101.261366685034,8182.537736926378,-6980.779550873061,24.34688835616953
59,79,99,9283.746774510451,8088.002920289331,8182.131145791968,-6986.387291570849,24.18608563994212
60,80,100,9276.17073056401,8100.278738909017,8169.383623560951,-6993.491631905958,25.429041691133534
61,81,101,9286.439076988674,8121.581678343108,8154.367801998507,-6989.510403352942,26.662304761789528
62,82,102,9276.637175739757,8104.375360094338,8164.012816967039,-6991.75100132162,23.176386200871093
63,83,103,9301.329552916322,8135.195070222473,8176.181497246247,-7010.047014552398,20.772990335428858
64,84,104,9310.055547241656,8150.854028978091,8171.601625958613,-7012.400107695048,20.479324668931895
65,85,105,9327.420692385122,8146.889526592115,8186.490252157221,-7005.959086364213,26.089010926277297
66,86,106,9315.113797284957,8135.846658488289,8187.427204119434,-7008.160065322765,26.732958146454166
67,87,107,9312.300193649959,8119.511057511859,8184.467737789042,-6991.678601650941,31.602530112010754
68,88,108,9296.40215287163,8088.014493492792,8180.905725300293,-6972.518065921457,29.006105089512857
69,89,109,9312.307382186093,8095.1786661330725,8190.927257859208,-6973.798541806187,33.16777996165138
70,90,110,9315.023766116967,8099.9480637526485,8189.288788730884,-6974.213086366566,32.62705418654559
71,91,111,9317.758633242378,8155.012576073402,8174.416950414963,-7011.670893245988,21.98860057352431
72,92,112,9315.98217031234,8160.920460647583,8158.259132708312,-7003.197423043555,22.31480751518484
73,93,113,9311.869879176118,8161.515863363591,8153.230373249761,-7002.876357437233,23.904983212983552
74,94,114,9313.821630373066,8172.379097320575,8146.450588628741,-7005.008055576251,29.521193680692704
75,95,115,9318.849325790816,8174.7481287390065,8140.9476381295335,-6996.846441077723,33.861605924912965
76,96,116,9329.357373581894,8174.745057919282,8150.387805761187,-6995.775490098575,34.73305756683658
77,97,117,9333.403900645826,8186.117142650603,8149.794770273065,-7002.508012277842,30.664120822787027
78,98,118,9330.557036049282,8182.537736926378,8153.0270030734455,-7005.007703950541,30.819145128547916
79,99,119,9332.431373525991,8182.131145791968,8149.865490066721,-6999.565262332699,30.737361816230077
80,100,120,9327.827195369591,8169.383623560951,8158.998267664328,-7000.554695855688,31.94695825922554
81,101,121,9315.735458377578,8154.367801998507,8149.886008742993,-6988.5183523639225,34.720462054492145
82,102,122,9318.083273605462,8164.012816967039,8140.135256746569,-6986.064800108146,32.51768178188104
83,103,123,9316.278346512085,8176.181497246247,8131.301630609529,-6991.204781343691,33.8421508188062
84,104,124,9307.804940549788,8171.601625958613,8128.751919237091,-6992.5486046459155,34.19280951069686
85,105,125,9302.331512215791,8186.490252157221,8115.757033055479,-6999.915772996908,28.24578367344384
86,106,126,9304.937261335097,8187.427204119434,8113.141648755716,-6995.631591540052,32.68968993483895
87,107,127,9294.282294832326,8184.467737789042,8107.128490493896,-6997.313933450612,31.395586668426404
88,108,128,9286.915338173998,8180.905725300293,8108.491834266894,-7002.482221393189,27.517517977224543
89,109,129,9290.745010416416,8190.927257859208,8097.69452767219,-6997.876775114983,28.62001398377288
90,110,130,9288.28745546332,8189.288788730884,8091.2867327732865,-6992.288066040852,29.186692370469245
91,111,131,9281.781412358498,8174.416950414963,8089.774439534129,-6982.409977590594,20.586735783648237
92,112,132,9273.11610910697,8158.259132708312,8096.973897458971,-6982.116921060313,16.248260771013065
93,113,133,9270.013824127527,8153.230373249761,8100.400079759966,-6983.616628882199,20.668447668826047
94,114,134,9257.446523715267,8146.450588628741,8102.563909294831,-6991.567974208305,19.846797498033084
95,115,135,9253.922325736625,8140.9476381295335,8099.771977975052,-6986.797290367962,20.70807789854871
96,116,136,9257.029911493577,8150.387805761187,8068.641641140168,-6961.999535407778,29.99697549114171
97,117,137,9269.621691011944,8149.794770273065,8084.948641889513,-6965.121721150634,30.880052818296463
98,118,138,9269.259671015305,8153.0270030734455,8080.894152308774,-6964.661484366916,32.05620533674983
99,119,139,9274.204591037384,8149.865490066721,8095.696171313097,-6971.357070342434,31.736405919973095
100,120,140,9258.68393637807,8158.998267664328,8053.946919345839,-6954.261250632097,31.55864332526835
101,121,141,9267.91354998938,8149.886008742993,8068.470614999007,-6950.44307375262,31.414993983577915
102,122,142,9272.520776130636,8140.135256746569,8068.082100292037,-6935.69658090797,28.63635121027619
103,123,143,9261.549844880295,8131.301630609529,8080.6479714467005,-6950.399757175934,17.815801910775008
104,124,144,9279.445743580738,8128.751919237091,8091.008726643172,-6940.314902299524,18.73359985985826
105,125,145,9286.030106714743,8115.757033055479,8097.0135882004,-6926.740514541136,19.217582199798926
106,126,146,9293.77088979731,8113.141648755716,8094.018243235683,-6913.38900219409,22.615832441619204
107,127,147,9328.39867487288,8107.128490493896,8128.331769970111,-6907.061585591126,21.47380022890593
108,128,148,9336.247914742424,8108.491834266894,8140.9973878840965,-6913.241307408567,23.780638470076155
109,129,149,9314.515125878657,8097.69452767219,8143.266147228504,-6926.445549022037,13.56145450448912
110,130,150,9311.626993499869,8091.2867327732865,8150.902504275247,-6930.562243548664,9.706954431489976
111,131,151,9309.71118891386,8089.774439534129,8148.142552795385,-6928.205803415654,3.548609597658924
112,132,152,9322.707535725309,8096.973897458971,8155.23003217034,-6929.496393904003,8.124629599838954
113,133,153,9324.804818046998,8100.400079759966,8154.103790483903,-6929.699052196871,9.391141622704708
114,134,154,9323.41182956977,8102.563909294831,8145.026573089186,-6924.1786528142475,7.008533393831385
115,135,155,9317.322071227536,8099.771977975052,8139.4868593720485,-6921.936766119565,5.797429284502414
116,136,156,9286.877647774172,8068.641641140168,8133.798347178006,-6915.562340544002,-1.9181736473601632
117,137,157,9314.168660420815,8084.948641889513,8132.8391170211125,-6903.619098489809,9.439115946036054
118,138,158,9302.794024547311,8080.894152308774,8110.52958647038,-6888.6297142318435,7.089878195904475
119,139,159,9296.857767002322,8095.696171313097,8077.46079342624,-6876.299197737015,10.111193136608563
120,140,160,9289.921499282482,8053.946919345839,8095.609912658905,-6859.635332722262,8.334771509403254
121,141,161,9298.835171714625,8068.470614999007,8099.7345597717995,-6869.370003056181,12.995223120591618
122,142,162,9285.770906420355,8068.082100292037,8096.521191507178,-6878.832385378859,10.146828304352766
123,143,163,9315.694676307856,8080.6479714467005,8103.115190141844,-6868.068485280688,17.154227845077457
124,144,164,9319.372458440987,8091.008726643172,8099.709941291325,-6871.346209493509,21.741769484428914
125,145,165,9321.470509825727,8097.0135882004,8115.99797736654,-6891.541055741212,19.51577289324996
126,146,166,9316.37470654212,8094.018243235683,8108.109188431428,-6885.752725124992,19.644468300583412
127,147,167,9335.408057176379,8128.331769970111,8097.8649896444895,-6890.788702438222,22.062497887897734
128,148,168,9343.070867380888,8140.9973878840965,8103.317705811419,-6901.244226314628,23.058519809518657
129,149,169,9334.645343767104,8143.266147228504,8099.986724610213,-6908.607528071614,21.152158425825746
130,150,170,9343.256193701496,8150.902504275247,8109.789511306794,-6917.435821880545,23.358188450010402
131,151,171,9325.479774561409,8148.142552795385,8111.703705558402,-6934.366483792379,15.250681246821387
132,152,172,9328.169014310839,8155.23003217034,8100.850562108455,-6927.911579967957,23.62751212703506
133,153,173,9347.25164294191,8154.103790483903,8113.61163569383,-6920.463783235822,33.8244315298989
134,154,174,9334.440934171964,8145.026573089186,8120.83772865184,-6931.423367569061,27.909833630278627
135,155,175,9331.234206127236,8139.4868593720485,8124.514534539112,-6932.767187783924,29.01030733210382
136,156,176,9329.44239334097,8133.798347178006,8125.120294000185,-6929.476247837221,31.726846962578747
137,157,177,9295.980679893613,8132.8391170211125,8126.252733871146,-6963.111170998645,21.444616719869828
138,158,178,9281.515606170778,8110.52958647038,8129.763723744033,-6958.777704043634,23.931235170457512
139,159,179,9255.851990993531,8077.46079342624,8139.368921610184,-6960.977724042892,21.78164288759308
140,160,180,9258.75490294842,8095.609912658905,8123.694142922741,-6960.549152633226,23.509879822028324
141,161,181,9246.997091229223,8099.7345597717995,8119.861729719606,-6972.599198262182,22.840054609927392
142,162,182,9239.255857323376,8096.521191507178,8124.8660245447045,-6982.131358728506,21.50432058219485
143,163,183,9231.140333902931,8103.115190141844,8099.285903165498,-6971.260759404411,14.16663957099945
144,164,184,9213.915389135014,8099.709941291325,8092.880643289996,-6978.675195446307,10.142429481774343
145,165,185,9214.17058239003,8115.99797736654,8089.143271709497,-6990.9706666860075,4.694482355198943
146,166,186,9208.174826919849,8108.109188431428,8084.5804993746315,-6984.514860886211,5.407877670373637
147,167,187,9210.246344790103,8097.8649896444895,8085.386694346922,-6973.005339201309,-23.008737315961298
148,168,188,9224.407111808794,8103.317705811419,8094.052539066797,-6972.963133069423,-20.456724790841236
149,169,189,9242.570258440459,8099.986724610213,8113.725462535585,-6971.1419287053395,23.609103244195012
150,170,190,9245.974695355275,8109.789511306794,8109.407512241998,-6973.2223281935185,22.95290177508241
151,171,191,9255.698841442954,8111.703705558402,8131.505408729603,-6987.510272845051,23.06090273445261
152,172,192,9256.020956807464,8100.850562108455,8144.584647112868,-6989.414252413859,22.85338411929024
153,173,193,9251.794020907108,8113.61163569383,8117.603524547214,-6979.421139333937,24.347839266051324
154,174,194,9266.43606435279,8120.83772865184,8121.874964427962,-6976.2766287270115,19.54697279352422
155,175,195,9285.758931873355,8124.514534539112,8118.479849029671,-6957.235451695427,26.35048241109871
156,176,196,9291.934937230877,8125.120294000185,8133.196704157686,-6966.382060926995,32.299203633612706
157,177,197,9290.662146325416,8126.252733871146,8137.789252632061,-6973.379840177791,25.135211494349278
158,178,198,9302.53098653792,8129.763723744033,8151.016732003287,-6978.249469209401,29.715178017672315
159,179,199,9307.144231202034,8139.368921610184,8140.127165432132,-6972.351855840283,31.387016252289868
160,180,200,9307.83555533364,8123.694142922741,8163.976037125398,-6979.834624714498,29.078426988828596
161,181,201,9308.895747126122,8119.861729719606,8172.003331178932,-6982.969313772415,34.78245026808827
162,182,202,9317.946773456213,8124.8660245447045,8176.5870272579905,-6983.506278346482,32.82768814313931
163,183,203,9300.469337565282,8099.285903165498,8178.974926895409,-6977.791492495624,42.116746800908004
164,184,204,9317.598529582781,8092.880643289996,8189.790263098666,-6965.0723768058815,47.940367309093745
165,185,205,9316.080862196039,8089.143271709497,8193.696030688207,-6966.7584402016655,45.99646749728208
166,186,206,9331.770017671017,8084.5804993746315,8199.561613948972,-6952.372095652587,50.95475733908688
167,187,207,9325.060696818273,8085.386694346922,8201.568451033485,-6961.894448562134,82.71507004273144
168,188,208,9321.955827935373,8094.052539066797,8196.527370461456,-6968.6240815928795,66.38129204598499
169,189,209,9332.589127948022,8113.725462535585,8178.987333626932,-6960.123668214495,47.86252489599019
