Left,Mid,Right,Loss,Loss_left,Loss_right,gain,glasso
0,20,40,9263.987750465925,8117.748220461976,8102.483488141337,-6956.243958137389,20.74483831641419
1,21,41,9263.313611428752,8124.3220059887535,8096.540389312858,-6957.548783872859,19.44524422379027
2,22,42,9277.249570919983,8166.057134064291,8084.984398828015,-6973.791961972323,18.169659720885647
3,23,43,9302.361287264615,8189.469848173899,8101.081318142132,-6988.189879051415,28.040581999350707
4,24,44,9309.81031874759,8202.922617240369,8091.607660603229,-6984.719959096008,33.89387469508847
5,25,45,9306.611925687459,8187.070317455846,8135.388046631473,-7015.84643839986,27.506568097272975
6,26,46,9315.224414432765,8193.396538964591,8138.6042119372605,-7016.776336469085,23.990521482663098
7,27,47,9313.291818211554,8191.177744277728,8127.586855914312,-7005.472781980487,29.569311994176132
8,28,48,9278.185399589793,8145.718628038854,8123.274764757354,-6990.807993206416,21.533101379281106
9,29,49,9278.24512543495,8160.266203258663,8105.558995983859,-6987.58007380757,28.65631164466049
10,30,50,9300.162965244912,8164.541001412838,8133.73389679707,-6998.1119329649955,28.19893778564756
11,31,51,9286.804502284358,8147.880251696588,8149.350038452755,-7010.425787864984,16.814677313324864
12,32,52,9272.286023079954,8119.111090040778,8151.447587119421,-6998.272654080245,12.386355367266788
13,33,53,9279.708084823445,8118.916828249432,8157.41831808322,-6996.627061509205,10.771362407063862
14,34,54,9268.373073807968,8103.48194567236,8154.578617813926,-6989.687489678317,9.733288670779984
15,35,55,9269.125004610461,8131.542190921182,8133.593382432209,-6996.0105687429295,3.684032785834461
16,36,56,9271.676832386836,8129.790737779723,8128.813966726469,-6986.927872119355,9.22083560959436
17,37,57,9272.681067829839,8138.730652257198,8114.096017746913,-6980.145602174272,14.137509606957337
18,38,58,9255.19850875011,8123.9385064614,8123.263138315078,-6992.003136026367,8.014364610707162
19,39,59,9253.900071555505,8119.95085378576,8126.875966054158,-6992.926748284413,9.497247209107627
20,40,60,9255.388867034831,8102.483488141337,8143.85063485335,-6990.945255959856,7.952563267907863
21,41,61,9256.928663478247,8096.540389312858,8159.9394374894855,-6999.551163324097,6.143192098405962
22,42,62,9265.144719992377,8084.984398828015,8163.784925739061,-6983.624604574699,7.768900592086084
23,43,63,9296.201293173512,8101.081318142132,8177.161107065773,-6982.041132034392,13.5525306801851
24,44,64,9283.16254000353,8091.607660603229,8155.376151793875,-6963.821272393574,14.404893632486164
25,45,65,9283.101874861592,8135.388046631473,8110.198310689026,-6962.484482458907,18.06690400726393
26,46,66,9293.820829585839,8138.6042119372605,8127.417709963214,-6972.201092314637,15.369782445374767
27,47,67,9312.478927435275,8127.586855914312,8145.411127145326,-6960.519055624363,21.21536409542432
28,48,68,9312.049621026275,8123.274764757354,8135.818464564381,-6947.04360829546,26.872193240914385
29,49,69,9320.470952105567,8105.558995983859,8155.595708384999,-6940.683752263292,31.864878389538262
30,50,70,9344.274467537205,8133.73389679707,8152.4939616132,-6941.953390873065,31.26651421987117
31,51,71,9359.735173129247,8149.350038452755,8146.708812700941,-6936.323678024448,33.061661844020364
32,52,72,9382.653874104592,8151.447587119421,8154.630429681236,-6923.424142696065,40.22535728840603
33,53,73,9392.068862378976,8157.41831808322,8154.679857408557,-6920.029313112802,43.09124363069395
34,54,74,9440.063565015591,8154.578617813926,8194.113288065542,-6908.628340863877,50.29724779393655
35,55,75,9418.333013382398,8133.593382432209,8195.381661252122,-6910.642030301933,43.47892741119722
36,56,76,9418.117113777724,8128.813966726469,8163.117370143954,-6873.814223092699,55.28868363850779
37,57,77,9423.476016940282,8114.096017746913,8174.450898396682,-6865.070899203312,52.07417774153464
38,58,78,9427.109238572095,8123.263138315078,8163.007093597896,-6859.16099334088,51.39234653673611
39,59,79,9439.059449786091,8126.875966054158,8168.827764734651,-6856.644281002718,55.57300401476596
40,60,80,9443.10786727845,8143.85063485335,8138.31868164834,-6839.061449223242,60.72326168993686
41,61,81,9462.10623691562,8159.9394374894855,8152.81564376297,-6850.648844336834,58.62444852919134
42,62,82,9453.508980550643,8163.784925739061,8148.126394618585,-6858.402339807002,52.3154734470595
43,63,83,9437.206338281449,8177.161107065773,8131.7313394867415,-6871.686108271066,45.86050598431166
44,64,84,9415.516125242411,8155.376151793875,8136.204590651838,-6876.064617203301,40.15630229853059
45,65,85,9397.193608928024,8110.198310689026,8167.801895128172,-6880.806596889173,40.07938956138105
46,66,86,9438.922177685483,8127.417709963214,8206.611816432185,-6895.107348709917,50.910936039028
47,67,87,9449.121953122401,8145.411127145326,8200.322421499475,-6896.6115955223995,51.62619115836878
48,68,88,9419.632246286661,8135.818464564381,8183.051674216353,-6899.237892494073,50.316076317608804
49,69,89,9418.092067529195,8155.595708384999,8177.697610199337,-6915.201251055141,45.47351747109451
50,70,90,9414.43216476667,8152.4939616132,8183.154312859899,-6921.216109706429,43.93342166245657
51,71,91,9397.014523440903,8146.708812700941,8175.040639903258,-6924.734929163296,38.52505639208175
52,72,92,9407.524588042708,8154.630429681236,8190.851230453435,-6937.957072091964,40.2265880791233
53,73,93,9409.122558395862,8154.679857408557,8216.495008345159,-6962.052307357853,42.22131419675543
54,74,94,9414.338798087858,8194.113288065542,8189.31851823714,-6969.093008214824,36.94294367505154
55,75,95,9405.584052845747,8195.381661252122,8190.138335601908,-6979.935944008283,36.195369556782225
56,76,96,9389.083817357203,8163.117370143954,8176.20006835494,-6950.233621141691,42.96773862298551
57,77,97,9375.812383395896,8174.450898396682,8167.783704915522,-6966.422219916309,38.4946892841499
58,78,98,9355.012448812333,8163.007093597896,8166.374624850066,-6974.369269635628,35.72626523422332
59,79,99,9349.935451013025,8168.827764734651,8168.597268658705,-6987.489582380331,32.218941535089925
60,80,100,9329.941914618568,8138.31868164834,8170.443828981248,-6978.820596011021,35.66694027728272
61,81,101,9328.05094476395,8152.81564376297,8163.573019741352,-6988.337718740371,37.025527372966735
62,82,102,9319.80017461037,8148.126394618585,8153.1403861052595,-6981.466606113476,37.60895478776956
63,83,103,9298.449920786243,8131.7313394867415,8143.902972429434,-6977.184391129933,36.48886794894952
64,84,104,9300.328382612635,8136.204590651838,8143.3583310595195,-6979.234539098721,39.02953424877251
65,85,105,9312.149307368885,8167.801895128172,8155.086376660161,-7010.738964419446,31.459793100718798
66,86,106,9310.028585159467,8206.611816432185,8224.564952702778,-7121.148183975496,54.07230539106877
67,87,107,9310.181671174283,8200.322421499475,8065.548931933057,-6955.689682258249,52.80276982147279
68,88,108,9310.730589279028,8183.051674216353,8072.957035109605,-6945.278120046929,53.59492831201169
69,89,109,9308.966377860997,8177.697610199337,8100.547039865027,-6969.278272203366,46.403630804414206
70,90,110,9300.07970938505,8183.154312859899,8076.822935821498,-6959.897539296346,42.64372064514055
71,91,111,9314.207811929622,8175.040639903258,8115.224935439982,-6976.057763413619,40.557938852316965
72,92,112,9311.72293718718,8190.851230453435,8101.140326812911,-6980.268620079165,34.64038772101958
73,93,113,9318.254979925747,8216.495008345159,8099.420873469312,-6997.660901888725,31.293798731207517
74,94,114,9293.7593371972,8189.31851823714,8114.036546627314,-7009.595727667254,19.232583762047398
75,95,115,9293.030325871337,8190.138335601908,8106.757628629357,-7003.865638359928,19.356170838155776
76,96,116,9286.19598767184,8176.20006835494,8110.931057804711,-7000.935138487812,20.657881817826365
77,97,117,9283.09018227095,8167.783704915522,8098.104778185825,-6982.798300830398,27.165003755831094
78,98,118,9280.06139594387,8166.374624850066,8091.093757496657,-6977.406986402853,30.377091873831432
79,99,119,9288.053663381694,8168.597268658705,8119.8087348901045,-7000.3523401671155,18.586293216641025
80,100,120,9287.008836795601,8170.443828981248,8116.055797698838,-6999.490789884485,17.392792507439026
81,101,121,9272.83635449502,8163.573019741352,8095.865219307379,-6986.601884553711,23.4917435384732
82,102,122,9265.880685826723,8153.1403861052595,8098.777396889766,-6986.037097168302,24.70061686625013
83,103,123,9255.178662824135,8143.902972429434,8099.089546075026,-6987.813855680324,22.903633214127694
84,104,124,9255.042941491838,8143.3583310595195,8094.7522116276,-6983.067601195282,27.814572606668207
85,105,125,9267.854536055462,8155.086376660161,8099.55986289785,-6986.7917035025475,26.15910143582687
86,106,126,9209.342729521892,8224.564952702778,8107.0266567507315,-7122.248879931618,29.49693888993579
87,107,127,9200.220455343415,8065.548931933057,8087.829112933232,-6953.157589522874,26.923517757200443
88,108,128,9197.030776367588,8072.957035109605,8079.489258984939,-6955.415517726957,19.30400005509682
89,109,129,9203.206831826092,8100.547039865027,8075.299793100652,-6972.640001139587,17.141705980762254
90,110,130,9186.840724914704,8076.822935821498,8074.5518292151355,-6964.534040121929,17.02917638058716
91,111,131,9188.58564277941,8115.224935439982,8051.2310573737695,-6977.870350034342,9.170729339155514
92,112,132,9179.939793990794,8101.140326812911,8063.560730635787,-6984.761263457904,9.349163853535174
93,113,133,9182.48198010183,8099.420873469312,8059.171790079106,-6976.110683446588,8.37188076659777
94,114,134,9175.471835433931,8114.036546627314,8030.433054596833,-6968.997765790216,-3.793309157124895
95,115,135,9197.078967459336,8106.757628629357,8051.806014820812,-6961.484675990832,6.501385314980325
96,116,136,9202.917463750653,8110.931057804711,8046.531331208177,-6954.544925262235,12.461392745177363
97,117,137,9206.102209978275,8098.104778185825,8049.311845353897,-6941.3144135614475,18.389269353598138
98,118,138,9211.127163391679,8091.093757496657,8040.251250690828,-6920.217844795807,25.625510452545313
99,119,139,9216.07829526565,8119.8087348901045,8057.350896203303,-6961.081335827757,15.417557577719435
100,120,140,9227.92437348979,8116.055797698838,8076.261875236729,-6964.393299445777,20.832794472953083
101,121,141,9253.339609517057,8095.865219307379,8114.169055484779,-6956.694665275101,27.81506768224972
102,122,142,9267.066918428947,8098.777396889766,8107.050381831356,-6938.7608602921755,31.95936896772855
103,123,143,9298.388627623393,8099.089546075026,8140.686735690448,-6941.38765414208,32.390558611298275
104,124,144,9321.008131419097,8094.7522116276,8173.80984732693,-6947.553927535433,30.315622009019535
105,125,145,9325.813418776146,8099.55986289785,8161.64884633447,-6935.395290456174,28.51207339798384
106,126,146,9349.50368005974,8107.0266567507315,8176.494653999916,-6934.017630690907,33.4343692674538
107,127,147,9369.430611441274,8087.829112933232,8191.856487343022,-6910.25498883498,40.424828361410164
108,128,148,9386.074624945384,8079.489258984939,8224.775424594714,-6918.190058634269,36.8795835175024
109,129,149,9377.820242900527,8075.299793100652,8213.781857219015,-6911.261407419141,38.76077765227865
110,130,150,9389.631284228748,8074.5518292151355,8221.634102148151,-6906.554647134539,41.869110738336076
111,131,151,9361.875533160608,8051.2310573737695,8201.18479629896,-6890.540320512122,34.960722885216455
112,132,152,9368.636065308181,8063.560730635787,8207.371792840924,-6902.29645816853,34.71486027862056
113,133,153,9376.80460363542,8059.171790079106,8218.820730510772,-6901.187916954457,30.30280794215514
114,134,154,9384.243282972102,8030.433054596833,8232.9579919829,-6879.147763607631,24.773719306252133
115,135,155,9412.25916353946,8051.806014820812,8239.910827724527,-6879.457679005878,31.08270679653242
116,136,156,9413.451086479792,8046.531331208177,8237.804648598603,-6870.884893326987,36.15590802355564
117,137,157,9416.519513476873,8049.311845353897,8220.662139328015,-6853.454471205039,39.147713856651535
118,138,158,9427.495180444113,8040.251250690828,8217.599230611917,-6830.355300858631,40.92536414063488
119,139,159,9414.56756584354,8057.350896203303,8199.820509447347,-6842.6038398071105,39.42485221341303
120,140,160,9421.611528243164,8076.261875236729,8181.646184623585,-6836.29653161715,46.15690555682977
121,141,161,9443.941451811683,8114.169055484779,8178.419852033222,-6848.647455706319,53.050746147485825
122,142,162,9441.540168144491,8107.050381831356,8183.0635712943695,-6848.573784981234,51.32540099806147
123,143,163,9469.873882644019,8140.686735690448,8193.807783693172,-6864.620636739601,51.808353134561
124,144,164,9486.08157921315,8173.80984732693,8186.857293704486,-6874.585561818265,51.93204936758866
125,145,165,9448.386515837352,8161.64884633447,8177.47793606572,-6890.74026656284,47.90446710020069
126,146,166,9441.742080589815,8176.494653999916,8162.481982364803,-6897.234555774905,45.89346692784511
127,147,167,9445.014038791567,8191.856487343022,8155.037309010528,-6901.879757561983,40.18944953005757
128,148,168,9438.494297749725,8224.775424594714,8131.101479190005,-6917.382606034995,33.50883660141244
129,149,169,9440.71364126591,8213.781857219015,8143.914998074217,-6916.983214027323,38.595752021151384
130,150,170,9444.490786045913,8221.634102148151,8150.210800076497,-6927.354116178736,36.26491032673766
131,151,171,9447.466661370914,8201.18479629896,8176.494038026496,-6930.2121729545415,46.004523893843725
132,152,172,9451.19250991828,8207.371792840924,8179.838472821291,-6936.017755743935,45.211003280870955
133,153,173,9425.71492792906,8218.820730510772,8173.697643535835,-6966.803446117545,34.917626591850876
134,154,174,9454.134193456226,8232.9579919829,8183.032046693973,-6961.855845220645,45.755439519984975
135,155,175,9432.834514964217,8239.910827724527,8167.5726021598275,-6974.648914920139,34.56338147145652
136,156,176,9420.543917304774,8237.804648598603,8159.47147800747,-6976.732209301299,33.519927055777316
137,157,177,9433.74505344135,8220.662139328015,8199.622567397273,-6986.539653283939,34.652295764825794
138,158,178,9416.844501111165,8217.599230611917,8186.38799768364,-6987.1427271843895,36.25834510750474
139,159,179,9407.230459288887,8199.820509447347,8184.467059671598,-6977.057109830057,38.38759849753342
140,160,180,9391.38364089093,8181.646184623585,8201.802127526184,-6992.064671258839,35.41666977801469
141,161,181,9391.817428018927,8178.419852033222,8189.471225188556,-6976.073649202852,45.707847025070805
142,162,182,9397.707863233783,8183.0635712943695,8193.154373481699,-6978.510081542285,49.85466338244032
143,163,183,9391.533531327615,8193.807783693172,8180.548595487995,-6982.822847853551,46.86619472443908
144,164,184,9385.514263500942,8186.857293704486,8180.529443358415,-6981.87247356196,49.349601595276454
145,165,185,9383.861262018092,8177.47793606572,8185.929775944782,-6979.546449992411,50.24571857516867
146,166,186,9384.718650750114,8162.481982364803,8185.000431796249,-6962.763763410938,52.03607967768403
147,167,187,9376.844306652358,8155.037309010528,8182.040199100356,-6960.233201458526,49.194316620712925
148,168,188,9368.10244524283,8131.101479190005,8185.2241346450155,-6948.223168592191,45.33873719300391
149,169,189,9371.385174311288,8143.914998074217,8171.733705489451,-6944.263529252379,47.31100433252777
150,170,190,9383.258620840843,8150.210800076497,8189.14601204728,-6956.098191282934,49.22270637633483
151,171,191,9389.799147199723,8176.494038026496,8177.903148869527,-6964.5980396963005,49.66689421659521
152,172,192,9389.101172422965,8179.838472821291,8174.695116044242,-6965.432416442569,49.81498625495169
153,173,193,9380.2178976089,8173.697643535835,8189.839561276097,-6983.319307203032,39.609114684938504
154,174,194,9365.467812446503,8183.032046693973,8182.429376254076,-6999.993610501546,32.88037910908588
155,175,195,9357.00844834765,8167.5726021598275,8196.477601553275,-7007.041755365453,26.388557530730395
156,176,196,9349.894873956211,8159.47147800747,8192.677036505407,-7002.253640556666,28.477774124450207
157,177,197,9356.533029719198,8199.622567397273,8172.554315723386,-7015.6438534014615,21.670266871705735
158,178,198,9342.881590611836,8186.38799768364,8165.958268708384,-7009.4646757801875,21.183976691762382
159,179,199,9350.715158875435,8184.467059671598,8190.867166915519,-7024.619067711683,18.0772962546107
160,180,200,9346.644392802307,8201.802127526184,8161.941105757891,-7017.098840481767,22.462654731027214
161,181,201,9340.877736367986,8189.471225188556,8150.614555878022,-6999.208044698591,26.97444565793421
162,182,202,9336.29930835369,8193.154373481699,8134.155506216028,-6991.010571344037,33.40243160238924
163,183,203,9329.173473652183,8180.548595487995,8153.475596308026,-7004.850718143838,30.316936543855718
164,184,204,9327.080308431858,8180.529443358415,8138.852953531068,-6992.302088457625,38.14768756951844
165,185,205,9356.722129394762,8185.929775944782,8150.345711173657,-6979.5533577236765,48.44278942723167
166,186,206,9356.699622944907,8185.000431796249,8139.618208969006,-6967.91901782035,50.01023313674796
167,187,207,9366.72684340654,8182.040199100356,8149.74589300884,-6965.059248702655,51.266883825496734
168,188,208,9382.144545265986,8185.2241346450155,8161.2187514108855,-6964.2983407899155,56.48674331745724
169,189,209,9366.896711928533,8171.733705489451,8170.301587698595,-6975.138581259511,46.945628839945584
