Left,Mid,Right,Loss,Loss_left,Loss_right,gain,glasso
0,20,40,9310.376246210788,8106.737922143035,8183.332132389975,-6979.693808322223,26.93345050929929
1,21,41,9304.447783875561,8112.64821836043,8176.9940251197895,-6985.194459604658,21.384047802613168
2,22,42,9317.206012026269,8123.372379786054,8180.851394840515,-6987.017762600301,26.629013345735075
3,23,43,9319.301601037954,8122.749596545186,8181.20988262879,-6984.657878136022,26.20069291697564
4,24,44,9304.198099705834,8107.918987241102,8178.607609609787,-6982.328497145054,24.908305936868146
5,25,45,9302.5055660865,8120.6794898694025,8175.777634076315,-6993.951557859218,21.744945151516276
6,26,46,9293.473474187545,8116.360940169379,8150.176930510348,-6973.064396492182,19.564824806959223
7,27,47,9297.081807396404,8124.408164210258,8145.123282944342,-6972.449639758197,24.728111016986077
8,28,48,9287.190995282723,8129.534257577812,8092.146721094802,-6934.489983389893,19.7991811296788
9,29,49,9286.092650316614,8134.117940066448,8092.517930906355,-6940.543220656189,19.903905118178955
10,30,50,9278.630649790646,8129.813284879147,8105.57263593038,-6956.755271018881,17.43898820170034
11,31,51,9275.057767339033,8120.85929716579,8116.083558647819,-6961.885088474577,25.02607856375107
12,32,52,9268.39330741288,8115.609140151163,8100.477785123948,-6947.693617862231,23.347631276545144
13,33,53,9283.778511822076,8113.499586063528,8124.848094327667,-6954.569168569118,34.34034458368296
14,34,54,9261.453081531472,8060.934874485503,8136.71978859517,-6936.201581549201,38.40336674473838
15,35,55,9261.530099415097,8080.547826912619,8121.774045521993,-6940.791773019515,31.193468270592348
16,36,56,9262.387429918757,8109.864882454191,8120.858100943751,-6968.3355534791845,24.39251956117596
17,37,57,9258.611956161903,8116.597645822225,8113.259578558689,-6971.2452682190105,18.743094938522518
18,38,58,9256.507130953907,8114.665618706216,8100.926405327942,-6959.084893080251,15.624038345518784
19,39,59,9271.87592996658,8150.580185479191,8076.573507531093,-6955.277763043705,20.816980372562284
20,40,60,9267.518766409572,8183.332132389975,8047.547352878552,-6963.360718858956,22.301671165063
21,41,61,9273.415374941233,8176.9940251197895,8059.229734276656,-6962.808384455213,25.511033785974632
22,42,62,9277.387381911352,8180.851394840515,8034.597068897769,-6938.061081826932,29.982227042412887
23,43,63,9282.357034915178,8181.20988262879,8028.34655556142,-6927.199403275034,29.005526612829726
24,44,64,9295.727987531267,8178.607609609787,8033.134765193633,-6916.014387272153,28.61902802107852
25,45,65,9311.73957111636,8175.777634076315,8041.463272336061,-6905.501335296014,28.476679877102924
26,46,66,9300.542896096305,8150.176930510348,8055.508879677455,-6905.142914091497,20.88573259917348
27,47,67,9296.25479775897,8145.123282944342,8057.020077128295,-6905.888562313668,23.990653398472205
28,48,68,9266.865824997169,8092.146721094802,8061.166047998164,-6886.446944095796,15.461538346052293
29,49,69,9293.075569493423,8092.517930906355,8081.164025568515,-6880.606386981446,22.43583643231068
30,50,70,9324.102907191489,8105.57263593038,8095.085985860576,-6876.555714599468,26.364094050094536
31,51,71,9350.928145969734,8116.083558647819,8116.324325402222,-6881.479738080307,26.783925519525837
32,52,72,9353.164106338189,8100.477785123948,8121.653974279345,-6868.967653065103,23.550018981095036
33,53,73,9339.915244650636,8124.848094327667,8082.287138024945,-6867.219987701976,33.70824486061974
34,54,74,9351.021560621326,8136.71978859517,8079.865527980017,-6865.563755953861,38.59399045530836
35,55,75,9349.861588824208,8121.774045521993,8063.211175691945,-6835.12363238973,40.82724725788421
36,56,76,9337.845807533702,8120.858100943751,8061.310481589941,-6844.322774999991,34.99158682487814
37,57,77,9359.724883759274,8113.259578558689,8099.945889550822,-6853.480584350236,37.294265646010444
38,58,78,9346.237606297354,8100.926405327942,8087.7468606884495,-6842.435659719036,32.735033568972995
39,59,79,9299.598459952464,8076.573507531093,8076.89967628809,-6853.87472386672,23.78196929715068
40,60,80,9274.986669013524,8047.547352878552,8079.963733488581,-6852.524417353608,15.950189505394519
41,61,81,9284.535887474824,8059.229734276656,8082.15614020188,-6856.849987003712,18.67202466068511
42,62,82,9245.644048215032,8034.597068897769,8080.610130118646,-6869.563150801383,8.989984445210212
43,63,83,9248.606191875731,8028.34655556142,8099.448395308878,-6879.188758994567,1.3553463398266103
44,64,84,9260.65841049024,8033.134765193633,8106.19296972599,-6878.669324429384,6.844708764254847
45,65,85,9250.508865820742,8041.463272336061,8091.6064991869125,-6882.56090570223,3.1701013337283257
46,66,86,9250.203629602503,8055.508879677455,8085.665616319259,-6890.970866394211,5.9952035171345415
47,67,87,9244.553530020818,8057.020077128295,8083.882602194633,-6896.34914930211,4.644509746241965
48,68,88,9247.637417067395,8061.166047998164,8083.19269559625,-6896.721326527018,10.410873880002782
49,69,89,9263.802488802292,8081.164025568515,8074.766203304143,-6892.127740070366,21.584760873858613
50,70,90,9248.733337467791,8095.085985860576,8069.365433423382,-6915.718081816167,7.950751144378046
51,71,91,9235.561514632973,8116.324325402222,8039.396140712849,-6920.158951482099,5.146760541344975
52,72,92,9239.033888262828,8121.653974279345,8034.561216775493,-6917.181302792011,5.914220597625899
53,73,93,9243.502599285286,8082.287138024945,8081.059696210725,-6919.844234950384,5.369126422646332
54,74,94,9227.074276042145,8079.865527980017,8069.974067609577,-6922.765319547449,2.6187622153529446
55,75,95,9208.994155315162,8063.211175691945,8047.903909686736,-6902.12093006352,-3.5394233672991504
56,76,96,9209.140367394419,8061.310481589941,8050.6657269874495,-6902.835841182972,-1.6897050881166251
57,77,97,9221.77009202264,8099.945889550822,8047.767399998406,-6925.943197526589,7.8096149285725005
58,78,98,9224.206687588869,8087.7468606884495,8083.975357368007,-6947.515530467588,13.900894779880673
59,79,99,9199.804028862081,8076.89967628809,8060.658786868139,-6937.754434294147,14.49953966938756
60,80,100,9211.648232035122,8079.963733488581,8078.383575615499,-6946.699077068957,13.92255804801789
61,81,101,9213.628823037941,8082.15614020188,8083.844307411858,-6952.371624575795,15.643361559566074
62,82,102,9209.725987823682,8080.610130118646,8082.62977434857,-6953.513916643535,14.545117719761492
63,83,103,9215.258821634481,8099.448395308878,8072.7456783859425,-6956.935252060339,12.554121858562667
64,84,104,9230.887910033693,8106.19296972599,8072.166367583517,-6947.471427275814,9.699572759308467
65,85,105,9234.086310778179,8091.6064991869125,8087.875477111402,-6945.395665520135,10.10876506990553
66,86,106,9234.441478591692,8085.665616319259,8091.959748696691,-6943.183886424258,10.742273642631062
67,87,107,9233.512536654023,8083.882602194633,8110.20694365561,-6960.57700919622,5.79633664813673
68,88,108,9244.784340180118,8083.19269559625,8120.9677637885525,-6959.376119204684,8.875951751439516
69,89,109,9247.918247001511,8074.766203304143,8128.102514265849,-6954.950470568481,17.489783014244495
70,90,110,9247.376464684115,8069.365433423382,8134.388204904436,-6956.377173643701,14.316262021391594
71,91,111,9225.714699126504,8039.396140712849,8139.69119135787,-6953.372632944214,12.746509517652612
72,92,112,9220.728270616333,8034.561216775493,8139.796423903868,-6953.629370063029,14.796044464300849
73,93,113,9223.980852050334,8081.059696210725,8120.63807889048,-6977.716923050872,10.642458387889747
74,94,114,9226.18735872742,8069.974067609577,8129.3613926584685,-6973.148101540624,16.318809208136827
75,95,115,9222.492159361778,8047.903909686736,8144.666763612999,-6970.078513937957,16.89245470836977
76,96,116,9221.096401447907,8050.6657269874495,8144.627157303102,-6974.196482842644,10.809258009901441
77,97,117,9227.471741743031,8047.767399998406,8149.7141690158005,-6970.009827271175,19.368226679433064
78,98,118,9234.070882881575,8083.975357368007,8132.301335586244,-6982.205810072677,12.228651605979394
79,99,119,9229.112590272996,8060.658786868139,8142.640120661187,-6974.18631725633,16.0187666174902
80,100,120,9240.78058489279,8078.383575615499,8156.064678482455,-6993.667669205164,14.191917933057994
81,101,121,9240.766865320635,8083.844307411858,8151.542902718789,-6994.620344810013,12.327478547918872
82,102,122,9254.190976930455,8082.62977434857,8172.588575569458,-7001.0273729875735,14.141914800979976
83,103,123,9298.502771539836,8072.7456783859425,8211.033771347027,-6985.276678193135,28.140948742141518
84,104,124,9292.698231265833,8072.166367583517,8213.326985944641,-6992.795122262325,20.63558757764804
85,105,125,9298.34666759901,8087.875477111402,8208.335136546208,-6997.8639460586,18.783332801649067
86,106,126,9305.545746916217,8091.959748696691,8209.822128901398,-6996.236130681871,23.040315197341442
87,107,127,9314.988409727026,8110.20694365561,8207.88860980105,-7003.107143729634,23.759599265231373
88,108,128,9311.955895039897,8120.9677637885525,8194.948988219065,-7003.96085696772,23.23006620634942
89,109,129,9308.598311836795,8128.102514265849,8168.631263885265,-6988.135466314319,25.84764755846618
90,110,130,9310.51331972701,8134.388204904436,8164.298791459009,-6988.173676636436,23.571741288038993
91,111,131,9323.405632499795,8139.69119135787,8164.4179653637275,-6980.703524221803,27.767144324162018
92,112,132,9350.08376146874,8139.796423903868,8177.557691970813,-6967.27035440594,40.454502063692416
93,113,133,9345.602633703029,8120.63807889048,8185.824687584312,-6960.860132771764,50.50311432120088
94,114,134,9358.260984200148,8129.3613926584685,8192.608688012817,-6963.709096471139,54.90926708822599
95,115,135,9363.222899160983,8144.666763612999,8182.318906421387,-6963.762770873402,54.396763763876606
96,116,136,9367.94234176365,8144.627157303102,8190.51389226959,-6967.198707809042,52.53572590493786
97,117,137,9366.977850792116,8149.7141690158005,8194.841970443236,-6977.57828866692,44.27823004380298
98,118,138,9358.581144456615,8132.301335586244,8206.757751015237,-6980.477942144866,39.302590137838706
99,119,139,9355.258010784373,8142.640120661187,8213.057174057141,-7000.439283933954,30.589351286825604
100,120,140,9357.85195868354,8156.064678482455,8204.72928565259,-7002.942005451505,31.283487286398213
101,121,141,9380.505287109358,8151.542902718789,8224.473979263617,-6995.511594873049,24.4060109342754
102,122,142,9390.346950425053,8172.588575569458,8217.091263173006,-6999.332888317411,26.310827186737242
103,123,143,9393.517777156303,8211.033771347027,8191.092688745552,-7008.608682936276,33.317158646667394
104,124,144,9385.052837191952,8213.326985944641,8186.61681243559,-7014.890961188279,29.29683714298426
105,125,145,9404.346267128445,8208.335136546208,8188.158792894915,-6992.147662312678,32.757343261937876
106,126,146,9413.954042693298,8209.822128901398,8185.195091522934,-6981.063177731034,34.883824017574625
107,127,147,9423.633391714078,8207.88860980105,8185.708321250659,-6969.963539337632,38.412686775494876
108,128,148,9419.407979039568,8194.948988219065,8195.944473569078,-6971.485482748574,35.804053058271165
109,129,149,9426.108807166958,8168.631263885265,8227.295498009093,-6969.817954727398,39.62405183763531
110,130,150,9433.720290609246,8164.298791459009,8235.415054537754,-6965.993555387518,40.94703687612855
111,131,151,9449.945630597891,8164.4179653637275,8243.333054944222,-6957.80538971006,43.40852223728689
112,132,152,9446.192270820622,8177.557691970813,8215.899963347883,-6947.265384498074,41.962651345626
113,133,153,9450.884619033768,8185.824687584312,8204.357923387111,-6939.297991937656,42.90514121079241
114,134,154,9457.520829211113,8192.608688012817,8192.91285556995,-6928.000714371654,43.84271085333694
115,135,155,9446.43960473871,8182.318906421387,8179.344548293849,-6915.223849976524,44.217140309529896
116,136,156,9448.155675379063,8190.51389226959,8164.614094860174,-6906.9723117507,48.234002045033776
117,137,157,9455.092905785767,8194.841970443236,8160.390197639449,-6900.13926229692,46.75372660103585
118,138,158,9453.122113969963,8206.757751015237,8158.679625559149,-6912.315262604423,47.137021225201806
119,139,159,9459.506030958713,8213.057174057141,8151.351656187251,-6904.902799285679,50.31484230654996
120,140,160,9458.431774477544,8204.72928565259,8133.869135669355,-6880.166646844402,56.66089478224512
121,141,161,9467.94656632597,8224.473979263617,8140.121762224615,-6896.649175162262,59.18593254128018
122,142,162,9471.397517895559,8217.091263173006,8151.167119437792,-6896.86086471524,58.219727269724444
123,143,163,9437.594194084653,8191.092688745552,8156.528189352533,-6910.026684013432,47.85688094580246
124,144,164,9454.268097468233,8186.61681243559,8169.180482323673,-6901.529197291029,53.3693091716209
125,145,165,9430.964896452404,8188.158792894915,8156.7702882243375,-6913.964184666847,41.74078492317312
126,146,166,9415.103955156057,8185.195091522934,8144.082153455361,-6914.173289822236,39.8904488182975
127,147,167,9393.573591972934,8185.708321250659,8138.535090231895,-6930.66981950962,33.9211614173164
128,148,168,9414.84467054922,8195.944473569078,8163.645740734501,-6944.745543754358,32.636794906858995
129,149,169,9399.949393377108,8227.295498009093,8124.528618999014,-6951.874723630997,33.74165515791492
130,150,170,9382.60445605853,8235.415054537754,8080.706832163081,-6933.517430642305,36.333613331277775
131,151,171,9391.367851458825,8243.333054944222,8113.908573235326,-6965.873776720724,34.18547391398897
132,152,172,9360.06147557238,8215.899963347883,8114.561425378356,-6970.3999131538585,24.736290842664403
133,153,173,9370.936578911918,8204.357923387111,8143.1703665497325,-6976.591711024925,25.915062419889637
134,154,174,9369.039473186052,8192.91285556995,8149.751700927141,-6973.625083311039,27.164162977979686
135,155,175,9356.600203045013,8179.344548293849,8152.331740162976,-6975.076085411811,26.708874020911935
136,156,176,9331.754235264021,8164.614094860174,8143.689008970646,-6976.548868566799,28.376388780171055
137,157,177,9323.707848922098,8160.390197639449,8138.030462368043,-6974.712811085394,28.827634194775783
138,158,178,9318.771198073362,8158.679625559149,8138.453820540035,-6978.362248025822,23.87931632392565
139,159,179,9312.416646893464,8151.351656187251,8144.559426117031,-6983.494435410819,23.917279517760107
140,160,180,9292.13375162209,8133.869135669355,8147.38732861101,-6989.122712658276,20.719924150286715
141,161,181,9288.453255274871,8140.121762224615,8141.890953672005,-6993.559460621749,18.875492560344355
142,162,182,9294.525834206086,8151.167119437792,8138.199573620465,-6994.8408588521725,16.921022998168155
143,163,183,9289.66620890726,8156.528189352533,8132.732524529505,-6999.594504974779,12.719789844310071
144,164,184,9297.77009235452,8169.180482323673,8123.667594586908,-6995.077984556061,15.17037895876183
145,165,185,9290.953771368007,8156.7702882243375,8126.726563254511,-6992.543080110841,17.933028267300415
146,166,186,9287.799621661077,8144.082153455361,8133.796184338742,-6990.078716133026,17.482722447251945
147,167,187,9289.333804367685,8138.535090231895,8147.620502601118,-6996.821788465328,18.275859847447464
148,168,188,9299.250374919247,8163.645740734501,8135.109194028268,-6999.504559843521,17.904773149985886
149,169,189,9263.821872976725,8124.528618999014,8123.698186794501,-6984.404932816789,17.884826688168232
150,170,190,9240.853978033592,8080.706832163081,8115.457400074615,-6955.310254204105,20.73474623323773
151,171,191,9239.320723451585,8113.908573235326,8100.694329604824,-6975.282179388565,18.26775705056116
152,172,192,9237.882500607246,8114.561425378356,8084.738842498071,-6961.417767269182,26.216296338218854
153,173,193,9277.926314701883,8143.1703665497325,8112.876510031619,-6978.120561879468,31.75954322358166
154,174,194,9280.405355086677,8149.751700927141,8111.945222134356,-6981.29156797482,29.439848024392177
155,175,195,9283.80118037557,8152.331740162976,8116.952132299156,-6985.482692086562,27.54340084814703
156,176,196,9296.276758092645,8143.689008970646,8144.489828530324,-6991.902079408326,30.217914852807098
157,177,197,9303.046613238823,8138.030462368043,8138.594056281604,-6973.577905410824,38.00363728023285
158,178,198,9301.431655552034,8138.453820540035,8148.200103203806,-6985.2222681918065,34.0729342347413
159,179,199,9300.73981791165,8144.559426117031,8128.995764932392,-6972.815373137773,40.35086331024786
160,180,200,9310.977213446558,8147.38732861101,8140.921615958602,-6977.331731123055,44.798629782580974
161,181,201,9298.645083229705,8141.890953672005,8138.821354969784,-6982.067225412084,36.49727514686447
162,182,202,9300.883960190788,8138.199573620465,8157.915789931343,-6995.231403361022,34.26080587107708
163,183,203,9288.212197440753,8132.732524529505,8145.141227553862,-6989.661554642615,39.28214667340808
164,184,204,9277.751952251194,8123.667594586908,8145.399032668662,-6991.314675004376,33.85792774500305
165,185,205,9278.634232914104,8126.726563254511,8133.668284176372,-6981.760614516779,39.56209642692693
166,186,206,9298.673172016188,8133.796184338742,8153.204134842309,-6988.327147164862,35.917748065896376
167,187,207,9302.796810077314,8147.620502601118,8157.151309759602,-7001.975002283405,30.185648905967355
168,188,208,9289.833258192342,8135.109194028268,8164.08284662405,-7009.3587824599745,24.692127729527783
169,189,209,9283.771715111488,8123.698186794501,8170.665788706771,-7010.592260389785,21.72244788616581
