Left,Mid,Right,Loss,Loss_left,Loss_right,gain,glasso
0,20,40,9255.662532131773,8103.6313486273175,8127.341905541076,-6975.31072203662,22.655470402582978
1,21,41,9271.702505448095,8103.908597945374,8154.287574526277,-6986.493667023557,24.927164700119192
2,22,42,9264.388931221642,8104.401621446805,8150.861786101331,-6990.874476326495,23.110179169948424
3,23,43,9286.330413244239,8117.206489081485,8155.116231660132,-6985.992307497378,25.282917505723617
4,24,44,9295.69687456022,8126.093165820556,8150.434141274689,-6980.8304325350255,30.297745375446084
5,25,45,9298.888996088597,8137.017427240169,8152.409870203344,-6990.538301354916,28.059136199080513
6,26,46,9338.955951819866,8141.989546089375,8173.212246601715,-6976.245840871225,37.280034630065074
7,27,47,9334.70691220973,8149.831987708889,8177.4122257466715,-6992.537301245831,33.70243874311018
8,28,48,9326.944036879202,8147.056396184955,8156.7491036302,-6976.861462935953,33.81527608397346
9,29,49,9324.514679335072,8147.121040000426,8165.1661413972915,-6987.772502062646,27.992365328478172
10,30,50,9313.73191046845,8136.745257693368,8161.561528202173,-6984.57487542709,12.91900364552157
11,31,51,9308.546062723228,8132.082567937008,8153.3125647171,-6976.84906993088,17.70075008939284
12,32,52,9313.793189648795,8134.956383293595,8170.272341759866,-6991.435535404666,11.22078104989987
13,33,53,9304.588315690575,8118.743618841069,8178.758671581109,-6992.913974731604,6.797943346389729
14,34,54,9296.439036651866,8106.317382608817,8182.674913323555,-6992.553259280507,5.405178467425685
15,35,55,9294.184744750748,8109.58298455555,8183.663002060366,-6999.061241865167,7.920823530445887
16,36,56,9279.844913811872,8119.494298318413,8164.553733416258,-7004.203117922798,15.060780738959693
17,37,57,9277.865332404586,8123.242771073457,8167.0025632785,-7012.380001947371,19.130042421859798
18,38,58,9278.585386329172,8113.616678236174,8170.608706955964,-7005.6399988629655,21.704223777393054
19,39,59,9282.863531761164,8123.586405931868,8173.164213800104,-7013.887087970808,20.560274833412677
20,40,60,9286.885736288843,8127.341905541076,8173.692920364215,-7014.149089616449,24.726541780770276
21,41,61,9298.968740311231,8154.287574526277,8131.528702814462,-6986.847537029507,36.46886442429377
22,42,62,9345.692280811301,8150.861786101331,8177.874722555669,-6983.044227845698,41.074673060911664
23,43,63,9354.005316477296,8155.116231660132,8181.876284793163,-6982.987199975998,35.444349302808405
24,44,64,9340.853408307685,8150.434141274689,8181.066767361535,-6990.6475003285395,25.790267737330396
25,45,65,9363.23535683285,8152.409870203344,8196.861849828028,-6986.036363198522,28.667003624293102
26,46,66,9359.322766748177,8173.212246601715,8137.401741577221,-6951.29122143076,41.27268039818864
27,47,67,9370.6475907496,8177.4122257466715,8143.29202085614,-6950.05665585321,43.50671402851776
28,48,68,9397.478966218478,8156.7491036302,8171.582347397747,-6930.852484809469,42.22979945556426
29,49,69,9422.953248712094,8165.1661413972915,8183.38855514837,-6925.601447833567,45.92886386962891
30,50,70,9438.06254061524,8161.561528202173,8202.402429856356,-6925.901417443289,46.03787898324981
31,51,71,9448.97425649717,8153.3125647171,8219.367137428422,-6923.705445648353,45.56991408603062
32,52,72,9478.542346581657,8170.272341759866,8222.424360169563,-6914.154355347775,54.811751495194585
33,53,73,9508.230841374922,8178.758671581109,8223.181013207857,-6893.708843414044,61.858221603528364
34,54,74,9510.13649040191,8182.674913323555,8230.024058475188,-6902.562481396835,60.3024581412692
35,55,75,9511.580798528106,8183.663002060366,8231.030137434516,-6903.112340966778,62.81905922734222
36,56,76,9524.920205378336,8164.553733416258,8226.5781371549,-6866.2116651928245,75.07387429749451
37,57,77,9537.323164165773,8167.0025632785,8228.904087220953,-6858.583486333682,79.07449151650462
38,58,78,9535.432155198632,8170.608706955964,8223.485003472582,-6858.661555229915,75.98157396894658
39,59,79,9552.1539933522,8173.164213800104,8226.812831682208,-6847.823052130112,76.83282116853252
40,60,80,9553.709212228272,8173.692920364215,8209.76421681346,-6829.7479249494045,83.57234082222794
41,61,81,9510.09607517297,8131.528702814462,8213.77624219427,-6835.20886983576,78.0484847483649
42,62,82,9497.724319587018,8177.874722555669,8198.883575299351,-6879.033978268002,63.52848390561849
43,63,83,9496.578723839024,8181.876284793163,8211.43113967353,-6896.728700627669,58.64320665967989
44,64,84,9509.728871369383,8181.066767361535,8226.431505562321,-6897.769401554471,65.64983123408547
45,65,85,9497.70986597469,8196.861849828028,8223.492176390038,-6922.644160243379,57.450908025168246
46,66,86,9460.312636731234,8137.401741577221,8219.693978395448,-6896.783083241435,61.89237303174923
47,67,87,9456.726351617723,8143.29202085614,8219.334902348824,-6905.900571587241,56.58448677760089
48,68,88,9450.614458602966,8171.582347397747,8219.089390561698,-6940.057279356479,47.49882169155899
49,69,89,9446.904258593564,8183.38855514837,8207.75771539708,-6944.2420119518865,48.532355842116885
50,70,90,9450.894857398773,8202.402429856356,8207.755785989366,-6959.263358446951,40.12010535932495
51,71,91,9455.274947995478,8219.367137428422,8208.362854814297,-6972.455044247241,31.696861798294776
52,72,92,9427.18923049027,8222.424360169563,8184.642340460752,-6979.877470140045,24.886633239694675
53,73,93,9399.983776665507,8223.181013207857,8165.191784745859,-6988.389021288207,19.07439811385302
54,74,94,9394.406034989719,8230.024058475188,8153.805850170497,-6989.423873655967,18.814942378139676
55,75,95,9381.704709041425,8231.030137434516,8149.324803611154,-6998.650232004244,17.713097851454222
56,76,96,9368.264344800602,8226.5781371549,8129.958188075059,-6988.271980429357,21.1317865984347
57,77,97,9373.248060785001,8228.904087220953,8148.831182060888,-7004.487208496841,22.4163549703635
58,78,98,9367.311691665735,8223.485003472582,8150.965806078955,-7007.139117885803,19.077177129843676
59,79,99,9358.789702040913,8226.812831682208,8146.715856852341,-7014.738986493636,19.87303773500389
60,80,100,9351.24635871989,8209.76421681346,8146.401510491645,-7004.919368585215,25.898612877054802
61,81,101,9351.548347858394,8213.77624219427,8134.620814316347,-6996.848708652224,35.07651441832968
62,82,102,9350.219769663554,8198.883575299351,8148.556641476938,-6997.220447112735,33.981284005417365
63,83,103,9352.183879750753,8211.43113967353,8149.635350521238,-7008.882610444014,29.39677963338636
64,84,104,9354.5537849449,8226.431505562321,8100.320840555941,-6972.198561173362,44.47390766755416
65,85,105,9348.087931866427,8223.492176390038,8101.159673647976,-6976.563918171589,42.48530933130314
66,86,106,9353.829136747361,8219.693978395448,8116.306186743699,-6982.1710283917855,39.71840660624548
67,87,107,9362.323487036147,8219.334902348824,8105.155809848314,-6962.167225160991,45.749869608681365
68,88,108,9358.20873300782,8219.089390561698,8080.284385158223,-6941.1650427121,48.83245718184162
69,89,109,9325.523411224716,8207.75771539708,8087.013945314715,-6969.248249487078,34.15228927373437
70,90,110,9315.713679693741,8207.755785989366,8074.557343954734,-6966.59945025036,32.612095596183735
71,91,111,9327.72611957935,8208.362854814297,8099.595549787874,-6980.232285022819,28.844424195746797
72,92,112,9309.502209400118,8184.642340460752,8113.02146459788,-6988.161595658516,17.723198687425793
73,93,113,9304.36712775728,8165.191784745859,8120.284685565693,-6981.109342554271,16.688461930409176
74,94,114,9294.53894836356,8153.805850170497,8130.745340316628,-6990.012242123565,11.858733663725616
75,95,115,9285.807513846634,8149.324803611154,8121.997384605846,-6985.514674370366,13.146026082175922
76,96,116,9269.330745247837,8129.958188075059,8110.546879881693,-6971.1743227089155,6.127202493530149
77,97,117,9265.375848889575,8148.831182060888,8095.79477890537,-6979.250112076683,7.037845459319669
78,98,118,9260.699182387489,8150.965806078955,8089.613181140985,-6979.879804832452,3.679589049817878
79,99,119,9252.125669703451,8146.715856852341,8086.500007087962,-6981.090194236851,-0.38576564106642763
80,100,120,9257.61602789838,8146.401510491645,8093.601521291018,-6982.387003884283,12.996573585217448
81,101,121,9259.277180250388,8134.620814316347,8100.763032285298,-6976.106666351257,18.456057100224825
82,102,122,9271.038151968809,8148.556641476938,8071.597788155528,-6949.1162776636575,36.73846040533317
83,103,123,9269.14553588363,8149.635350521238,8090.795596280312,-6971.285410917919,28.505083317151275
84,104,124,9234.746220113186,8100.320840555941,8100.667116134431,-6966.241736577187,27.133041347988183
85,105,125,9256.866731070979,8101.159673647976,8132.240555771492,-6976.53349834849,27.601378244757143
86,106,126,9262.506627580728,8116.306186743699,8106.5349298301535,-6960.334488993125,37.590112459296506
87,107,127,9246.878339961568,8105.155809848314,8094.562909017771,-6952.840378904517,31.759569574912803
88,108,128,9221.5819125195,8080.284385158223,8090.468861057102,-6949.1713336958255,25.465949914363136
89,109,129,9237.122278533207,8087.013945314715,8111.081714124172,-6960.973380905682,23.20751519374153
90,110,130,9232.051879359533,8074.557343954734,8120.708691294007,-6963.214155889207,24.936495189253037
91,111,131,9229.348489568176,8099.595549787874,8095.391835822159,-6965.638896041857,17.658536976472533
92,112,132,9211.190356265615,8113.02146459788,8062.43098503437,-6964.262093366635,27.47167415193144
93,113,133,9217.274903265008,8120.284685565693,8052.7903917447875,-6955.800174045473,30.522392658786885
94,114,134,9240.92961452079,8130.745340316628,8067.088273495845,-6956.903999291682,18.5695383880593
95,115,135,9236.630216865977,8121.997384605846,8073.79621373424,-6959.163381474109,16.163475772753827
96,116,136,9242.399288913102,8110.546879881693,8077.190658343761,-6945.338249312352,14.87592036961587
97,117,137,9224.847994684103,8095.79477890537,8072.3118842138865,-6943.258668435152,8.472058696031127
98,118,138,9228.036128979496,8089.613181140985,8099.972717962983,-6961.549770124471,6.8445291000111865
99,119,139,9234.38692458699,8086.500007087962,8108.692713670147,-6960.80579617112,7.749929786957182
100,120,140,9219.831126011968,8093.601521291018,8089.582449777052,-6963.352845056101,15.37459953656571
101,121,141,9253.85579813525,8100.763032285298,8112.081124200338,-6958.988358350387,14.013356137940718
102,122,142,9239.545766769408,8071.597788155528,8098.769166764045,-6930.821188150165,7.958480723837965
103,123,143,9256.9648366288,8090.795596280312,8097.858555724902,-6931.689315376412,5.050069816049472
104,124,144,9303.909734931258,8100.667116134431,8141.19906650955,-6937.956447712724,3.740253121117803
105,125,145,9320.559984323885,8132.240555771492,8148.523553568785,-6960.204125016393,-2.207770703074857
106,126,146,9318.094236818957,8106.5349298301535,8141.89805764244,-6930.338750653636,11.965320510174479
107,127,147,9309.79630811468,8094.562909017771,8153.011635068921,-6937.778235972011,13.192249428336709
108,128,148,9354.563996498695,8090.468861057102,8195.617182867243,-6931.522047425649,16.91056707117059
109,129,149,9369.626028306962,8111.081714124172,8190.528072411936,-6931.983758229146,16.97525455573168
110,130,150,9376.612098432246,8120.708691294007,8186.487031849661,-6930.583624711422,19.376882058777483
111,131,151,9349.432298327556,8095.391835822159,8159.438621374804,-6905.398158869408,14.555162671705602
112,132,152,9338.462614124055,8062.43098503437,8171.1156936598,-6895.084064570114,4.902578221878684
113,133,153,9330.938968982036,8052.7903917447875,8159.181605436394,-6881.033028199146,5.839427206671189
114,134,154,9336.110559331228,8067.088273495845,8159.6951912266095,-6890.672905391228,16.48733763435257
115,135,155,9352.057633735782,8073.79621373424,8163.3613524710945,-6885.099932469553,16.805435182808196
116,136,156,9337.78695326325,8077.190658343761,8143.679664354453,-6883.083369434964,17.061213705108912
117,137,157,9349.69196522266,8072.3118842138865,8141.87528938259,-6864.495208373817,17.588635160843296
118,138,158,9361.496795634019,8099.972717962983,8132.452913602694,-6870.928835931658,24.530609187825576
119,139,159,9396.708107103184,8108.692713670147,8138.454584222093,-6850.439190789055,40.23261833457673
120,140,160,9423.057471690245,8089.582449777052,8163.038994982941,-6829.563973069748,48.49203118299238
121,141,161,9426.088846661914,8112.081124200338,8161.094989046665,-6847.087266585089,43.628522594134665
122,142,162,9413.201225772296,8098.769166764045,8164.778816218357,-6850.346757210105,39.56926681327968
123,143,163,9396.165135803418,8097.858555724902,8154.165308063483,-6855.858727984967,30.307613080829015
124,144,164,9384.945473566539,8141.19906650955,8123.4089583131035,-6879.662551256115,20.18790775098705
125,145,165,9391.997555939557,8148.523553568785,8139.764208079576,-6896.290205708803,16.206567930206802
126,146,166,9383.416450874509,8141.89805764244,8136.807979892848,-6895.28958666078,18.85091311849328
127,147,167,9395.71447111561,8153.011635068921,8126.913621777465,-6884.210785730775,24.328593357561203
128,148,168,9405.915068370849,8195.617182867243,8114.756686183702,-6904.458800680097,23.413290600586606
129,149,169,9383.31672467513,8190.528072411936,8116.49863937383,-6923.709987110635,18.582274699342634
130,150,170,9362.812096668957,8186.487031849661,8116.999793390463,-6940.674728571168,14.745827504831595
131,151,171,9377.182524676795,8159.438621374804,8137.683711830193,-6919.939808528201,23.2837392408087
132,152,172,9377.20803198027,8171.1156936598,8137.6986752073335,-6931.606336886864,21.44253872387162
133,153,173,9355.013482028478,8159.181605436394,8145.270106403395,-6949.4382298113105,20.7212791436109
134,154,174,9355.985303132327,8159.6951912266095,8144.441955741259,-6948.1518438355415,23.767694448237762
135,155,175,9352.091416789908,8163.3613524710945,8144.868248801611,-6956.138184482797,21.277249576872237
136,156,176,9327.3550957691,8143.679664354453,8136.747833748376,-6953.072402333728,21.980260848495618
137,157,177,9324.689717541616,8141.87528938259,8136.216785871324,-6953.402357712297,20.56043107707592
138,158,178,9297.28275632482,8132.452913602694,8138.850201194229,-6974.020358472104,23.324995763176958
139,159,179,9262.493873543146,8138.454584222093,8101.816739784648,-6977.777450463596,24.68970047072071
140,160,180,9252.662691788762,8163.038994982941,8080.881530468357,-6991.257833662536,27.932131940969157
141,161,181,9247.17236701891,8161.094989046665,8034.383855316225,-6948.30647734398,23.124597509020987
142,162,182,9247.476189306435,8164.778816218357,8013.507838834317,-6930.810465746239,16.21083059481589
143,163,183,9265.726152083065,8154.165308063483,8052.506448766915,-6940.945604747332,17.27738980736831
144,164,184,9250.411625540211,8123.4089583131035,8073.0379794198525,-6946.035312192744,18.418806484022753
145,165,185,9242.85527728162,8139.764208079576,8075.624173206133,-6972.533104004089,8.713519786802863
146,166,186,9245.492342585774,8136.807979892848,8089.5959041654105,-6980.911541472484,7.584369517161122
147,167,187,9248.109551184083,8126.913621777465,8099.590366124585,-6978.3944367179665,4.859707238975261
148,168,188,9229.794859310548,8114.756686183702,8094.550139422643,-6979.511966295797,1.9878944189772483
149,169,189,9239.587008927501,8116.49863937383,8095.566774279296,-6972.478404725625,11.503902236003341
150,170,190,9244.585287039334,8116.999793390463,8098.328357002532,-6970.742863353662,11.986769099993126
151,171,191,9248.88488814178,8137.683711830193,8085.204015894717,-6974.002839583129,11.87546608264347
152,172,192,9255.266692149577,8137.6986752073335,8105.524716841391,-6987.956699899147,13.927544826736266
153,173,193,9268.743292818404,8145.270106403395,8112.885577688453,-6989.412391273445,15.332768151314212
154,174,194,9267.865054922933,8144.441955741259,8131.851395189268,-7008.428296007594,9.454653734326712
155,175,195,9257.933636644688,8144.868248801611,8114.793182978243,-7001.727795135166,11.172725204401104
156,176,196,9263.813741614538,8136.747833748376,8126.927397318074,-6999.861489451912,15.950508071921831
157,177,197,9265.459817712077,8136.216785871324,8133.352515891565,-7004.109484050812,16.2986359573365
158,178,198,9253.306535514073,8138.850201194229,8130.332623427368,-7015.876289107524,15.02182531243534
159,179,199,9258.158921347906,8101.816739784648,8155.777580765878,-6999.435399202621,21.902584553453835
160,180,200,9221.4126224411,8080.881530468357,8147.7805800819515,-7007.249488109208,21.327390344406922
161,181,201,9212.20414587585,8034.383855316225,8145.335336616282,-6967.5150460566565,20.002881001484184
162,182,202,9201.316426829977,8013.507838834317,8151.067310116476,-6963.258722120816,10.716816683103843
163,183,203,9208.799910280824,8052.506448766915,8155.766808456227,-6999.473346942319,4.302797657331666
164,184,204,9221.77055413107,8073.0379794198525,8144.650178892542,-6995.917604181324,9.904509853959098
165,185,205,9230.45379637898,8075.624173206133,8137.726617837432,-6982.896994664585,12.999487457059331
166,186,206,9238.251520936621,8089.5959041654105,8148.187629368253,-6999.532012597043,12.315606655526153
167,187,207,9244.885733349038,8099.590366124585,8137.7823703188615,-6992.487003094408,13.80410523880846
168,188,208,9247.026169235267,8094.550139422643,8142.205826825022,-6989.729797012398,11.895138187977864
169,189,209,9255.261980079253,8095.566774279296,8133.828051217661,-6974.132845417704,20.43713568210842
