Left,Mid,Right,Loss,Loss_left,Loss_right,gain,glasso
0,20,40,9334.792179870456,8163.813751877464,8177.824984186973,-7006.846556193981,26.630777378128187
1,21,41,9336.189760542868,8166.29879401492,8181.416093806879,-7011.525127278932,27.887942521587775
2,22,42,9322.92175757839,8162.888157289928,8178.095771499262,-7018.0621712108,29.587828119073038
3,23,43,9310.237875643783,8170.77260564601,8152.969737650477,-7013.504467652703,28.617446253993876
4,24,44,9313.128375512286,8178.428592550095,8147.174313181429,-7012.474530219239,25.818918453412607
5,25,45,9322.04794783679,8191.402445154423,8131.781681495651,-7001.136178813284,26.230917278759534
6,26,46,9321.593791661751,8194.421069616832,8126.034039988743,-6998.861317943823,22.01329426589109
7,27,47,9315.626592997744,8193.563689071154,8117.324334979742,-6995.261431053152,23.6802363058232
8,28,48,9323.702969256468,8208.24123921067,8116.794578916474,-7001.332848870676,24.490602109874544
9,29,49,9322.598748484399,8205.413822721443,8125.438669990508,-7008.253744227552,21.242144703936447
10,30,50,9321.79107119458,8206.413349360411,8122.21102089294,-7006.83329905877,21.69220393596197
11,31,51,9320.15222312514,8210.023843288634,8117.025433929923,-7006.897054093417,19.099749147083458
12,32,52,9309.232163514691,8197.343983213734,8108.1447463243,-6996.256566023343,16.66177010190313
13,33,53,9270.172255152347,8163.327142779612,8092.245269742409,-6985.400157369673,13.792042026949275
14,34,54,9279.373854332574,8147.942661771315,8105.397614360775,-6973.966421799516,21.302866816536152
15,35,55,9275.45408243515,8145.935819708391,8107.669994626566,-6978.1517318998085,15.613197837928965
16,36,56,9276.684361771147,8165.700538525833,8075.783017293422,-6964.799194048106,23.35701754162983
17,37,57,9282.642200388467,8174.146488631493,8051.244216259105,-6942.748504502131,36.678834293601994
18,38,58,9284.10725543511,8179.796175252073,8047.5793658028815,-6943.268285619844,34.02988847762981
19,39,59,9300.267949395682,8180.791753837264,8050.52855848525,-6931.052362926832,34.081782295579615
20,40,60,9297.373528283908,8177.824984186973,8061.328885286939,-6941.780341190004,31.105958256664508
21,41,61,9304.548840178502,8181.416093806879,8052.460986098822,-6929.3282397272,27.347558494109762
22,42,62,9322.250656875509,8178.095771499262,8061.455298286499,-6917.300412910252,26.338488069759478
23,43,63,9316.713819704733,8152.969737650477,8089.388682903359,-6925.644600849102,20.88002291298426
24,44,64,9335.634107107868,8147.174313181429,8096.678301222604,-6908.218507296166,18.238322418711505
25,45,65,9318.337161165655,8131.781681495651,8079.342145035107,-6892.7866653651035,19.086851090276923
26,46,66,9325.866312748567,8126.034039988743,8101.291796885144,-6901.459524125319,25.353872324676104
27,47,67,9359.928032776908,8117.324334979742,8116.655611070324,-6874.051913273157,38.219804604953424
28,48,68,9373.593448170897,8116.794578916474,8131.432685228818,-6874.633815974394,44.46716384693855
29,49,69,9383.3645340486,8125.438669990508,8160.285271415662,-6902.35940735757,35.21934021443076
30,50,70,9369.16958833993,8122.21102089294,8142.17411680003,-6895.215549353041,35.13137877056761
31,51,71,9396.523587107988,8117.025433929923,8197.220297969738,-6917.722144791673,24.89007147823486
32,52,72,9427.016851770324,8108.1447463243,8216.700829324625,-6897.8287238786015,30.724997214378618
33,53,73,9422.420997343841,8092.245269742409,8227.563689273295,-6897.387961671862,32.56199125192779
34,54,74,9429.826185030648,8105.397614360775,8214.981311884483,-6890.552741214611,32.183217506802066
35,55,75,9461.112194449845,8107.669994626566,8217.369618342273,-6863.927418518993,33.78597918083642
36,56,76,9437.591714787746,8075.783017293422,8217.806752687335,-6855.998055193011,34.15898058773291
37,57,77,9400.445707189307,8051.244216259105,8203.031465223019,-6853.8299742928175,29.155336691007506
38,58,78,9390.005941364885,8047.5793658028815,8189.990124600843,-6847.5635490388395,27.913146207426962
39,59,79,9376.25185398322,8050.52855848525,8139.364354831146,-6813.641059333175,31.271770130595996
40,60,80,9389.669954688427,8061.328885286939,8135.479686934104,-6807.138617532617,40.758016008497634
41,61,81,9384.558758570623,8052.460986098822,8146.099814873773,-6814.002042401971,33.12721388588352
42,62,82,9392.464941796188,8061.455298286499,8140.046124356425,-6809.036480846735,44.28764771775832
43,63,83,9390.902991309922,8089.388682903359,8129.913649977684,-6828.399341571121,45.898722031697616
44,64,84,9379.747347069931,8096.678301222604,8119.433430132472,-6836.364384285143,35.75053551178644
45,65,85,9355.907771195378,8079.342145035107,8111.062061350469,-6834.496435190198,28.73053523076851
46,66,86,9362.707356864576,8101.291796885144,8096.379551091994,-6834.963991112563,35.673856587380214
47,67,87,9359.790130125453,8116.655611070324,8090.212339677257,-6847.077820622128,31.97521997100057
48,68,88,9350.127422929185,8131.432685228818,8099.56913455053,-6880.874396850162,49.91042536383338
49,69,89,9339.174468512338,8160.285271415662,8079.465290233654,-6900.576093136977,28.079141564185647
50,70,90,9335.59788307828,8142.17411680003,8096.440475178428,-6903.016708900177,33.08338286971684
51,71,91,9357.571358953017,8197.220297969738,8086.264761022261,-6925.913700038982,22.528837871955147
52,72,92,9372.596407165984,8216.700829324625,8087.677289401867,-6931.7817115605085,25.150429457902646
53,73,93,9380.66581690097,8227.563689273295,8097.2118048760785,-6944.109677248403,29.511901756414773
54,74,94,9358.840467042359,8214.981311884483,8100.356877026013,-6956.497721868138,23.86061664444651
55,75,95,9358.762360148081,8217.369618342273,8093.746022352567,-6952.3532805467585,28.685319675559185
56,76,96,9385.721474084412,8217.806752687335,8122.833735725002,-6954.919014327925,33.29948075007678
57,77,97,9360.733063654316,8203.031465223019,8136.430253599421,-6978.7286551681245,23.161300069697063
58,78,98,9345.667923414418,8189.990124600843,8132.06141346036,-6976.383614646786,24.07015310726092
59,79,99,9313.512066700063,8139.364354831146,8129.711684937341,-6955.563973068423,38.05230623838452
60,80,100,9294.737666174147,8135.479686934104,8112.990707310355,-6953.732728070312,44.79207774558654
61,81,101,9298.998755637147,8146.099814873773,8121.918534322496,-6969.019593559122,42.7838329129313
62,82,102,9322.155853719458,8140.046124356425,8130.8833425000375,-6948.773613137004,53.63558097327541
63,83,103,9316.457184332035,8129.913649977684,8124.856915508718,-6938.313381154367,48.209564858475005
64,84,104,9312.173697955855,8119.433430132472,8142.469527971165,-6949.729260147782,50.0307315922646
65,85,105,9309.11263514531,8111.062061350469,8136.76537624545,-6938.71480245061,49.72465134887807
66,86,106,9292.743211526058,8096.379551091994,8131.26701152301,-6934.903351088946,45.79216875785369
67,87,107,9304.81833571274,8090.212339677257,8157.1233081169485,-6942.517312081465,35.69966247416187
68,88,108,9286.384134531265,8099.56913455053,8150.494574605433,-6963.679574624697,9.485144631664298
69,89,109,9281.522185102309,8079.465290233654,8156.712104591056,-6954.655209722401,15.057427084764186
70,90,110,9275.506193517545,8096.440475178428,8155.307346525641,-6976.241628186524,9.88764645178253
71,91,111,9267.393445013291,8086.264761022261,8153.0374047694995,-6971.908720778469,14.488464833823855
72,92,112,9252.965125447785,8087.677289401867,8138.18162815273,-6972.893792106812,7.407787793093121
73,93,113,9249.49133854163,8097.2118048760785,8123.153124424438,-6970.873590758887,0.46825642519843313
74,94,114,9249.419021606627,8100.356877026013,8125.485777924123,-6976.423633343507,3.1633909023748856
75,95,115,9235.578426550506,8093.746022352567,8118.283221497924,-6976.450817299985,4.8006556201389685
76,96,116,9242.183563730865,8122.833735725002,8098.401600950776,-6979.051772944913,13.850351650527955
77,97,117,9255.332347300973,8136.430253599421,8094.974961640857,-6976.072867939305,8.752363847125707
78,98,118,9276.593485787256,8132.06141346036,8129.148080216313,-6984.616007889417,25.876455368499137
79,99,119,9279.639944683862,8129.711684937341,8118.258749677838,-6968.330489931315,37.69844907976949
80,100,120,9288.29461294292,8112.990707310355,8144.078376719519,-6968.774471086954,40.691979612552586
81,101,121,9299.36751244009,8121.918534322496,8137.8283379866,-6960.379359869006,48.019299602613955
82,102,122,9283.627264762705,8130.8833425000375,8117.221950067878,-6964.478027805211,41.82002172832381
83,103,123,9277.04048106723,8124.856915508718,8113.251169629402,-6961.0676040708895,42.194002866683604
84,104,124,9283.4596861051,8142.469527971165,8110.6023484816005,-6969.612190347667,42.873504943983335
85,105,125,9294.75335156902,8136.76537624545,8140.407471908395,-6982.4194965848255,36.405383414532025
86,106,126,9298.58818480888,8131.26701152301,8150.0579904797705,-6982.7368171939015,36.38674037100009
87,107,127,9297.348501996174,8157.1233081169485,8130.720670118136,-6990.49547623891,28.863822394695035
88,108,128,9294.26328754389,8150.494574605433,8132.703528490923,-6988.934815552466,26.367107828430107
89,109,129,9297.226813070247,8156.712104591056,8130.714594805116,-6990.199886325925,22.097212561688593
90,110,130,9310.295373181281,8155.307346525641,8155.2124810786045,-7000.224454422965,22.159455666315807
91,111,131,9312.998099073124,8153.0374047694995,8151.069581254364,-6991.10888695074,20.956838883515047
92,112,132,9274.413862935564,8138.18162815273,8141.239175573668,-7005.006940790834,30.652024067780985
93,113,133,9268.978351545964,8123.153124424438,8147.297003703621,-7001.471776582095,34.9996182412865
94,114,134,9273.065836627518,8125.485777924123,8135.978273242615,-6988.39821453922,45.91491349346188
95,115,135,9294.025367461025,8118.283221497924,8167.172519154992,-6991.430373191892,34.72239418406707
96,116,136,9285.550586182708,8098.401600950776,8165.2320844093265,-6978.083099177395,45.27357396002799
97,117,137,9284.907903881347,8094.974961640857,8160.497927443981,-6970.564985203491,33.2184228934907
98,118,138,9309.349716444369,8129.148080216313,8165.359902198672,-6985.158265970616,35.12697796137172
99,119,139,9283.47628485966,8118.258749677838,8151.972467952331,-6986.754932770507,29.00963151979522
100,120,140,9287.581753253984,8144.078376719519,8139.319670025361,-6995.816293490896,26.490484236552675
101,121,141,9284.304784898062,8137.8283379866,8136.447106230763,-6989.9706593193005,27.50993109106912
102,122,142,9292.459362753489,8117.221950067878,8160.738681885663,-6985.501269200053,23.041459246405793
103,123,143,9314.487099011416,8113.251169629402,8173.0554921191815,-6971.819562737168,28.329434033415964
104,124,144,9316.201064098053,8110.6023484816005,8166.2206314236555,-6960.621915807204,29.242544433490366
105,125,145,9354.685702203727,8140.407471908395,8170.010584667116,-6955.732354371783,27.906463972823076
106,126,146,9362.866301634818,8150.0579904797705,8177.368574966849,-6964.560263811802,25.51078693511363
107,127,147,9368.38357891895,8130.720670118136,8182.769602809626,-6945.106694008811,24.54805744190344
108,128,148,9391.064602966111,8132.703528490923,8204.732833947173,-6946.371759471986,24.720741065311813
109,129,149,9406.305189383373,8130.714594805116,8221.784891147767,-6946.194296569509,22.900672391530406
110,130,150,9421.789051084408,8155.2124810786045,8219.811765653807,-6953.235195648003,22.313501602605356
111,131,151,9454.438559659337,8151.069581254364,8235.870780266927,-6932.501801861954,34.981587764913
112,132,152,9460.734254851064,8141.239175573668,8232.319254600587,-6912.8241753231905,27.028669781014287
113,133,153,9477.438111797866,8147.297003703621,8233.174957656953,-6903.0338495627075,31.114263877497706
114,134,154,9463.658048298534,8135.978273242615,8218.381198653953,-6890.701423598035,35.082384416124114
115,135,155,9480.917675855948,8167.172519154992,8190.778414593776,-6877.033257892821,56.84046198786973
116,136,156,9473.223299171434,8165.2320844093265,8167.699691918273,-6859.708477156166,59.479672130882136
117,137,157,9484.78181240439,8160.497927443981,8168.49570730662,-6844.211822346211,59.68205285145632
118,138,158,9478.516402122066,8165.359902198672,8153.620935299712,-6840.464435376318,58.92998927679537
119,139,159,9450.606255563554,8151.972467952331,8133.926090490779,-6835.292302879556,50.03988629350624
120,140,160,9463.251122237874,8139.319670025361,8137.877926106214,-6813.9464738937,51.88158577224158
121,141,161,9457.48268193225,8136.447106230763,8140.918441097676,-6819.882865396188,46.59864993984502
122,142,162,9471.102767033924,8160.738681885663,8148.062243679683,-6837.698158531421,44.78439468248598
123,143,163,9473.058058166172,8173.0554921191815,8145.570801856398,-6845.568235809407,48.162131412729195
124,144,164,9487.293454118064,8166.2206314236555,8167.821912361642,-6846.749089667233,58.07400130134738
125,145,165,9450.3466701339,8170.010584667116,8150.835283186033,-6870.499197719249,48.479107706964896
126,146,166,9464.27222664382,8177.368574966849,8164.286736421905,-6877.3830847449335,50.746264549260104
127,147,167,9474.94540368839,8182.769602809626,8163.958381701066,-6871.782580822302,53.41837454981578
128,148,168,9489.205731309634,8204.732833947173,8175.036250533203,-6890.563353170743,54.182272901142824
129,149,169,9481.140053082847,8221.784891147767,8173.229287979937,-6913.874126044859,46.80886189669627
130,150,170,9466.781047742394,8219.811765653807,8177.4737139317385,-6930.504431843152,42.76978537375362
131,151,171,9455.850627316437,8235.870780266927,8165.499643603224,-6945.519796553714,36.85694000739477
132,152,172,9453.736014973121,8232.319254600587,8163.713083651724,-6942.296323279192,36.384960862510525
133,153,173,9447.771531880324,8233.174957656953,8149.60478419554,-6935.008209972169,38.71616486137464
134,154,174,9425.050460519775,8218.381198653953,8145.903471750389,-6939.2342098845675,37.74232642162815
135,155,175,9366.72925421239,8190.778414593776,8141.889950914019,-6965.939111295404,25.961963754076805
136,156,176,9347.100140558958,8167.699691918273,8144.866431546141,-6965.465982905456,27.17962274932006
137,157,177,9335.625512556924,8168.49570730662,8144.7709148981585,-6977.641109647853,24.8852266990898
138,158,178,9289.806224768186,8153.620935299712,8139.249207227979,-7003.063917759506,26.50076269987312
139,159,179,9263.95358476755,8133.926090490779,8138.371892420839,-7008.344398144067,29.855453314665283
140,160,180,9247.444459377435,8137.877926106214,8099.045238172776,-6989.478704901554,33.56386737866478
141,161,181,9251.074179794809,8140.918441097676,8103.9421076561875,-6993.786368959054,31.715880779961026
142,162,182,9255.839263497439,8148.062243679683,8111.358442955754,-7003.581423137997,21.388964949199362
143,163,183,9249.90346644909,8145.570801856398,8111.552433948963,-7007.21976935627,19.002840553293026
144,164,184,9248.8378605576,8167.821912361642,8088.861226143601,-7007.845277947643,21.89375073640531
145,165,185,9234.757934393023,8150.835283186033,8087.43576371295,-7003.51311250596,22.51781861752397
146,166,186,9238.95239884392,8164.286736421905,8052.157262687991,-6977.491600265976,15.493024404622247
147,167,187,9239.146398318037,8163.958381701066,8053.596783497182,-6978.408766880211,14.322514565858
148,168,188,9236.644782938962,8175.036250533203,8054.228248404901,-6992.6197159991425,22.64215254804185
149,169,189,9231.366484572502,8173.229287979937,8051.396236829718,-6993.259040237153,22.447709867360572
150,170,190,9237.920239785592,8177.4737139317385,8031.169102893211,-6970.722577039358,26.64504992120601
151,171,191,9224.442548125338,8165.499643603224,8020.0734632669655,-6961.130558744851,22.416326265602038
152,172,192,9226.497530113109,8163.713083651724,8039.865231902331,-6977.080785440947,23.211395917388018
153,173,193,9216.064173440753,8149.60478419554,8036.494899122066,-6970.035509876854,21.20946797615852
154,174,194,9226.24479434553,8145.903471750389,8064.848643617197,-6984.507321022056,13.358744032271716
155,175,195,9221.12984974573,8141.889950914019,8054.04754397012,-6974.8076451384095,12.052098899957855
156,176,196,9217.349699528339,8144.866431546141,8053.983004175013,-6981.499736192814,6.521998610712217
157,177,197,9221.419047105646,8144.7709148981585,8069.718865352347,-6993.070733144859,5.050775956354755
158,178,198,9213.876852759482,8139.249207227979,8051.211065695656,-6976.583420164154,1.3858391259932432
159,179,199,9247.55502814972,8138.371892420839,8101.700584810426,-6992.517449081544,3.150991324851475
160,180,200,9248.945678141918,8099.045238172776,8120.610916047715,-6970.710476078573,-3.437973574024909
161,181,201,9266.12929968335,8103.9421076561875,8135.317838275883,-6973.130646248719,2.816196063238749
162,182,202,9256.947893213019,8111.358442955754,8125.156092343936,-6979.566642086671,5.1006386707358615
163,183,203,9266.519350091847,8111.552433948963,8130.865277559884,-6975.898361416999,-77.233633459663
164,184,204,9250.758980921755,8088.861226143601,8163.3911147750205,-7001.493359996866,7.893827239965049
165,185,205,9257.94450386514,8087.43576371295,8177.887541369072,-7007.3788012168825,9.436038303205805
166,186,206,9235.776007263434,8052.157262687991,8180.949629091877,-6997.330884516434,4.567607583014251
167,187,207,9238.172625368963,8053.596783497182,8152.435098935646,-6967.859257063865,12.183029606292166
168,188,208,9237.12028737489,8054.228248404901,8170.117672002713,-6987.225633032724,20.176230973428574
169,189,209,9233.925605799293,8051.396236829718,8172.855299272497,-6990.325930302923,23.80272973901674
