Left,Mid,Right,Loss,Loss_left,Loss_right,gain,glasso
0,20,40,9262.218949058852,8191.597740723059,8059.331488824304,-6988.710280488513,29.507498499563553
1,21,41,9267.637542200235,8182.677215156295,8063.833726644174,-6978.873399600234,30.526345748877702
2,22,42,9265.969815130089,8149.408113104553,8100.101435101158,-6983.539733075622,26.319816822447137
3,23,43,9257.090090813519,8148.930100286598,8078.163830387824,-6970.003839860903,28.134725150836857
4,24,44,9256.687534029676,8153.560932262158,8090.498234824323,-6987.371633056806,16.467594566806383
5,25,45,9237.267108186066,8131.543036626985,8097.175211579292,-6991.451140020212,7.8529213009546766
6,26,46,9233.542722060214,8108.165307094397,8112.312585453303,-6986.935170487486,8.904883235156376
7,27,47,9217.714102448754,8085.195125874062,8117.101323290233,-6984.582346715542,-3.5556013042642007
8,28,48,9240.398134856052,8078.497650065654,8148.338275145204,-6986.437790354805,2.7089714266544433
9,29,49,9242.96962297343,8103.344419449346,8142.450666752623,-7002.825463228537,-1.6838237212655258
10,30,50,9242.53668218516,8071.592358412177,8151.422279992607,-6980.477956219624,8.517069657345019
11,31,51,9234.966158028865,8064.52372939423,8151.256008365477,-6980.813579730842,8.14385994861459
12,32,52,9228.96285466089,8053.427481919711,8144.011554052651,-6968.476181311473,5.947411143562931
13,33,53,9231.562240395058,8060.259342333973,8142.5929464836645,-6971.290048422579,8.471165360405394
14,34,54,9242.541309803928,8086.023471319467,8149.376637189478,-6992.858798705016,14.091220394782795
15,35,55,9241.615692578354,8079.197783484933,8150.286614361169,-6987.868705267749,18.861663858095653
16,36,56,9251.125580013291,8097.608189512983,8154.861875988252,-7001.3444854879435,17.695346112212974
17,37,57,9254.072643550271,8113.752344600775,8150.125595192361,-7009.805296242865,18.62574335090858
18,38,58,9262.455843810996,8098.409443448305,8162.689588151266,-6998.643187788575,24.505771718748292
19,39,59,9249.226439220338,8075.742201394384,8169.308448153245,-6995.824210327291,30.484634052327692
20,40,60,9243.608570384431,8059.331488824304,8163.751316854311,-6979.474235294185,33.73741626410265
21,41,61,9263.070325639643,8063.833726644174,8174.409279049517,-6975.172680054047,30.198539875151255
22,42,62,9297.280400428963,8100.101435101158,8190.631873435843,-6993.452908108038,24.62971361126165
23,43,63,9299.002620326375,8078.163830387824,8203.177316517096,-6982.3385265785455,24.815853356464686
24,44,64,9317.1450601545,8090.498234824323,8189.2676275028425,-6962.620802172665,27.80604527928199
25,45,65,9362.10886511899,8097.175211579292,8214.354334849715,-6949.420681310017,32.70871040123211
26,46,66,9383.612102592673,8112.312585453303,8224.695885127026,-6953.396367987656,28.400610416624204
27,47,67,9412.517955084888,8117.101323290233,8243.684792466678,-6948.268160672023,38.980010471157584
28,48,68,9431.887839652292,8148.338275145204,8217.143684534107,-6933.594120027017,43.63058461667151
29,49,69,9427.680652301799,8142.450666752623,8211.664336327189,-6926.434350778014,39.517975397474856
30,50,70,9417.27671936334,8151.422279992607,8192.724993628237,-6926.870554257504,42.92753573888194
31,51,71,9452.145950339416,8151.256008365477,8219.9286618061,-6919.0387198321605,44.85836984166235
32,52,72,9449.714122359748,8144.011554052651,8220.212092516347,-6914.50952420925,45.05973449997873
33,53,73,9456.918136927045,8142.5929464836645,8215.171201860801,-6900.846011417421,48.76030349980738
34,54,74,9452.880631589294,8149.376637189478,8193.223288592595,-6889.719294192779,52.06811428302399
35,55,75,9472.86594267866,8150.286614361169,8208.158981509892,-6885.579653192401,54.766756876400905
36,56,76,9474.25875847503,8154.861875988252,8203.74307652152,-6884.346194034741,52.47758859014448
37,57,77,9472.614774539996,8150.125595192361,8191.353894965601,-6868.864715617967,55.29126988114467
38,58,78,9485.459364999717,8162.689588151266,8162.415687792458,-6839.6459109440075,66.38360026766668
39,59,79,9467.486189707348,8169.308448153245,8144.9525690365335,-6846.774827482432,69.51047922716634
40,60,80,9457.477072116517,8163.751316854311,8121.679943648641,-6827.954188386435,69.37460007790469
41,61,81,9465.413868881778,8174.409279049517,8129.901141935818,-6838.896552103555,66.76524356377695
42,62,82,9462.014876166511,8190.631873435843,8105.979457011329,-6834.596454280661,60.487033635079115
43,63,83,9469.488140522113,8203.177316517096,8120.789733611886,-6854.478909606869,57.22313095292293
44,64,84,9462.9327975801,8189.2676275028425,8127.620759568638,-6853.955589491381,58.487857619281385
45,65,85,9442.634099101204,8214.354334849715,8115.7433626793045,-6887.463598427816,42.78560052481498
46,66,86,9448.260116886873,8224.695885127026,8125.871840080464,-6902.307608320616,44.30429585834872
47,67,87,9448.292081366784,8243.684792466678,8110.289138660847,-6905.681849760742,37.77570849048925
48,68,88,9425.451995594096,8217.143684534107,8126.471813604279,-6918.16350254429,33.17697371025997
49,69,89,9424.180643825117,8211.664336327189,8135.240432174616,-6922.724124676688,31.583724365492344
50,70,90,9411.64395955184,8192.724993628237,8144.510352048509,-6925.591386124905,30.889314563107746
51,71,91,9404.36015742209,8219.9286618061,8133.238950318284,-6948.807454702293,22.233413547493456
52,72,92,9413.8643832285,8220.212092516347,8152.416639302839,-6958.7643485906865,23.757402596423162
53,73,93,9418.284786603592,8215.171201860801,8161.538154114672,-6958.42456937188,28.68934592988535
54,74,94,9387.97264678757,8193.223288592595,8154.217682732668,-6959.468324537695,29.799549116753496
55,75,95,9387.625680985526,8208.158981509892,8147.867314032153,-6968.40061455652,27.512960626436325
56,76,96,9378.178845284432,8203.74307652152,8136.285324541426,-6961.849555778514,26.716905516626866
57,77,97,9368.45391761467,8191.353894965601,8139.670318391824,-6962.570295742755,28.495407429967145
58,78,98,9330.408686459126,8162.415687792458,8141.875174600251,-6973.882175933582,23.955669998047142
59,79,99,9305.968734200265,8144.9525690365335,8132.167523707052,-6971.15135854332,26.718233058692476
60,80,100,9280.96947904565,8121.679943648641,8145.571879141766,-6986.282343744757,22.582801361206748
61,81,101,9310.778498367483,8129.901141935818,8154.953408973184,-6974.076052541519,33.53413346232492
62,82,102,9294.783069648169,8105.979457011329,8161.67643331995,-6972.872820683111,22.45119054346287
63,83,103,9300.171465946332,8120.789733611886,8154.76347985107,-6975.381747516623,23.15635204395494
64,84,104,9305.02038927198,8127.620759568638,8149.070337136984,-6971.670707433641,32.29366423009378
65,85,105,9298.642099683013,8115.7433626793045,8140.949367548811,-6958.050630545102,20.104809926445796
66,86,106,9301.51375780052,8125.871840080464,8115.27258990565,-6939.630672185594,39.24146396321021
67,87,107,9282.025999066358,8110.289138660847,8115.728409405381,-6943.991548999871,30.83800447786689
68,88,108,9289.461605655972,8126.471813604279,8120.296976886908,-6957.307184835216,0.11291132969927276
69,89,109,9312.159425471546,8135.240432174616,8147.614750325998,-6970.695757029069,2.1005598455130894
70,90,110,9324.457792228815,8144.510352048509,8163.429320303116,-6983.48188012281,31.806687265267556
71,91,111,9316.554675723637,8133.238950318284,8169.85950087916,-6986.543775473807,48.23003355549372
72,92,112,9323.26426962186,8152.416639302839,8175.464789840623,-7004.6171595216,45.09245759039868
73,93,113,9332.242805084888,8161.538154114672,8174.811640653728,-7004.106989683512,21.534616572017512
74,94,114,9331.4311642209,8154.217682732668,8177.534928994601,-7000.321447506369,22.648890932922313
75,95,115,9325.93402580757,8147.867314032153,8164.971226040904,-6986.904514265489,22.32223781348648
76,96,116,9318.072016456426,8136.285324541426,8171.231789323147,-6989.4450974081465,27.415882502694785
77,97,117,9322.898836122513,8139.670318391824,8153.25953403951,-6970.031016308822,24.106271241633294
78,98,118,9317.062307303975,8141.875174600251,8141.046700616956,-6965.85956791323,29.11421585330845
79,99,119,9314.286791093557,8132.167523707052,8146.595806977564,-6964.47653959106,32.581803543298975
80,100,120,9337.303660012116,8145.571879141766,8165.091507008433,-6973.359726138082,38.23371589834778
81,101,121,9325.470682529012,8154.953408973184,8156.713458490238,-6986.19618493441,32.43463336564264
82,102,122,9314.520659686414,8161.67643331995,8155.304101347198,-7002.459874980736,27.13342812019664
83,103,123,9317.284237780717,8154.76347985107,8157.987341076704,-6995.466583147056,26.457343435291477
84,104,124,9329.21590868663,8149.070337136984,8170.879006927987,-6990.733435378341,36.83194055751483
85,105,125,9316.139591578469,8140.949367548811,8161.789336130262,-6986.5991121006045,46.457008791107
86,106,126,9311.008726895925,8115.27258990565,8151.935001785076,-6956.198864794802,56.335318883327545
87,107,127,9308.325291976624,8115.728409405381,8149.29957946445,-6956.702696893208,59.619443278136714
88,108,128,9303.808526048846,8120.296976886908,8149.3847098263295,-6965.8731606643905,69.89148441691486
89,109,129,9296.266036180456,8147.614750325998,8135.1358135695755,-6986.484527715118,61.23177336046456
90,110,130,9312.860000809746,8163.429320303116,8126.973576315045,-6977.542895808416,31.25523055671283
91,111,131,9314.417684047788,8169.85950087916,8111.907036435545,-6967.348853266916,18.647390802130303
92,112,132,9312.945362434806,8175.464789840623,8133.637488588755,-6996.156915994572,11.452716894538298
93,113,133,9320.450936320376,8174.811640653728,8151.579343241074,-7005.940047574426,30.59051739561619
94,114,134,9313.581949355152,8177.534928994601,8147.459756555735,-7011.412736195185,29.18169220674463
95,115,135,9332.13933906332,8164.971226040904,8180.468609513163,-7013.300496490747,31.869770862893347
96,116,136,9343.055243451363,8171.231789323147,8190.265481780732,-7018.442027652516,32.13622255413702
97,117,137,9327.275815549003,8153.25953403951,8173.971805685691,-6999.955524176197,25.01648564188963
98,118,138,9325.58409036617,8141.046700616956,8171.753577477389,-6987.216187728174,29.76046831053054
99,119,139,9333.461152186695,8146.595806977564,8173.406323124364,-6986.540977915232,34.221439927936444
100,120,140,9335.539072007947,8165.091507008433,8156.942377253234,-6986.494812253719,40.48111193460818
101,121,141,9358.601236580937,8156.713458490238,8192.054909589588,-6990.167131498889,34.188298985041456
102,122,142,9363.078556785273,8155.304101347198,8195.245680550688,-6987.471225112615,35.28750732028084
103,123,143,9386.021183802648,8157.987341076704,8208.641232719221,-6980.607389993278,38.12480741018362
104,124,144,9416.959747821267,8170.879006927987,8210.849346244378,-6964.768605351099,42.25893229982648
105,125,145,9450.171774917366,8161.789336130262,8247.420222555422,-6959.037783768319,49.79299053314662
106,126,146,9449.058787834216,8151.935001785076,8241.794206145965,-6944.670420096827,53.56329568698766
107,127,147,9456.345029190445,8149.29957946445,8243.718684501588,-6936.673234775593,55.79950029633119
108,128,148,9455.486127142389,8149.3847098263295,8231.989415737013,-6925.887998420954,66.89751531833963
109,129,149,9464.669747510829,8135.1358135695755,8253.541595281096,-6924.007661339843,57.7701521454951
110,130,150,9468.621624202622,8126.973576315045,8258.800111502056,-6917.15206361448,53.43953060287777
111,131,151,9458.574773069959,8111.907036435545,8259.699236742692,-6913.031500108278,50.847441014604556
112,132,152,9466.715804928088,8133.637488588755,8248.15749645135,-6915.079180112018,52.67846704007388
113,133,153,9465.71916329245,8151.579343241074,8229.424334386438,-6915.284514335062,52.531323598950166
114,134,154,9466.376587179759,8147.459756555735,8237.014510001143,-6918.097679377119,53.16544912829977
115,135,155,9473.774675893552,8180.468609513163,8220.404909416016,-6927.098843035628,46.80073925309671
116,136,156,9477.59186647028,8190.265481780732,8198.57791156216,-6911.251526872613,50.25855760551076
117,137,157,9478.427834295679,8173.971805685691,8217.648309734777,-6913.19228112479,51.37902293665684
118,138,158,9467.674813422127,8171.753577477389,8212.955078908126,-6917.033842963388,48.73384974617329
119,139,159,9473.57178654406,8173.406323124364,8202.58093027369,-6902.415466853994,50.17786748086064
120,140,160,9459.303823768858,8156.942377253234,8189.522956711633,-6887.161510196009,54.70946049287977
121,141,161,9460.216713011472,8192.054909589588,8156.290122861015,-6888.128319439131,56.53499846957811
122,142,162,9489.5440369836,8195.245680550688,8192.440713942719,-6898.142357509809,58.88938419963188
123,143,163,9475.990083167151,8208.641232719221,8172.06631116964,-6904.717460721709,57.797731483633015
124,144,164,9450.371128211578,8210.849346244378,8173.813039824441,-6934.291257857241,43.11709021818797
125,145,165,9447.563778637914,8247.420222555422,8154.567400609757,-6954.423844527266,38.54704583734747
126,146,166,9437.74228013079,8241.794206145965,8145.4748253821845,-6949.526751397361,39.377741231318396
127,147,167,9429.485610183518,8243.718684501588,8156.883331480081,-6971.116405798151,34.825476586160676
128,148,168,9442.059343613999,8231.989415737013,8166.953413427579,-6956.883485550594,37.32060054077192
129,149,169,9466.270466250435,8253.541595281096,8158.456383594083,-6945.727512624746,47.76651664484643
130,150,170,9478.081342971553,8258.800111502056,8151.857532602521,-6932.576301133024,46.58375735970503
131,151,171,9472.545388555276,8259.699236742692,8159.463122052812,-6946.616970240228,45.76602643977412
132,152,172,9460.25936066991,8248.15749645135,8167.587053087741,-6955.485188869179,36.68125125206461
133,153,173,9432.08724473663,8229.424334386438,8179.703984032109,-6977.041073681916,38.30439516242268
134,154,174,9443.606864979187,8237.014510001143,8192.64267874177,-6986.050323763726,38.9348772628432
135,155,175,9436.735188074126,8220.404909416016,8193.771374067082,-6977.441095408973,37.1321780066678
136,156,176,9405.290775971607,8198.57791156216,8188.251196745347,-6981.538332335902,31.90522774984538
137,157,177,9403.488875905237,8217.648309734777,8184.081375245674,-6998.240809075214,30.152240197295214
138,158,178,9391.076314243925,8212.955078908126,8173.68300662258,-6995.5617712867825,31.38814076632525
139,159,179,9372.583805526361,8202.58093027369,8173.7540656007395,-7003.751190348068,34.112340579037664
140,160,180,9341.4075300991,8189.522956711633,8165.71630395374,-7013.831730566273,31.63495115427486
141,161,181,9335.858404277824,8156.290122861015,8190.348898177668,-7010.78061676086,29.859783622996474
142,162,182,9334.289965086167,8192.440713942719,8155.292807774838,-7013.44355663139,27.57962810305844
143,163,183,9304.16768183911,8172.06631116964,8144.346914361177,-7012.245543691708,31.129003250448932
144,164,184,9292.121710953857,8173.813039824441,8126.772999848396,-7008.464328718979,29.237969362194235
145,165,185,9279.582169062223,8154.567400609757,8135.420271265371,-7010.405502812906,27.436804549383396
146,166,186,9288.43573290938,8145.4748253821845,8154.8126272748295,-7011.851719747634,28.307568908545818
147,167,187,9309.895092615765,8156.883331480081,8167.759145519235,-7014.747384383552,36.006690622667065
148,168,188,9312.659458932803,8166.953413427579,8162.9558801928115,-7017.249834687587,29.14276593341583
149,169,189,9298.292872827311,8158.456383594083,8157.07674896233,-7017.240259729102,26.51912188372944
150,170,190,9282.13392942877,8151.857532602521,8152.650461648638,-7022.374064822388,30.94314725184813
151,171,191,9294.230444646715,8159.463122052812,8154.640234066961,-7019.872911473058,32.4485669352066
152,172,192,9302.768424121743,8167.587053087741,8159.585799494989,-7024.404428460988,30.91695253294847
153,173,193,9311.26262755397,8179.703984032109,8158.384003821956,-7026.825360300096,26.212120711657917
154,174,194,9322.700161468232,8192.64267874177,8162.354245005537,-7032.296762279075,28.791262234566602
155,175,195,9337.231612675767,8193.771374067082,8176.430291152749,-7032.970052544066,28.282594367492038
156,176,196,9343.661486124216,8188.251196745347,8181.497151361822,-7026.0868619829525,30.427971102687934
157,177,197,9326.772428561262,8184.081375245674,8173.034732822765,-7030.3436795071775,29.499908991918346
158,178,198,9323.05644250572,8173.68300662258,8164.83432117142,-7015.460885288281,27.443543480979315
159,179,199,9319.073109810317,8173.7540656007395,8171.584083353715,-7026.265039144138,30.729258055699574
160,180,200,9326.604812924374,8165.71630395374,8178.824601718427,-7017.936092747794,31.770214798855704
161,181,201,9322.544269380982,8190.348898177668,8164.687951211594,-7032.49258000828,22.11136065576011
162,182,202,9311.009938817691,8155.292807774838,8172.720077921659,-7017.002946878807,21.07096999091118
163,183,203,9319.954340842418,8144.346914361177,8187.967185947847,-7012.359759466606,20.194374012959997
164,184,204,9315.530945213235,8126.772999848396,8195.536779845344,-7006.778834480505,12.597659634664069
165,185,205,9317.668019698689,8135.420271265371,8188.240116514978,-7005.992368081661,12.491132773451682
166,186,206,9322.119087278912,8154.8126272748295,8187.689093532366,-7020.382633528283,16.87947482662048
167,187,207,9322.023872482927,8167.759145519235,8173.917768235208,-7019.6530412715165,20.321982783062595
168,188,208,9317.454875904174,8162.9558801928115,8174.626570586584,-7020.127574875221,20.203768976658466
169,189,209,9321.324499239727,8157.07674896233,8176.928736001255,-7012.680985723859,23.21812557690555
