Left,Mid,Right,Loss_likeli,Loss_AIC,Loss_BIC,Loss_eBIC
0,20,40,198.05348542881325,72.05348542881325,52.68532100406833,-619.5526692218482
1,21,41,171.58126352945646,17.581263529456464,-1.5589055477253169,-960.022836931153
2,22,42,184.9155754076064,14.915575407606411,-14.963040580247252,-1148.3676364005669
3,23,43,147.53164094778344,-19.468359052216556,-32.11592345924146,-1187.7478449794503
4,24,44,158.68273634839647,-18.317263651603525,-44.749470791296744,-1275.7305408790307
5,25,45,140.8804328631711,-30.11956713682889,-51.48513591418032,-1311.0345139750693
6,26,46,134.8721446112745,-31.127855388725493,-26.034598383071398,-1219.3406513527866
7,27,47,141.84002749622528,-32.159972503774725,-37.76753983786148,-1162.158992145305
8,28,48,144.72287535208488,-23.277124647915116,-30.456977216497762,-1083.9161578774952
9,29,49,141.44452399847773,4.4445239984777345,2.708370904000958,-847.6848946817313
10,30,50,137.00486869565634,16.00486869565634,20.533471577456794,-978.8624833583926
11,31,51,165.27582170740698,28.275821707406976,24.6622662619302,-936.4742594852137
12,32,52,148.79699694479245,-5.203003055207546,-10.565447090982389,-969.3495654752164
13,33,53,166.70543046427156,4.705430464271558,-24.309418741885793,-1079.3664051071655
14,34,54,134.86315499651073,-10.13684500348927,-29.2330457756143,-916.3491139355283
15,35,55,142.27473335199033,-5.725266648009665,-21.134285414692386,-964.8541654918636
16,36,56,110.74628222234423,1.7462822223442345,-6.105612150317256,-579.6486173788226
17,37,57,108.43885946168712,-2.561140538312884,-8.425872201600214,-524.8958631302994
18,38,58,152.36356003593255,21.36356003593255,-2.2723989884991624,-785.0610485199154
19,39,59,141.9979363020102,15.997936302010203,-6.714638677834273,-859.0833448773456
20,40,60,152.3437431267655,38.3437431267655,30.739631650480305,-788.5999559097272
21,41,61,232.22771882059578,81.22771882059578,46.59904223002627,-1023.3886599330062
22,42,62,245.4732486405112,69.4732486405112,37.26196209483578,-1222.1341012376233
23,43,63,224.77793554017808,88.77793554017808,64.87805492168195,-917.7903543190123
24,44,64,224.97521448387693,90.97521448387693,63.060005203928085,-645.0687940550911
25,45,65,238.53145799842036,89.53145799842036,49.3121166416131,-857.7415526773189
26,46,66,272.34388751412666,130.34388751412666,98.11039906795895,-689.1998525070453
27,47,67,265.40035470079397,122.87919694849006,94.18648844811946,-713.0325520119472
28,48,68,261.98479322488765,123.86197185260198,91.79452503081916,-643.4503234571785
29,49,69,290.99361172137264,144.99361172137264,102.910470447845,-858.4607703490419
30,50,70,282.9418397029183,134.9418397029183,98.14083873642426,-897.6964839130951
31,51,71,297.8933312231909,121.8933312231909,70.11794558169777,-1050.279162742595
32,52,72,363.94010107173835,142.94010107173835,79.13394712389709,-1284.5607110482165
33,53,73,420.1842977537374,153.18429775373738,56.56408218598631,-1592.6514075060527
34,54,74,450.15927500139605,142.15927500139605,32.12315487529281,-1915.865723867898
35,55,75,470.41212790321947,158.41212790321947,43.92125207522486,-1993.122242991918
36,56,76,519.0369107463343,192.03691074633434,86.26180192274569,-2098.2523298461083
37,57,77,509.7138639513421,182.7138639513421,81.31456062050506,-2084.1411932629176
38,58,78,539.5024377146251,173.5024377146251,43.17753731385574,-2375.145056880598
39,59,79,548.8745180485412,187.87451804854118,53.81185148091026,-2555.564923530007
40,60,80,593.9073272093276,235.9073272093276,99.95322825732,-2667.5288581528616
41,61,81,555.4200273329079,229.42002733290792,109.00311289666433,-2288.890197113583
42,62,82,478.5532546755567,166.55325467555667,58.6609809517704,-2123.6333013542394
43,63,83,425.4624706176603,131.4624706176603,24.945789287420666,-2280.141810291123
44,64,84,411.2901765672159,100.2901765672159,6.433370855657358,-2295.5952920144514
45,65,85,378.0872290513528,67.08722905135278,-26.060539240929756,-2284.685526005469
46,66,86,417.3225802765014,155.3225802765014,70.91385703345122,-2146.6664081086933
47,67,87,396.28438526791024,139.76322751560656,68.94694987482058,-2094.4219262173174
48,68,88,308.94748127353364,69.82465990124797,17.409167070987905,-1933.9239497423632
49,69,89,261.56233068131473,51.562330681314734,16.348361170709723,-1501.2932590136897
50,70,90,232.66650239381124,0.6665023938112427,-49.497363708454714,-1547.0060089411454
51,71,91,206.39509294976415,-20.604907050235852,-69.42929247530355,-1424.4524294577768
52,72,92,165.98589070839375,-42.014109291606246,-74.59416775132422,-1395.510756513464
53,73,93,126.27514367717959,-56.724856322820415,-81.71898763722606,-1100.4898639632956
54,74,94,156.52426923544522,-67.47573076455478,-105.62380103049986,-1339.4547285759995
55,75,95,131.723542816781,-68.27645718321901,-100.1260362301839,-1289.7026536082058
56,76,96,129.31285354486545,-83.68714645513455,-99.85056524380548,-1473.070293446331
57,77,97,87.07860189973667,-111.92139810026333,-121.06046928083788,-1574.1760428211314
58,78,98,77.0854385437151,-123.9145614562849,-131.5424392260934,-1510.650307043295
59,79,99,85.97441980018584,-118.02558019981416,-139.0819260470396,-1523.2456896540598
60,80,100,73.63899746104835,-126.36100253895165,-138.68316232374127,-1439.6558318944644
61,81,101,91.71928929239402,-93.28071070760598,-93.938476448257,-1323.2649596781762
62,82,102,117.56861354040188,-107.43138645959812,-137.3133263380687,-1665.754432081514
63,83,103,133.2824054739824,-113.71759452601759,-158.7114724969415,-1993.4720497811468
64,84,104,224.58639972679134,-59.41360027320866,-124.56139325628124,-2304.660857705232
65,85,105,224.2125846595618,-64.7874153404382,-136.23684850047562,-2210.605388935232
66,86,106,199.18646676850994,-76.81353323149006,-140.7509858425865,-2176.5108577954975
67,87,107,219.39624024099317,-38.603759759006834,-80.73729530928267,-2169.797399149312
68,88,108,274.21862474830095,6.218624748300954,-49.230442094940145,-2176.972009363023
69,89,109,242.4286523801586,11.42865238015861,-30.188461670679317,-1790.470213604428
70,90,110,258.96938807726974,18.96938807726974,-33.629781825174405,-1767.4403901668848
71,91,111,205.93802635497377,-15.061973645026228,-55.14181498744233,-1496.379170642388
72,92,112,175.55352059183087,-38.446479408169125,-80.46525265601872,-1543.782078294491
73,93,113,174.71360408599185,-12.286395914008153,-47.856147504830915,-1290.329029165263
74,94,114,158.4226360593243,-26.577363940675696,-55.495031622815304,-1232.5370032503652
75,95,115,160.6750695338933,-14.324930466106707,-49.54341087220655,-1128.9932102467887
76,96,116,159.1760172496531,-1.823982750346886,-31.18385627782095,-1038.246650920904
77,97,117,142.77806124002882,2.778061240028819,-25.68094066543358,-1044.0676860387307
78,98,118,137.62626190108153,0.6262619010815342,-26.685715184330093,-916.14390903398
79,99,119,142.8693686928941,20.869368692894113,-1.0540578825423381,-801.286439035076
80,100,120,135.18336871725342,7.1833687172534155,-18.159305449068825,-795.0977975417823
81,101,121,130.70154144954176,26.701541449541764,19.833607967334274,-727.1208159448279
82,102,122,180.29204299709136,43.29204299709136,15.390530313623685,-1131.8296169964738
83,103,123,167.5584427599108,32.558442759910804,9.851403525857904,-826.4076878662581
84,104,124,156.34884013884425,32.34884013884425,6.940125057027217,-794.1006513462858
85,105,125,126.40613750336593,10.406137503365926,-9.91638661252864,-869.9509156160639
86,106,126,163.10495557023796,54.10495557023796,40.386656724302384,-774.2753315177715
87,107,127,184.87065624788488,78.87065624788488,63.54589725823598,-746.2001818128692
88,108,128,190.06484036804204,99.06484036804204,83.41887849987484,-714.2377936394973
89,109,129,176.01444427132742,71.01444427132742,52.797578215380554,-833.6596605821417
90,110,130,173.07281184732938,67.07281184732938,48.16259878904839,-782.9833667851881
91,111,131,170.67655975670255,76.67655975670255,59.56862502249692,-587.2058553017537
92,112,132,197.58665898115441,105.58665898115441,88.20200880062839,-646.3161441889392
93,113,133,227.2802689496025,104.28026894960249,80.95270452229943,-867.8208597763346
94,114,134,226.48952017822717,97.48952017822717,71.85841672887636,-862.4559781966254
95,115,135,232.74156282622926,111.74156282622926,82.61343838928906,-773.8814549358272
96,116,136,272.95299848544073,121.95299848544073,82.15724472830675,-929.4523144201853
97,117,137,275.15798362050487,127.15798362050487,86.55713663941651,-841.928250992778
98,118,138,234.91724107519462,96.91724107519462,59.872160821231546,-756.8073763833409
99,119,139,251.13903587638924,104.13903587638924,59.71832176340831,-997.2122502867333
100,120,140,213.98502636677222,85.98502636677222,45.13201781779503,-695.0335485118649
101,121,141,191.68551358041327,90.68551358041327,71.10166130705784,-492.28233168821
102,122,142,208.6399747574228,130.6399747574228,107.50583923391969,-384.7883962191597
103,123,143,218.85490547750123,122.85490547750123,107.17302219917269,-347.82084208749734
104,124,144,234.20139431581492,126.20139431581492,101.2744957084958,-519.5562823977209
105,125,145,233.00543772157698,122.00543772157698,91.45965454333373,-620.8162281617024
106,126,146,269.74728388168705,160.74728388168705,121.06519343955347,-481.4776155420175
107,127,147,231.60065344240593,134.60065344240593,101.56507231099363,-423.92983113973946
108,128,148,227.9524253146035,133.9524253146035,106.17578775622064,-435.32694934515985
109,129,149,244.3637016837797,125.36370168377971,81.11516224755633,-646.9173630965158
110,130,150,218.47921557873337,104.47921557873337,66.47316101423098,-548.4737042021263
111,131,151,250.7368298857125,149.7368298857125,115.04366568737055,-456.37400062899906
112,132,152,244.8209599802035,154.8209599802035,122.57564065231918,-430.24390721439
113,133,153,285.72040957069294,168.72040957069294,128.24876563906855,-535.4357184972441
114,134,154,278.949822783208,167.949822783208,123.24966000010795,-568.4334970967095
115,135,155,290.54061432936214,177.54061432936214,129.94608063056103,-602.3578378681968
116,136,156,315.0229598381104,168.0229598381104,119.93222721357392,-681.7353581747659
117,137,157,337.4115054040992,184.41150540409922,128.5899718145738,-739.5378296779422
118,138,158,327.62807942531936,167.3328336539314,113.73282832487325,-666.2988608955891
119,139,159,399.84336279544914,211.12899060260747,143.0146412467384,-1035.72347834377
120,140,160,422.33684938945817,215.33684938945817,133.50837518479602,-1047.3604842208388
121,141,161,374.916261341059,184.916261341059,121.45983745083777,-825.4781676811936
122,142,162,385.6568364816467,199.65683648164668,120.61840987230744,-940.7684175540628
123,143,163,352.6725355796002,174.6725355796002,126.08753556293709,-720.5264885899799
124,144,164,270.0624292286534,152.0624292286534,122.06611375676903,-465.41403628180524
125,145,165,268.2684042949868,134.2684042949868,100.23897905073386,-458.7148699566651
126,146,166,294.69384124203316,140.69384124203316,90.54692772245266,-631.3102827533969
127,147,167,325.0200127691744,154.0200127691744,110.8310533396641,-644.8701103594094
128,148,168,277.0093444194581,132.0093444194581,81.76310743544423,-593.6930852758114
129,149,169,293.08243580474755,121.08243580474755,58.72803587477824,-836.7317787383652
130,150,170,255.53737022797304,98.53737022797304,42.73774362062636,-736.6248596281403
131,151,171,306.296400414363,124.296400414363,54.474682991284,-1068.2942964501362
132,152,172,310.3095589106413,115.30955891064127,47.76784941993742,-1052.8010673130734
133,153,173,302.55863818936155,124.55863818936155,57.396020351669904,-1094.9687853692672
134,154,174,310.3882465267243,145.3882465267243,82.64845501419836,-1059.0090845461812
135,155,175,328.22164408655635,147.22164408655635,79.98173028839847,-1194.510894502297
136,156,176,284.63967496148575,115.63967496148575,64.46505716997217,-1095.7675891463123
137,157,177,289.761871273432,120.761871273432,60.97451239352472,-1098.1306626591827
138,158,178,251.26921961132393,84.97397383993598,39.828933613531035,-1047.9173765133391
139,159,179,214.55013169689732,82.83575950405566,61.50868023444286,-681.0445482828811
140,160,180,252.54036240118603,111.54036240118603,91.09072670017781,-704.1294788172029
141,161,181,239.86154505035893,103.86154505035893,88.30193988307019,-546.3064599714755
142,162,182,277.2491577008741,134.2491577008741,103.80932700113408,-676.5860112613204
143,163,183,236.10684521264625,88.10684521264625,75.5778368811691,-532.9210255820119
144,164,184,228.93151228260786,128.93151228260786,112.95481385468338,-393.99552211836294
145,165,185,163.26419178957008,60.26419178957008,56.38688862890058,-444.6315536007305
146,166,186,170.66924459378743,51.669244593787425,36.593671290880366,-577.209641800513
147,167,187,184.52854663484231,46.528546634842314,47.06384540932277,-570.7431541259921
148,168,188,145.14911628681693,29.149116286816934,20.336917436846306,-434.55868474204726
149,169,189,196.76771110614504,33.83039985869141,17.764897043395877,-812.6830638747424
150,170,190,203.7341639374597,38.7341639374597,3.9897737790506653,-971.0381287741202
151,171,191,172.9726464898897,14.972646489889712,-17.112015070560574,-937.8917604114249
152,172,192,149.97965053113444,-10.020349468865561,-35.167865853351486,-978.27913587494
153,173,193,131.93249230670563,-41.067507693294374,-69.07860537980969,-1141.8449386800394
154,174,194,85.44279211522075,-78.55720788477925,-100.5063291020665,-1150.1850826745158
155,175,195,94.76428138814026,-57.23571861185974,-65.18841061295598,-1119.6800031212897
156,176,196,72.23728247012332,-83.76271752987668,-103.20547170005284,-1113.069679643953
157,177,197,62.087759449236955,-97.91224055076304,-113.38759103697134,-1121.6260945785639
158,178,198,77.16350347249067,-95.83649652750933,-109.41880447777385,-1172.4129995632334
159,179,199,125.10559066479186,-32.89440933520814,-42.80113632155758,-1024.250108601802
160,180,200,177.51114548706164,18.51114548706164,-1.2848472491903067,-1037.3170131039092
161,181,201,180.28566572622526,32.28566572622526,10.11200076484215,-1019.8685472835773
162,182,202,182.02295814152967,24.02295814152967,2.824194850739559,-1112.469393315264
163,183,203,112.92217741373997,-44.07782258626003,-53.138709393824456,-901.8499988013609
164,184,204,101.69733603596228,-62.30266396403772,-84.67568700901666,-907.941333956308
165,185,205,106.7352887024017,-24.264711297598296,-36.879748937246404,-756.9786049054496
166,186,206,110.43828281209358,-23.561717187906424,-42.78374422380102,-671.2925202697284
167,187,207,121.6113699359139,-10.388630064086101,-19.44984787786848,-701.3465965266096
168,188,208,113.41527271454788,-24.584727285452118,-22.214010294837408,-596.7165463261827
169,189,209,174.08074347530305,1.1434322278494164,-15.799993918772088,-959.8315860658922
