Left,Mid,Right,Loss,Loss_left,Loss_right,gain,glasso
0,20,40,9244.43289775937,8093.100864790643,8118.9222723058665,-6967.590239337138,19.192247736965783
1,21,41,9274.400470659119,8095.152005691385,8153.61480839889,-6974.366343431157,23.845677051915573
2,22,42,9263.401864093214,8096.04440666303,8144.859323990711,-6977.501866560528,21.634023188336414
3,23,43,9287.847803560206,8119.37710782515,8154.668391606402,-6986.197695871346,24.306539082653217
4,24,44,9287.553371226342,8129.238203128842,8140.486477507655,-6982.171309410154,24.677389582383512
5,25,45,9289.976001695068,8135.800631990974,8140.89747590392,-6986.722106199826,23.89787792667039
6,26,46,9326.099371870194,8138.140541869014,8170.9357020552825,-6982.976872054103,28.03008549545575
7,27,47,9318.494386296856,8140.124889508709,8166.675639966887,-6988.306143178741,26.01026941537657
8,28,48,9315.946888314204,8145.2683794484565,8150.336664208577,-6979.65815534283,27.13991338912183
9,29,49,9302.827357886094,8138.066151713941,8155.195091435889,-6990.433885263736,22.82532662687072
10,30,50,9288.56342299249,8128.17469862973,8143.008336727783,-6982.6196123650225,9.660297307343626
11,31,51,9280.577328749625,8123.125716362128,8126.812720286229,-6969.361107898732,12.59265869336241
12,32,52,9294.983818183777,8131.743276653771,8145.978918294934,-6982.73837676493,6.462624583890374
13,33,53,9289.809651025347,8103.335993500897,8161.531251580854,-6975.057594056403,7.808608756397916
14,34,54,9275.647844922096,8098.327048786218,8164.615117109971,-6987.294320974093,12.921999276990391
15,35,55,9274.637991152948,8098.961948583947,8165.1637015499,-6989.487658980899,16.75253015116914
16,36,56,9261.119695315492,8103.3392105259445,8159.791175831411,-7002.0106910418635,18.849598647690527
17,37,57,9263.280818989615,8114.765113649513,8156.67277290286,-7008.157067562757,21.849120190557187
18,38,58,9263.4179515861,8106.912452010628,8158.8858452539625,-7002.380345678492,22.55551192911844
19,39,59,9266.549989440631,8122.2619236881,8162.4899836771,-7018.201917924569,21.24185602363832
20,40,60,9273.73193902883,8118.9222723058665,8157.405959271861,-7002.596292548898,27.94838931880713
21,41,61,9286.420650789956,8153.61480839889,8107.348359507536,-6974.54251711647,34.170496305694996
22,42,62,9325.703348643325,8144.859323990711,8167.355008110026,-6986.510983457412,38.76195120887314
23,43,63,9334.80637105404,8154.668391606402,8156.121480016382,-6975.983500568744,35.24799669347158
24,44,64,9325.304346998355,8140.486477507655,8158.324990974323,-6973.5071214836225,29.748794372628254
25,45,65,9345.19832591905,8140.89747590392,8168.655771134059,-6964.354921118931,30.579462772517218
26,46,66,9342.728456173925,8170.9357020552825,8102.64206037026,-6930.849306251617,40.47895987627771
27,47,67,9342.052268977546,8166.675639966887,8111.10361644748,-6935.726987436821,37.35757849063657
28,48,68,9358.490518395438,8150.336664208577,8145.437849824747,-6937.283995637887,40.555904924119204
29,49,69,9391.056047851775,8155.195091435889,8162.735532124686,-6926.8745757088,51.137135397277234
30,50,70,9405.213832846068,8143.008336727783,8192.839245391628,-6930.633749273344,48.82954039262222
31,51,71,9419.74196873368,8126.812720286229,8215.869799160191,-6922.940550712739,47.852314319163725
32,52,72,9456.426131102307,8145.978918294934,8215.631854130183,-6905.184641322809,58.4076036886604
33,53,73,9493.43214231127,8161.531251580854,8224.571852164076,-6892.670961433658,66.81378168341598
34,54,74,9509.883734869427,8164.615117109971,8229.037171788568,-6883.768554029111,71.87594717580532
35,55,75,9512.545320275764,8165.1637015499,8234.340804637399,-6886.959185911535,75.165500282822
36,56,76,9526.900642382616,8159.791175831411,8233.972995053562,-6866.863528502357,87.72101520264732
37,57,77,9521.531235520433,8156.67277290286,8233.328857604902,-6868.470394987329,89.06828068143568
38,58,78,9523.509442931996,8158.8858452539625,8230.009196834686,-6865.385599156651,87.64774339056066
39,59,79,9546.135151339342,8162.4899836771,8242.270974487945,-6858.625806825705,87.00124286310802
40,60,80,9536.881895347857,8157.405959271861,8206.330369180587,-6826.8544331045905,96.03004991891976
41,61,81,9499.577933531657,8107.348359507536,8207.802204871452,-6815.572630847331,87.03103189394051
42,62,82,9499.53145118456,8167.355008110026,8196.66150673005,-6864.485063655515,74.17100410727971
43,63,83,9495.246242001715,8156.121480016382,8219.278974126053,-6880.15421214072,65.63517833906826
44,64,84,9511.474087270994,8158.324990974323,8241.50198157608,-6888.35288527941,73.85260788795813
45,65,85,9501.292245150886,8168.655771134059,8234.069384900029,-6901.432910883203,66.1583190950414
46,66,86,9458.125033735623,8102.64206037026,8228.112827103276,-6872.629853737913,65.49378867147152
47,67,87,9466.779075078155,8111.10361644748,8229.229537877913,-6873.554079247237,67.95706966809621
48,68,88,9466.137349017801,8145.437849824747,8236.081970679446,-6915.382471486391,60.88096577140868
49,69,89,9462.410143245437,8162.735532124686,8224.053918057547,-6924.379306936797,56.747475018527894
50,70,90,9469.771090237366,8192.839245391628,8224.9183323418,-6947.986487496062,48.42604667377191
51,71,91,9472.930515038464,8215.869799160191,8217.36348883593,-6960.302772957657,41.58043172618318
52,72,92,9429.0085546263,8215.631854130183,8191.70504617464,-6978.328345678521,32.66679937825302
53,73,93,9408.950935223978,8224.571852164076,8169.833188354928,-6985.454105295024,24.687272330036194
54,74,94,9405.356540402863,8229.037171788568,8154.291199118057,-6977.971830503762,22.376566498112425
55,75,95,9392.311379443145,8234.340804637399,8141.271270527917,-6983.300695722171,26.308922219529904
56,76,96,9373.536575048258,8233.972995053562,8124.770282253684,-6985.206702258989,29.59268759847191
57,77,97,9374.941918147524,8233.328857604902,8142.589612909117,-7000.976552366494,31.67703072384802
58,78,98,9364.158875706098,8230.009196834686,8152.475919248612,-7018.3262403772005,28.31783839588934
59,79,99,9364.976750773973,8242.270974487945,8142.98556491839,-7020.279788632362,26.314900024457074
60,80,100,9350.141760161223,8206.330369180587,8147.14584991617,-7003.334458935533,34.75088748225335
61,81,101,9358.792715102853,8207.802204871452,8134.014167870243,-6983.0236576388415,45.072749845502585
62,82,102,9350.68024640176,8196.66150673005,8158.901710718423,-7004.882971046713,33.798601716930534
63,83,103,9347.547104266594,8219.278974126053,8141.261637183827,-7012.993507043286,26.867141994182475
64,84,104,9345.795938164902,8241.50198157608,8088.999318326766,-6984.705361737946,39.23546221617062
65,85,105,9335.461739840277,8234.069384900029,8087.150552789515,-6985.758197849267,38.16874037127354
66,86,106,9340.083584425602,8228.112827103276,8225.739061456941,-7113.768304134615,37.68688608763932
67,87,107,9349.794407563328,8229.229537877913,8089.343510361984,-6968.77864067657,40.8945991066098
68,88,108,9344.087757898618,8236.081970679446,8066.403829492077,-6958.3980422729055,41.43385242286695
69,89,109,9319.386351485147,8224.053918057547,8427.035385117922,-7331.70295169032,32.76906218438853
70,90,110,9310.409959316648,8224.9183323418,8055.021114127848,-6969.529487153,31.92073082308525
71,91,111,9318.570618026119,8217.36348883593,8079.433601494721,-6978.226472304534,29.55205588921308
72,92,112,9300.385337015836,8191.70504617464,8097.545926087043,-6988.865635245847,18.73571607861504
73,93,113,9293.828301176363,8169.833188354928,8111.905647388994,-6987.91053456756,17.185904229245352
74,94,114,9281.75985563359,8154.291199118057,8120.671388904661,-6993.202732389127,11.601535233598952
75,95,115,9270.634803960369,8141.271270527917,8113.251380469056,-6983.8878470366035,12.72282180246566
76,96,116,9248.435622380726,8124.770282253684,8103.420835475303,-6979.755495348261,4.611498466901594
77,97,117,9248.109121748244,8142.589612909117,8090.0684344297915,-6984.548925590663,6.376518009827123
78,98,118,9246.17958133245,8152.475919248612,8082.813377176016,-6989.109715092178,3.7831371712468354
79,99,119,9239.690042019985,8142.98556491839,8080.694135901418,-6983.989658799823,-0.7465390235802261
80,100,120,9248.939080814424,8147.14584991617,8084.110097372621,-6982.316866474368,12.05957364631513
81,101,121,9247.594310468716,8134.014167870243,8088.269959139369,-6974.689816540897,16.285049623583745
82,102,122,9260.566598292213,8158.901710718423,8057.997950055535,-6956.3330624817445,30.331833153295065
83,103,123,9241.817623140156,8141.261637183827,8078.758672113268,-6978.202686156939,24.230554474124347
84,104,124,9203.587947219907,8088.999318326766,8081.495448948201,-6966.906820055059,22.843602699360417
85,105,125,9223.246503607132,8087.150552789515,8107.327586146593,-6971.231635328977,29.295722555272732
86,106,126,9237.742067207375,8225.739061456941,8086.722996165142,-7074.719990414709,36.03887476518821
87,107,127,9220.38933619834,8089.343510361984,8070.254859986903,-6939.209034150548,29.027501010970354
88,108,128,9189.98465025577,8066.403829492077,8061.28806599494,-6937.707245231246,23.527567353361064
89,109,129,9210.42891613871,8427.035385117922,8092.52272360394,-7309.129192583154,23.20431067695563
90,110,130,9211.277910376257,8055.021114127848,8109.8832884986205,-6953.6264922502105,24.459028221787776
91,111,131,9209.293101815747,8079.433601494721,8074.503596584211,-6944.644096263186,16.60319216432481
92,112,132,9204.401199514907,8097.545926087043,8042.645036902063,-6935.7897634741985,14.51007687725496
93,113,133,9212.634037721598,8111.905647388994,8036.105511174518,-6935.377120841915,13.754071293953984
94,114,134,9227.714839790562,8120.671388904661,8048.291392383842,-6941.2479414979425,13.3809945102048
95,115,135,9224.245899963009,8113.251380469056,8055.887374279414,-6944.892854785461,9.601744316896657
96,116,136,9228.345800375113,8103.420835475303,8063.664235193043,-6938.739270293232,6.558476062601585
97,117,137,9212.096307551497,8090.0684344297915,8063.016005612509,-6940.988132490804,1.0625969989173427
98,118,138,9215.110317202209,8082.813377176016,8082.739125815435,-6950.442185789241,0.40432033648949073
99,119,139,9222.054249037288,8080.694135901418,8089.932768979024,-6948.572655843154,1.4053827805851142
100,120,140,9206.194204805666,8084.110097372621,8074.261252439619,-6952.1771450065735,11.232654363896472
101,121,141,9244.144903428294,8088.269959139369,8095.816922719894,-6939.94197843097,12.237686462722195
102,122,142,9219.168425436534,8057.997950055535,8079.532388726946,-6918.361913345947,1.4925839369893765
103,123,143,9238.714055991013,8078.758672113268,8084.531125409474,-6924.575741531729,-0.2136953184281083
104,124,144,9293.027798774814,8081.495448948201,8130.117525718491,-6918.585175891878,-2.383630894594262
105,125,145,9302.1091759953,8107.327586146593,8121.126779729603,-6926.345189880896,-2.332286676376498
106,126,146,9298.059613506557,8086.722996165142,8115.009781501672,-6903.673164160256,13.975467619953633
107,127,147,9282.480634623702,8070.254859986903,8125.760949368894,-6913.5351747320965,14.663086449389539
108,128,148,9325.018948462206,8061.28806599494,8178.792206553163,-6915.061324085897,22.311604433637513
109,129,149,9340.045636337787,8092.52272360394,8165.907466739908,-6918.384554006061,20.497172259587842
110,130,150,9349.956077798663,8109.8832884986205,8162.673694410837,-6922.600905110794,23.22265129662901
111,131,151,9317.193760663113,8074.503596584211,8137.058597066204,-6894.368432987301,17.48965073967929
112,132,152,9298.3146408844,8042.645036902063,8143.194505221145,-6887.5249012388085,13.854472992902629
113,133,153,9287.781411721024,8036.105511174518,8125.030687632926,-6873.35478708642,16.03893837245232
114,134,154,9287.575365166576,8048.291392383842,8118.373931589838,-6879.089958807104,12.218231686611489
115,135,155,9301.816983093066,8055.887374279414,8123.059300498355,-6877.129691684704,11.048663397937162
116,136,156,9305.43741029308,8063.664235193043,8116.863758854889,-6875.090583754853,12.644763001242609
117,137,157,9316.47653687511,8063.016005612509,8110.2315968936655,-6856.771065631063,12.621250198372309
118,138,158,9328.8349698741,8082.739125815435,8101.163472328817,-6855.0676282701515,19.354098896651067
119,139,159,9372.161505549519,8089.932768979024,8112.290493377613,-6830.061756807119,40.41702504046452
120,140,160,9401.413051755877,8074.261252439619,8146.012669116599,-6818.860869800341,48.64161419059019
121,141,161,9405.745832811692,8095.816922719894,8138.671741440119,-6828.7428313483215,43.08397236657538
122,142,162,9393.54688430344,8079.532388726946,8141.01600503194,-6827.001509455447,40.7234518158225
123,143,163,9368.926906443661,8084.531125409474,8128.976227491847,-6844.5804464576595,29.78884794101623
124,144,164,9356.756411682976,8130.117525718491,8097.461260188245,-6870.822374223761,12.921651394555738
125,145,165,9367.477082066216,8121.126779729603,8137.2899006227035,-6890.9395982860915,6.076906920729016
126,146,166,9366.496705788953,8115.009781501672,8138.095601358425,-6886.608677071143,22.518862370175157
127,147,167,9379.344447707474,8125.760949368894,8127.710459710313,-6874.126961371734,29.406067853320565
128,148,168,9393.758581008586,8178.792206553163,8122.27935065183,-6907.312976196406,27.095990078922114
129,149,169,9380.769311926524,8165.907466739908,8126.118767815567,-6911.256922628951,24.891904409647395
130,150,170,9359.156876181478,8162.673694410837,8127.811130352258,-6931.3279485816165,21.28409722996321
131,151,171,9377.587493677547,8137.058597066204,8154.0089717884275,-6913.480075177085,31.819183689166493
132,152,172,9379.620685604856,8143.194505221145,8145.800785849411,-6909.3746054657,30.850539863143695
133,153,173,9356.7240275293,8125.030687632926,8150.370609260507,-6918.677269364132,28.978029358105232
134,154,174,9345.382948716786,8118.373931589838,8146.485327576209,-6919.476310449261,30.708710061223883
135,155,175,9341.56660800585,8123.059300498355,8143.418951464866,-6924.91164395737,24.053891135827143
136,156,176,9321.757270767797,8116.863758854889,8139.301927287592,-6934.408415374684,24.509520174598492
137,157,177,9313.406123800838,8110.2315968936655,8134.9585529397655,-6931.784026032592,21.419110609780546
138,158,178,9282.76426938318,8101.163472328817,8127.169526308377,-6945.568729254013,21.81152863541456
139,159,179,9243.831865699398,8112.290493377613,8082.666740530317,-6951.125368208532,25.111159092527487
140,160,180,9239.23732490483,8146.012669116599,8030.4676012372165,-6937.242945448985,25.9238173224644
141,161,181,9222.516903290307,8138.671741440119,8437.650567227847,-7353.805405377658,20.720976133169188
142,162,182,9222.120346565593,8141.01600503194,7991.233976845856,-6910.129635312203,16.53774574986346
143,163,183,9235.69918582856,8128.976227491847,8035.577275723925,-6928.854317387211,17.83657009324361
144,164,184,9226.063399137645,8097.461260188245,8056.788353842836,-6928.186214893436,18.916998874114597
145,165,185,9230.164314343523,8137.2899006227035,8057.34405677164,-6964.469643050821,8.612814695742145
146,166,186,9240.630785044832,8138.095601358425,8068.606890987134,-6966.071707300725,14.522844824030472
147,167,187,9251.59782050113,8127.710459710313,8082.402089535699,-6958.514728744882,16.463715623619464
148,168,188,9234.107114589722,8122.27935065183,8078.69809149368,-6966.870327555789,8.139029919308086
149,169,189,9250.156881743233,8126.118767815567,8145.274834544533,-7021.236720616867,17.388087198173253
150,170,190,9254.43827873987,8127.811130352258,8191.452674364447,-7064.825525976836,15.700060844834297
151,171,191,9256.623690870241,8154.0089717884275,8076.0611268668945,-6973.446407785081,13.770914842501497
152,172,192,9256.039450055556,8145.800785849411,8099.133719872084,-6988.89505566594,17.354430914816476
153,173,193,9269.273205587626,8150.370609260507,8117.009984676714,-6998.107388349596,16.580273040446627
154,174,194,9271.507327677253,8146.485327576209,8138.959757817576,-7013.937757716532,12.143191640121586
155,175,195,9265.54308068363,8143.418951464866,8120.550746385186,-6998.426617166422,10.597265208518365
156,176,196,9272.689779928545,8139.301927287592,8140.573627710267,-7007.185775069314,11.507926130367196
157,177,197,9276.608709768529,8134.9585529397655,8151.536145621787,-7009.885988793025,12.651191145657776
158,178,198,9266.79139885719,8127.169526308377,8151.962824380791,-7012.340951831977,12.726336744591208
159,179,199,9270.328699753136,8082.666740530317,8181.410989934494,-6993.749030711675,16.650408725920443
160,180,200,9232.480289344701,8030.4676012372165,8173.229053096795,-6971.21636498931,16.00304123518754
161,181,201,9222.302031678671,8437.650567227847,8175.412270946548,-7390.760806495724,13.529919041975518
162,182,202,9212.258967752343,7991.233976845856,8182.527022214705,-6961.502031308217,8.353456416150948
163,183,203,9223.596350403033,8035.577275723925,8181.2769665052965,-6993.257891826188,5.134855265289389
164,184,204,9235.125166556314,8056.788353842836,8177.178134481381,-6998.841321767903,7.496675306226734
165,185,205,9235.648620666969,8057.34405677164,8162.1974729766325,-6983.8929090813035,10.621165979987836
166,186,206,9253.137583272928,8068.606890987134,8174.402058585027,-6989.871366299232,11.47615678694001
167,187,207,9256.918457285039,8082.402089535699,8162.798467298955,-6988.282099549615,13.040999415450187
168,188,208,9259.225337961489,8078.69809149368,8172.003286803063,-6991.476040335256,9.109422428009566
169,189,209,9277.174645862311,8145.274834544533,8164.19817646434,-7032.298365146562,16.41514293673572
