Left,Mid,Right,Loss,Loss_left,Loss_right,gain,glasso
0,20,40,9333.124040979254,8180.060350950066,8138.505062125506,-6985.441372096318,36.70085535197131
1,21,41,9317.956797930321,8155.219186588216,8136.285012903558,-6973.547401561453,36.3990026382221
2,22,42,9320.672587637853,8156.23888563923,8147.416877736479,-6982.983175737856,32.564161368838995
3,23,43,9320.143022595823,8155.79565984289,8146.299719323668,-6981.952356570735,34.99103431585809
4,24,44,9330.029119260156,8159.323643674977,8164.162982079419,-6993.457506494238,36.2324248692571
5,25,45,9327.6916912538,8158.928916670124,8164.140398739293,-6995.377624155617,35.15135479301807
6,26,46,9314.460946874753,8148.670400862959,8141.651414012867,-6975.860868001071,42.35868255404921
7,27,47,9315.097158825803,8160.489248431961,8140.616712863965,-6986.008802470122,34.93619213959255
8,28,48,9331.666004081355,8163.16517820397,8183.589509367873,-7015.088683490489,26.168161322748347
9,29,49,9343.813067003131,8175.589801131039,8189.383217475977,-7021.159951603884,23.965097224865076
10,30,50,9351.564602557413,8178.999904537848,8193.529758684217,-7020.965060664652,26.194073759467756
11,31,51,9347.779521065,8180.772186658278,8191.8165713295975,-7024.809236922876,22.563055873540634
12,32,52,9348.921987828566,8184.109499512277,8193.850428916227,-7029.037940599937,17.335825642979216
13,33,53,9341.693947575624,8173.093358243956,8187.123276958204,-7018.522687626535,15.868325057714628
14,34,54,9341.481439575706,8167.75518769446,8182.985309112776,-7009.259057231531,15.837850813119985
15,35,55,9309.9443310444,8149.775842163005,8161.4637655038505,-7001.295276622455,19.761784509364134
16,36,56,9309.583490212155,8161.349929187147,8134.114466910895,-6985.880905885888,30.579667281175716
17,37,57,9296.691869591825,8117.938748776933,8138.83694282881,-6960.083822013918,27.906076314642178
18,38,58,9302.828498909887,8156.014057468561,8109.234980754821,-6962.420539313494,32.70134887024142
19,39,59,9281.275105652701,8138.117865261253,8097.4746038814355,-6954.317363489987,34.611679587350864
20,40,60,9281.379891754274,8138.505062125506,8074.866012367595,-6931.991182738828,48.94858227310124
21,41,61,9303.341090211534,8136.285012903558,8099.676650902209,-6932.620573594233,41.82677730042133
22,42,62,9324.257299534787,8147.416877736479,8116.730956413306,-6939.890534614999,37.94475069128612
23,43,63,9317.728296123281,8146.299719323668,8112.877083509742,-6941.448506710129,33.27184860460966
24,44,64,9321.965721212297,8164.162982079419,8083.543225347948,-6925.740486215071,38.56820549818667
25,45,65,9342.36229438453,8164.140398739293,8058.558914377115,-6880.33701873188,59.9782553333489
26,46,66,9354.392834015674,8141.651414012867,8088.562028779921,-6875.820608777114,61.111491059749824
27,47,67,9381.681475399299,8140.616712863965,8169.318049056872,-6928.25328652154,50.301422801797344
28,48,68,9429.10948539346,8183.589509367873,8168.3425289694715,-6922.822552943886,59.59302722252505
29,49,69,9440.87928326168,8189.383217475977,8165.024045181113,-6913.5279793954105,67.8701925633518
30,50,70,9457.382970096136,8193.529758684217,8171.952965711984,-6908.099754300065,70.28111257029104
31,51,71,9459.893605284742,8191.8165713295975,8176.932967333527,-6908.855933378381,68.26473658893337
32,52,72,9463.551443358087,8193.850428916227,8160.64085316152,-6890.93983871966,61.05728624982521
33,53,73,9473.159562139112,8187.123276958204,8176.254812110505,-6890.218526929597,61.424613158504144
34,54,74,9484.308595523082,8182.985309112776,8188.546002841275,-6887.22271643097,60.11093340460502
35,55,75,9468.264334083078,8161.4637655038505,8188.530926309476,-6881.730357730248,59.83610573204078
36,56,76,9452.557608871135,8134.114466910895,8198.470457231542,-6880.027315271302,61.230273110901635
37,57,77,9451.678770103406,8138.83694282881,8184.246952206456,-6871.40512493186,66.12805883141755
38,58,78,9425.448378919871,8109.234980754821,8175.391389344366,-6859.177991179316,61.3036562051966
39,59,79,9431.540888264639,8097.4746038814355,8179.916782890228,-6845.850498507025,65.6116881546991
40,60,80,9426.41081885702,8074.866012367595,8179.95737631675,-6828.412569827324,71.00793058428599
41,61,81,9449.631856459444,8099.676650902209,8184.714837150132,-6834.759631592897,74.94123488026617
42,62,82,9451.198006979139,8116.730956413306,8174.348934448304,-6839.88188388247,70.25872139286503
43,63,83,9447.170581861206,8112.877083509742,8179.046984927378,-6844.7534865759135,67.86574797847788
44,64,84,9428.820656076467,8083.543225347948,8189.04839775693,-6843.770967028411,69.76546777552721
45,65,85,9403.632527532114,8058.558914377115,8173.175751468732,-6828.102138313734,70.78822873571335
46,66,86,9391.322778405072,8088.562028779921,8164.3419613481565,-6861.581211723005,57.781271526617275
47,67,87,9400.42874072641,8169.318049056872,8153.108083452709,-6921.997391783172,39.5244807512363
48,68,88,9369.143813106384,8168.3425289694715,8071.383980185236,-6870.582696048325,47.241558814169366
49,69,89,9338.309701913438,8165.024045181113,8060.509902849499,-6887.224246117174,48.70187353651045
50,70,90,9331.327194655983,8171.952965711984,8069.770898213012,-6910.396669269012,46.58481916761957
51,71,91,9323.961717560573,8176.932967333527,8048.808299997907,-6901.779549770861,47.64685493364868
52,72,92,9315.487647029779,8160.64085316152,8075.748650933291,-6920.901857065033,40.01304345215476
53,73,93,9317.081228032384,8176.254812110505,8048.925739134618,-6908.099323212738,37.49488619846716
54,74,94,9319.471444640523,8188.546002841275,8058.402493217069,-6927.47705141782,32.27651063622852
55,75,95,9323.976786693273,8188.530926309476,8063.4121612413965,-6927.966300857601,32.37240063464924
56,76,96,9320.584690334701,8198.470457231542,8059.551450754675,-6937.437217651517,28.678009553356787
57,77,97,9306.972634899244,8184.246952206456,8073.647808266912,-6950.922125574123,32.35001537158814
58,78,98,9303.029205727884,8175.391389344366,8078.1493815878175,-6950.5115652043005,34.73018786874309
59,79,99,9295.22536902878,8179.916782890228,8068.99850615634,-6953.689920017789,30.39056270484707
60,80,100,9286.631878763194,8179.95737631675,8074.480539523108,-6967.806037076665,33.54801134862555
61,81,101,9268.354033312906,8184.714837150132,8017.578609988856,-6933.939413826083,37.67088111454723
62,82,102,9265.817961715646,8174.348934448304,8029.317989513337,-6937.8489622459965,33.75320583408438
63,83,103,9279.16380806459,8179.046984927378,8047.2710246896,-6947.154201552388,30.5221542181971
64,84,104,9276.46889952755,8189.04839775693,8034.6976767744345,-6947.2771750038155,22.16365760395456
65,85,105,9288.943810706172,8173.175751468732,8059.318499888546,-6943.550440651106,29.136945231109166
66,86,106,9291.17192673776,8164.3419613481565,8078.10044038261,-6951.270474993007,29.175026097333102
67,87,107,9265.468073874717,8153.108083452709,8078.13690998439,-6965.776919562382,9.32173903443072
68,88,108,9201.845203485816,8071.383980185236,8074.464072940255,-6944.002849639675,4.939172391614193
69,89,109,9197.390454178525,8060.509902849499,8082.981085263136,-6946.10053393411,3.9689175474491094
70,90,110,9187.095615529877,8069.770898213012,8071.0872302191765,-6953.762512902311,7.936100419089598
71,91,111,9183.475328868155,8048.808299997907,8076.989893039332,-6942.322864169084,1.5447099320613233
72,92,112,9191.821556819712,8075.748650933291,8083.95560701595,-6967.882701129529,14.672516283903406
73,93,113,9171.339636958604,8048.925739134618,8081.057754653667,-6958.64385682968,15.463274480919608
74,94,114,9158.840483165657,8058.402493217069,8070.8517071136375,-6970.413717165049,11.962825135845833
75,95,115,9188.004655561826,8063.4121612413965,8091.202792945327,-6966.610298624897,15.50465111434869
76,96,116,9186.717382911233,8059.551450754675,8092.751510789172,-6965.585578632614,10.739411204363023
77,97,117,9197.42885169229,8073.647808266912,8087.906216774477,-6964.125173349099,12.917140311505136
78,98,118,9207.064214407985,8078.1493815878175,8091.1175568456865,-6962.202724025519,20.074866693069907
79,99,119,9193.052508448212,8068.99850615634,8092.123023619688,-6968.069021327816,19.844757986503737
80,100,120,9226.281809450473,8074.480539523108,8137.315266801651,-6985.513996874286,20.21439980314426
81,101,121,9214.15511440843,8017.578609988856,8153.9066681227305,-6957.330163703158,20.051589853342648
82,102,122,9234.427100450494,8029.317989513337,8162.788281510885,-6957.679170573729,21.94696654838026
83,103,123,9243.389846667551,8047.2710246896,8165.724872241921,-6969.60605026397,15.445757728895387
84,104,124,9242.147603853784,8034.6976767744345,8177.7292516805455,-6970.279324601197,5.4503427800750615
85,105,125,9246.245093710082,8059.318499888546,8150.687260387915,-6963.760666566379,7.152832340337227
86,106,126,9240.808933806182,8078.10044038261,8138.7346104986755,-6976.026117075104,3.401296520694814
87,107,127,9235.430329470706,8078.13690998439,8137.256800889158,-6979.963381402842,-1.6291684377069942
88,108,128,9236.462440397638,8074.464072940255,8140.656018938699,-6978.657651481317,6.4734020784562745
89,109,129,9250.537594154626,8082.981085263136,8147.366677642563,-6979.810168751073,0.08058954308944521
90,110,130,9252.94792166634,8071.0872302191765,8154.83659048519,-6972.975899038027,8.035787844166862
91,111,131,9283.775426160899,8076.989893039332,8180.090425799368,-6973.304892677801,5.492613786167112
92,112,132,9288.640451276598,8083.95560701595,8184.273053489949,-6979.5882092292995,21.526217436137813
93,113,133,9300.256997931501,8081.057754653667,8194.469406826218,-6975.270163548383,28.559229454076558
94,114,134,9305.951590809233,8070.8517071136375,8199.18441425779,-6964.084530562195,33.23883632802017
95,115,135,9296.700319888492,8091.202792945327,8184.832298632125,-6979.334771688958,30.162868474885727
96,116,136,9308.41969293185,8092.751510789172,8198.133749383644,-6982.465567240966,27.680070421966775
97,117,137,9310.656030261207,8087.906216774477,8195.418901464145,-6972.669087977416,25.75885993909378
98,118,138,9302.324425911684,8091.1175568456865,8183.176587337565,-6971.969718271568,29.981638560915144
99,119,139,9289.654636234973,8092.123023619688,8179.3457664812195,-6981.814153865935,31.893951335630845
100,120,140,9289.141127182587,8137.315266801651,8132.394712840063,-6980.568852459126,29.073520572382677
101,121,141,9300.01402882241,8153.9066681227305,8115.282300749711,-6969.17494005003,23.779897950273153
102,122,142,9313.960840205127,8162.788281510885,8100.849984915893,-6949.677426221651,25.59545234167399
103,123,143,9321.11381254295,8165.724872241921,8101.639592526529,-6946.250652225499,29.60145879592301
104,124,144,9337.17994999916,8177.7292516805455,8117.96291748405,-6958.512219165435,27.68400551590048
105,125,145,9364.878501483767,8150.687260387915,8139.71203086694,-6925.520789771088,35.22111453182515
106,126,146,9350.903751070764,8138.7346104986755,8146.592987823892,-6934.423847251805,31.350763311273568
107,127,147,9352.175100781016,8137.256800889158,8140.571770124996,-6925.653470233137,35.873731598302584
108,128,148,9400.6572327201,8140.656018938699,8165.51552868144,-6905.51431490004,46.76408628486888
109,129,149,9405.708977876624,8147.366677642563,8155.365077443758,-6897.022777209699,38.98105205801858
110,130,150,9405.966847033616,8154.83659048519,8139.910756851942,-6888.7805003035155,39.59223591452064
111,131,151,9395.283586293977,8180.090425799368,8081.005199449355,-6865.812038954746,40.56554975582412
112,132,152,9401.504148315376,8184.273053489949,8056.967221070692,-6839.736126245265,42.406117995965815
113,133,153,9404.906067084683,8194.469406826218,8034.380181225842,-6823.9435209673775,43.116131520595445
114,134,154,9398.969175075723,8199.18441425779,8010.08656698847,-6810.301806170537,37.66454442777831
115,135,155,9377.300112339062,8184.832298632125,8020.677543594276,-6828.20972988734,35.10065626130563
116,136,156,9378.770238605492,8198.133749383644,8023.345241314535,-6842.708752092687,32.82483162859853
117,137,157,9392.745545571026,8195.418901464145,8031.587811270102,-6834.261167163222,34.031099741894195
118,138,158,9399.709121402502,8183.176587337565,8037.17410808462,-6820.641574019683,42.6289847092703
119,139,159,9432.235927220858,8179.3457664812195,8067.11337387059,-6814.223213130952,53.955761299500864
120,140,160,9372.671617680828,8132.394712840063,8052.408177867827,-6812.131273027064,35.64101339165745
121,141,161,9364.92252185367,8115.282300749711,8068.296843112079,-6818.656622008119,38.954841784656765
122,142,162,9316.37346697606,8100.849984915893,8046.96704291367,-6831.443560853504,28.76923035430309
123,143,163,9321.763252865689,8101.639592526529,8079.396124876799,-6859.272464537638,28.65645465361422
124,144,164,9333.028331862413,8117.96291748405,8086.921218655083,-6871.85580427672,31.58541499744979
125,145,165,9340.342875477247,8139.71203086694,8105.02605059526,-6904.395205984954,22.553350861941908
126,146,166,9367.850356285968,8146.592987823892,8122.94783673319,-6901.690468271116,28.899465147503633
127,147,167,9369.551526887924,8140.571770124996,8126.3374663726445,-6897.357709609716,33.496694777354605
128,148,168,9354.275032975442,8165.51552868144,8094.764826848647,-6906.005322554645,26.178435789037394
129,149,169,9326.788400838697,8155.365077443758,8083.457015195239,-6912.033691800301,20.29052437627979
130,150,170,9319.137310765778,8139.910756851942,8091.780124458224,-6912.553570544387,18.45579952753269
131,151,171,9274.761055847237,8081.005199449355,8094.458358568746,-6900.702502170865,17.431662155107915
132,152,172,9276.046084765949,8056.967221070692,8111.501537284641,-6892.422673589384,19.29137667611485
133,153,173,9243.347111533953,8034.380181225842,8108.8548422387075,-6899.887911930597,7.287692988965318
134,154,174,9245.411132333462,8010.08656698847,8149.293471177785,-6913.968905832793,3.4338244683444827
135,155,175,9239.099129899874,8020.677543594276,8140.187995985921,-6921.766409680324,10.84244052916074
136,156,176,9236.604706668628,8023.345241314535,8139.242350026936,-6925.982884672843,10.116896548937802
137,157,177,9243.478708720617,8031.587811270102,8155.361218398576,-6943.470320948061,7.137124082757509
138,158,178,9247.347088020957,8037.17410808462,8167.670054303163,-6957.4970743668255,6.794461948411481
139,159,179,9259.586409178546,8067.11337387059,8146.460329947757,-6953.987294639801,12.982056822482718
140,160,180,9259.58486049205,8052.408177867827,8147.515551836837,-6940.338869212614,17.223329300250953
141,161,181,9282.778639739046,8068.296843112079,8170.492229694107,-6956.01043306714,27.198244467305358
142,162,182,9290.064870006296,8046.96704291367,8171.624857739448,-6928.527030646823,35.73981596697786
143,163,183,9328.554625990571,8079.396124876799,8188.410901883534,-6939.252400769761,34.028538331691834
144,164,184,9324.835103983332,8086.921218655083,8184.075290864917,-6946.161405536668,35.94253679545545
145,165,185,9324.009028291626,8105.02605059526,8173.179097933869,-6954.196120237504,31.159456576549474
146,166,186,9329.767338972144,8122.94783673319,8151.546746192277,-6944.727243953324,29.97589085886375
147,167,187,9340.299528252715,8126.3374663726445,8165.255722551021,-6951.29366067095,32.92818482138273
148,168,188,9319.419594226652,8094.764826848647,8168.295158411847,-6943.640391033841,28.6903071875322
149,169,189,9340.121350020225,8083.457015195239,8205.962170482007,-6949.297835657022,36.23918574514664
150,170,190,9346.281352175916,8091.780124458224,8204.705202857665,-6950.203975139973,39.71304039967936
151,171,191,9352.190166392456,8094.458358568746,8211.686365618682,-6953.95455779497,40.67882805159434
152,172,192,9355.568357047743,8111.501537284641,8203.316426877005,-6959.249607113903,36.601110526039065
153,173,193,9367.57828173057,8108.8548422387075,8222.891209268997,-6964.167769777134,39.50577482816425
154,174,194,9377.91073917911,8149.293471177785,8213.586767776213,-6984.969499774888,33.05567543606503
155,175,195,9388.375155083813,8140.187995985921,8229.506211135726,-6981.319052037834,37.066140007511876
156,176,196,9385.987035890277,8139.242350026936,8223.85824728894,-6977.113561425598,38.43992491482959
157,177,197,9387.919024001494,8155.361218398576,8217.716032003596,-6985.158226400679,36.00668514827339
158,178,198,9386.62527129025,8167.670054303163,8212.102640270616,-6993.147423283528,36.47160079686364
159,179,199,9379.54694648203,8146.460329947757,8220.97472701144,-6987.888110477166,35.04616041796589
160,180,200,9375.804125659119,8147.515551836837,8208.049327388342,-6979.760753566061,37.504006906774976
161,181,201,9372.855071795373,8170.492229694107,8205.503306686283,-7003.140464585016,33.710774826931356
162,182,202,9374.12827216728,8171.624857739448,8193.393004611191,-6990.88959018336,39.77110579411237
163,183,203,9372.78916685731,8188.410901883534,8203.30388570797,-7018.925620734193,29.114729874596378
164,184,204,9373.788264161616,8184.075290864917,8205.754865205607,-7016.041891908906,24.395717384531963
165,185,205,9367.872966657216,8173.179097933869,8210.344132690678,-7015.650263967331,18.723632812101187
166,186,206,9350.05009188756,8151.546746192277,8197.05384338482,-6998.550497689537,21.95961914389909
167,187,207,9344.439916137479,8165.255722551021,8151.837594006411,-6972.653400419953,37.67219427372402
168,188,208,9350.886912331314,8168.295158411847,8151.774144591028,-6969.18239067156,41.40953748074617
169,189,209,9354.886715746015,8205.962170482007,8122.419082464209,-6973.4945372002,43.53728157180694
