Left,Mid,Right,Loss,Loss_left,Loss_right,gain,glasso
0,20,40,9307.119522330746,8161.429446736062,8120.792218891351,-6975.102143296668,30.266856255250786
1,21,41,9344.722187498244,8192.507172576452,8173.338136673277,-7021.123121751485,27.25698630384295
2,22,42,9317.667393916176,8174.868456144674,8159.598829094928,-7016.799891323428,21.255892995341128
3,23,43,9334.369252816141,8172.456414205768,8184.271671929166,-7022.358833318793,20.381516516894408
4,24,44,9339.85900838371,8169.703008237141,8188.888879848577,-7018.732879702007,20.89268341066463
5,25,45,9343.999839373097,8158.50387504003,8194.290002602893,-7008.794038269825,19.22601167337325
6,26,46,9347.177292443,8198.029704512559,8166.578347172397,-7017.4307592419555,22.963341141091405
7,27,47,9339.175309988874,8185.9136400020325,8168.560878978073,-7015.299208991231,21.96094596981311
8,28,48,9337.232305334857,8185.674274864164,8168.974283000671,-7017.416252529978,22.26564953749721
9,29,49,9337.680197188633,8164.068889334168,8182.218907491465,-7008.607599637,28.999795782035108
10,30,50,9328.698197720845,8154.602975413012,8174.2537379148325,-7000.158515607,31.313875025104153
11,31,51,9328.773221583677,8140.874012132067,8179.874453736219,-6991.975244284609,33.751430974673895
12,32,52,9336.75368920924,8133.466018579066,8185.768804339959,-6982.481133709785,39.66652674083889
13,33,53,9342.66720167016,8143.581247691619,8171.690738595322,-6972.604784616782,40.65225342597569
14,34,54,9355.45660058556,8169.9035482337,8176.874533814245,-6991.321481462386,35.97796826515787
15,35,55,9360.635331467853,8148.216859330427,8210.958337631188,-6998.539865493762,32.0909319699108
16,36,56,9357.074433859872,8108.5118177704935,8226.175624527079,-6977.6130084377,45.81082956672344
17,37,57,9357.934413085606,8120.117236489806,8222.532343164605,-6984.715166568805,40.595403694173
18,38,58,9370.805434597256,8124.700055560126,8234.551250713947,-6988.445871676817,42.67010840568946
19,39,59,9361.607553965267,8104.148287120068,8236.386861510422,-6978.927594665223,46.40794032601889
20,40,60,9370.173767097935,8120.792218891351,8217.769772231519,-6968.388224024935,49.02732658164632
21,41,61,9391.99871997621,8173.338136673277,8226.064426100624,-7007.403842797692,37.983529176297
22,42,62,9400.522231647647,8159.598829094928,8240.951678146488,-7000.02827559377,40.05018955670903
23,43,63,9414.042912007155,8184.271671929166,8233.09983169022,-7003.328591612231,33.186841988310334
24,44,64,9419.577976797485,8188.888879848577,8232.85287814315,-7002.163781194242,32.977863274101765
25,45,65,9428.894365051883,8194.290002602893,8222.491952359982,-6987.8875899109935,32.54789088096368
26,46,66,9401.389320290291,8166.578347172397,8219.476263526713,-6984.665290408819,30.227601432628944
27,47,67,9416.244083321926,8168.560878978073,8228.329179177894,-6980.6459748340385,31.27288032572551
28,48,68,9430.789859665972,8168.974283000671,8240.463250902762,-6978.647674237458,33.55538535346159
29,49,69,9476.41664075413,8182.218907491465,8269.288492558624,-6975.090759295959,37.074639338434736
30,50,70,9494.14223814565,8174.2537379148325,8284.143549354318,-6964.2550491235015,39.89924020676335
31,51,71,9517.948877886105,8179.874453736219,8292.357207127121,-6954.282782977236,46.628324417524254
32,52,72,9521.734138046011,8185.768804339959,8272.595031397464,-6936.629697691411,53.104179276988816
33,53,73,9533.94923115185,8171.690738595322,8284.154280897696,-6921.8957883411695,61.280903954309906
34,54,74,9541.67259735926,8176.874533814245,8281.833786294128,-6917.035722749113,59.32041028528329
35,55,75,9576.872809828354,8210.958337631188,8259.525156792502,-6893.610684595336,68.27240369158608
36,56,76,9595.549360580058,8226.175624527079,8256.377226756185,-6887.003490703206,76.72105673420447
37,57,77,9590.450618650028,8222.532343164605,8256.035907877927,-6888.117632392505,72.52773404048548
38,58,78,9598.50417667675,8234.551250713947,8235.328360052155,-6871.375434089354,84.49053157248454
39,59,79,9595.479812480376,8236.386861510422,8215.802655387519,-6856.7097044175625,90.088308521812
40,60,80,9566.33656525865,8217.769772231519,8186.5387779389985,-6837.9719849118665,89.45780947202093
41,61,81,9548.956668232917,8226.064426100624,8173.27262981035,-6850.3803876780585,76.54652491067827
42,62,82,9553.569050185804,8240.951678146488,8169.270313191113,-6856.652941151799,77.93867068832742
43,63,83,9533.602169053847,8233.09983169022,8165.838883807943,-6865.336546444316,67.2712226576723
44,64,84,9535.709684174757,8232.85287814315,8184.36811550896,-6881.511309477353,64.19090403802511
45,65,85,9510.394305067986,8222.491952359982,8184.213987854402,-6896.3116351464,58.041949954958
46,66,86,9510.84382157779,8219.476263526713,8180.051564825866,-6888.684006774787,62.399584291516476
47,67,87,9486.43664331047,8228.329179177894,8162.005415060616,-6903.89795092804,57.54167138988305
48,68,88,9503.589638220747,8240.463250902762,8179.627579283515,-6916.50119196553,61.86636188395278
49,69,89,9499.378758920948,8269.288492558624,8164.03909277291,-6933.948826410588,53.57558970357377
50,70,90,9481.592144882581,8284.143549354318,8145.014209407966,-6947.5656138797,52.35467948701444
51,71,91,9471.301385776074,8292.357207127121,8108.853527292496,-6929.909348643545,53.68224649958893
52,72,92,9446.79517238419,8272.595031397464,8106.038012459813,-6931.837871473086,49.41708842806702
53,73,93,9441.664907066543,8284.154280897696,8090.57290733344,-6933.0622811645935,48.59744317904688
54,74,94,9430.950853950377,8281.833786294128,8087.880338513444,-6938.763270857195,39.37545881738015
55,75,95,9380.996275462374,8259.525156792502,8078.872891208225,-6957.401772538353,21.86432070311048
56,76,96,9356.123072836428,8256.377226756185,8069.280928904669,-6969.535082824426,15.478526142650026
57,77,97,9344.706081944598,8256.035907877927,8063.107106202566,-6974.436932135895,11.602203256001303
58,78,98,9308.804560281063,8235.328360052155,8051.794172099422,-6978.317971870514,4.783487158220396
59,79,99,9314.651223070143,8215.802655387519,8088.187371449892,-6989.3388037672685,11.778033068073455
60,80,100,9296.490365398771,8186.5387779389985,8102.628592184565,-6992.677004724792,10.87899447446398
61,81,101,9303.801470704715,8173.27262981035,8132.455433216211,-7001.9265923218445,12.805302173182099
62,82,102,9300.21980640548,8169.270313191113,8132.113649832623,-7001.164156618257,4.670590005619033
63,83,103,9308.993007444791,8165.838883807943,8140.44504559304,-6997.290921956192,5.869616161149679
64,84,104,9315.777490588003,8184.36811550896,8123.581813710395,-6992.172438631351,10.668107597081416
65,85,105,9319.20650658771,8184.213987854402,8129.703378121204,-6994.710859387895,10.43535916091787
66,86,106,9347.376385498137,8180.051564825866,8145.167811491257,-6977.842990818986,20.926764268836905
67,87,107,9345.124699035108,8162.005415060616,8153.42333438889,-6970.304050414397,23.825311625532777
68,88,108,9342.745596731032,8179.627579283515,8134.997722883841,-6971.879705436322,22.02347652858134
69,89,109,9322.148680577324,8164.03909277291,8135.650431466442,-6977.540843662027,25.263385506552368
70,90,110,9316.01268045583,8145.014209407966,8144.035808164383,-6973.037337116519,27.799066779932218
71,91,111,9303.275034029582,8108.853527292496,8159.43435544836,-6965.012848711274,35.33644861715993
72,92,112,9320.480262990113,8106.038012459813,8192.419973070633,-6977.977722540334,35.47426121117314
73,93,113,9320.819996406573,8090.57290733344,8198.3545203838,-6968.107431310667,35.53792530477722
74,94,114,9311.130631494096,8087.880338513444,8193.482583060493,-6970.232290079843,30.68785132273706
75,95,115,9299.244330187275,8078.872891208225,8190.533017699436,-6970.161578720386,29.120105961700574
76,96,116,9299.466515797318,8069.280928904669,8197.141621353174,-6966.956034460525,28.23766396578094
77,97,117,9289.337587110855,8063.107106202566,8193.82127074446,-6967.590789836171,27.263284875770296
78,98,118,9285.309887515608,8051.794172099422,8200.453470009385,-6966.937754593198,22.943965516027674
79,99,119,9293.42234503392,8088.187371449892,8163.321933875417,-6958.08696029139,34.469542562491824
80,100,120,9303.065731759174,8102.628592184565,8177.430251290409,-6976.993111715799,27.65251687179307
81,101,121,9305.32250653972,8132.455433216211,8153.4768233262985,-6980.60975000279,24.647602049187753
82,102,122,9304.559540440343,8132.113649832623,8149.157507739963,-6976.711617132243,16.12927295415966
83,103,123,9305.599882903853,8140.44504559304,8163.4498872183685,-6998.295049907556,9.846724839372655
84,104,124,9296.216738185325,8123.581813710395,8165.462796284034,-6992.827871809104,12.87753346244699
85,105,125,9306.272588557547,8129.703378121204,8160.175835292309,-6983.6066248559655,16.978377609138988
86,106,126,9303.858269963763,8145.167811491257,8138.695617323399,-6980.005158850894,22.75180982438178
87,107,127,9343.042320130851,8153.42333438889,8166.245499378998,-6976.626513637037,29.878919294136722
88,108,128,9333.66917758302,8134.997722883841,8159.994242441115,-6961.322787741936,31.30556260879257
89,109,129,9324.100434005213,8135.650431466442,8154.273363690475,-6965.823361151703,35.209658650016536
90,110,130,9325.778385990281,8144.035808164383,8135.042962692831,-6953.300384866932,37.93098059086333
91,111,131,9321.050816117237,8159.43435544836,8121.233026545083,-6959.6165658762075,39.402800195854525
92,112,132,9329.530640940211,8192.419973070633,8093.619124296556,-6956.508456426978,39.220424255297985
93,113,133,9334.698170044943,8198.3545203838,8072.898626426026,-6936.554976764883,46.2182810987897
94,114,134,9332.569546274939,8193.482583060493,8084.969138823631,-6945.882175609186,38.76129782263342
95,115,135,9336.876561379937,8190.533017699436,8108.390226482104,-6962.046682801603,35.2834020483524
96,116,136,9339.657328669444,8197.141621353174,8107.857983932003,-6965.342276615733,31.761005540733095
97,117,137,9349.889420657604,8193.82127074446,8124.125105091776,-6968.056955178632,31.0325404673531
98,118,138,9351.680344016066,8200.453470009385,8128.645276675882,-6977.418402669202,31.163148356238253
99,119,139,9311.053146418311,8163.321933875417,8105.047726831391,-6957.316514288497,31.385046212060388
100,120,140,9335.52125323252,8177.430251290409,8149.631651025969,-6991.540649083858,34.415538465910686
101,121,141,9354.506331735107,8153.4768233262985,8181.171202041828,-6980.141693633019,35.95526589778592
102,122,142,9380.853828887404,8149.157507739963,8190.32092333181,-6958.624602184369,38.70993837666265
103,123,143,9387.185346712773,8163.4498872183685,8200.446788550227,-6976.711329055823,37.685930994170576
104,124,144,9404.60175329043,8165.462796284034,8215.96278194054,-6976.823824934145,38.02556701943513
105,125,145,9404.998915692891,8160.175835292309,8213.762314328733,-6968.939233928149,39.67341614962152
106,126,146,9407.24638554176,8138.695617323399,8226.123610326722,-6957.57284210836,42.255131713336596
107,127,147,9431.051860519343,8166.245499378998,8206.861947274794,-6942.055586134449,49.71218697724089
108,128,148,9441.806514578777,8159.994242441115,8223.207749470897,-6941.395477333235,48.35523635214213
109,129,149,9465.48840160126,8154.273363690475,8232.36544694733,-6921.150409036543,50.66415374991402
110,130,150,9456.414329789,8135.042962692831,8238.536455849127,-6917.165088752958,49.549663564826915
111,131,151,9444.82296913205,8121.233026545083,8244.989051375458,-6921.3991087884915,41.77839860304812
112,132,152,9489.321387625558,8093.619124296556,8280.00056494668,-6884.298301617679,60.45475797062545
113,133,153,9474.439293626907,8072.898626426026,8271.92481638707,-6870.3841491861895,63.37499644119407
114,134,154,9477.426288689014,8084.969138823631,8264.062026726206,-6871.604876860823,55.65188843365058
115,135,155,9492.755595416673,8108.390226482104,8250.650847321827,-6866.285478387259,57.97911509188452
116,136,156,9486.872575289455,8107.857983932003,8236.069692769208,-6857.0551014117555,61.42290461448192
117,137,157,9488.36399044016,8124.125105091776,8215.436285823196,-6851.197400474812,62.8151815426354
118,138,158,9510.235304015718,8128.645276675882,8207.381976731518,-6825.791949391682,73.41901901109622
119,139,159,9488.114068260587,8105.047726831391,8183.013456312468,-6799.947114883271,73.29401374379859
120,140,160,9480.065881265366,8149.631651025969,8164.119118086421,-6833.684887847025,69.21871182747645
121,141,161,9482.861120081969,8181.171202041828,8169.773666148152,-6868.0837481080125,70.63699490114868
122,142,162,9485.053317651787,8190.32092333181,8131.39204149065,-6836.6596471706725,66.29389322625502
123,143,163,9467.734072508427,8200.446788550227,8105.093512791331,-6837.806228833131,68.23282793767612
124,144,164,9476.519925011991,8215.96278194054,8104.156454345384,-6843.5993112739325,63.385313535060504
125,145,165,9485.850502110767,8213.762314328733,8116.537058791919,-6844.448871009885,62.60348023361212
126,146,166,9477.780476695963,8226.123610326722,8114.566967746571,-6862.910101377329,53.743368253361496
127,147,167,9434.655297768748,8206.861947274794,8120.332433393147,-6892.539082899193,40.91845778513516
128,148,168,9433.876985044,8223.207749470897,8129.195575987152,-6918.52634041405,38.94162368545358
129,149,169,9440.506246716839,8232.36544694733,8147.952712413671,-6939.811912644162,34.58165190535192
130,150,170,9428.847998380093,8238.536455849127,8145.836006849622,-6955.524464318656,32.65633186866671
131,151,171,9443.491277717418,8244.989051375458,8168.211441529633,-6969.709215187671,31.829762309284888
132,152,172,9430.453083371718,8280.00056494668,8091.759711457484,-6941.307193032446,33.71075382265553
133,153,173,9429.720117851142,8271.92481638707,8100.672928399412,-6942.87762693534,36.00474312795359
134,154,174,9415.846480823788,8264.062026726206,8103.158169735951,-6951.373715638369,26.188610025335038
135,155,175,9407.701400915303,8250.650847321827,8123.513215658775,-6966.4626620653,31.663980215879747
136,156,176,9389.695599303117,8236.069692769208,8127.32419027791,-6973.698283744001,26.023691597924426
137,157,177,9372.368908125218,8215.436285823196,8138.02984462804,-6981.09722232602,20.202781540498563
138,158,178,9357.946770947889,8207.381976731518,8106.997267532394,-6956.432473316025,19.745073319792937
139,159,179,9333.631298262573,8183.013456312468,8115.036270345733,-6964.418428395629,15.074095057496834
140,160,180,9297.619381890065,8164.119118086421,8118.3794466132695,-6984.8791828096255,7.752743387236478
141,161,181,9314.387655380626,8169.773666148152,8151.020054249156,-7006.406065016683,18.798724633051734
142,162,182,9310.705023386721,8131.39204149065,8167.292240842882,-6987.979258946811,24.53683357163709
143,163,183,9304.532911571172,8105.093512791331,8188.79033257792,-6989.3509337980795,24.519893941630016
144,164,184,9325.394717556163,8104.156454345384,8199.985350005742,-6978.747086794963,31.904069690108372
145,165,185,9326.579051643017,8116.537058791919,8191.453974781604,-6981.411981930505,33.312460039925554
146,166,186,9333.763250290021,8114.566967746571,8196.059290158475,-6976.863007615024,25.38364908983749
147,167,187,9326.049745032364,8120.332433393147,8182.687498933633,-6976.970187294417,24.604789504767723
148,168,188,9328.868839716408,8129.195575987152,8186.601082056592,-6986.9278183273345,27.28713347287794
149,169,189,9323.082997922149,8147.952712413671,8169.779424667151,-6994.649139158673,25.8543867726994
150,170,190,9327.302550668017,8145.836006849622,8165.405428770317,-6983.938884951922,32.73178689530596
151,171,191,9333.437729578003,8168.211441529633,8166.345665179291,-7001.119377130921,33.24313360241331
152,172,192,9302.626303750938,8091.759711457484,8174.80386159365,-6963.937269300197,28.11951315045144
153,173,193,9312.955021851432,8100.672928399412,8180.251094624822,-6967.969001172802,30.884456649720505
154,174,194,9316.04592458711,8103.158169735951,8183.79040232813,-6970.902647476971,25.19126755677462
155,175,195,9324.415659374406,8123.513215658775,8175.55409999983,-6974.651656284199,32.31880468730469
156,176,196,9332.063231325781,8127.32419027791,8187.313019939141,-6982.573978891269,27.78368615125237
157,177,197,9344.54795421754,8138.02984462804,8187.3324866657285,-6980.814377076229,32.77730990940108
158,178,198,9342.380291878519,8106.997267532394,8198.4055033025,-6963.022478956376,28.541482392465696
159,179,199,9345.579836463885,8115.036270345733,8197.795573217169,-6967.252007099016,25.023100030434307
160,180,200,9348.823333876186,8118.3794466132695,8190.577301411183,-6960.133414148266,30.511483531457543
161,181,201,9348.420124259002,8151.020054249156,8181.567872149991,-6984.167802140144,25.921618825087535
162,182,202,9359.934794139672,8167.292240842882,8192.904558429924,-7000.262005133134,30.113978171542385
163,183,203,9376.058517785947,8188.79033257792,8198.307895626109,-7011.039710418081,28.404555178529336
164,184,204,9368.008505850936,8199.985350005742,8186.3114883026155,-7018.288332457421,21.142432546052532
165,185,205,9362.46229487298,8191.453974781604,8192.167860409098,-7021.159540317722,21.84848019635183
166,186,206,9356.81919904458,8196.059290158475,8178.713096437666,-7017.953187551562,17.991774523580716
167,187,207,9359.115657421346,8182.687498933633,8194.22714082513,-7017.798982337419,19.49570094316323
168,188,208,9359.260635517094,8186.601082056592,8188.93716858575,-7016.277615125247,17.303329444096562
169,189,209,9349.558354915775,8169.779424667151,8193.208936840605,-7013.4300065919815,18.448594406477696
