Left,Mid,Right,Loss,Loss_left,Loss_right,gain,glasso
0,20,40,9368.076995942214,8211.39716889223,8182.872530188828,-7026.192703138844,26.713079342090168
1,21,41,9383.96692419024,8217.065110067953,8199.341852664158,-7032.440038541872,31.539801284801342
2,22,42,9371.783551737439,8197.870810321272,8201.418928795572,-7027.506187379406,29.666856525776893
3,23,43,9381.167133431045,8193.72360370228,8209.008904430477,-7021.565374701713,33.712955245635385
4,24,44,9383.590425591723,8186.239751699088,8212.069970719103,-7014.719296826468,35.70459350606325
5,25,45,9373.799422075777,8178.561955697776,8203.51495900024,-7008.277492622239,35.040761464385014
6,26,46,9379.242162715149,8182.134536946695,8205.930932274616,-7008.823306506161,35.87160239922605
7,27,47,9354.739102192114,8169.083406650051,8174.859383837178,-6989.203688295114,37.97541870938858
8,28,48,9344.96096489334,8152.717093499443,8178.918930958831,-6986.675059564934,34.584175152604075
9,29,49,9343.696472475804,8140.503073765067,8174.261811575811,-6971.0684128650755,39.43328317709984
10,30,50,9341.658940310981,8125.197766887454,8187.7809912899575,-6971.31981786643,30.10324077580981
11,31,51,9346.400032695592,8126.78877746385,8198.949960697584,-6979.338705465843,30.16830081003991
12,32,52,9322.74624206883,8122.883570854917,8197.15616031799,-6997.293489104077,11.792202872090911
13,33,53,9325.037903374347,8164.906316141548,8150.742922349003,-6990.611335116204,36.636155020645674
14,34,54,9333.903652980807,8172.668446168079,8144.347567961102,-6983.1123611483745,39.57501391225969
15,35,55,9318.709864359662,8151.629374067439,8139.15141735794,-6972.070927065717,36.126338467154255
16,36,56,9312.838917028987,8149.516446861238,8156.170459951712,-6992.8479897839625,26.3528445777888
17,37,57,9319.409696805184,8149.800114952705,8159.588332279655,-6989.978750427177,34.54901612110416
18,38,58,9318.74481145959,8172.879553563739,8137.55472142243,-6991.689463526578,31.54025129634647
19,39,59,9322.63146172338,8176.939113565934,8138.476932859663,-6992.784584702218,28.52213906420502
20,40,60,9329.057091919387,8182.872530188828,8140.811242709291,-6994.626680978732,31.2609201627356
21,41,61,9326.027788798798,8199.341852664158,8121.673894616688,-6994.987958482048,33.35831372116809
22,42,62,9342.857612293548,8201.418928795572,8140.261414439676,-6998.8227309417,29.78580281768518
23,43,63,9381.543595546818,8209.008904430477,8167.147586316449,-6994.612895200107,34.99190105524167
24,44,64,9406.148919093499,8212.069970719103,8152.254769758506,-6958.175821384109,46.194903900267946
25,45,65,9427.352235273549,8203.51495900024,8173.164965138473,-6949.3276888651635,47.11576657588557
26,46,66,9424.316184147814,8205.930932274616,8147.618891622145,-6929.233639748947,50.66988435878193
27,47,67,9402.437845260152,8174.859383837178,8158.813587945282,-6931.235126522308,40.29028560151437
28,48,68,9407.99308457577,8178.918930958831,8147.595808122466,-6918.521654505526,44.38476424020655
29,49,69,9435.985752848772,8174.261811575811,8178.354077256426,-6916.630135983465,46.29052439065299
30,50,70,9436.250798165842,8187.7809912899575,8162.322214745584,-6913.852407869699,49.02702441441579
31,51,71,9440.711648082744,8198.949960697584,8134.625163664413,-6892.863476279252,60.51799927457387
32,52,72,9478.053278802148,8197.15616031799,8191.6957779621625,-6910.798659478005,57.12505130917543
33,53,73,9427.743447908939,8150.742922349003,8172.206870731478,-6895.206345171542,47.36979663304555
34,54,74,9420.17740000157,8144.347567961102,8160.615151412103,-6884.785319371635,45.92916105117365
35,55,75,9418.96981672963,8139.15141735794,8152.500281462496,-6872.681882090805,47.03823461577076
36,56,76,9412.949671088143,8156.170459951712,8125.299260368007,-6868.520049231574,42.66490555405426
37,57,77,9419.50298282511,8159.588332279655,8114.681185941282,-6854.766535395827,48.93606116190176
38,58,78,9393.89807036825,8137.55472142243,8108.631930812707,-6852.288581866887,36.82978445010258
39,59,79,9394.365991380188,8138.476932859663,8112.731630809919,-6856.8425722893935,34.29595567868546
40,60,80,9374.084885157517,8140.811242709291,8076.8216034210245,-6843.547960972799,37.67843241228911
41,61,81,9348.789251238444,8121.673894616688,8088.203859093036,-6861.088502471279,27.524254281679532
42,62,82,9344.09854194574,8140.261414439676,8080.662704657897,-6876.825577151834,21.576829193273625
43,63,83,9328.565870608873,8167.147586316449,8065.908827847257,-6904.4905435548335,13.10033420943546
44,64,84,9317.167817897069,8152.254769758506,8053.176294433653,-6888.26324629509,-2.085827333702582
45,65,85,9322.885153416704,8173.164965138473,8048.122354911704,-6898.402166633474,-11.910733596493628
46,66,86,9292.386426172863,8147.618891622145,8051.935610716228,-6907.168076165512,-10.549842307765175
47,67,87,9303.494056515892,8158.813587945282,8063.357924854421,-6918.677456283811,-4.974041506402955
48,68,88,9308.802236946114,8147.595808122466,8077.9979243002435,-6916.791495476595,0.16522645724217
49,69,89,9321.13642873177,8178.354077256426,8075.811735282561,-6933.0293838072175,3.8529309473865396
50,70,90,9312.300258371995,8162.322214745584,8077.8206898332055,-6927.842646206793,8.089171338154756
51,71,91,9287.929473164082,8134.625163664413,8094.668784373242,-6941.364474873573,12.988171600360602
52,72,92,9281.603118010835,8191.6957779621625,8054.935866775053,-6965.028526726381,0.3389917068325303
53,73,93,9286.724588802972,8172.206870731478,8072.550175594355,-6958.032457522862,5.495091960830905
54,74,94,9280.13184998704,8160.615151412103,8084.716079506868,-6965.199380931932,6.691980306166897
55,75,95,9278.465673054616,8152.500281462496,8087.7850342226,-6961.81964263048,10.794789308858071
56,76,96,9263.886114852918,8125.299260368007,8088.487671516414,-6949.900817031503,12.555595372880816
57,77,97,9243.008243404074,8114.681185941282,8085.006361909227,-6956.679304446436,7.896098149506997
58,78,98,9239.211382683618,8108.631930812707,8086.089183198637,-6955.509731327726,11.069232315374393
59,79,99,9233.225632086425,8112.731630809919,8080.14372798729,-6959.649726710784,9.487356270606142
60,80,100,9212.253997212194,8076.8216034210245,8085.249749812004,-6949.817356020834,17.24073171900818
61,81,101,9214.759311197977,8088.203859093036,8071.435785714276,-6944.880333609335,13.34640269693773
62,82,102,9204.387436013374,8080.662704657897,8066.820366602284,-6943.095635246806,11.621057783882861
63,83,103,9199.976688128572,8065.908827847257,8085.451895915912,-6951.384035634597,13.241676640393507
64,84,104,9201.99113388406,8053.176294433653,8108.229932911347,-6959.415093460941,-10.270176732546588
65,85,105,9200.544892320111,8048.122354911704,8111.656161216763,-6959.233623808355,-16.394760019053138
66,86,106,9206.862824009968,8051.935610716228,8123.21064006736,-6968.283426773622,-6.779947284291666
67,87,107,9216.725303102465,8063.357924854421,8117.829175631607,-6964.461797383563,0.30835488805496425
68,88,108,9229.53807116138,8077.9979243002435,8118.41333394058,-6966.873187079444,5.952414114942258
69,89,109,9228.382814192526,8075.811735282561,8137.282957901962,-6984.711878991997,6.237241000114864
70,90,110,9241.920065165967,8077.8206898332055,8141.922433488598,-6977.823058155836,11.960044172256403
71,91,111,9245.506312351816,8094.668784373242,8139.063826310443,-6988.226298331869,12.043298820271502
72,92,112,9216.415791799824,8054.935866775053,8128.266932258725,-6966.787007233954,8.210074428727694
73,93,113,9218.546046755571,8072.550175594355,8125.269241423213,-6979.273370261997,9.381734201291692
74,94,114,9216.24506264503,8084.716079506868,8117.564155149111,-6986.035172010948,10.433595985168722
75,95,115,9205.863481366174,8087.7850342226,8093.074321533984,-6974.99587439041,13.619154932234778
76,96,116,9208.774406148244,8088.487671516414,8089.5982671057645,-6969.311532473934,14.102078325574894
77,97,117,9221.374704305046,8085.006361909227,8102.916995073783,-6966.548652677964,15.068777601602505
78,98,118,9216.277759673734,8086.089183198637,8080.477811894968,-6950.289235419872,17.597963605783207
79,99,119,9236.710952229781,8080.14372798729,8110.84260758714,-6954.2753833446495,27.052135365928734
80,100,120,9252.182941123014,8085.249749812004,8108.902514834246,-6941.969323523237,37.52664261368136
81,101,121,9237.8607157286,8071.435785714276,8098.279229433963,-6931.854299419638,32.50744252913273
82,102,122,9254.606353524807,8066.820366602284,8114.560326352539,-6926.774339430016,27.839987885099617
83,103,123,9254.385516361617,8085.451895915912,8118.194822580375,-6949.26120213467,28.583385497922336
84,104,124,9265.647772568132,8108.229932911347,8124.069940099686,-6966.652100442901,18.915474042317328
85,105,125,9254.180232897725,8111.656161216763,8120.235386648932,-6977.711314967972,13.41348761317795
86,106,126,9260.168535928606,8123.21064006736,8126.206330065896,-6989.24843420465,16.53029058660286
87,107,127,9246.820552850299,8117.829175631607,8111.121891817868,-6982.1305145991755,9.456490234272678
88,108,128,9258.726844878587,8118.41333394058,8124.369636547255,-6984.056125609248,12.20781354150813
89,109,129,9255.161047040445,8137.282957901962,8091.9802787465815,-6974.102189608098,13.572649431368973
90,110,130,9252.718654499242,8141.922433488598,8093.567586949931,-6982.771365939287,14.80149115488257
91,111,131,9249.205443830404,8139.063826310443,8089.836593574668,-6979.694976054707,14.50571252696136
92,112,132,9247.369687389168,8128.266932258725,8086.949301304223,-6967.84654617378,11.344783290648138
93,113,133,9244.868304484553,8125.269241423213,8093.90670619498,-6974.307643133641,9.283039176337297
94,114,134,9247.593387380703,8117.564155149111,8096.718392166879,-6966.6891599352875,14.883315895894611
95,115,135,9238.630035106295,8093.074321533984,8099.111279943191,-6953.555566370882,21.504391735143145
96,116,136,9225.90133009362,8089.5982671057645,8081.334171647208,-6945.031108659352,13.664451141570225
97,117,137,9222.34060343917,8102.916995073783,8078.082470761586,-6958.658862396198,9.840793053441303
98,118,138,9237.289955846267,8080.477811894968,8111.318933142334,-6954.506789191035,18.15566783556278
99,119,139,9239.091606046146,8110.84260758714,8068.784050439042,-6940.535051980038,24.379718796864836
100,120,140,9234.423699673944,8108.902514834246,8055.414010763386,-6929.892825923687,28.868860012810728
101,121,141,9245.168132435761,8098.279229433963,8072.237648320424,-6925.348745318626,27.860186736435026
102,122,142,9293.876896625214,8114.560326352539,8122.036766506355,-6942.72019623368,17.73934686383882
103,123,143,9289.013336478065,8118.194822580375,8115.141014630358,-6944.322500732667,8.8662943532172
104,124,144,9289.06517961033,8124.069940099686,8127.35469733275,-6962.3594578221055,0.7532391313834523
105,125,145,9315.610680109292,8120.235386648932,8147.572250724217,-6952.196957263857,0.6285815798928525
106,126,146,9334.249687309664,8126.206330065896,8169.145582561669,-6961.1022253179,3.9346698512745206
107,127,147,9346.669117368605,8111.121891817868,8191.237805671587,-6955.69058012085,5.089720933345234
108,128,148,9332.012269708857,8124.369636547255,8141.438247612667,-6933.7956144510645,8.341821347596579
109,129,149,9313.954383301136,8091.9802787465815,8148.495629297469,-6926.521524742915,4.95057709100729
110,130,150,9310.63856283739,8093.567586949931,8152.178094068982,-6935.107118181524,19.263876652441922
111,131,151,9323.045558704649,8089.836593574668,8156.528913225612,-6923.319948095632,23.666056712410864
112,132,152,9331.485139721917,8086.949301304223,8148.400434635352,-6903.864596217658,28.431889780905294
113,133,153,9337.033971048038,8093.90670619498,8143.769122705513,-6900.641857852455,27.017849019446203
114,134,154,9354.366524517533,8096.718392166879,8148.9360107836,-6891.287878432948,29.287410478970287
115,135,155,9381.20796030727,8099.111279943191,8171.456550759447,-6889.3598703953685,34.27192664009999
116,136,156,9401.868185717776,8081.334171647208,8202.68899543104,-6882.154981360472,37.45320648066945
117,137,157,9453.727383062142,8078.082470761586,8221.164993575041,-6845.520081274484,57.521873747762584
118,138,158,9464.415797533542,8111.318933142334,8203.776610267509,-6850.679745876301,55.408031492638656
119,139,159,9433.703356861086,8068.784050439042,8191.458180194033,-6826.5388737719895,53.185595443519105
120,140,160,9433.50560114802,8055.414010763386,8188.158796393212,-6810.067206008578,59.801231277979696
121,141,161,9444.39438578437,8072.237648320424,8186.551636829999,-6814.394899366052,57.759854512208676
122,142,162,9432.485738763882,8122.036766506355,8161.549311436326,-6851.100339178798,35.036846206630344
123,143,163,9488.312772615054,8115.141014630358,8204.91422330588,-6831.742465321184,46.452023266059314
124,144,164,9476.131414094987,8127.35469733275,8204.196502487654,-6855.419785725417,44.14810385815554
125,145,165,9490.974592955128,8147.572250724217,8204.71857015898,-6861.31622792807,36.956468601702454
126,146,166,9494.564287795849,8169.145582561669,8199.940093722676,-6874.521388488496,39.95641421066466
127,147,167,9492.167268284116,8191.237805671587,8175.799310883518,-6874.869848270988,39.15044312418922
128,148,168,9451.58919532663,8141.438247612667,8174.876804570946,-6864.725856856983,36.447757022798214
129,149,169,9467.336813779963,8148.495629297469,8203.04170634108,-6884.200521858587,41.092788874791495
130,150,170,9462.87610661221,8152.178094068982,8200.063509960175,-6889.365497416948,50.36250945804841
131,151,171,9448.516323690154,8156.528913225612,8199.638493073302,-6907.6510826087615,47.33646752007644
132,152,172,9442.24928224548,8148.400434635352,8209.846833607795,-6915.997985997667,48.14739739862398
133,153,173,9444.22521702684,8143.769122705513,8220.386494189319,-6919.930399867992,56.54829755441733
134,154,174,9411.091577655283,8148.9360107836,8213.559799511277,-6951.404232639594,42.497819128628635
135,155,175,9408.601896593258,8171.456550759447,8211.83133653897,-6974.6859907051585,37.234238218671635
136,156,176,9414.53009329762,8202.68899543104,8211.346844423468,-6999.505746556886,33.29007758424905
137,157,177,9413.155920172356,8221.164993575041,8186.69966370637,-6994.708737109055,26.014864032355035
138,158,178,9397.02997966672,8203.776610267509,8197.53280637387,-7004.279436974659,20.570519906788377
139,159,179,9401.283617000941,8191.458180194033,8224.26114332117,-7014.435706514259,24.983532807268148
140,160,180,9379.446290626016,8188.158796393212,8217.61240039599,-7026.324906163187,25.880309621094057
141,161,181,9377.528470682773,8186.551636829999,8216.530190404434,-7025.55335655166,26.65008408820313
142,162,182,9373.006561375594,8161.549311436326,8226.587233937957,-7015.12998399869,24.011380582849597
143,163,183,9375.011025204378,8204.91422330588,8175.958316225334,-7005.861514326836,30.39918351084816
144,164,184,9370.597228729697,8204.196502487654,8174.0437626495095,-7007.643036407466,29.617497078767883
145,165,185,9367.915955004362,8204.71857015898,8168.2040439195225,-7005.006659074141,30.354450797758545
146,166,186,9368.638760693124,8199.940093722676,8173.14422249638,-7004.445555525934,30.81037376922859
147,167,187,9361.471867367914,8175.799310883518,8181.78846511145,-6996.1159086270545,29.922820010268424
148,168,188,9369.910779891801,8174.876804570946,8192.463094230534,-6997.429118909678,30.75426711943328
149,169,189,9378.544322018213,8203.04170634108,8196.760891297523,-7021.258275620392,26.696255989729252
150,170,190,9378.354170258597,8200.063509960175,8193.998838909423,-7015.708178611003,29.110502952126808
151,171,191,9374.084539464542,8199.638493073302,8193.985965544383,-7019.539919153141,27.48767453108576
152,172,192,9365.161878899431,8209.846833607795,8172.372207634517,-7017.0571623428805,28.533800026913013
153,173,193,9364.943711824471,8220.386494189319,8152.49294841538,-7007.9357307802275,35.70394065941264
154,174,194,9363.631079665778,8213.559799511277,8154.49349869258,-7004.422218538079,35.94472681494835
155,175,195,9364.516669510616,8211.83133653897,8150.922944867897,-6998.237611896249,35.41380470388776
156,176,196,9354.80731500277,8211.346844423468,8120.358088851937,-6976.897618272635,17.938141349431135
157,177,197,9329.959910762147,8186.69966370637,8102.552227554066,-6959.2919804982885,9.113015530127996
158,178,198,9325.470924462908,8197.53280637387,8087.9451666601735,-6960.007048571137,8.126430550990335
159,179,199,9326.620834418885,8224.26114332117,8058.547777508349,-6956.188086410633,-4.813583385919628
160,180,200,9327.960246746099,8217.61240039599,8084.599835351593,-6974.251989001485,14.243319745979534
161,181,201,9345.74331339146,8216.530190404434,8470.47251188184,-7341.259388894814,26.528508477629657
162,182,202,9355.017198692525,8226.587233937957,8123.01387487577,-6994.583910121202,28.18609167987779
163,183,203,9320.734351728155,8175.958316225334,8136.304858471925,-6991.528822969103,22.635175903711115
164,184,204,9321.486133873997,8174.0437626495095,8143.481291532083,-6996.038920307594,27.55713176219706
165,185,205,9321.361381970284,8168.2040439195225,8159.501819707113,-7006.3444816563515,25.32294298196348
166,186,206,9313.830571071627,8173.14422249638,8148.300135911445,-7007.613787336199,22.335083110721826
167,187,207,9317.911159464857,8181.78846511145,8138.085127043057,-7001.96243268965,23.1540541697359
168,188,208,9312.956131754981,8192.463094230534,8129.778031545595,-7009.284994021147,18.030656336593893
169,189,209,9294.541862779322,8196.760891297523,8095.5848157812725,-6997.803844299473,14.460299432297234
