Left,Mid,Right,Loss_likeli,Loss_AIC,Loss_BIC,Loss_eBIC
0,20,40,205.12446179004814,-34.875538209951856,-66.2122602011193,-1456.249410013519
1,21,41,127.73747119099357,-83.26252880900643,-87.6989938612735,-1294.6661991902902
2,22,42,164.71598640555067,-33.284013594449334,-61.50706984945987,-1446.2510023298682
3,23,43,128.60207622763892,-63.39792377236108,-91.40637192894951,-1252.920074779715
4,24,44,119.0933473426926,-88.9066526573074,-91.92275398643324,-1330.0182557506132
5,25,45,89.68101501533192,-123.31898498466808,-132.82859265829416,-1390.0305414270124
6,26,46,179.0879150942087,-83.91208490579129,-123.00887745394812,-2013.828625010422
7,27,47,186.72093449260205,-86.27906550739795,-130.35451942332475,-1906.33187228123
8,28,48,157.5264873389442,-91.47351266105579,-98.45309531161956,-1545.7238773139184
9,29,49,179.38548011072476,-96.61451988927524,-111.10190333736045,-1542.7901834267077
10,30,50,203.44583593794005,-75.55416406205995,-114.93669503629985,-2062.2160873052417
11,31,51,204.3461956805977,-52.6538043194023,-107.47837392201609,-1791.3093392454066
12,32,52,152.72936057158995,-51.27063942841005,-77.97543583044285,-1561.5001409844235
13,33,53,98.60413047475004,-73.39586952524996,-74.11831543229982,-1242.2224737259835
14,34,54,130.54712100295137,-26.45287899704863,-28.288422947084655,-1085.4472867328113
15,35,55,123.09964664170639,-41.900353358293614,-52.30753273854339,-1273.1926075806982
16,36,56,136.2004651167381,-21.799534883261913,-27.24739515792021,-1206.148623743321
17,37,57,166.5281684241886,-30.471831575811393,-54.20889024700432,-1476.7911266381534
18,38,58,193.4995366142375,-16.500463385762487,-45.84588301817735,-1836.4449098131226
19,39,59,214.771733718037,-6.228266281962988,-42.08993418976502,-1953.7672846902715
20,40,60,176.95926424037793,-42.040735759622066,-66.0414311909924,-1641.2273242759875
21,41,61,191.39599551923084,-21.604004480769163,-48.081419719814676,-1534.2207040567741
22,42,62,178.8107687447357,-45.1892312552643,-84.27549742105202,-1729.1946555419927
23,43,63,196.33701107225374,-18.662988927746255,-66.74500994396362,-1429.036915487954
24,44,64,229.50229672962178,-1.4977032703782243,-43.69061296777295,-1505.2597285267989
25,45,65,273.6917118739739,43.69171187397387,-19.48476841668662,-1368.7399483319546
26,46,66,362.48215074019026,80.89329306772288,-10.189538022429815,-1725.4436795790944
27,47,67,406.5731093933714,103.5731093933714,3.325680916994088,-1942.5495974281012
28,48,68,369.2095125342041,104.20951253420412,44.705411167425154,-1292.8028023889433
29,49,69,394.98940387144467,101.77932640853805,47.084072099968125,-1478.6164363520384
30,50,70,414.9484837950845,120.48927470281978,34.62189413377746,-1843.9629775300918
31,51,71,391.126545106953,102.12654510695302,12.716568226448544,-1762.373965493358
32,52,72,316.2695117219953,120.79328009818528,62.91473326322193,-1143.8458598280954
33,53,73,306.11851556357715,127.11851556357715,67.86515190776731,-966.3249767183324
34,54,74,274.80945125309677,111.80945125309677,54.91742227804457,-935.3099882597908
35,55,75,283.41956436838404,124.41956436838404,67.43955839876025,-960.432696520822
36,56,76,263.07524951078744,118.07524951078744,73.35193509727355,-797.2388088753532
37,57,77,245.71443010472967,111.71443010472967,70.44563507933958,-750.4810526399981
38,58,78,235.78677375055668,110.78677375055668,75.53649398585503,-780.5169567784435
39,59,79,250.2286271354817,115.2286271354817,70.84381778294551,-826.681431893543
40,60,80,269.8992068371035,123.89920683710352,74.91119125137948,-910.7459862942487
41,61,81,265.514704590169,134.514704590169,90.43522967946069,-846.1126604902213
42,62,82,334.5271844215199,157.5271844215199,94.70661840617458,-1075.6183377857997
43,63,83,314.30369277811496,137.30369277811496,77.68743305782391,-1156.2329495475428
44,64,84,278.1695051969384,133.16950519693842,77.26787410743259,-985.5013821753639
45,65,85,294.0724548270532,156.0724548270532,111.90496550548346,-851.7700906084378
46,66,86,281.0169278965491,184.4280702240817,150.44654181939563,-449.55369445228257
47,67,87,283.5091770809354,175.5091770809354,140.28248012899644,-510.2386514201503
48,68,88,259.5885653508619,178.80369011701032,159.0844790639635,-218.53947618706002
49,69,89,228.28237440135717,160.07229693845056,148.28936795192044,-100.33543624889035
50,70,90,216.07647242506164,163.61726333279694,149.65768444840182,-123.5148184407276
51,71,91,214.38794924803074,146.38794924803074,133.38875033808495,-176.33970884838664
52,72,92,261.445790868426,138.96955924461622,99.67739924871034,-471.3637038138131
53,73,93,245.97216536033397,147.97216536033397,109.63783772778243,-446.49923114339435
54,74,94,254.66812615314075,153.66812615314075,104.87732289906194,-557.3997485474861
55,75,95,261.6776622734899,148.6776622734899,96.75858618699158,-597.6383791951487
56,76,96,235.74591637169647,125.74591637169647,93.45705773628515,-589.8551090532228
57,77,97,251.72328843881405,131.72328843881405,96.9326505257327,-654.4323288585845
58,78,98,231.25789938202274,118.25789938202274,92.07092614843714,-560.1272935376619
59,79,99,215.13963567289898,103.13963567289898,70.55232105651385,-534.4620010763733
60,80,100,336.17875513239414,137.17875513239414,72.960176816895,-1334.1056029914444
61,81,101,365.502419639512,178.50241963951203,110.24497723824811,-1161.1400724669288
62,82,102,432.969343579274,217.96934357927398,133.10883395013843,-1349.6917840513424
63,83,103,365.65205512524517,173.65205512524517,107.21926249061767,-1257.3330233647328
64,84,104,425.0566591511583,205.05665915115833,120.13283397009741,-1518.647843934817
65,85,105,411.6899091808307,178.68990918083068,96.18748517188578,-1473.3949312935513
66,86,106,394.1791811413186,183.17918114131862,106.54846068433062,-1628.885937690815
67,87,107,334.19918910754336,132.19918910754336,62.99003135274984,-1364.9496166990027
68,88,108,341.66314370528175,135.87826847143015,70.55027209082937,-1477.8991296152822
69,89,109,346.76115315380457,144.76115315380457,77.82185162705423,-1426.7863299117296
70,90,110,328.3536604049343,135.35366040493432,72.18998708357162,-1424.0805419280646
71,91,111,317.203432339104,143.20343233910398,88.80606843594455,-1228.2933268304828
72,92,112,243.4378973905109,105.4378973905109,84.13720077529479,-970.8406328038004
73,93,113,240.71327371369944,99.71327371369944,71.27541240175856,-914.0095521558119
74,94,114,241.42565249321024,76.42565249321024,36.246294633067464,-1123.6260919587376
75,95,115,192.7273369205891,46.727336920589096,18.400300506984422,-962.1741181516654
76,96,116,232.62625049635471,35.626250496354714,1.4090504557411805,-1224.4959870704329
77,97,117,200.80263150564565,-23.19736849435435,-70.94984252088625,-1375.0000873180657
78,98,118,215.71589506249597,3.7158950624959743,-32.200683710680096,-1509.6558782788252
79,99,119,195.11080267457965,-26.889197325420355,-65.3307516796433,-1474.4344893892485
80,100,120,258.9680289446651,3.968028944665093,-45.28936408030813,-2087.419948476312
81,101,121,286.60778055016135,25.60778055016135,-34.090615645923435,-2029.557507335434
82,102,122,346.99742586862703,78.99742586862703,12.804577726707294,-2016.6716420668604
83,103,123,282.55944035884204,41.55944035884204,-5.9924182358995495,-1954.173950588347
84,104,124,301.467677716387,34.467677716387016,-20.483522990076835,-2309.9833362003455
85,105,125,264.26166471508236,-18.73833528491764,-82.25103227198451,-2287.826205451671
86,106,126,275.86782672276604,-4.13217327723396,-68.3282224840384,-2409.2513650883143
87,107,127,278.16854452842176,6.168544528421762,-66.17465124396585,-2132.943366098847
88,108,128,157.9811367935804,-60.01886320641961,-96.05060167380293,-1794.423655290835
89,109,129,156.72735043826265,-72.27264956173735,-106.56886538299386,-1633.0823321372845
90,110,130,133.38000042954286,-69.61999957045714,-94.97569111556459,-1551.3440263882521
91,111,131,124.97425869125163,-73.02574130874837,-97.24143469769297,-1343.9801392550753
92,112,132,113.13282340405453,-24.867176595945466,-40.54694415833478,-991.4337405094789
93,113,133,132.43437667308785,-36.565623326912146,-54.779145744877496,-1094.4359072475222
94,114,134,176.1481421865019,-8.8518578134981,-43.04615325630198,-1354.619743207601
95,115,135,169.04055961720974,-1.9594403827902624,-23.337989576041082,-1330.4468944237046
96,116,136,194.29866611711168,1.2986661171116793,-28.45018728629384,-1399.810648678973
97,117,137,243.71286210139942,6.712862101399423,-34.91394185749641,-1670.4727987578035
98,118,138,197.0080722832936,-38.991927716706414,-74.62572527416182,-1791.8826483872053
99,119,139,169.2411176874673,-40.758882312532705,-65.2548504489921,-1524.0062476070352
100,120,140,197.44116232862984,-2.5588376713701564,-38.36427174800929,-1392.6137167080028
101,121,141,198.09507684494565,1.0950768449456518,-6.481821655480871,-1430.919678268082
102,122,142,238.24185326893257,22.241853268932573,-11.286783904339018,-1716.7803253358843
103,123,143,208.9663537575418,41.96635375754181,20.85938157589885,-1379.9591414444772
104,124,144,215.2747987754858,33.274798775485806,6.609164189919738,-1502.677494013189
105,125,145,252.72972339868147,8.729723398681472,-45.26172515125904,-1861.1612911941984
106,126,146,257.44352455084504,21.44352455084504,-35.70567486177856,-1779.7969705935284
107,127,147,292.0848556766093,51.08485567660932,-20.380580647450188,-1800.3890608737875
108,128,148,291.28016670712987,74.28016670712987,11.38049790116861,-1513.8414169178413
109,129,149,304.5763920576712,78.57639205767123,13.889004340987867,-1439.372137160064
110,130,150,303.40321670399885,72.40321670399885,16.389194706512626,-1262.274570931881
111,131,151,295.94693430133566,82.94693430133566,20.68566240009909,-1184.2945214528213
112,132,152,333.1177878519975,83.11778785199749,14.152512994963672,-1698.5365733248173
113,133,153,353.5944575112053,115.59445751120529,30.086960348332468,-1651.279455853618
114,134,154,393.3653108217643,139.3653108217643,41.67292007364517,-1825.3784475373368
115,135,155,405.84234261684287,139.84234261684287,43.78719679765959,-1867.2728030212352
116,136,156,421.9506367522845,183.95063675228448,89.7186475189576,-1672.2481145909182
117,137,157,461.5811416317672,205.5811416317672,117.0649333238714,-1730.8629073620723
118,138,158,471.1568932260818,213.15689322608182,124.98120982593582,-1804.8280548271155
119,139,159,421.9240666909093,189.92406669090929,108.38333480608367,-1631.92656944061
120,140,160,459.2570618252719,183.25706182527188,89.51253311734285,-1908.6998848396106
121,141,161,412.6425137446038,160.64251374460378,98.99681126988503,-1624.6697856501723
122,142,162,418.2573259052192,152.2573259052192,67.84236262209924,-1999.8458375103237
123,143,163,383.000399836734,168.000399836734,99.42884895075713,-1607.1793721740796
124,144,164,346.54421007704013,149.54421007704013,94.61616802302046,-1485.8368028663858
125,145,165,306.1106913436961,102.11069134369609,47.586046438317,-1176.8993680577582
126,146,166,274.636113781482,83.63611378148198,30.869063829264405,-1151.772363842916
127,147,167,264.28324814554367,84.28324814554367,32.097291275921634,-1041.1602295684315
128,148,168,225.26404691690527,47.26404691690527,14.412158507382173,-882.2980301836942
129,149,169,199.00657859613557,42.00657859613557,5.430425955744113,-946.177663511176
130,150,170,176.6258133777951,14.625813377795112,8.562116359286392,-724.7817867136991
131,151,171,160.9483547367147,7.948354736714691,-3.9045834430658033,-785.5338672574808
132,152,172,148.1923523400817,-39.8076476599183,-52.287057743218156,-996.6279394218827
133,153,173,125.29542017043946,-18.704579829560544,-38.99034398841445,-912.805184304992
134,154,174,112.19384513544423,-48.806154864555765,-60.64470405569227,-1012.8757236251508
135,155,175,93.16322599757359,-37.83677400242641,-43.937107964602546,-985.5109570498107
136,156,176,90.41925063913777,-38.58074936086223,-36.7525496874473,-753.1479303099704
137,157,177,131.36389623652826,-18.636103763471738,-20.97401571907858,-909.5931159209158
138,158,178,174.04370478677492,11.043704786774924,-8.418678858944304,-1015.1957541560664
139,159,179,144.15290047724602,-2.847099522753979,-15.31973738014267,-931.7058041303753
140,160,180,186.20910226160186,13.376671736750495,-7.87318767770239,-1205.3382486918172
141,161,181,185.01818473065168,52.01818473065168,50.01239224683695,-916.3869772147218
142,162,182,148.62804282995307,2.628042829953074,-8.377464889099656,-1096.2316976261955
143,163,183,162.17852693562122,10.178526935621221,7.171929321501693,-993.3328208541443
144,164,184,155.08764072447548,7.087640724475477,5.7769998899218535,-1141.1156200139576
145,165,185,123.89571880264407,-15.104281197355931,-18.832234472217806,-778.8864782977012
146,166,186,97.04087519546829,-32.95912480453171,-31.832740432346327,-1150.6019977953974
147,167,187,156.26638014731634,5.26638014731634,-10.9938961584146,-1179.7523107546663
148,168,188,155.4357728681075,18.435772868107506,27.054668935269547,-962.0508283767122
149,169,189,162.11908486702987,27.11908486702987,25.756138555330608,-1038.5642593412913
150,170,190,181.11818461658277,62.11818461658277,84.13017598398892,-958.6670912555596
151,171,191,167.95332757328356,18.95332757328356,28.232511922008825,-986.6125592217604
152,172,192,152.70718235226718,0.7071823522671821,-3.6025922273197466,-959.356781126326
153,173,193,139.27627506474846,-23.72372493525154,-42.37859080390899,-1078.3408225998091
154,174,194,149.73560688522502,-22.264393114774975,-28.701815257398266,-1116.9378647612912
155,175,195,171.0058180044257,13.005818004425691,-5.150607289609297,-1107.7597283010555
156,176,196,145.82922718931627,-18.17077281068373,-24.9031797985283,-840.1816909218242
157,177,197,141.15614963521512,-21.843850364784885,-20.128706585707278,-845.5368577022746
158,178,198,166.53261010966526,-29.467389890334744,-57.86271303646117,-1017.6265541953335
159,179,199,130.9604692917037,-22.039530708296297,-35.76649743494704,-847.8194923622445
160,180,200,170.0044043461262,39.171973821274605,33.98046188753597,-651.5058316839509
161,181,201,187.80937217133896,57.809372171338964,52.09857424365555,-742.7512452130632
162,182,202,149.42018621526927,26.42018621526927,19.24098065592807,-722.3841049827588
163,183,203,123.49065591386011,0.49065591386010965,4.297557280114233,-785.3533729877913
164,184,204,148.30415254734635,-15.695847452653652,-25.3189200659192,-1099.4539834990755
165,185,205,135.1652597428299,-42.8347402571701,-53.02480702033222,-1065.6824013224455
166,186,206,120.29588674026445,-8.70411325973555,-6.523933618476576,-1100.4740112237187
167,187,207,117.63926212648539,-7.3607378735146085,-7.857729794013494,-1005.2123087212299
168,188,208,88.39976737974666,-44.60023262025334,-48.64671821539491,-954.1116468839605
169,189,209,148.06830220467327,16.068302204673273,22.622647739487547,-843.8641156281237
