Left,Mid,Right,Loss,Loss_left,Loss_right,gain,glasso
0,20,40,9279.70725780897,8093.636133086908,8169.603210093218,-6983.532085371155,15.55920002933135
1,21,41,9271.821765876119,8064.2425173290485,8181.449042289251,-6973.86979374218,10.583526180192166
2,22,42,9276.028688233539,8079.979437063168,8154.5125187855665,-6958.463267615196,15.231466685994292
3,23,43,9265.561003401544,8088.868492064358,8119.299037482484,-6942.606526145297,12.708109210324437
4,24,44,9259.379931339805,8091.90782922248,8117.483630295648,-6950.011528178324,11.032423662360088
5,25,45,9252.085473010982,8085.858303315457,8107.226984083638,-6940.999814388113,13.369386600041707
6,26,46,9248.040326108085,8079.264836226157,8095.361584535015,-6926.586094653087,9.400230166619167
7,27,47,9251.484814462494,8072.216740991209,8097.761454158012,-6918.493380686728,11.298796935019709
8,28,48,9260.574289960212,8075.815969312298,8111.187112626347,-6926.428791978433,15.065605213497747
9,29,49,9264.615136510478,8081.58185095565,8113.6787703125465,-6930.645484757719,11.780869706728026
10,30,50,9262.947338626605,8110.76561973745,8100.236498399645,-6948.0547795104885,12.753096779778843
11,31,51,9254.222700803937,8126.448999748431,8086.180289396367,-6958.40658834086,13.7370305930217
12,32,52,9231.644419978991,8125.973208000016,8067.172448432973,-6961.501236453998,13.104709531083245
13,33,53,9237.761493073158,8130.39615414141,8064.672815619231,-6957.307476687483,19.602004027029125
14,34,54,9233.811171473551,8135.701129030888,8058.196756174212,-6960.086713731549,16.08428675569803
15,35,55,9243.072197576377,8165.356239321403,8025.329439943546,-6947.6134816885715,18.945729063372255
16,36,56,9221.349019814992,8166.616185577922,7985.84846888009,-6931.11563464302,13.847815268492468
17,37,57,9259.850652524232,8169.313928747326,8034.411515521681,-6943.8747917447745,21.06769943124891
18,38,58,9259.61265921355,8158.629059093614,8049.400507009628,-6948.416906889694,15.443012740664926
19,39,59,9279.22916351986,8161.219211247432,8075.083592936786,-6957.073640664359,28.355326216805224
20,40,60,9284.966166127093,8169.603210093218,8084.131814213863,-6968.7688581799885,23.634256781541808
21,41,61,9297.234811642795,8181.449042289251,8077.66134676829,-6961.875577414747,20.506393675303116
22,42,62,9282.819532054024,8154.5125187855665,8078.949648567915,-6950.642635299459,8.855507163128095
23,43,63,9267.266228889612,8119.299037482484,8100.798352568848,-6952.831161161719,-3.135147629523999
24,44,64,9293.99957397133,8117.483630295648,8137.487673882531,-6960.971730206849,-0.0688012029586389
25,45,65,9281.399713939401,8107.226984083638,8128.939282344385,-6954.7665524886215,-8.044793123995078
26,46,66,9288.258630106682,8095.361584535015,8126.931632775898,-6934.034587204231,-20.57714725728465
27,47,67,9307.776328367572,8097.761454158012,8147.180317462268,-6937.165443252708,-21.49533925943615
28,48,68,9315.949437925148,8111.187112626347,8145.713462547018,-6940.951137248216,-10.579337541559653
29,49,69,9362.734730988614,8113.6787703125465,8189.908051589668,-6940.8520909136005,-1.7230309261321963
30,50,70,9369.620038760668,8100.236498399645,8191.056836408436,-6921.673296047413,4.116822120171946
31,51,71,9390.63200784631,8086.180289396367,8208.348265902867,-6903.896547452923,7.637337471053797
32,52,72,9372.055751589463,8067.172448432973,8213.274269813897,-6908.390966657407,8.549398067073525
33,53,73,9375.402773895683,8064.672815619231,8218.100085708445,-6907.370127431994,11.409485973636492
34,54,74,9381.426865196463,8058.196756174212,8226.006635709167,-6902.776526686917,13.496703701213846
35,55,75,9381.642731340497,8025.329439943546,8215.06062106953,-6858.74732967258,27.61411149997366
36,56,76,9361.663715091483,7985.84846888009,8221.539656487195,-6845.724410275801,18.244982818089284
37,57,77,9384.697542479227,8034.411515521681,8198.854583455462,-6848.568556497916,25.22302484135662
38,58,78,9399.59530281563,8049.400507009628,8190.015254486724,-6839.820458680722,25.506618862875257
39,59,79,9386.173669658589,8075.083592936786,8155.872209035688,-6844.782132313885,34.25040391532366
40,60,80,9389.903115212936,8084.131814213863,8146.119054140792,-6840.347753141719,32.38002438233252
41,61,81,9368.98709737536,8077.66134676829,8137.800332755409,-6846.4745821483375,27.39272114350115
42,62,82,9357.524361372607,8078.949648567915,8138.231966781248,-6859.657253976557,21.06817175619699
43,63,83,9408.615621265075,8100.798352568848,8159.5724628364605,-6851.755194140234,30.787886520786742
44,64,84,9417.277714065398,8137.487673882531,8144.851293336943,-6865.061253154077,32.788991204768536
45,65,85,9393.535268311534,8128.939282344385,8140.007166961114,-6875.411180993964,31.73203044999582
46,66,86,9395.867393983013,8126.931632775898,8137.890929798615,-6868.955168591499,38.15439249394967
47,67,87,9388.946830445078,8147.180317462268,8146.566258996941,-6904.7997460141305,34.00057743043362
48,68,88,9367.203708456416,8145.713462547018,8142.838817501646,-6921.348571592249,29.316697289689728
49,69,89,9373.485024685884,8189.908051589668,8121.170752665666,-6937.59377956945,14.532536444947254
50,70,90,9381.443080178271,8191.056836408436,8127.80216233658,-6937.415918566745,11.737913614516856
51,71,91,9402.613985293363,8208.348265902867,8144.714042094832,-6950.448322704335,16.818630886071332
52,72,92,9415.15936030245,8213.274269813897,8152.714569176076,-6950.829478687523,20.854969199467632
53,73,93,9399.440112333596,8218.100085708445,8149.127771829275,-6967.787745204125,18.046440516300663
54,74,94,9427.219278948865,8226.006635709167,8160.375941605875,-6959.163298366177,23.212482475099478
55,75,95,9433.826452490837,8215.06062106953,8172.86593787009,-6954.100106448783,27.549930879537442
56,76,96,9437.464059215614,8221.539656487195,8177.163011982866,-6961.2386092544475,23.530029784551516
57,77,97,9402.900868454639,8198.854583455462,8177.683322227852,-6973.6370372286765,27.0206823631529
58,78,98,9390.407878699321,8190.015254486724,8177.599561125549,-6977.206936912951,28.918692877899048
59,79,99,9356.298661705663,8155.872209035688,8181.632359760174,-6981.2059070902,32.50026600266892
60,80,100,9341.655253157061,8146.119054140792,8166.0399019353645,-6970.503702919095,39.343641007762926
61,81,101,9338.914834623949,8137.800332755409,8171.745665147428,-6970.6311632788875,38.24921060276938
62,82,102,9358.780454674441,8138.231966781248,8189.91723763916,-6969.368749745967,44.786183939035254
63,83,103,9351.310858132649,8159.5724628364605,8192.192834994867,-7000.4544396986785,34.716338601085226
64,84,104,9338.436333847556,8144.851293336943,8189.154402361701,-6995.569361851089,33.35588535114448
65,85,105,9339.784516149908,8140.007166961114,8191.159825461506,-6991.382476272713,32.12235106228445
66,86,106,9325.974184753168,8137.890929798615,8178.412382630521,-6990.329127675968,27.412490078263545
67,87,107,9327.424793705452,8146.566258996941,8177.667607493366,-6996.809072784856,26.100885016005122
68,88,108,9335.716107060318,8142.838817501646,8181.325284384125,-6988.447994825452,28.689183516656612
69,89,109,9327.062852811627,8121.170752665666,8183.164104309753,-6977.272004163793,33.595878939538125
70,90,110,9329.786140154807,8127.80216233658,8187.322047078538,-6985.338069260311,31.017565663208188
71,91,111,9322.008378129705,8144.714042094832,8183.314673037166,-7006.020337002292,22.34641104688899
72,92,112,9323.761090698084,8152.714569176076,8168.781390424632,-6997.734868902624,23.451085065749794
73,93,113,9315.468731780527,8149.127771829275,8171.250684563019,-7004.909724611765,23.71726365663835
74,94,114,9318.048491738751,8160.375941605875,8175.022045586116,-7017.34949545324,21.660075394649994
75,95,115,9312.05715204982,8172.86593787009,8159.015711033515,-7019.824496853786,23.849075474010533
76,96,116,9318.54507212714,8177.163011982866,8161.02073556664,-7019.638675422364,20.572186760255136
77,97,117,9313.918436811022,8177.683322227852,8150.676562525291,-7014.441447942121,20.628528876771725
78,98,118,9311.344054846199,8177.599561125549,8138.489186568899,-7004.7446928482495,26.909238059500694
79,99,119,9317.520763409517,8181.632359760174,8146.252940413519,-7010.364536764177,23.236849275989243
80,100,120,9333.00507466298,8166.0399019353645,8176.761455794671,-7009.796283067055,26.48586434575327
81,101,121,9340.758904273927,8171.745665147428,8180.6378197520335,-7011.624580625534,27.49269280468343
82,102,122,9341.841000003924,8189.91723763916,8159.0952207606115,-7007.171458395847,33.060230230832985
83,103,123,9331.267775984466,8192.192834994867,8162.008754477829,-7022.933813488229,23.410595426354575
84,104,124,9328.227126493775,8189.154402361701,8167.719810830312,-7028.647086698236,19.967191353837734
85,105,125,9332.233372314582,8191.159825461506,8167.038215941447,-7025.964669088371,20.807576628753395
86,106,126,9323.645964120135,8178.412382630521,8174.617938674624,-7029.38435718501,18.157338729824914
87,107,127,9320.82148758917,8177.667607493366,8176.0768043095,-7032.922924213695,21.051510350817352
88,108,128,9326.76572054624,8181.325284384125,8178.858275895462,-7033.417839733347,18.03126073618023
89,109,129,9326.328434071787,8183.164104309753,8173.304732349461,-7030.140402587427,16.013007085029585
90,110,130,9324.280038215878,8187.322047078538,8160.907853914843,-7023.949862777503,19.232908117115585
91,111,131,9318.510273910988,8183.314673037166,8154.620950485431,-7019.425349611609,16.327830706017266
92,112,132,9302.59015855598,8168.781390424632,8144.358196266257,-7010.549428134909,18.92574955812688
93,113,133,9300.203872362645,8171.250684563019,8148.053403833552,-7019.100216033925,18.820784282769182
94,114,134,9291.193232413472,8175.022045586116,8119.870869693525,-7003.699682866169,18.811103527752493
95,115,135,9274.776034964565,8159.015711033515,8117.354903257867,-7001.5945793268165,14.257185601074525
96,116,136,9268.400268095686,8161.02073556664,8107.68605377282,-7000.306521243774,12.481768706734783
97,117,137,9262.67554602235,8150.676562525291,8116.670641535577,-7004.671658038518,15.178136108280341
98,118,138,9263.362284257493,8138.489186568899,8113.5251808322555,-6988.652083143661,3.9528626978653847
99,119,139,9260.085092121095,8146.252940413519,8075.03630585686,-6961.204154149284,2.1088435882456906
100,120,140,9274.828844373595,8176.761455794671,8076.945825992301,-6978.8784374133775,29.70690743926707
101,121,141,9304.841117053926,8180.6378197520335,8069.206025779704,-6945.002728477812,39.33079698199572
102,122,142,9289.559876775815,8159.0952207606115,8086.692226234731,-6956.2275702195275,33.60005017118783
103,123,143,9314.286391100504,8162.008754477829,8094.7283027876565,-6942.450666164981,32.324928918391834
104,124,144,9347.38823415097,8167.719810830312,8122.187474220147,-6942.519050899489,36.74547010577271
105,125,145,9363.381507449314,8167.038215941447,8131.847200813424,-6935.503909305557,36.988027325614894
106,126,146,9382.51379666208,8174.617938674624,8127.737351694123,-6919.841493706668,43.1030999509544
107,127,147,9392.035112774345,8176.0768043095,8144.104184859444,-6928.145876394599,39.47259621870353
108,128,148,9394.280238912517,8178.858275895462,8146.2220449187125,-6930.800081901656,36.1237778146733
109,129,149,9410.426851448534,8173.304732349461,8174.85293318553,-6937.730814086457,32.71797344169772
110,130,150,9427.637028638332,8160.907853914843,8181.279000609979,-6914.54982588649,35.23028545452189
111,131,151,9426.189918412096,8154.620950485431,8152.843415686974,-6881.27444776031,44.45128075177172
112,132,152,9441.129642791664,8144.358196266257,8159.142939404398,-6862.371492878992,46.5775546260852
113,133,153,9460.153535605776,8148.053403833552,8154.44980547105,-6842.349673698827,54.25371869075525
114,134,154,9446.366149808979,8119.870869693525,8153.9998764983375,-6827.504596382883,53.9764838350884
115,135,155,9448.028305658616,8117.354903257867,8166.218435697578,-6835.5450332968285,55.795230024164084
116,136,156,9433.371039770167,8107.68605377282,8162.608423285363,-6836.923437288015,46.69898186237651
117,137,157,9429.422655142671,8116.670641535577,8170.323860881201,-6857.571847274106,40.08320463801692
118,138,158,9421.802064824915,8113.5251808322555,8154.681624051623,-6846.4047400589625,58.75817534415228
119,139,159,9416.335019876522,8075.03630585686,8174.958804578504,-6833.660090558842,62.79132517650169
120,140,160,9426.760097805682,8076.945825992301,8162.78181526936,-6812.9675434559795,55.95240582070619
121,141,161,9470.700760613156,8069.206025779704,8193.074215359782,-6791.57948052633,77.27855893536662
122,142,162,9468.732718762967,8086.692226234731,8190.3503884606325,-6808.309895932396,73.70216560742165
123,143,163,9470.893997712326,8094.7283027876565,8200.937100356534,-6824.771405431864,71.72919121849509
124,144,164,9492.076363230944,8122.187474220147,8212.693250828017,-6842.80436181722,74.19549099509459
125,145,165,9473.945676745923,8131.847200813424,8204.34075292169,-6862.242276989189,66.73833340954843
126,146,166,9465.926797911008,8127.737351694123,8193.714063262096,-6855.524617045212,63.01001285750408
127,147,167,9459.116297380238,8144.104184859444,8192.874313290877,-6877.862200770083,56.090768920956634
128,148,168,9444.081550443352,8146.2220449187125,8191.02853505469,-6893.1690295300505,55.93702878271006
129,149,169,9432.05039322577,8174.85293318553,8177.091959154311,-6919.894499114071,47.741952945269986
130,150,170,9416.035852437202,8181.279000609979,8160.972619223417,-6926.215767396194,39.86107308064629
131,151,171,9383.328911205143,8152.843415686974,8169.563359802405,-6939.077864284238,37.52122779415549
132,152,172,9385.189055552657,8159.142939404398,8164.042644438599,-6937.996528290341,36.83655885772123
133,153,173,9371.074188033106,8154.44980547105,8170.154289111852,-6953.529906549797,30.240869861179362
134,154,174,9377.656169394231,8153.9998764983375,8174.278618691,-6950.622325795106,38.189515842431774
135,155,175,9380.557312655017,8166.218435697578,8173.955642866992,-6959.616765909554,34.034034115577924
136,156,176,9378.598498706462,8162.608423285363,8189.160115453355,-6973.170040032255,34.24976132852953
137,157,177,9351.31164481882,8170.323860881201,8182.096661177909,-7001.108877240291,21.465575723008897
138,158,178,9328.40408340855,8154.681624051623,8175.787126198053,-7002.064666841125,13.245106565963397
139,159,179,9321.882468596994,8174.958804578504,8163.55203191211,-7016.62836789362,12.717036061168528
140,160,180,9304.562240539872,8162.78181526936,8152.783745773383,-7011.00332050287,23.378224305388358
141,161,181,9312.90845957566,8193.074215359782,8122.711404233904,-7002.877160018028,24.23649798323413
142,162,182,9316.327332741399,8190.3503884606325,8127.875203426398,-7001.8982591456315,31.008653096468606
143,163,183,9319.61526751551,8200.937100356534,8129.110929488637,-7010.432762329661,31.126958421232302
144,164,184,9324.242031469566,8212.693250828017,8101.567171990235,-6990.018391348685,36.18081051000809
145,165,185,9313.88444055926,8204.34075292169,8103.0403806619925,-6993.496693024421,36.02236960379878
146,166,186,9319.071118847327,8193.714063262096,8116.963610838367,-6991.6065552531345,34.718712330743074
147,167,187,9321.261376685703,8192.874313290877,8129.539100663093,-7001.152037268268,34.49438452908316
148,168,188,9322.372043626094,8191.02853505469,8126.446868183737,-6995.1033596123325,33.056249691767334
149,169,189,9312.313243275548,8177.091959154311,8121.241637086756,-6986.020352965519,36.339185649751926
150,170,190,9304.603593344442,8160.972619223417,8117.287671430841,-6973.656697309816,36.20272886416751
151,171,191,9314.995816246652,8169.563359802405,8118.38661652172,-6972.954160077474,42.13920847690042
152,172,192,9303.426850123946,8164.042644438599,8112.499023595808,-6973.11481791046,39.525531026888984
153,173,193,9306.555878944242,8170.154289111852,8132.679736760916,-6996.278146928527,27.31185061757742
154,174,194,9308.217400270101,8174.278618691,8122.668544504515,-6988.7297629254135,38.543450788236896
155,175,195,9313.614636793603,8173.955642866992,8138.065388908215,-6998.406394981603,31.86384121405672
156,176,196,9335.934745183678,8189.160115453355,8142.556054743885,-6995.781425013562,23.45893969993358
157,177,197,9334.422429849648,8182.096661177909,8145.021277800342,-6992.695509128604,9.059815754944793
158,178,198,9334.881801824165,8175.787126198053,8146.534454441393,-6987.43977881528,1.3785329477996129
159,179,199,9327.800236838992,8163.55203191211,8157.644038681749,-6993.3958337548665,29.696455683420027
160,180,200,9303.879996962885,8152.783745773383,8128.815953260242,-6977.719702070739,28.246660055836855
161,181,201,9284.699178383102,8122.711404233904,8131.420470308365,-6969.432696159167,31.651708265580965
162,182,202,9292.950804492668,8127.875203426398,8113.884542858463,-6948.808941792193,40.09667596009422
163,183,203,9307.2478334076,8129.110929488637,8130.912290184859,-6952.775386265896,47.00132959725943
164,184,204,9285.566017663185,8101.567171990235,8137.054979950119,-6953.056134277169,44.08296738507079
165,185,205,9291.444658525403,8103.0403806619925,8129.369594852538,-6940.965316989128,47.792025238333736
166,186,206,9293.235797012097,8116.963610838367,8131.866279336824,-6955.594093163094,43.03505348581166
167,187,207,9315.24180079572,8129.539100663093,8157.216557450365,-6971.513857317739,43.782678719753676
168,188,208,9311.821485986991,8126.446868183737,8159.99366565128,-6974.619047848026,39.87989237652255
169,189,209,9310.079939875332,8121.241637086756,8149.831782709203,-6960.993479920628,40.772370805943865
