Left,Mid,Right,Loss_likeli,Loss_AIC,Loss_BIC,Loss_eBIC
0,20,40,105.67791791839613,-43.32208208160387,-61.012641245740724,-879.5303926868169
1,21,41,113.70220889334632,-35.297791106653676,-55.06779181247066,-906.7097626236778
2,22,42,82.66230309974935,-87.33769690025065,-113.75057698530463,-956.4761056270186
3,23,43,62.715655644622984,-81.28434435537702,-91.96087444266868,-709.2790699320572
4,24,44,94.66772573946446,-81.33227426053554,-102.71529683428548,-1034.1974513018513
5,25,45,68.02601179543308,-80.97398820456692,-83.17191125970226,-759.7812380539608
6,26,46,81.47994875040604,-31.520051249593962,-33.713444621718736,-594.3064544696995
7,27,47,118.34178336403738,-63.65821663596262,-93.79634167282961,-918.0367041342306
8,28,48,81.72635149138705,-124.27364850861295,-162.37138489259905,-1198.5585167797303
9,29,49,80.90364398415863,-126.09635601584137,-163.99881135604437,-1164.5692043530012
10,30,50,91.59436431459835,-111.40563568540165,-137.23577264500182,-1134.6901490792889
11,31,51,106.31081149909824,-114.68918850090176,-156.7891810337428,-1286.2076588136233
12,32,52,106.85052348320528,-118.14947651679472,-162.24093359674407,-1467.9879315243898
13,33,53,113.1018278342899,-107.8981721657101,-152.77075342079138,-1355.1117464152262
14,34,54,117.2479741100451,-108.7520258899549,-155.767364238641,-1440.6773471970664
15,35,55,147.22495253886495,-29.775047461135046,-61.88257659754072,-1081.3775324437333
16,36,56,184.78603150816207,19.78603150816207,-7.949827386086781,-1127.3776956530737
17,37,57,209.6976773391293,20.697677339129314,-19.680116018327,-1369.130023988675
18,38,58,185.17306711532456,12.173067115324557,-14.713503181458691,-1208.723255464221
19,39,59,166.1169505621824,28.11695056218241,5.313536544130557,-656.3783216776901
20,40,60,148.75436650890924,55.75436650890924,53.196087517877004,-411.09018361012886
21,41,61,184.95763248723847,76.95763248723847,67.32453017590569,-530.1463721519094
22,42,62,185.15986198386258,70.15986198386258,48.6023360533452,-637.0820549375235
23,43,63,171.33600088459707,63.33600088459707,61.164279781943605,-474.3987938093974
24,44,64,185.98072159157095,95.98072159157095,94.46385006853393,-446.35754550467936
25,45,65,270.8800682932324,162.59107899293008,154.6142959714564,-546.6373886268502
26,46,66,290.20799372743477,181.20799372743477,164.76493935979738,-563.9015222599696
27,47,67,269.4995191860994,132.4995191860994,93.4040400311685,-852.3482552629716
28,48,68,302.9247423292313,66.92474232923132,-2.0809216695095074,-1307.32665004309
29,49,69,333.9081163101714,97.90811631017141,25.316852885824346,-1365.1389093716498
30,50,70,354.88222740997435,108.88222740997435,34.19332578711965,-1414.4716759314033
31,51,71,379.56414991230236,92.56414991230236,-2.790836779112851,-1603.9718493063538
32,52,72,387.75383412172005,96.97144709550139,-5.031119282474492,-1619.393991661082
33,53,73,400.80501236187547,95.80501236187547,-15.49836740856722,-1686.974765059122
34,54,74,431.7400883535877,103.74008835358768,-33.91355882854873,-1897.9892084167386
35,55,75,405.71376000393616,102.71376000393616,-19.72538099707458,-1694.2283866058783
36,56,76,448.01668417040014,132.01668417040014,-2.7817316829323318,-1956.5434839934464
37,57,77,518.07687214457,167.07687214456996,12.080552781802908,-2317.8421226295022
38,58,78,486.08316237432746,177.08316237432746,40.20481946171617,-1732.685391870654
39,59,79,527.0110726439493,210.01107264394932,74.5226160037771,-2000.8245895383725
40,60,80,513.1833494408825,230.18334944088247,108.07720596206286,-1873.9607687274383
41,61,81,524.7142024800414,223.71420248004142,97.54509394423008,-1974.263845848377
42,62,82,520.0267690763053,228.0267690763053,99.63196306114128,-2085.758139543898
43,63,83,505.5617714352916,208.56177143529158,92.51941411650705,-1937.8529914996843
44,64,84,517.4057859951542,222.40578599515425,102.53739768967466,-1952.9600440598515
45,65,85,507.13362869682373,244.8446393965212,144.94723333907177,-1568.175757139136
46,66,86,446.14376825064164,213.14376825064164,121.10236931145823,-1348.529991667087
47,67,87,320.412647553866,148.412647553866,80.45492513250156,-906.8946163442797
48,68,88,407.93417172237287,220.93417172237287,157.2624009603062,-948.1785034330226
49,69,89,360.89750292236295,201.89750292236295,152.73926764780572,-789.3435791151967
50,70,90,276.2130504573961,158.2130504573961,137.89352740443724,-584.1189771022755
51,71,91,285.67119057518767,159.67119057518767,142.04663677290887,-704.9355493409566
52,72,92,250.09199583688542,127.30960881066676,116.48381928619006,-607.7785108891094
53,73,93,274.41966701053707,114.41966701053707,83.79786027310274,-827.5098509420113
54,74,94,264.6347149341136,106.63471493411362,61.67031957682639,-967.4292435828861
55,75,95,271.5484777266838,103.54847772668381,53.650013597000225,-1034.9527630443563
56,76,96,282.0752953176502,97.07529531765022,38.241124680783514,-1262.1787110426762
57,77,97,251.41282809422432,69.41282809422432,15.191418180208302,-1202.4639097744212
58,78,98,207.72431505801342,42.72431505801342,2.5118069136860868,-1104.0839585821072
59,79,99,244.60297392404368,56.60297392404368,9.445001307484972,-1472.9189108336104
60,80,100,208.90178469679063,35.90178469679063,-0.7856515222074449,-1474.5008063076598
61,81,101,270.57722023594556,78.57722023594556,38.62950681319876,-1593.172733053966
62,82,102,244.74548967923033,53.74548967923033,5.662223321009378,-1565.540206745768
63,83,103,231.7615076356592,33.7615076356592,-17.681979168109592,-1500.8552568175528
64,84,104,224.2307704680352,24.23077046803519,-26.129007067607972,-1651.4234563806913
65,85,105,233.40296403819366,43.40296403819366,1.141010182840546,-1469.0997180758804
66,86,106,250.82402750691608,49.82402750691608,1.392398966456085,-1388.0673491760617
67,87,107,187.48703964102083,39.48703964102083,8.771156414716415,-839.5349266988696
68,88,108,193.92141476056213,86.92141476056213,61.37562534782137,-594.9226978098202
69,89,109,218.2654881272333,110.26548812723331,86.10177663923832,-490.6511589110862
70,90,110,150.0039676178751,80.0039676178751,73.12014066560573,-376.180053589786
71,91,111,136.20641023197027,80.20641023197027,79.35864661429628,-259.45103815957987
72,92,112,96.115657671397,38.115657671397,41.03483893289331,-160.34162613061267
73,93,113,99.84118068748967,36.84118068748967,39.95961654188068,-186.30096685803483
74,94,114,98.81075054829898,40.810750548298984,37.31520270199189,-201.29962276810443
75,95,115,127.8233767437182,44.8233767437182,29.493506662225172,-349.5189178730741
76,96,116,152.00749401673988,69.00749401673988,53.677623935247084,-461.3157283847165
77,97,117,137.26780013295092,64.26780013295092,56.607619110148335,-278.401492708497
78,98,118,112.3958032282103,51.3958032282103,42.860105072451915,-121.39785761050871
79,99,119,125.26222858556093,68.26222858556093,57.905685483830666,-214.56160676917443
80,100,120,122.36410637668973,35.36410637668973,18.272727371754854,-379.38988664157705
81,101,121,170.79306323705623,49.79306323705623,26.525210792404323,-671.2326405497133
82,102,122,193.218553664786,42.218553664785986,3.6527250692454345,-994.0927997661274
83,103,123,181.23934103153488,20.239341031534877,-23.180306419884573,-1087.87238000947
84,104,124,169.08735345913874,21.08735345913874,-20.018917297539247,-943.1008053402211
85,105,125,124.58750380581296,18.587503805812958,3.2436410576883645,-712.6718057735561
86,106,126,142.66691109043018,8.666911090430176,-18.494590366627335,-677.8276175501042
87,107,127,152.1876480244582,13.187648024458213,-3.1775642158445407,-722.275670715494
88,108,128,146.98079196433264,18.98079196433264,0.5154774955085486,-644.0412316116094
89,109,129,134.80323942280552,10.803239422805518,-10.534968622841461,-601.3500983092249
90,110,130,149.74912167087678,44.749121670876775,30.144040459251755,-695.5927424498509
91,111,131,173.57704483389398,36.57704483389398,5.106184665122555,-872.4807997790913
92,112,132,152.84670008944795,23.84670008944795,-1.5617894434274149,-918.4093913163338
93,113,133,124.16472785205951,-15.835272147940486,-34.59021352556397,-974.8123350858345
94,114,134,131.46255309557182,-18.53744690442818,-39.15188733730156,-1125.574675292335
95,115,135,95.69849779716856,-55.30150220283144,-77.3191955946063,-815.1174564129706
96,116,136,135.97430416145198,-52.02569583854802,-90.51932869810753,-1170.9170620029167
97,117,137,141.1330714389885,-40.86692856101149,-66.50347372849342,-1124.0289959392344
98,118,138,110.15326648554469,-35.84673351445531,-54.12313580994078,-966.8622116584925
99,119,139,80.63821949695875,-56.361780503041246,-73.27654988005361,-910.7024320715705
100,120,140,130.03568909706064,-17.96431090293936,-38.622739833098876,-957.6417387224519
101,121,141,155.84129236496346,-15.158707635036535,-48.60801293014015,-1090.2454425006886
102,122,142,197.07550663422717,-6.9244933657728325,-54.64779208000414,-1203.1582247315546
103,123,143,197.38166003475726,20.38166003475726,-28.577830473133872,-1136.7102352925535
104,124,144,172.85183341903394,6.851833419033937,-31.619947336716905,-981.8782752032198
105,125,145,210.8034944891383,84.8034944891383,51.40371568656769,-703.7323790260475
106,126,146,193.36923824528708,73.36923824528708,37.23547755022878,-538.5790010195201
107,127,147,205.73287056203117,82.73287056203117,54.23906845194733,-464.71598061517125
108,128,148,230.4900289582015,102.49002895820149,83.37955792445837,-531.9013899850461
109,129,149,239.00905274761817,119.00905274761817,81.69197257748101,-529.1378531481314
110,130,150,246.31307672460525,137.31307672460525,98.69965157216325,-653.0604197649577
111,131,151,317.0627010359742,169.02002348517453,112.29327972325109,-858.3798950419916
112,132,152,344.36056117218914,183.36056117218914,118.08019609871371,-1000.3152810162251
113,133,153,432.1159223314453,229.1159223314453,138.7928778643943,-1257.5117438311072
114,134,154,479.43349556512,251.99102937539942,153.7021267199168,-1409.216368147786
115,135,155,411.1037604062574,210.10376040625738,125.10901235539609,-975.734732356839
116,136,156,464.45431433062345,228.45431433062345,119.96881939853165,-1388.3456755493924
117,137,157,469.0057863223974,221.0057863223974,123.02474903477696,-1425.6812175431799
118,138,158,482.45404367315314,242.45404367315314,140.257602315216,-1500.9779760881743
119,139,159,491.61202803113565,225.61202803113565,106.00285848881367,-1600.2209298924959
120,140,160,477.1478879303436,246.1478879303436,141.88459163353673,-1256.0625659568
121,141,161,481.2127651520311,228.21276515203112,122.87586867902132,-1318.5762812924547
122,142,162,388.9323021362311,177.9323021362311,89.41359063914115,-1013.6633184471561
123,143,163,317.06218780624977,114.06218780624977,22.00627538779895,-1259.8933899165984
124,144,164,305.496883113198,105.49688311319801,22.02519289435122,-1221.6511828595733
125,145,165,218.54379362067425,53.54379362067425,-5.511089141238699,-1069.7525835696288
126,146,166,249.9928544895879,80.9928544895879,18.68761356191385,-1285.628174522416
127,147,167,238.81071989381485,74.81071989381485,14.994809650025672,-1227.0316466168742
128,148,168,228.86314510567422,66.86314510567422,19.874459820598986,-1093.9053380212554
129,149,169,208.95087874164346,72.95087874164346,30.739522363493734,-912.9369405183943
130,150,170,184.7825432871714,59.78254328717139,30.531939460295916,-1088.1905478630943
131,151,171,187.08605431781348,73.0433767670138,51.959055530626756,-1008.7149182084086
132,152,172,226.396970805122,96.39697080512201,68.03801856909195,-1024.7200957770524
133,153,173,215.85520016329474,90.85520016329474,65.0121600455675,-991.8060010383442
134,154,174,221.3272355056954,96.88476931597484,80.02798110288018,-1043.7163970158622
135,155,175,191.261926956073,64.26192695607301,48.20628297403118,-1031.8034456477449
136,156,176,169.7273535635054,54.7273535635054,40.79444661914749,-1039.263626880976
137,157,177,139.35612041384593,28.35612041384593,26.912570310787032,-851.3504512781346
138,158,178,99.48786810709453,-29.512131892905472,-33.47030687387951,-907.5848171569178
139,159,179,82.51209431966117,-34.48790568033883,-34.513880516211884,-734.2831516867218
140,160,180,84.36093433043061,-25.63906566956939,-19.753962416043578,-527.832837526717
141,161,181,91.73923414913179,-87.26076585086821,-98.4997765911753,-1089.8620454500483
142,162,182,116.78096477714189,-63.21903522285811,-85.59966332840258,-1105.7929973258092
143,163,183,154.829191722087,-83.17080827791301,-113.28668330944492,-1912.8014276957247
144,164,184,137.03730223221737,-108.96269776778263,-146.1806642060501,-1980.557693121942
145,165,185,136.03672887435437,-105.96327112564563,-147.77467123212455,-1900.400804104418
146,166,186,121.88791019365499,-112.11208980634501,-142.6625154227288,-2117.5314582263445
147,167,187,122.6197137063964,-103.3802862936036,-122.66973741989204,-2156.448347592838
148,168,188,129.89362044044378,-98.10637955955622,-123.93674040387782,-2283.602098579815
149,169,189,153.47350244876338,-87.52649755123662,-121.21541253477926,-2133.181526421025
150,170,190,141.83975596437654,-88.16024403562346,-111.52060125069966,-2146.1083965379867
151,171,191,136.4051163157974,-103.59488368420261,-129.85446072536888,-2128.1716734742713
152,172,192,129.93942966435793,-106.06057033564207,-131.02183001026037,-2073.3436880622494
153,173,193,120.92836311888732,-143.07163688111268,-181.62657479520658,-2325.0333726463514
154,174,194,99.52882635690594,-160.47117364309406,-192.8757639267203,-2367.6623984304524
155,175,195,119.91869354605296,-160.08130645394704,-195.85832125779393,-2635.108810137824
156,176,196,109.98669892520729,-162.0133010747927,-192.0745188330236,-2435.1154232255676
157,177,197,78.44662286304447,-185.55337713695553,-211.63166580097072,-2502.4353503065577
158,178,198,51.659651505319516,-203.34034849468048,-229.44329860134235,-2311.2637477747357
159,179,199,69.19674506833485,-183.80325493166515,-209.25704635505326,-2153.7565698838907
160,180,200,63.57073304913115,-166.42926695086885,-178.35269568670583,-2039.8707781139183
161,181,201,70.92961910520489,-170.0703808947951,-187.39918792016965,-2132.801559488413
162,182,202,80.28112471624763,-155.71887528375237,-172.70894238193137,-2104.0613776013415
163,183,203,78.55480476855337,-180.44519523144663,-207.84646270465646,-2210.9684835468297
164,184,204,71.53429751155772,-188.46570248844228,-215.671688917869,-2262.633456594551
165,185,205,84.8359051433149,-184.1640948566851,-222.7823483227046,-2043.9376504086708
166,186,206,75.36465231132888,-188.63534768867112,-232.38888945696476,-2110.1154540065036
167,187,207,114.35855553199985,-130.64144446800015,-167.01497117921053,-1954.5671076660024
168,188,208,90.40774265451319,-137.59225734548681,-163.7691917800887,-1815.6954454326278
169,189,209,93.87480789605092,-129.12519210394908,-151.4265014935463,-1696.3120636468739
