Left,Mid,Right,Loss,Loss_left,Loss_right,gain,glasso
0,20,40,9307.009619884155,8162.526490716015,8119.172230830542,-6974.689101662401,27.677159408370244
1,21,41,9331.482559927657,8178.888890556336,8163.6720445517585,-7011.078375180437,25.14287116863261
2,22,42,9324.039075192886,8182.464459985743,8162.762451010102,-7021.187835802959,21.896133846849807
3,23,43,9333.01862311532,8170.656258555799,8190.298248131939,-7027.935883572416,22.442451197093305
4,24,44,9338.968092898596,8167.195361663441,8198.95182013388,-7027.179088898725,23.2949707815319
5,25,45,9347.960449584158,8162.244595526011,8206.583567239768,-7020.86771318162,23.33256252602905
6,26,46,9353.003881929355,8186.394689281156,8186.376178763763,-7019.766986115565,22.504171720205704
7,27,47,9343.941815985436,8173.418280690816,8186.79229941898,-7016.268764124361,21.707055442696856
8,28,48,9339.051013471844,8161.533595188752,8190.060592057271,-7012.543173774178,19.581998421691424
9,29,49,9338.972042554542,8150.503424599088,8195.490032738659,-7007.021414783205,24.445083708732
10,30,50,9329.535737785307,8147.3902153751715,8189.784327438443,-7007.638805028308,28.363135111435895
11,31,51,9331.146607721825,8139.249471457956,8197.63036774371,-7005.7332314798405,30.023866966733294
12,32,52,9338.608946948738,8140.277853028312,8197.585271511663,-6999.254177591238,33.68725101576683
13,33,53,9335.872341097485,8141.2793969400445,8190.838527836502,-6996.245583679061,35.009600909928395
14,34,54,9341.37719047505,8156.425554861442,8195.503505542954,-7010.551869929346,28.958621920700807
15,35,55,9349.948115713876,8145.133430560832,8216.797628256076,-7011.98294310303,24.595409806671796
16,36,56,9352.58614842733,8103.198420582539,8227.198368880923,-6977.810641036132,38.77009859084683
17,37,57,9355.737453854712,8119.745436349598,8222.417972556785,-6986.425955051671,34.42895305776028
18,38,58,9357.817256435985,8127.216132602017,8220.342788526015,-6989.7416646920465,37.30106172949854
19,39,59,9351.581604083705,8105.06129608275,8223.270223299713,-6976.749915298758,39.83367975038436
20,40,60,9360.193981152843,8119.172230830542,8213.30678406465,-6972.28503374235,43.170406510743305
21,41,61,9387.937985277571,8163.6720445517585,8218.108660820659,-6993.842720094846,35.650174230209814
22,42,62,9395.890198370733,8162.762451010102,8230.037253310655,-6996.909505950025,34.545310423108276
23,43,63,9409.05591104539,8190.298248131939,8222.071332932022,-7003.313670018571,28.33038658860778
24,44,64,9421.136790913242,8198.95182013388,8218.930652032728,-6996.745681253367,28.10609806569846
25,45,65,9429.743438980071,8206.583567239768,8198.91171000586,-6975.751838265556,28.90309853389681
26,46,66,9408.840624767929,8186.376178763763,8196.246415930822,-6973.7819699266565,25.66318033335847
27,47,67,9418.536544768478,8186.79229941898,8204.776079899619,-6973.031834550122,24.413185623834124
28,48,68,9434.925623683044,8190.060592057271,8212.506060431711,-6967.641028805938,26.035451191572974
29,49,69,9472.4375850623,8195.490032738659,8238.353727180687,-6961.406174857046,29.466908275894184
30,50,70,9483.295491444615,8189.784327438443,8258.482096385751,-6964.970932379578,30.03998236404277
31,51,71,9508.814959595533,8197.63036774371,8263.926130008067,-6952.741538156246,36.96623455507688
32,52,72,9512.273630739464,8197.585271511663,8253.898278915914,-6939.209919688112,43.42456570307513
33,53,73,9527.60699385154,8190.838527836502,8257.153387172422,-6920.384921157387,51.99865238202392
34,54,74,9542.859529440982,8195.503505542954,8264.078113809703,-6916.722089911673,50.12978478375999
35,55,75,9580.302203439816,8216.797628256076,8260.178780097589,-6896.674204913848,61.291142403903905
36,56,76,9598.3918948504,8227.198368880923,8243.37195441169,-6872.178428442214,71.04739831252391
37,57,77,9584.900356009004,8222.417972556785,8245.46464299733,-6882.982259545113,64.52724699029523
38,58,78,9584.933632575106,8220.342788526015,8225.738044281912,-6861.147200232823,75.76423657617215
39,59,79,9582.9152131265,8223.270223299713,8203.151062996398,-6843.50607316961,78.50070703368374
40,60,80,9561.79051508431,8213.30678406465,8185.392431375155,-6836.908700355496,76.8002669495354
41,61,81,9544.552418493786,8218.108660820659,8175.649931149752,-6849.206173476625,65.82031039597132
42,62,82,9549.367280965904,8230.037253310655,8168.012717846941,-6848.682690191694,66.96470029915372
43,63,83,9537.230555786882,8222.071332932022,8170.604566225297,-6855.445343370437,58.03772437210091
44,64,84,9539.976319913756,8218.930652032728,8183.607132565736,-6862.561464684706,58.19615074516878
45,65,85,9506.591377558118,8198.91171000586,8178.303717494167,-6870.624049941909,53.266670287628585
46,66,86,9501.901328777984,8196.246415930822,8175.922954881751,-6870.26804203459,55.88595933974466
47,67,87,9480.026548944868,8204.776079899619,8166.938973624223,-6891.688504578973,49.27498147461438
48,68,88,9508.720618774449,8212.506060431711,8195.242635849947,-6899.02807750721,55.97222319658022
49,69,89,9506.296159636528,8238.353727180687,8180.4364608445885,-6912.494028388748,46.570938546682555
50,70,90,9488.368432786745,8258.482096385751,8158.552191490444,-6928.66585508945,46.04393735442591
51,71,91,9466.874000623277,8263.926130008067,8128.76790517222,-6925.820034557011,44.796373179552575
52,72,92,9456.081895264912,8253.898278915914,8129.951378910226,-6927.767762561229,43.09560167655218
53,73,93,9456.627835325848,8257.153387172422,8123.627086332093,-6924.152638178668,46.901984454414105
54,74,94,9452.571981772824,8264.078113809703,8117.273735479659,-6928.779867516538,36.94182263068433
55,75,95,9401.940969497227,8260.178780097589,8104.982627457146,-6963.220438057508,16.321407267201266
56,76,96,9358.96616493167,8243.37195441169,8091.414647008904,-6975.820436488924,13.625930589043492
57,77,97,9346.989466302763,8245.46464299733,8083.2147827216,-6981.68995941617,9.36535566155635
58,78,98,9319.897867550848,8225.738044281912,8075.236613395522,-6981.076790126586,1.4469019520611255
59,79,99,9319.641390371435,8203.151062996398,8105.650984184405,-6989.160656809368,10.985632221464584
60,80,100,9300.196252418431,8185.392431375155,8117.244467920551,-7002.440646877276,10.214124120459928
61,81,101,9306.962238178545,8175.649931149752,8139.340079096098,-7008.027772067304,11.31718758560146
62,82,102,9308.559746703137,8168.012717846941,8145.435705014889,-7004.888676158695,7.169307210129318
63,83,103,9313.719789921806,8170.604566225297,8150.997391719701,-7007.882168023192,6.863267244770668
64,84,104,9319.311813900891,8183.607132565736,8141.386052797251,-7005.681371462095,12.495616683107528
65,85,105,9331.438532482574,8178.303717494167,8150.109057623445,-6996.9742426350385,18.11633131779263
66,86,106,9349.71537424266,8175.922954881751,8163.660515500753,-6989.868096139844,26.9775244046823
67,87,107,9347.562257208685,8166.938973624223,8165.540403108086,-6984.917119523625,28.926535383473947
68,88,108,9350.190843825501,8195.242635849947,8148.3125256949725,-6993.364317719417,24.55558471964605
69,89,109,9342.683981140632,8180.4364608445885,8159.080837723068,-6996.833317427025,23.42652893900322
70,90,110,9339.82390644555,8158.552191490444,8163.884916422286,-6982.61320146718,29.331932715811945
71,91,111,9331.744018708067,8128.76790517222,8179.527959543749,-6976.551846007902,33.49117552218058
72,92,112,9341.593470577423,8129.951378910226,8198.698289662487,-6987.056197995289,35.62337872867283
73,93,113,9342.664214966524,8123.627086332093,8200.435881959365,-6981.398753324935,34.65728571359159
74,94,114,9330.496321137663,8117.273735479659,8190.11847882334,-6976.895893165336,30.490734081065966
75,95,115,9318.181186891441,8104.982627457146,8185.2959843626095,-6972.097424928314,29.972018556488365
76,96,116,9318.06578459741,8091.414647008904,8189.586279716493,-6962.935142127986,33.873630920076266
77,97,117,9308.629708927492,8083.2147827216,8188.989846871359,-6963.574920665467,34.09116021182763
78,98,118,9306.518994012222,8075.236613395522,8191.207702918938,-6959.925322302239,26.510904119254974
79,99,119,9309.718362355623,8105.650984184405,8163.453300259145,-6959.385922087928,35.77662236253218
80,100,120,9313.682292271787,8117.244467920551,8173.962304825403,-6977.524480474167,28.551006823332955
81,101,121,9313.613262670926,8139.340079096098,8156.339743627227,-6982.066560052399,27.148586538712607
82,102,122,9311.609897522914,8145.435705014889,8155.840738535907,-6989.666546027882,21.27174430419518
83,103,123,9319.136992153306,8150.997391719701,8169.869144159108,-7001.729543725503,13.79755142337126
84,104,124,9308.056406588834,8141.386052797251,8170.21499403804,-7003.544640246457,16.33999981351326
85,105,125,9313.962768153842,8150.109057623445,8166.957755157615,-7003.104044627218,18.11730715530848
86,106,126,9316.714723593383,8163.660515500753,8142.946126540831,-6989.891918448202,22.686076926020178
87,107,127,9348.454195173766,8165.540403108086,8167.937133522048,-6985.023341456366,31.24445695418035
88,108,128,9341.327491586424,8148.3125256949725,8168.836676048972,-6975.821710157521,32.34243380053658
89,109,129,9335.88847720571,8159.080837723068,8159.281166487232,-6982.473527004589,34.79079860706315
90,110,130,9336.512345064712,8163.884916422286,8145.522882517442,-6972.895453875015,38.96461635358992
91,111,131,9336.378104102654,8179.527959543749,8138.875892364389,-6982.025747805483,37.73152476902351
92,112,132,9330.976011371298,8198.698289662487,8116.4799753175175,-6984.202253608706,36.04521022616791
93,113,133,9332.98267535633,8200.435881959365,8088.703861939459,-6956.157068542494,47.75170677162441
94,114,134,9322.46699115634,8190.11847882334,8100.2211995001735,-6967.872687167175,41.56978859449828
95,115,135,9329.583011394932,8185.2959843626095,8118.500279419768,-6974.213252387444,37.96867916105066
96,116,136,9333.766319578517,8189.586279716493,8124.202687085902,-6980.022647223877,35.28521780679512
97,117,137,9336.826934219036,8188.989846871359,8137.003986484468,-6989.1668991367915,34.70451846315109
98,118,138,9338.121053997505,8191.207702918938,8135.443888474214,-6988.530537395645,35.91006058732319
99,119,139,9312.261942715757,8163.453300259145,8125.131834619171,-6976.323192162559,33.59746423119577
100,120,140,9338.649247308851,8173.962304825403,8160.647791572633,-6995.960849089184,33.69499266594721
101,121,141,9366.120142167894,8156.339743627227,8191.011098115546,-6981.230699574879,34.43406939882334
102,122,142,9393.535411941457,8155.840738535907,8203.265282483873,-6965.570609078322,40.97463443700144
103,123,143,9410.264707051338,8169.869144159108,8219.100248717526,-6978.704685825298,40.05310909972968
104,124,144,9421.597739203036,8170.21499403804,8228.635428934402,-6977.252683769406,40.50483618559974
105,125,145,9427.248909536229,8166.957755157615,8221.488179571246,-6961.197025192632,43.3964677904014
106,126,146,9422.562504483209,8142.946126540831,8233.258296593114,-6953.641918650737,45.76495723947755
107,127,147,9444.24021815739,8167.937133522048,8213.11775099861,-6936.814666363267,32.52797123423261
108,128,148,9460.668263649162,8168.836676048972,8236.510899510547,-6944.679311910359,16.21263107858249
109,129,149,9474.113942151675,8159.281166487232,8246.871144848978,-6932.0383691845345,52.692985727744144
110,130,150,9471.079725873022,8145.522882517442,8249.789540629274,-6924.232697273694,51.67514194527848
111,131,151,9468.373531991829,8138.875892364389,8257.597787675437,-6928.100148047995,45.63156247353709
112,132,152,9511.181945462191,8116.4799753175175,8289.981427157778,-6895.279457013105,61.24928312050724
113,133,153,9503.262730350853,8088.703861939459,8275.018208335925,-6860.459339924531,68.20008643191704
114,134,154,9509.106476307767,8100.2211995001735,8268.582165661937,-6859.696888854345,65.67404793971627
115,135,155,9518.320593546518,8118.500279419768,8252.871860398427,-6853.051546271678,66.31233985273639
116,136,156,9520.89597317101,8124.202687085902,8235.242713010119,-6838.549426925012,67.666328020925
117,137,157,9517.632872490984,8137.003986484468,8211.94015009852,-6831.311264092004,66.06560213653074
118,138,158,9534.64621819342,8135.443888474214,8203.96239123874,-6804.760061519533,72.42008141430097
119,139,159,9517.006321453291,8125.131834619171,8190.342038066942,-6798.467551232823,69.76352536707054
120,140,160,9507.834880239801,8160.647791572633,8170.139167423988,-6822.95207875682,59.754477498686356
121,141,161,9509.508039830402,8191.011098115546,8145.5291408020275,-6827.032199087171,61.413138019077905
122,142,162,9498.217859376551,8203.265282483873,8144.5731855553195,-6849.620608662643,56.78334938912167
123,143,163,9475.677362532791,8219.100248717526,8103.008344557865,-6846.431230742601,59.34610675515842
124,144,164,9477.075506551302,8228.635428934402,8106.423160765722,-6857.983083148822,59.98409399066304
125,145,165,9484.319784176278,8221.488179571246,8115.064572197065,-6852.232967592034,60.943417776472415
126,146,166,9475.116106765867,8233.258296593114,8109.945514959754,-6868.087704787002,53.77185036881292
127,147,167,9430.233672391914,8213.11775099861,8114.808484439396,-6897.692563046092,57.79923868720334
128,148,168,9424.145214568623,8236.510899510547,8117.535401400324,-6929.901086342248,67.84660573804513
129,149,169,9415.785910155886,8246.871144848978,8130.693092642004,-6961.778327335094,27.780504510305036
130,150,170,9413.702339474017,8249.789540629274,8134.443963535404,-6970.531164690659,25.580054316948008
131,151,171,9423.168714899224,8257.597787675437,8152.386267285149,-6986.815340061363,24.67848499233878
132,152,172,9412.077208493998,8289.981427157778,8090.355653833356,-6968.259872497136,26.54696999624184
133,153,173,9406.149451923851,8275.018208335925,8095.44366060968,-6964.3124170217525,27.493296662854846
134,154,174,9388.2588647212,8268.582165661937,8094.4414016053615,-6974.764702546099,17.8225786179828
135,155,175,9383.87202751923,8252.871860398427,8113.513766138428,-6982.513599017626,28.215287139856173
136,156,176,9360.73668104541,8235.242713010119,8117.59874397812,-6992.104775942829,23.44735144363449
137,157,177,9341.749365539035,8211.94015009852,8121.120736172295,-6991.311520731781,19.612460244693466
138,158,178,9325.425485434753,8203.96239123874,8097.839367944712,-6976.376273748698,18.8932452156655
139,159,179,9302.730565637481,8190.342038066942,8107.0264338292545,-6994.637906258715,10.906586481440627
140,160,180,9271.292986084427,8170.139167423988,8110.023796411644,-7008.869977751205,3.509907118500905
141,161,181,9288.75203882088,8145.5291408020275,8137.157860837047,-6993.934962818195,17.23622528534952
142,162,182,9298.289787143818,8144.5731855553195,8154.280322547544,-7000.563720959046,18.920146406565436
143,163,183,9280.453229756276,8103.008344557865,8166.101521886774,-6988.6566366883635,19.545847180547753
144,164,184,9294.08744715228,8106.423160765722,8178.100777223895,-6990.436490837337,23.932301925479806
145,165,185,9301.30058836138,8115.064572197065,8172.980321265282,-6986.744305100967,27.266125876505612
146,166,186,9300.797461779488,8109.945514959754,8171.347771031717,-6980.495824211983,22.598202939267594
147,167,187,9296.535344395339,8114.808484439396,8165.804720788234,-6984.077860832291,20.464613344144254
148,168,188,9296.38465663738,8117.535401400324,8166.856530965114,-6988.007275728058,21.027724843302167
149,169,189,9294.677369355159,8130.693092642004,8154.020408258519,-6990.036131545363,19.579451827669345
150,170,190,9296.904335436015,8134.443963535404,8143.037504709548,-6980.577132808936,25.648092984158666
151,171,191,9304.542671791238,8152.386267285149,8147.288213099938,-6995.131808593849,26.03295929653632
152,172,192,9279.676661324425,8090.355653833356,8156.6091811794695,-6967.288173688401,23.408438478716562
153,173,193,9286.772177082757,8095.44366060968,8160.745855854646,-6969.417339381567,26.861827190313306
154,174,194,9293.344029348002,8094.4414016053615,8162.536467128649,-6963.63383938601,23.258928535333325
155,175,195,9299.470960282539,8113.513766138428,8162.6032289051855,-6976.646034761074,34.34650265843129
156,176,196,9313.062218335996,8117.59874397812,8179.72558211642,-6984.2621077585445,31.20861170772514
157,177,197,9317.641021126661,8121.120736172295,8178.982220047534,-6982.461935093168,36.49598278325766
158,178,198,9308.707340960536,8097.839367944712,8184.064962036346,-6973.196989020522,38.385277337365096
159,179,199,9316.533918963405,8107.0264338292545,8185.971157374934,-6976.463672240783,37.08038325535972
160,180,200,9311.134537553202,8110.023796411644,8178.874312034889,-6977.763570893332,40.05215088860359
161,181,201,9312.537744841888,8137.157860837047,8173.844325390511,-6998.4644413856695,31.33951604451613
162,182,202,9321.762959075279,8154.280322547544,8181.3123415114715,-7013.8297049837365,30.082577746041807
163,183,203,9339.138421525666,8166.101521886774,8200.474896594797,-7027.437996955905,27.813491687446003
164,184,204,9337.786758911414,8178.100777223895,8184.001107106183,-7024.315125418663,24.298767029567443
165,185,205,9334.520526117474,8172.980321265282,8184.620970278607,-7023.080765426415,24.05643723389403
166,186,206,9327.745522259165,8171.347771031717,8171.310267807506,-7014.912516580056,21.397750802144856
167,187,207,9332.248543204661,8165.804720788234,8180.53102188872,-7014.087199472293,22.655604219873567
168,188,208,9338.43563104789,8166.856530965114,8181.029658369304,-7009.450558286528,23.015880141976595
169,189,209,9328.157440745374,8154.020408258519,8184.3615301002665,-7010.224497613412,22.750699115546922
