Left,Mid,Right,Loss,Loss_left,Loss_right,gain,glasso
0,20,40,9348.507801370964,8161.488921682575,8202.160287045946,-7015.141407357558,26.612545986470195
1,21,41,9351.42339837133,8168.818679166922,8198.99743220232,-7016.392712997915,25.78302854578851
2,22,42,9346.459538621606,8170.244489969641,8199.340699721513,-7023.125651069549,26.685678026739424
3,23,43,9335.386738599094,8184.904198107637,8162.873230263107,-7012.39068977165,26.616606777753987
4,24,44,9337.198982443899,8187.825650248729,8159.951197516372,-7010.577865321202,26.77567549448031
5,25,45,9341.23438988408,8201.146812981162,8139.366288862137,-6999.278711959218,31.53616711504219
6,26,46,9336.304010271397,8210.525184443113,8132.185692844332,-7006.406867016049,27.747505415127307
7,27,47,9327.04393765896,8204.395636668867,8118.499009172316,-6995.850708182223,30.215956486915275
8,28,48,9334.976495878422,8215.205994215201,8126.587517595977,-7006.8170159327565,30.72485134130511
9,29,49,9333.043274751199,8209.06117611951,8141.074061736461,-7017.091963104773,26.20199289327593
10,30,50,9332.666778829343,8208.756449260269,8135.232452646825,-7011.322123077751,26.21145107738448
11,31,51,9335.746271083039,8216.14711030096,8132.67130093464,-7013.0721401525625,20.81443687961564
12,32,52,9314.31033702305,8192.79412036075,8113.520560716795,-6992.004344054496,16.956582203009475
13,33,53,9272.828837500681,8149.209927124528,8091.102886838242,-6967.483976462088,14.002606227141314
14,34,54,9281.060755446051,8131.316675747846,8107.661573824645,-6957.917494126439,21.095022085802157
15,35,55,9280.874605581319,8126.088640930924,8121.287611675949,-6966.501647025554,20.38444518451888
16,36,56,9280.640516356474,8153.1588262980495,8064.204429001933,-6936.722738943508,28.538055736958086
17,37,57,9287.448299865464,8181.418130235341,8028.856817636396,-6922.826648006274,36.61033272342411
18,38,58,9285.787017151157,8189.500389128715,8022.884167020343,-6926.597538997901,33.69805841634707
19,39,59,9297.913822478215,8203.042302841795,8030.257846141339,-6935.3863265049185,31.165898390795974
20,40,60,9299.527858958209,8202.160287045946,8041.604134265683,-6944.236562353421,26.819879997505723
21,41,61,9297.569729261362,8198.99743220232,8028.220194114501,-6929.64789705546,15.692555991493464
22,42,62,9306.684728259475,8199.340699721513,8039.145136485473,-6931.801107947511,25.020126033194174
23,43,63,9292.943117592482,8162.873230263107,8062.1867706965495,-6932.1168833671745,21.447999935685857
24,44,64,9317.742079501857,8159.951197516372,8068.40146742003,-6910.610585434546,28.736053620817984
25,45,65,9301.655758592093,8139.366288862137,8062.01425377499,-6899.724784045033,26.439867971988406
26,46,66,9308.18493692276,8132.185692844332,8091.763076523339,-6915.763832444911,31.458183913908215
27,47,67,9331.502920319494,8118.499009172316,8113.797129233658,-6900.793218086481,41.7130089639295
28,48,68,9346.004600523955,8126.587517595977,8119.651264147076,-6900.234181219099,46.47840161092381
29,49,69,9362.579525405718,8141.074061736461,8146.6114852490355,-6925.106021579779,35.89225150857146
30,50,70,9350.671836099218,8135.232452646825,8127.244959467084,-6911.805576014691,34.3517945688418
31,51,71,9379.35510859648,8132.67130093464,8176.437604429454,-6929.753796767614,25.535647623997193
32,52,72,9416.49894402426,8113.520560716795,8207.629446731742,-6904.651063424277,32.76984412107595
33,53,73,9411.740469357346,8091.102886838242,8224.137133649163,-6903.4995511300585,33.192377701806436
34,54,74,9420.115649402487,8107.661573824645,8220.11709150311,-6907.663015925267,32.89631277949775
35,55,75,9461.374360518734,8121.287611675949,8229.789850480774,-6889.70310163799,37.696320399941214
36,56,76,9431.286512127348,8064.204429001933,8232.572382088307,-6865.490298962892,35.209534944768166
37,57,77,9391.042419837986,8028.856817636396,8219.990383411701,-6857.804781210112,26.578865029187
38,58,78,9382.002698388977,8022.884167020343,8206.802589998162,-6847.684058629529,24.703830539982846
39,59,79,9369.485151380533,8030.257846141339,8145.586928653888,-6806.3596234146935,33.81823745405154
40,60,80,9383.563551228792,8041.604134265683,8134.461964702062,-6792.502547738954,47.592126305783495
41,61,81,9372.914590808912,8028.220194114501,8146.80603367406,-6802.111636979649,28.743194200245853
42,62,82,9384.922834782177,8039.145136485473,8154.6322756337795,-6808.854577337075,43.62334012161318
43,63,83,9385.875343583422,8062.1867706965495,8150.764499993968,-6827.075927107095,47.763576262892
44,64,84,9370.240847034558,8068.40146742003,8134.966101814123,-6833.126722199595,41.84684282323178
45,65,85,9349.316983323764,8062.01425377499,8125.143290075406,-6837.8405605266325,37.171406803417085
46,66,86,9363.540805783061,8091.763076523339,8112.093217064333,-6840.315487804612,42.67694992305451
47,67,87,9364.7689501825,8113.797129233658,8111.509959847068,-6860.538138898224,39.25467831535161
48,68,88,9372.745849515934,8119.651264147076,8124.483621365038,-6871.389035996181,42.51301820031995
49,69,89,9355.163164589023,8146.6114852490355,8103.001818969278,-6894.450139629291,30.425051175408953
50,70,90,9356.797283170039,8127.244959467084,8118.072289293243,-6888.519965590287,35.64121323570498
51,71,91,9360.818670816174,8176.437604429454,8111.711948894634,-6927.330882507915,28.890488994088628
52,72,92,9383.896532945046,8207.629446731742,8121.111841528102,-6944.844755314798,26.14957064441387
53,73,93,9396.356226615942,8224.137133649163,8125.066232662297,-6952.847139695517,30.027345726961357
54,74,94,9381.460158929149,8220.11709150311,8118.860147432228,-6957.51708000619,28.039017512768623
55,75,95,9381.071658494457,8229.789850480774,8111.943913607674,-6960.662105593992,31.448900043697904
56,76,96,9407.660859454762,8232.572382088307,8132.9618006889505,-6957.873323322496,39.17788531912083
57,77,97,9380.290489807652,8219.990383411701,8143.292197614141,-6982.99209121819,26.533995902243532
58,78,98,9369.610231454513,8206.802589998162,8143.336287229397,-6980.528645773047,29.954772049939493
59,79,99,9331.4290311644,8145.586928653888,8136.624081621058,-6950.781979110547,41.52623166535568
60,80,100,9309.338475462066,8134.461964702062,8116.850981940884,-6941.97447118088,52.766580112733664
61,81,101,9314.812606359603,8146.80603367406,8123.800460147042,-6955.793887461499,49.494315855700734
62,82,102,9333.331346285384,8154.6322756337795,8131.436540274299,-6952.737469622694,54.22528024153098
63,83,103,9327.574147904164,8150.764499993968,8124.206194743093,-6947.396546832897,50.256918037325704
64,84,104,9325.327864473904,8134.966101814123,8146.891882892526,-6956.530120232746,51.68721511862168
65,85,105,9320.893329471643,8125.143290075406,8141.477147829672,-6945.727108433435,49.61943144754423
66,86,106,9304.043518744806,8112.093217064333,8133.239619936995,-6941.289318256522,45.513362367294576
67,87,107,9313.021114852498,8111.509959847068,8166.92155887367,-6965.41040386824,30.917204144556308
68,88,108,9302.74206485266,8124.483621365038,8163.909335520207,-6985.650892032583,21.429855859943018
69,89,109,9298.73607078835,8103.001818969278,8175.790821329603,-6980.056569510531,22.38443692099736
70,90,110,9294.849679863732,8118.072289293243,8169.1772522396095,-6992.399861669121,17.228248599107246
71,91,111,9283.523061614658,8111.711948894634,8167.946221275816,-6996.135108555791,19.492184625674327
72,92,112,9263.06987514091,8121.111841528102,8148.251117156154,-7006.2930835433435,11.333059201581364
73,93,113,9258.60047294037,8125.066232662297,8134.3995352688635,-7000.86529499079,9.900747102984042
74,94,114,9267.65787126131,8118.860147432228,8144.648546713245,-6995.850822884162,16.670513484412822
75,95,115,9248.030279397677,8111.943913607674,8130.3900397115085,-6994.303673921506,16.541885158537752
76,96,116,9254.216132855528,8132.9618006889505,8110.0868666244205,-6988.8325344578425,23.428960957303843
77,97,117,9259.423175992404,8143.292197614141,8101.241188768212,-6985.110210389948,13.041801489628597
78,98,118,9284.189215332983,8143.336287229397,8132.147305353411,-6991.294377249826,26.15193294296023
79,99,119,9300.109059202034,8136.624081621058,8127.104978072847,-6963.620000491872,38.44257923183477
80,100,120,9315.265505010555,8116.850981940884,8161.466770378058,-6963.052247308386,43.15489651110738
81,101,121,9322.331730752197,8123.800460147042,8148.040808589665,-6949.50953798451,48.927398291732516
82,102,122,9312.895999293516,8131.436540274299,8130.076233814685,-6948.616774795468,46.90230383467315
83,103,123,9302.346970544022,8124.206194743093,8123.47491401759,-6945.334138216662,46.04685359061796
84,104,124,9312.483259252016,8146.891882892526,8126.859622587577,-6961.268246228088,48.92999892068474
85,105,125,9330.252912523563,8141.477147829672,8165.477201534139,-6976.701436840247,43.67100763770986
86,106,126,9330.219446916683,8133.239619936995,8174.297567130443,-6977.317740150756,43.39534607544738
87,107,127,9330.835967859686,8166.92155887367,8143.760943044169,-6979.846534058153,33.437313121327406
88,108,128,9329.855372406477,8163.909335520207,8146.930071926624,-6980.984035040354,30.98275747974685
89,109,129,9334.456905300529,8175.790821329603,8145.32340325743,-6986.6573192865035,29.05969409681802
90,110,130,9338.36678356776,8169.1772522396095,8163.757716242348,-6994.5681849141965,24.145092363737604
91,111,131,9339.412005753535,8167.946221275816,8168.252149294587,-6996.7863648168695,23.668116192969592
92,112,132,9327.371131982502,8148.251117156154,8171.889967844792,-6992.769953018444,19.959683530369603
93,113,133,9325.803620619474,8134.3995352688635,8180.031169331068,-6988.6270839804565,16.164866495531896
94,114,134,9330.02510355314,8144.648546713245,8164.321399096885,-6978.944842256991,25.289533108461
95,115,135,9343.57075931071,8130.3900397115085,8193.652583849345,-6980.471864250143,29.20817540299913
96,116,136,9330.72802463332,8110.0868666244205,8185.3394529189945,-6964.698294910095,42.61926928082812
97,117,137,9329.172810922948,8101.241188768212,8185.463224545006,-6957.531602390271,32.939453884825525
98,118,138,9340.495723331605,8132.147305353411,8185.122387262021,-6976.773969283826,38.32332888622841
99,119,139,9316.659419004067,8127.104978072847,8169.893676575797,-6980.339235644577,31.359940185412142
100,120,140,9317.837072208684,8161.466770378058,8149.906258146062,-6993.535956315436,29.130440545146485
101,121,141,9315.905586286186,8148.040808589665,8144.696257784768,-6976.831480088247,31.490636876270855
102,122,142,9322.208988526632,8130.076233814685,8169.729600939422,-6977.596846227476,31.045917101555915
103,123,143,9345.184171204355,8123.47491401759,8188.28054790588,-6966.571290719114,35.966644234364594
104,124,144,9351.419957470674,8126.859622587577,8179.800037179539,-6955.2397022964415,34.711623333633725
105,125,145,9391.13464802137,8165.477201534139,8187.834691059829,-6962.1772445725965,33.04830395117642
106,126,146,9406.99311958452,8174.297567130443,8194.564805350328,-6961.869252896251,30.42127752138913
107,127,147,9394.173894057722,8143.760943044169,8202.554414350001,-6952.141463336449,26.768935039760436
108,128,148,9412.013779658419,8146.930071926624,8224.429082170747,-6959.3453744389535,28.373327043313566
109,129,149,9424.748851369688,8145.32340325743,8237.42644103581,-6958.000992923553,30.726589020885967
110,130,150,9448.68657232567,8163.757716242348,8241.892343749249,-6956.963487665926,31.21504696899774
111,131,151,9472.307140754712,8168.252149294587,8252.382470530625,-6948.327479070502,34.19981067987055
112,132,152,9479.355613989766,8171.889967844792,8250.175788279574,-6942.710142134598,35.259855337789304
113,133,153,9518.060636205017,8180.031169331068,8255.735095314074,-6917.705628440126,45.77920041684729
114,134,154,9493.438719688036,8164.321399096885,8238.069532671838,-6908.952212080685,44.34110325651318
115,135,155,9510.419579837588,8193.652583849345,8200.956716819146,-6884.189720830902,58.10374576193135
116,136,156,9509.142578373503,8185.3394529189945,8173.430286275566,-6849.627160821057,63.4218888518767
117,137,157,9519.008537671727,8185.463224545006,8170.290256041766,-6836.744942915046,64.35104597122381
118,138,158,9517.636193359189,8185.122387262021,8168.22015150034,-6835.706345403172,62.010963357650326
119,139,159,9488.84742865556,8169.893676575797,8143.700230427568,-6824.746478347806,57.45112499078505
120,140,160,9493.283636026841,8149.906258146062,8150.31088994521,-6806.933512064432,55.391638522690755
121,141,161,9490.008033635611,8144.696257784768,8144.786554435035,-6799.474778584192,52.2453741166255
122,142,162,9501.7888036642,8169.729600939422,8146.235185186136,-6814.175982461358,51.31727769796498
123,143,163,9512.006384131822,8188.28054790588,8137.899206329858,-6814.173370103916,56.267798992235385
124,144,164,9508.236383385356,8179.800037179539,8165.823981693138,-6837.387635487321,62.886750119092994
125,145,165,9475.579009993708,8187.834691059829,8131.315340954787,-6843.571022020908,51.9132303510014
126,146,166,9494.62512144158,8194.564805350328,8151.798716839935,-6851.738400748682,55.35426149081013
127,147,167,9503.176368735581,8202.554414350001,8158.597083902101,-6857.975129516521,53.62338311576923
128,148,168,9510.971056620016,8224.429082170747,8162.6147879935015,-6876.072813544233,55.36603559161813
129,149,169,9501.383003161834,8237.42644103581,8162.956600894971,-6899.000038768947,51.691835425756835
130,150,170,9481.88796813706,8241.892343749249,8155.248299191908,-6915.252674804098,48.4225988409371
131,151,171,9464.4092007372,8252.382470530625,8146.553137311292,-6934.526407104715,41.71265345016036
132,152,172,9448.50136726721,8250.175788279574,8133.840820157891,-6935.515241170255,37.44766047168014
133,153,173,9452.206600591602,8255.735095314074,8123.870490936232,-6927.398985658703,38.745718463074354
134,154,174,9435.426178319636,8238.069532671838,8120.662878561398,-6923.306232913599,37.745431296915285
135,155,175,9377.844508865399,8200.956716819146,8122.748079889196,-6945.860287842943,25.895576143262588
136,156,176,9351.72513688696,8173.430286275566,8123.248323418491,-6944.953472807096,28.505991335145154
137,157,177,9336.152812679797,8170.290256041766,8120.647957294417,-6954.785400656387,26.650031952007794
138,158,178,9317.12323701947,8168.22015150034,8115.934899934621,-6967.031814415492,21.504313394647397
139,159,179,9286.539077158704,8143.700230427568,8122.365514634305,-6979.52666790317,21.03173167564364
140,160,180,9270.092386380093,8150.31088994521,8082.37442353177,-6962.592927096888,21.43868120762545
141,161,181,9271.240906661867,8144.786554435035,8090.838309416129,-6964.383957189297,19.416410871873722
142,162,182,9270.360198512746,8146.235185186136,8098.303945283016,-6974.178931956405,17.57829865270105
143,163,183,9259.887816445109,8137.899206329858,8094.899249581271,-6972.910639466019,16.376473125036227
144,164,184,9261.73274980699,8165.823981693138,8076.406759158778,-6980.497991044926,14.166752219924092
145,165,185,9238.463345377078,8131.315340954787,8086.450763437744,-6979.3027590154525,12.903167273866075
146,166,186,9237.499473740689,8151.798716839935,8047.643717717625,-6961.942960816872,5.960054351442523
147,167,187,9237.808159036522,8158.597083902101,8053.480588825295,-6974.269513690873,5.086987007971402
148,168,188,9238.535594785302,8162.6147879935015,8047.585842038291,-6971.665035246489,8.532264575115732
149,169,189,9232.51471612075,8162.956600894971,8048.735423741678,-6979.1773085159,9.42703792868815
150,170,190,9230.378166036575,8155.248299191908,8027.001636980918,-6951.871770136251,11.928743355436382
151,171,191,9216.092487287042,8146.553137311292,8021.108930746663,-6951.569580770913,11.208632483728252
152,172,192,9221.48977687982,8133.840820157891,8043.286956462858,-6955.637999740929,9.0664122162284
153,173,193,9210.064961467546,8123.870490936232,8037.692674655778,-6951.498204124466,4.80994431785939
154,174,194,9225.648471026489,8120.662878561398,8065.193922807806,-6960.208330342717,-3.0639575566078747
155,175,195,9213.869975585048,8122.748079889196,8050.379531340973,-6959.257635645119,-4.48353453332993
156,176,196,9210.905504667915,8123.248323418491,8046.5070990972235,-6958.8499178478,-3.883136304654272
157,177,197,9220.091188445593,8120.647957294417,8067.659309569836,-6968.21607841866,3.537069496582717
158,178,198,9208.534194875901,8115.934899934621,8041.65102944548,-6949.051734504199,7.529648075319983
159,179,199,9236.362049650339,8122.365514634305,8092.191418769096,-6978.194883753062,15.561643249658118
160,180,200,9244.744306048966,8082.37442353177,8114.236523396021,-6951.866640878825,15.860062575450684
161,181,201,9271.59017510575,8090.838309416129,8141.057185097032,-6960.305319407411,23.156438218722997
162,182,202,9261.596727235106,8098.303945283016,8136.223608613713,-6972.930826661623,20.928486550541038
163,183,203,9273.226199271103,8094.899249581271,8135.459923994946,-6957.132974305114,27.730586081693673
164,184,204,9263.09567511587,8076.406759158778,8154.797260580413,-6968.108344623321,13.335056190782325
165,185,205,9283.680224520507,8086.450763437744,8173.6684592928195,-6976.4389982100565,14.947186601807516
166,186,206,9262.350905985808,8047.643717717625,8170.214429125968,-6955.507240857785,4.2122906105632865
167,187,207,9255.198449934298,8053.480588825295,8146.916412810486,-6945.198551701484,11.716259576685843
168,188,208,9261.457014142823,8047.585842038291,8168.315797722541,-6954.444625618009,11.953017317235663
169,189,209,9268.518834610502,8048.735423741678,8169.9527518839095,-6950.169341015084,20.13136566675348
