Left,Mid,Right,Loss_likeli,Loss_AIC,Loss_BIC,Loss_eBIC
0,20,40,116.88891294570521,-135.11108705429479,-180.86142775770372,-2021.3703675521892
1,21,41,105.4482559109963,-179.5517440890037,-232.7207539587746,-2191.850984144565
2,22,42,114.40784064200216,-168.59215935799784,-226.65718798897387,-1982.553217970777
3,23,43,94.44979199767795,-208.55020800232205,-264.09591011875887,-2190.7977000843675
4,24,44,92.89971679357745,-201.10028320642255,-249.0657044956904,-2177.876932151461
5,25,45,113.26451679505385,-155.73548320494615,-197.47289898348504,-1952.5848128658836
6,26,46,119.16403988977981,-166.83596011022019,-212.53164354032856,-2128.7693844952155
7,27,47,165.53392358979136,-56.46607641020864,-91.43931609366746,-1443.85357946758
8,28,48,194.5795725182502,-36.42042748174981,-78.64705111844137,-1527.2953336565688
9,29,49,246.81723262173068,19.817232621730682,-22.15079441925286,-1666.6181648335023
10,30,50,234.18084303866522,13.180843038665216,-23.720545639976308,-1514.4237411215804
11,31,51,214.86962601693153,-9.130373983068466,-41.9801836275617,-1746.4403216785186
12,32,52,199.5785481883554,-26.4214518116446,-67.89161271585112,-1636.6280382558862
13,33,53,166.5197983776693,-17.480201622330696,-37.346837601343395,-1372.8182260447284
14,34,54,159.6021953832476,-8.39780461675241,-19.605435226773352,-1374.6347375522469
15,35,55,187.03399325128885,37.03399325128885,22.657877443454936,-1226.7419175227992
16,36,56,143.58592250691277,2.585922506912766,-10.7751339727281,-1048.6375494204185
17,37,57,144.3870855772052,15.387085577205198,16.31818890560794,-1187.371912234999
18,38,58,98.82128370977784,-26.178716290222155,-23.25614841471156,-910.165571046768
19,39,59,97.51381046411461,-51.48618953588539,-58.0959013906122,-1015.2398348239399
20,40,60,104.53395084609883,-36.46604915390117,-36.96695668079337,-979.2534819308694
21,41,61,152.15871558836056,-3.8412844116394353,-21.836226421397896,-1177.3850281112313
22,42,62,166.39978829904567,-2.6002117009543326,-32.67410873259087,-1294.3202780566294
23,43,63,203.03208276782743,6.032082767827433,-36.82700064718824,-1593.2482182822378
24,44,64,260.893880358331,42.89388035833099,-3.7728000857323423,-1642.9236906992119
25,45,65,303.4053268638022,87.4053268638022,24.52627312679897,-1604.0813181453518
26,46,66,373.0645809429436,144.06458094294362,65.7503154198489,-1799.808808255153
27,47,67,326.35561187871485,141.35561187871485,70.39136558204882,-1228.957394967077
28,48,68,373.7841703438394,173.78417034383938,92.925916863559,-1276.7224976498162
29,49,69,418.0661201658188,198.0661201658188,106.55739676943858,-1447.3305531025412
30,50,70,431.2060572847379,209.20605728473788,118.08789597592363,-1369.7639875924651
31,51,71,478.0954684021656,230.09546840216558,124.99306676630931,-1726.5117150558235
32,52,72,441.7413287431507,184.7413287431507,78.27729418882109,-1781.632952082391
33,53,73,385.98577120666096,165.98577120666096,70.31816472692071,-1481.7954555022022
34,54,74,387.7430416193429,166.74304161934288,72.77072961034287,-1429.8123717838255
35,55,75,372.6336138499887,170.6336138499887,79.42214115859497,-1241.235451979143
36,56,76,388.32242567554135,174.32242567554135,77.1365593428236,-1182.7045439060807
37,57,77,432.0007546758559,206.0007546758559,105.61308342405391,-1422.9867171006774
38,58,78,385.6592607141715,186.65926071417152,97.29975352589054,-1137.5065879227807
39,59,79,400.96854457186305,181.96854457186305,82.9769871562712,-1150.9730160321033
40,60,80,391.88072249680977,182.88072249680977,94.11286399512574,-1056.2969732443778
41,61,81,327.25631860924886,152.25631860924886,78.89057476865764,-858.9529185914591
42,62,82,281.0210670585152,133.0210670585152,65.57520344055933,-679.4467393542352
43,63,83,172.71950817445986,69.71950817445986,26.87240692868545,-377.51151238062243
44,64,84,191.15940662798448,86.15940662798448,54.00963847532216,-312.85635580454255
45,65,85,179.0068142011446,100.0068142011446,72.47313691198633,-172.64689237645803
46,66,86,165.1717262501927,95.1717262501927,67.56043561496494,-244.09037621262792
47,67,87,142.6964934583409,77.69649345834091,50.187224831755884,-246.77242212902524
48,68,88,159.48209763018485,85.48209763018485,56.30202178664604,-293.1331992424002
49,69,89,158.22073959293084,86.22073959293084,57.30584955058657,-295.4291363191096
50,70,90,170.4848436360994,82.5097194844434,60.71624790347414,-303.86465213830456
51,71,91,178.60801712899,94.60801712899001,62.01531198443354,-300.76261964610194
52,72,92,119.92042182516798,63.92042182516798,45.743978693495364,-221.29391099140912
53,73,93,118.62808129962218,67.62808129962218,54.02041039351434,-290.1689423010721
54,74,94,131.1374159476536,54.13741594765361,32.8975484053808,-408.9756198838372
55,75,95,163.09737320360114,65.09737320360114,36.78447380672219,-544.9744539019546
56,76,96,170.1968764942651,80.1968764942651,54.4504716497338,-472.0814378678956
57,77,97,182.89253598925734,78.89253598925734,53.30596526446766,-554.0680844344083
58,78,98,184.68798623773705,81.68798623773705,60.022477667340354,-602.7976391278075
59,79,99,201.2884021121256,93.2884021121256,68.45789566190956,-574.953012157082
60,80,100,211.0073811753041,105.00738117530409,89.1876024319672,-555.829820719493
61,81,101,225.68746208764696,90.68746208764696,65.97756701433923,-677.9292368208835
62,82,102,210.53582987621485,91.53582987621485,63.360608037260135,-555.2764677582816
63,83,103,203.5976638735267,96.5976638735267,67.93271214826609,-647.3424084862963
64,84,104,166.3588623498747,67.3588623498747,48.742357296723185,-543.6255822929088
65,85,105,161.59265498871764,79.59265498871764,64.12971064943599,-395.44229366390186
66,86,106,151.78782542329895,59.787825423298955,39.035050961227626,-460.318450972095
67,87,107,145.33335887245175,55.333358872451754,34.092410701560084,-533.0270364964683
68,88,108,129.79004128445922,42.79004128445922,31.814795046853533,-451.5553254291053
69,89,109,117.79330428551498,20.793304285514978,0.2261762405441914,-512.2374758071508
70,90,110,110.52327668547719,-1.4518474661788332,-2.3635774892750305,-309.7296309866865
71,91,111,92.26040545159003,-15.739594548409968,-33.724314835056475,-460.7890753446736
72,92,112,113.61041806831372,25.61041806831372,5.365202170976318,-385.4025853254568
73,93,113,99.57818639417496,16.578186394174963,-1.8708459998376838,-454.187107730585
74,94,114,88.90030083481088,12.900300834810878,-3.7965365531624684,-406.42341004988543
75,95,115,100.41341235060781,27.413412350607814,27.4305369875608,-386.9816138588219
76,96,116,131.58813476308592,68.58813476308592,54.89782125041393,-375.5921464123717
77,97,117,160.43415258770892,77.43415258770892,66.05793025956223,-458.5368086502899
78,98,118,196.57516126406836,117.57516126406836,104.83573691017386,-418.95078937220205
79,99,119,191.37942337767345,95.37942337767345,78.94932570074093,-435.9677207503746
80,100,120,187.80060041631532,93.80060041631532,86.03465685598212,-354.3155911110507
81,101,121,190.45981105742408,98.45981105742408,89.94193346539942,-327.20412141978886
82,102,122,207.98036082666,93.98036082665999,77.3053830188694,-536.9927233367534
83,103,123,164.07781649790854,62.07781649790854,47.17583819663491,-555.018348598508
84,104,124,119.76759983725174,13.767599837251737,6.959815665912174,-485.43037006719806
85,105,125,108.04776667631495,-1.95223332368505,-21.713575750877226,-643.5835543053367
86,106,126,102.08945403004736,-10.910545969952636,-31.472339626915755,-804.9873765812281
87,107,127,135.9196543554367,17.919654355436705,-10.67664742989109,-838.7190298460155
88,108,128,158.11392748314665,35.113927483146654,9.29726334228917,-850.7983106449287
89,109,129,188.31580969729453,53.315809697294526,17.295504357597565,-744.5304882786718
90,110,130,168.5389900771163,40.538990077116296,20.38643470886086,-570.2075954047887
91,111,131,160.27868732221395,37.278687322213955,6.886202033561176,-570.2863600323649
92,112,132,159.8516149774514,32.85161497745139,-1.6117763999891395,-573.8306705729888
93,113,133,141.50832989859555,13.508329898595548,-23.18579556702207,-650.7824596527344
94,114,134,143.3584397712125,35.35843977121249,10.007931402254826,-693.2205794282881
95,115,135,161.10214662378007,66.10214662378007,53.056634529211124,-605.7681614994585
96,116,136,179.58634410702416,86.58634410702416,63.851797525801885,-596.2575903500926
97,117,137,171.61680989769638,64.61680989769638,37.28100256480229,-511.0642651261819
98,118,138,190.80332403251327,77.80332403251327,52.53953723368454,-556.081518564703
99,119,139,193.86867636010197,87.86867636010197,64.2033025652056,-369.13117319516255
100,120,140,180.54502171233435,115.54502171233435,108.83016850254762,-214.46214487738484
101,121,141,179.01754928569494,125.01754928569494,122.19232795357061,-167.79412716735715
102,122,142,206.17893385361617,108.17893385361617,85.49838618457898,-475.6203268408849
103,123,143,186.7629106781851,100.76291067818511,92.30001107931503,-337.5976078010317
104,124,144,191.3371970748235,95.33719707482351,77.97417502948451,-340.8182642803663
105,125,145,216.7262920898404,109.7262920898404,74.47644214926049,-497.38212783636254
106,126,146,212.79073241584774,102.79073241584774,70.1034019991123,-678.7542567315577
107,127,147,242.2145825419086,103.21458254190861,54.947837723339035,-827.6196118106336
108,128,148,294.46354758952134,134.46354758952134,87.27697243369903,-874.2688464995542
109,129,149,292.8075629773896,126.80756297738958,82.02770873144073,-751.464187319722
110,130,150,292.26431681668214,121.26431681668214,62.94912041202588,-865.696609370113
111,131,151,304.72681416487285,121.72681416487285,53.24202245159313,-953.8880658601176
112,132,152,328.3331910258353,144.33319102583528,67.28191265062719,-1070.476423991029
113,133,153,339.2606385295687,146.26063852956872,71.50909555101066,-1132.3069167858844
114,134,154,362.87075015594974,150.87075015594974,59.879219950985544,-1395.5081912380422
115,135,155,343.75271215999373,113.75271215999373,18.77385244441166,-1395.8263490252202
116,136,156,387.0839114845983,114.08391148459827,-1.0391284387230826,-1798.2172594059366
117,137,157,491.082767551766,206.08276755176598,87.75792270936063,-1940.1760664488284
118,138,158,470.6096817623072,202.60968176230722,94.8026702707507,-1658.315347377592
119,139,159,468.44161997029914,226.44161997029914,123.97609668477253,-1343.7997425946573
120,140,160,470.600195279163,261.600195279163,173.83513143592972,-1294.934244210121
121,141,161,457.01264264914244,235.01264264914244,141.12189261808817,-1308.036614962894
122,142,162,376.1895552280346,200.18955522803458,130.01110913339267,-1189.804466699572
123,143,163,435.5880202719263,200.58802027192633,124.69125024774075,-1649.169004605471
124,144,164,416.79641816633944,198.79641816633944,126.36716605890092,-1494.243425519358
125,145,165,409.1858851299485,195.18588512994847,127.458773971028,-1723.2945769780254
126,146,166,433.5517345914184,185.55173459141838,103.91357194541615,-1981.945254788919
127,147,167,461.5537086405518,185.5537086405518,88.14085054893212,-2060.721215311468
128,148,168,501.57064821532686,211.57064821532686,116.64358120221391,-2013.519758144732
129,149,169,471.0934564125555,185.0934564125555,107.60240579520519,-1949.9440511801117
130,150,170,477.94917981078584,183.94917981078584,92.12233580495672,-2209.4329358047894
131,151,171,432.484066051469,126.48406605146897,31.419098542615984,-2344.573683436845
132,152,172,342.6398525269151,68.63985252691509,-4.0059283384669016,-2145.821818340012
133,153,173,294.06673692622076,24.066736926220756,-27.676973104610852,-2236.869861657418
134,154,174,247.72747550685062,-29.272524493149376,-95.09413760214261,-2173.5281309515512
135,155,175,180.35308624725326,-77.64691375274674,-121.41019032544978,-2023.3444218040595
136,156,176,108.19358602974489,-160.8064139702551,-199.07809384599432,-2287.8739734209485
137,157,177,102.69356825862633,-134.30643174137367,-147.28890830268983,-2060.206001125545
138,158,178,112.83327581006552,-134.16672418993448,-167.37710009133957,-1934.3492658509995
139,159,179,84.45008758213066,-174.54991241786934,-205.070342203599,-1968.2830435968262
140,160,180,70.52858372790752,-184.47141627209248,-215.4263966426738,-2046.0599556014267
141,161,181,60.29502082363001,-200.70497917637,-234.99372995789327,-2033.499206287026
142,162,182,73.82817497445512,-182.17182502554488,-217.4369810259832,-2058.60261855965
143,163,183,92.30727245617845,-158.69272754382155,-193.2014208117746,-1784.7599741867753
144,164,184,88.50492353249092,-140.49507646750908,-165.0904354972081,-1699.7995062638583
145,165,185,61.99341492896497,-145.00658507103503,-160.38175704304012,-1680.1355396972695
146,166,186,73.42581506895885,-147.57418493104115,-167.14689409568405,-1829.7869583928386
147,167,187,84.07446558515471,-160.9255344148453,-195.91276676493612,-1979.687311617332
148,168,188,91.87602969239583,-157.12397030760417,-193.40952002424274,-2007.3379847088263
149,169,189,55.76563467798974,-191.23436532201026,-219.9392845497755,-1976.1318554578684
150,170,190,53.95275529475475,-190.04724470524525,-213.7928296198802,-2016.3553233674147
151,171,191,73.30278725934795,-182.69721274065205,-212.0706177063305,-2085.33362431826
152,172,192,44.93101644157605,-173.06898355842395,-184.90976968769655,-1792.413865970384
153,173,193,48.87828151470012,-174.12171848529988,-182.56008426369795,-1988.1346799840521
154,174,194,61.796293541770865,-157.20370645822914,-164.69032846035907,-1962.9291785153646
155,175,195,82.06031532846623,-144.93968467153377,-156.40923576787986,-2061.4674027940664
156,176,196,148.5549643801087,-105.44503561989131,-138.6747385759354,-2107.5169822046146
157,177,197,199.4165217057582,-42.583478294241786,-87.86061430352083,-1702.321380413152
158,178,198,181.04261376971795,-44.957386230282054,-81.92209046084895,-1630.9663191002292
159,179,199,201.34412698449546,-34.65587301550454,-74.51979707216151,-1818.438516070365
160,180,200,145.7623805405592,-79.2376194594408,-113.27844242127094,-1644.5960617655492
161,181,201,94.19706513163806,-128.80293486836194,-154.56998016075863,-1657.75878423822
162,182,202,109.73297770649401,-153.267022293506,-195.1364035639026,-2052.307501811185
163,183,203,139.85934538006904,-87.14065461993096,-131.1881232025944,-1718.935582170192
164,184,204,134.1792238784476,-78.8207761215524,-117.2844131504578,-1556.216507883747
165,185,205,112.4844485942399,-85.5155514057601,-117.55091715385038,-1314.9419139006704
166,186,206,133.6808983281253,-72.3191016718747,-110.76341164614087,-1447.0121758146406
167,187,207,139.17138272691636,-76.82861727308364,-120.5981622053996,-1568.8883781155946
168,188,208,125.78931738642859,-78.21068261357141,-116.35240749484319,-1507.639658217614
169,189,209,115.82213780428697,-67.17786219571303,-100.40957564914788,-1379.1769504257127
