Left,Mid,Right,Loss,Loss_left,Loss_right,gain,glasso
0,20,40,9299.298533366877,8039.431744854449,8184.806929493829,-6924.940140981402,39.75740142257018
1,21,41,9289.206236552025,8037.831028908604,8170.008153394443,-6918.632945751022,31.14809276850201
2,22,42,9297.102901943756,8051.805672962844,8171.9651895802435,-6926.667960599332,29.853973230417978
3,23,43,9298.191560223455,8088.9400955919045,8157.142385037794,-6947.890920406244,25.315205375755795
4,24,44,9300.004146703039,8143.695184810423,8087.235649895345,-6930.926688002728,26.485288317096547
5,25,45,9295.866734351375,8161.983117378843,8076.509395478406,-6942.625778505875,15.901772899708703
6,26,46,9301.63431898731,8166.3763072465545,8070.225449070946,-6934.967437330191,17.48516297504193
7,27,47,9307.669456728676,8181.2836292520005,8024.601510613544,-6898.215683136868,14.308154426724286
8,28,48,9310.869529622132,8175.08547160487,8017.996431139627,-6882.212373122364,32.44055698819284
9,29,49,9334.181717500303,8200.63765831652,8036.160708730044,-6902.61664954626,24.153757197191226
10,30,50,9342.91923542679,8209.0274317939,8058.370787511254,-6924.478983878364,40.06198413444372
11,31,51,9340.03881377106,8234.866328078788,8059.415482539229,-6954.242996846957,39.638022274175455
12,32,52,9342.609284188058,8237.643682603828,8065.559975739816,-6960.594374155586,40.863978976403814
13,33,53,9338.094508402672,8235.24134337187,8062.661926143672,-6959.80876111287,37.92200763260962
14,34,54,9355.229986998502,8229.985130591105,8122.188781349701,-6996.943924942303,29.587083872138464
15,35,55,9347.227029583048,8221.429741571363,8129.798382124858,-7004.001094113173,27.416062811431402
16,36,56,9347.309220861778,8222.191774777653,8119.981402618256,-6994.863956534131,30.408404545638405
17,37,57,9364.680771498632,8216.874646098893,8131.312562074247,-6983.506436674508,32.0457468301679
18,38,58,9348.718357487622,8194.91819489845,8135.922354241439,-6982.122191652266,31.858943654351606
19,39,59,9342.087868342183,8189.500003444212,8142.445910668676,-6989.858045770705,29.799356162378444
20,40,60,9342.504810187445,8184.806929493829,8146.358940867927,-6988.6610601743105,30.669399520576007
21,41,61,9346.459523075917,8170.008153394443,8159.097531149892,-6982.646161468418,31.161517615093544
22,42,62,9357.06989049343,8171.9651895802435,8159.507371809888,-6974.402670896701,34.32687658648456
23,43,63,9395.781187003884,8157.142385037794,8208.51366381376,-6969.874861847669,36.68930684542693
24,44,64,9358.364469283311,8087.235649895345,8215.194187948082,-6944.0653685601155,20.518984609641848
25,45,65,9350.074600729095,8076.509395478406,8221.888779098015,-6948.323573847327,10.371336069789322
26,46,66,9375.104723268663,8070.225449070946,8246.460211684032,-6941.580937486315,7.123118706925197
27,47,67,9362.12151728661,8024.601510613544,8243.963271863628,-6906.443265190561,-9.32908783610219
28,48,68,9357.02366228465,8017.996431139627,8239.663175771935,-6900.6359446269125,6.383051204848016
29,49,69,9373.91590183158,8036.160708730044,8229.146334117613,-6891.391141016076,7.267769835360923
30,50,70,9377.984521280356,8058.370787511254,8232.757249447199,-6913.143515678097,22.72621526581179
31,51,71,9365.44475374619,8059.415482539229,8224.674910526814,-6918.645639319853,28.77642964388224
32,52,72,9376.427279561769,8065.559975739816,8228.858210169721,-6917.990906347768,32.30167285319976
33,53,73,9367.440020057085,8062.661926143672,8213.585122702742,-6908.807028789328,35.39150245847941
34,54,74,9384.63516367338,8122.188781349701,8177.401095886554,-6914.9547135628745,32.87187793238036
35,55,75,9397.854013803453,8129.798382124858,8163.582811419037,-6895.527179740442,39.10159211813061
36,56,76,9383.907753424157,8119.981402618256,8152.021927519825,-6888.095576713924,37.914386422428834
37,57,77,9370.824154323123,8131.312562074247,8086.86290634015,-6847.351314091273,38.428444723462235
38,58,78,9386.566459149364,8135.922354241439,8093.827697765075,-6843.183592857151,46.811905022919746
39,59,79,9391.69015058416,8142.445910668676,8090.137810589742,-6840.8935706742595,51.27163219787417
40,60,80,9400.569508131597,8146.358940867927,8086.805954352375,-6832.595387088706,53.58630462266274
41,61,81,9412.811224023259,8159.097531149892,8099.305321986587,-6845.59162911322,56.1441898444059
42,62,82,9424.120634648101,8159.507371809888,8134.037958485536,-6869.4246956473235,51.98451993304252
43,63,83,9432.915862863465,8208.51366381376,8089.694371509026,-6865.29217245932,45.350845215720256
44,64,84,9449.918785140779,8215.194187948082,8111.247692224722,-6876.523095032026,46.662361636535934
45,65,85,9462.734922563232,8221.888779098015,8121.586265842943,-6880.740122377727,47.535648895400755
46,66,86,9479.70029969787,8246.460211684032,8125.617240120587,-6892.37715210675,49.51680399462248
47,67,87,9466.748510509009,8243.963271863628,8131.203384171555,-6908.418145526173,40.16752420361354
48,68,88,9445.556436707195,8239.663175771935,8121.144315845979,-6915.251054910719,39.75253529574002
49,69,89,9417.160153080458,8229.146334117613,8115.548100976364,-6927.534282013519,32.51391854315034
50,70,90,9411.919010805505,8232.757249447199,8124.92550821081,-6945.7637468525045,31.102262348099885
51,71,91,9403.665783514336,8224.674910526814,8125.051598162669,-6946.060725175146,29.403466972262322
52,72,92,9446.16332537512,8228.858210169721,8195.15816172432,-6977.853046518918,36.91794170588855
53,73,93,9446.357524781813,8213.585122702742,8207.320521986676,-6974.548119907604,42.62803698771404
54,74,94,9426.30738423259,8177.401095886554,8215.719854538242,-6966.813566192206,42.22061029193992
55,75,95,9404.584177216182,8163.582811419037,8211.504099771222,-6970.502733974077,43.23245907776891
56,76,96,9395.041549715908,8152.021927519825,8214.534497062332,-6971.514874866249,44.23153283290867
57,77,97,9359.0059060944,8086.86290634015,8215.350794479438,-6943.207794725189,47.68983018790277
58,78,98,9357.377860057282,8093.827697765075,8214.728685164235,-6951.178522872027,51.77676704757096
59,79,99,9345.06811476905,8090.137810589742,8223.078844765307,-6968.1485405859985,48.09345691249564
60,80,100,9345.55802666257,8086.805954352375,8227.007130333079,-6968.255058022885,48.19963474015822
61,81,101,9338.553054013206,8099.305321986587,8224.023018508196,-6984.7752864815775,44.19490600334257
62,82,102,9340.607387771237,8134.037958485536,8220.386338726159,-7013.816909440458,34.63164779567478
63,83,103,9324.406439751558,8089.694371509026,8224.335075560939,-6989.623007318407,38.10215323904731
64,84,104,9324.240459875718,8111.247692224722,8212.033271239603,-6999.040503588607,38.73731746504927
65,85,105,9330.255455055392,8121.586265842943,8214.363318645988,-7005.694129433539,41.47435740891797
66,86,106,9331.976395012403,8125.617240120587,8203.103811549061,-6996.7446566572435,45.689057393648454
67,87,107,9333.934553800802,8131.203384171555,8206.183930019095,-7003.452760389848,42.63297027993622
68,88,108,9333.300987638951,8121.144315845979,8208.33662018342,-6996.179948390447,48.52181719787768
69,89,109,9329.003411101787,8115.548100976364,8208.19254786984,-6994.737237744417,49.61526490687356
70,90,110,9338.213330793898,8124.92550821081,8198.735217993792,-6985.447395410703,55.1120063859471
71,91,111,9338.249567445382,8125.051598162669,8190.780068045347,-6977.582098762634,54.2859432476007
72,92,112,9337.133212469149,8195.15816172432,8111.297457861192,-6969.322407116362,56.10247707710823
73,93,113,9337.64710879375,8207.320521986676,8068.267788199744,-6937.94120139267,58.79631888130916
74,94,114,9329.845648823724,8215.719854538242,8051.901384114881,-6937.775589829398,57.99528671324333
75,95,115,9323.586524113318,8211.504099771222,8056.214258538341,-6944.131834196245,51.92879740078433
76,96,116,9328.397650440424,8214.534497062332,8067.86792526247,-6954.004771884378,47.10398078909748
77,97,117,9332.432292827396,8215.350794479438,8061.906196192203,-6944.824697844246,53.85420558884789
78,98,118,9340.845972287694,8214.728685164235,8065.946080871577,-6939.828793748118,59.55632411423812
79,99,119,9335.660877622486,8223.078844765307,8061.907513162766,-6949.325480305586,51.46881169614335
80,100,120,9350.647470517299,8227.007130333079,8074.11029484112,-6950.469954656899,43.48678684682636
81,101,121,9367.918699174603,8224.023018508196,8127.737842413415,-6983.8421617470085,32.366004781219544
82,102,122,9370.768207592635,8220.386338726159,8139.640718324441,-6989.258849457965,32.061916780959564
83,103,123,9390.380083593742,8224.335075560939,8172.707828808018,-7006.6628207752165,34.09759733428427
84,104,124,9390.859943035019,8212.033271239603,8186.497496486813,-7007.670824691399,33.545462777703506
85,105,125,9388.3310760888,8214.363318645988,8186.958173960229,-7012.9904165174175,31.26649798736753
86,106,126,9378.823860007229,8203.103811549061,8179.1194902805355,-7003.3994418223665,33.50401213566238
87,107,127,9400.41120172651,8206.183930019095,8214.009067801871,-7019.781796094456,32.77067538543906
88,108,128,9401.962692145498,8208.33662018342,8214.308330379195,-7020.682258417117,35.25004699792362
89,109,129,9396.611901512762,8208.19254786984,8211.412639901188,-7022.993286258265,37.67153252889784
90,110,130,9390.915225444482,8198.735217993792,8200.581889649784,-7008.401882199094,38.77818984789246
91,111,131,9386.257829836348,8190.780068045347,8184.650072721042,-6989.172310930042,47.754328861641625
92,112,132,9347.97643430648,8111.297457861192,8195.693519362532,-6959.014542917244,50.693382974785436
93,113,133,9327.52244702361,8068.267788199744,8184.5086786187385,-6925.254019794873,48.39712030853934
94,114,134,9321.19776853835,8051.901384114881,8188.901325586744,-6919.604941163274,48.63561688286836
95,115,135,9315.494754261956,8056.214258538341,8192.309695626647,-6933.029199903032,42.58861470223246
96,116,136,9323.937935693619,8067.86792526247,8200.113062660479,-6944.04305222933,40.67240480725559
97,117,137,9326.351729224083,8061.906196192203,8209.92120658685,-6945.475673554971,44.470755178353556
98,118,138,9331.780094398116,8065.946080871577,8173.1824170935815,-6907.348403567041,60.22960706588947
99,119,139,9329.154380794253,8061.907513162766,8188.549963042447,-6921.303095410962,51.55580675843157
100,120,140,9325.016702146611,8074.11029484112,8189.402174894391,-6938.495767588898,40.28125225719032
101,121,141,9369.967586884155,8127.737842413415,8167.367286066297,-6925.137541595557,46.11601795493607
102,122,142,9371.928521868249,8139.640718324441,8153.7789972637875,-6921.4911937199795,49.29255108892539
103,123,143,9374.978898148605,8172.707828808018,8127.978593820331,-6925.707524479745,48.6233786151588
104,124,144,9387.258740857837,8186.497496486813,8108.679869778087,-6907.918625407063,55.31409014773135
105,125,145,9403.527862807574,8186.958173960229,8122.435349785378,-6905.865660938032,57.25786129272683
106,126,146,9421.376940591963,8179.1194902805355,8144.414679270796,-6902.157228959368,53.07244146339872
107,127,147,9423.709295970453,8214.009067801871,8122.420344493408,-6912.720116324826,49.87184649543315
108,128,148,9433.487253581116,8214.308330379195,8136.858789770729,-6917.679866568809,44.16689076293642
109,129,149,9446.710932960097,8211.412639901188,8155.547066377073,-6920.248773318162,45.647724012931576
110,130,150,9413.395807179135,8200.581889649784,8131.568731579971,-6918.754814050621,36.76625130655066
111,131,151,9404.21568056287,8184.650072721042,8136.234520779835,-6916.668912938008,37.35887268868419
112,132,152,9402.60594319964,8195.693519362532,8100.773936153744,-6893.861512316636,41.92400720113028
113,133,153,9400.276294615336,8184.5086786187385,8096.720035343028,-6880.952419346429,41.09425095040797
114,134,154,9415.766712456498,8188.901325586744,8108.699962509847,-6881.834575640092,48.50108163769528
115,135,155,9426.027325260919,8192.309695626647,8099.114868244396,-6865.397238610125,51.840082179895035
116,136,156,9426.069191987117,8200.113062660479,8100.854840926765,-6874.898711600126,52.162648861331036
117,137,157,9447.742419268821,8209.92120658685,8112.927858757201,-6875.10664607523,57.20323448363524
118,138,158,9428.212207188786,8173.1824170935815,8083.981814674614,-6828.952024579408,70.78650604214909
119,139,159,9432.047330208294,8188.549963042447,8079.560812237609,-6836.0634450717625,65.53126227263874
120,140,160,9415.776159942208,8189.402174894391,8068.8077859981995,-6842.433800950381,60.41092032292272
121,141,161,9357.911669823583,8167.367286066297,8071.377585980799,-6880.833202223514,35.43379230189157
122,142,162,9352.722397946596,8153.7789972637875,8128.589783840343,-6929.646383157535,36.66043744771832
123,143,163,9329.369153855398,8127.978593820331,8067.846701309103,-6866.456141274037,27.759729670535307
124,144,164,9309.27332068772,8108.679869778087,8077.281752471899,-6876.688301562266,24.515054012867495
125,145,165,9312.325798143747,8122.435349785378,8066.917276223971,-6877.026827865602,29.86697548147049
126,146,166,9338.276750959365,8144.414679270796,8075.049439977017,-6881.187368288447,26.82720781828766
127,147,167,9313.094991129297,8122.420344493408,8095.099222715521,-6904.424576079631,12.419504000985853
128,148,168,9313.043257978901,8136.858789770729,8106.826041761796,-6930.641573553625,1.8577657836922299
129,149,169,9332.318173940403,8155.547066377073,8103.071886758505,-6926.300779195175,12.349366811900381
130,150,170,9333.64084713463,8131.568731579971,8123.95935892693,-6921.887243372272,22.1190524062431
131,151,171,9339.663527805074,8136.234520779835,8141.335102266885,-6937.906095241646,20.147533573450346
132,152,172,9304.68707476568,8100.773936153744,8152.5773413860925,-6948.664202774158,9.280002909256382
133,153,173,9310.53962841769,8096.720035343028,8164.878112217819,-6951.058519143156,7.815503925122357
134,154,174,9296.42223195646,8108.699962509847,8157.766130196665,-6970.043860750053,4.8117158804657265
135,155,175,9293.77379749829,8099.114868244396,8155.436225836342,-6960.777296582448,5.741509450348531
136,156,176,9302.293468819205,8100.854840926765,8164.2649149719655,-6962.826287079524,13.89718681078375
137,157,177,9314.475770013405,8112.927858757201,8153.987940403672,-6952.4400291474685,27.24879359600618
138,158,178,9288.372507850792,8083.981814674614,8159.432303508667,-6955.04161033249,29.316559562268594
139,159,179,9269.856560450871,8079.560812237609,8160.7328389968325,-6970.437090783571,22.617440861995874
140,160,180,9245.605487761002,8068.8077859981995,8155.57368345366,-6978.7759816908565,21.823904802540255
141,161,181,9266.896618231425,8071.377585980799,8188.51645924782,-6992.9974269971935,28.4703603152725
142,162,182,9271.392776891218,8128.589783840343,8174.200259939693,-7031.397266888818,30.675815620065805
143,163,183,9277.124137972629,8067.846701309103,8181.014799272516,-6971.73736260899,25.670147393542265
144,164,184,9278.260615193944,8077.281752471899,8180.523651310115,-6979.544788588071,26.256717800262322
145,165,185,9301.471781018769,8066.917276223971,8214.04081965813,-6979.486314863334,34.898093211328614
146,166,186,9316.968404490122,8075.049439977017,8221.83145864977,-6979.9124941366645,29.84494001205485
147,167,187,9316.933418670966,8095.099222715521,8207.652545624607,-6985.818349669162,25.934760807999737
148,168,188,9313.503919723862,8106.826041761796,8177.482698773487,-6970.80482081142,27.653131785598816
149,169,189,9305.867931988556,8103.071886758505,8169.760603329476,-6966.964558099426,34.75379229950204
150,170,190,9324.295568846554,8123.95935892693,8160.754907542296,-6960.418697622672,43.62526496510736
151,171,191,9328.51557752629,8141.335102266885,8154.129026990762,-6966.948551731357,38.318758860601974
152,172,192,9328.122081566735,8152.5773413860925,8160.083267351134,-6984.538527170493,32.48912361194243
153,173,193,9344.436758504757,8164.878112217819,8169.928660048319,-6990.370013761381,35.33084858283564
154,174,194,9344.456122141419,8157.766130196665,8178.050227559297,-6991.360235614542,32.29159471884441
155,175,195,9332.049601540306,8155.436225836342,8169.497437162892,-6992.884061458928,29.53101462139375
156,176,196,9320.59066791279,8164.2649149719655,8171.390279355267,-7015.064526414442,16.212358009601758
157,177,197,9333.509132402247,8153.987940403672,8191.162460383308,-7011.641268384734,14.516846673136115
158,178,198,9331.963062808667,8159.432303508667,8182.991194522979,-7010.46043522298,17.219868784733535
159,179,199,9340.904775828216,8160.7328389968325,8186.937499113279,-7006.765562281895,19.755378489508075
160,180,200,9341.785341583058,8155.57368345366,8192.661733852534,-7006.450075723136,23.308427167009086
161,181,201,9348.393400440036,8188.51645924782,8180.248869371958,-7020.371928179742,22.715570054663203
162,182,202,9344.429848248601,8174.200259939693,8193.217693702267,-7022.988105393359,22.12733746148706
163,183,203,9351.068125293079,8181.014799272516,8182.0144278022035,-7011.9611017816405,28.292330870719525
164,184,204,9347.205961937501,8180.523651310115,8159.94865815356,-6993.266347526174,28.546013438219234
165,185,205,9341.269027957576,8214.04081965813,8120.315147982142,-6993.0869396826965,31.653835343769515
166,186,206,9332.091312673487,8221.83145864977,8091.188971795298,-6980.929117771582,32.83862296601774
167,187,207,9315.379258251942,8207.652545624607,8081.586354815076,-6973.859642187741,30.538465831228677
168,188,208,9298.117868098572,8177.482698773487,8092.102532796593,-6971.467363471507,18.888941166518634
169,189,209,9303.388422765847,8169.760603329476,8118.531136116639,-6984.903316680267,19.14220506982474
