Left,Mid,Right,Loss,Loss_left,Loss_right,gain,glasso
0,20,40,9284.81540952273,8119.446290594714,8164.7304464401695,-6999.361327512153,19.49724662878043
1,21,41,9274.697508972891,8107.439440358922,8161.145947690267,-6993.887879076297,17.189402560513372
2,22,42,9267.32379396323,8099.79531628469,8160.215529706603,-6992.687052028061,12.259724334812745
3,23,43,9268.693498968412,8110.648476296498,8160.578042603089,-7002.533019931176,16.934337493827115
4,24,44,9271.850547352844,8110.434402729921,8163.5206524524365,-7002.104507829514,16.667908332028674
5,25,45,9271.301629014866,8114.442120521795,8145.3884272934065,-6988.528918800335,22.441676935502983
6,26,46,9277.503661204006,8101.962019616404,8168.786343656233,-6993.24470206863,21.899775905216302
7,27,47,9277.261836168624,8100.061401684406,8173.969380923839,-6996.768946439621,18.70654131809033
8,28,48,9275.890666946416,8108.243082926152,8172.124408875514,-7004.47682485525,16.947630766719612
9,29,49,9266.403126179843,8127.569187536342,8146.455281542104,-7007.621342898603,19.910626373531613
10,30,50,9271.65313710446,8139.747502121542,8141.777772022234,-7009.872137039316,21.664993376848088
11,31,51,9275.579466775518,8154.942411113541,8127.189706788126,-7006.552651126149,24.023981844431546
12,32,52,9264.894818135648,8141.509030384663,8118.1048050511345,-6994.719017300149,30.033913301117536
13,33,53,9261.909261086188,8147.984556618499,8093.262661173056,-6979.337956705367,32.06763705044341
14,34,54,9263.52494450632,8176.905976608293,8066.121644915005,-6979.502677016979,29.383280526629278
15,35,55,9261.42635377782,8170.775341477448,8044.554099267163,-6953.903086966791,29.42786820454785
16,36,56,9253.506549033847,8159.736723214948,8079.176902313825,-6985.4070764949265,20.391182173263132
17,37,57,9260.053105358598,8156.409435621213,8102.6269941194005,-6998.983324382014,20.337637492787508
18,38,58,9261.051970082894,8159.89984482649,8107.826931458761,-7006.674806202356,18.739768502807237
19,39,59,9267.999201588362,8169.083577925496,8117.857383123333,-7018.941759460467,14.828401668906736
20,40,60,9286.439678032022,8164.7304464401695,8133.094678677498,-7011.385447085646,17.88385355062246
21,41,61,9305.789765592917,8161.145947690267,8161.603525431972,-7016.959707529322,12.894785046083598
22,42,62,9342.714107685284,8160.215529706603,8191.377329202998,-7008.878751224316,13.413926855503178
23,43,63,9369.547051104557,8160.578042603089,8212.412938908215,-7003.443930406747,18.189490010421196
24,44,64,9397.080218794352,8163.5206524524365,8225.701909109677,-6992.142342767762,24.27647195917507
25,45,65,9404.816984907175,8145.3884272934065,8242.910152756886,-6983.481595143119,22.468793696511966
26,46,66,9415.811438450695,8168.786343656233,8224.84676638719,-6977.82167159273,29.708717191105734
27,47,67,9431.840241514039,8173.969380923839,8233.435347200604,-6975.564486610403,31.762325976819284
28,48,68,9449.225360574066,8172.124408875514,8242.367230055272,-6965.2662783567175,34.21433965404594
29,49,69,9457.004659819386,8146.455281542104,8274.053094909694,-6963.503716632413,35.7085479407001
30,50,70,9480.893358448273,8141.777772022234,8296.198626734058,-6957.083040308018,39.3988444614547
31,51,71,9477.384070898213,8127.189706788126,8289.488625123025,-6939.294261012939,43.26030251202292
32,52,72,9483.930510205735,8118.1048050511345,8294.493077563033,-6928.66737240843,50.416460138416824
33,53,73,9477.653336754609,8093.262661173056,8292.846553476724,-6908.4558778951705,50.11153463046003
34,54,74,9481.753496937203,8066.121644915005,8289.561773355324,-6873.929921333127,61.22523917494982
35,55,75,9468.603483255625,8044.554099267163,8275.484291523428,-6851.4349075349655,59.12284971913323
36,56,76,9495.844063220866,8079.176902313825,8286.232110004144,-6869.5649490971045,62.08366196279485
37,57,77,9505.999548066502,8102.6269941194005,8267.558679913755,-6864.186125966653,61.16407372933236
38,58,78,9526.233804254076,8107.826931458761,8265.44532491098,-6847.038452115663,70.95432918676033
39,59,79,9534.502685378253,8117.857383123333,8247.240446550955,-6830.595144296036,77.0245508041694
40,60,80,9541.386298469322,8133.094678677498,8229.556881490793,-6821.265261698969,78.47166665997247
41,61,81,9540.048314498908,8161.603525431972,8223.856674277651,-6845.411885210717,73.07916561306047
42,62,82,9532.5429891152,8191.377329202998,8223.698870805873,-6882.533210893673,57.85149120949154
43,63,83,9528.084123703751,8212.412938908215,8202.030664567947,-6886.359479772409,58.67255470199325
44,64,84,9515.796750226731,8225.701909109677,8177.792300558021,-6887.697459440966,60.46460146173513
45,65,85,9515.374555059545,8242.910152756886,8170.846862102962,-6898.382459800301,54.90272744363074
46,66,86,9481.6696327072,8224.84676638719,8165.575026951262,-6908.752160631253,57.632782412071265
47,67,87,9482.514464300202,8233.435347200604,8172.789144467342,-6923.710027367746,52.484877259986206
48,68,88,9474.39838372565,8242.367230055272,8161.226009454766,-6929.19485578439,49.50009411043493
49,69,89,9476.161832098289,8274.053094909694,8143.585793275052,-6941.477056086456,54.22721757803083
50,70,90,9471.372580450781,8296.198626734058,8115.75673972824,-6940.582786011517,47.654080822603646
51,71,91,9461.700167830033,8289.488625123025,8132.448350902612,-6960.236808195605,42.25083096434628
52,72,92,9449.961805290688,8294.493077563033,8131.627430146156,-6976.158702418499,40.744570021875006
53,73,93,9448.939840258045,8292.846553476724,8128.700511975953,-6972.607225194632,36.626514490768386
54,74,94,9459.534589431745,8289.561773355324,8167.770551449763,-6997.797735373342,32.67991756154288
55,75,95,9436.373303155557,8275.484291523428,8157.855716802913,-6996.966705170784,31.11115579409261
56,76,96,9418.817155551531,8286.232110004144,8144.209370911614,-7011.62432536423,24.779317834788344
57,77,97,9389.744670239359,8267.558679913755,8131.041062652061,-7008.855072326454,19.799660241483707
58,78,98,9377.002758099346,8265.44532491098,8107.735151366277,-6996.177718177909,17.704035680918878
59,79,99,9352.918321208503,8247.240446550955,8080.489430704238,-6974.81155604669,26.08185781852808
60,80,100,9330.132156397063,8229.556881490793,8080.515199560819,-6979.939924654549,31.808835727512815
61,81,101,9322.905652504356,8223.856674277651,8061.878256582343,-6962.829278355639,37.01292866984568
62,82,102,9319.241340073564,8223.698870805873,8074.913509438792,-6979.3710401711,32.006771555820706
63,83,103,9297.588265179926,8202.030664567947,8068.718762163891,-6973.161161551912,24.37308145514953
64,84,104,9279.633274952663,8177.792300558021,8070.093256238013,-6968.252281843372,24.718412975048523
65,85,105,9295.856919331753,8170.846862102962,8084.427515496208,-6959.417458267417,33.42828694661421
66,86,106,9304.373322445703,8165.575026951262,8104.257586783377,-6965.459291288935,42.66315430079521
67,87,107,9307.86342790042,8172.789144467342,8101.623782565274,-6966.549499132196,41.54398850734242
68,88,108,9319.12391477487,8161.226009454766,8132.749707363746,-6974.851802043644,39.844143527497636
69,89,109,9299.010679472656,8143.585793275052,8126.924597808333,-6971.49971161073,42.90576219586637
70,90,110,9283.62210729067,8115.75673972824,8141.384711116235,-6973.519343553806,36.3686391166284
71,91,111,9286.242588494355,8132.448350902612,8130.4661709666725,-6976.67193337493,37.0856052447225
72,92,112,9290.171684069617,8131.627430146156,8146.782583187127,-6988.238329263666,28.489290882124806
73,93,113,9297.523180459835,8128.700511975953,8161.329809800534,-6992.507141316653,33.91247110136828
74,94,114,9290.885707270247,8167.770551449763,8136.865700069999,-7013.750544249515,21.120015891996445
75,95,115,9288.376221606477,8157.855716802913,8147.933508626958,-7017.413003823394,15.058065865745903
76,96,116,9276.595561120066,8144.209370911614,8152.888964366384,-7020.502774157932,10.585084000082588
77,97,117,9265.243632934687,8131.041062652061,8157.048094704902,-7022.845524422275,6.721122620366714
78,98,118,9281.405557022472,8107.735151366277,8173.4536276829995,-6999.783222026805,17.83014733971504
79,99,119,9266.919068227568,8080.489430704238,8174.320454664115,-6987.890817140784,20.41547810804377
80,100,120,9248.157366670484,8080.515199560819,8143.118183038165,-6975.4760159285,31.493680310249147
81,101,121,9245.16717577306,8061.878256582343,8157.687225299605,-6974.398306108889,36.32694090824998
82,102,122,9248.623717699997,8074.913509438792,8160.457732248507,-6986.747523987302,34.12740738498769
83,103,123,9252.622014960203,8068.718762163891,8168.8469323217105,-6984.943679525399,28.77379971489154
84,104,124,9249.81801505747,8070.093256238013,8170.520316129502,-6990.795557310044,22.86127930971361
85,105,125,9255.033253522828,8084.427515496208,8155.570235421272,-6984.964497394651,27.15179989619446
86,106,126,9256.011073112652,8104.257586783377,8140.953796173571,-6989.2003098442965,29.079895584911355
87,107,127,9241.358967407436,8101.623782565274,8138.8211205242515,-6999.085935682091,22.52322696820829
88,108,128,9297.534504685456,8132.749707363746,8160.7320888829045,-6995.947291561195,34.946890266559876
89,109,129,9287.02225256039,8126.924597808333,8160.099739629829,-7000.002084877771,30.404734663469753
90,110,130,9284.974475162751,8141.384711116235,8151.004114485259,-7007.414350438743,28.229644830511006
91,111,131,9275.50006897032,8130.4661709666725,8142.337989712742,-6997.304091709095,29.312791370727155
92,112,132,9287.208594157393,8146.782583187127,8137.942311770942,-6997.516300800675,33.50683355578576
93,113,133,9303.691774603185,8161.329809800534,8144.365372717713,-7002.003407915063,34.10399885545212
94,114,134,9274.75024100185,8136.865700069999,8133.465697114381,-6995.58115618253,27.93781671438319
95,115,135,9280.277738803368,8147.933508626958,8129.737599374034,-6997.3933691976235,27.8617832268028
96,116,136,9278.902158605935,8152.888964366384,8119.042568487077,-6993.029374247526,27.198778962309916
97,117,137,9286.931310837728,8157.048094704902,8124.184664129006,-6994.3014479961785,29.875967732031313
98,118,138,9293.7532760922,8173.4536276829995,8080.237143788929,-6959.937495379727,38.129741387241666
99,119,139,9293.604048708949,8174.320454664115,8091.505360263985,-6972.221766219151,34.193992901668935
100,120,140,9295.294277250998,8143.118183038165,8106.386682153169,-6954.210587940337,39.475084259846426
101,121,141,9309.642709327203,8157.687225299605,8113.685821529476,-6961.730337501878,33.265857268861055
102,122,142,9334.716128395059,8160.457732248507,8133.970601563088,-6959.7122054165375,36.98222257794805
103,123,143,9371.618123448206,8168.8469323217105,8151.897835098938,-6949.126643972442,39.3877340542449
104,124,144,9376.279978791339,8170.520316129502,8148.757645861457,-6942.997983199621,37.152851180916514
105,125,145,9374.323729223961,8155.570235421272,8163.681490750204,-6944.927996947514,35.45152750498255
106,126,146,9376.418477026158,8140.953796173571,8179.962347630701,-6944.497666778114,29.36234237174267
107,127,147,9389.133631604473,8138.8211205242515,8180.761673846168,-6930.449162765948,35.33524297666372
108,128,148,9362.505811373869,8160.7320888829045,8125.49629689193,-6923.722574400965,24.502550610314756
109,129,149,9368.401949185754,8160.099739629829,8141.091929289289,-6932.789719733362,21.224630845691536
110,130,150,9369.950750235017,8151.004114485259,8153.722828194067,-6934.776192444309,22.919912195261077
111,131,151,9395.63708910528,8142.337989712742,8175.964909687884,-6922.665810295346,29.390524473976257
112,132,152,9403.718850095263,8137.942311770942,8190.338637059306,-6924.562098734985,31.615816783713854
113,133,153,9383.74383170771,8144.365372717713,8167.647588433917,-6928.269129443921,25.005602723265838
114,134,154,9389.816778634537,8133.465697114381,8165.192607067264,-6908.841525547108,27.762274646904643
115,135,155,9387.997930320627,8129.737599374034,8164.720926281618,-6906.460595335026,29.601069954783725
116,136,156,9384.732735154166,8119.042568487077,8162.561961017845,-6896.871794350756,27.118497204527102
117,137,157,9408.423383294652,8124.184664129006,8155.576196677861,-6871.337477512214,35.779036220915714
118,138,158,9343.029646115541,8080.237143788929,8140.349280915381,-6877.556778588769,16.16683765091784
119,139,159,9354.527852604959,8091.505360263985,8134.636830020373,-6871.614337679399,20.456493261099695
120,140,160,9359.762241075241,8106.386682153169,8120.230302394832,-6866.854743472759,18.20617309908903
121,141,161,9369.275572493312,8113.685821529476,8134.742030676121,-6879.152279712285,23.007828302364032
122,142,162,9361.862512619904,8133.970601563088,8119.561619318277,-6891.669708261461,18.746253752243774
123,143,163,9362.762078927943,8151.897835098938,8098.517338021916,-6887.653094192912,21.464166787090562
124,144,164,9364.655113924819,8148.757645861457,8115.262267309064,-6899.364799245701,22.952877919365164
125,145,165,9355.920617181773,8163.681490750204,8088.180116427749,-6895.940989996181,26.239699319473402
126,146,166,9355.21958663417,8179.962347630701,8088.195389412427,-6912.938150408958,24.779933989779238
127,147,167,9342.91177415301,8180.761673846168,8073.4205426903345,-6911.270442383493,22.84071379077477
128,148,168,9291.532759002152,8125.49629689193,8091.082443261971,-6925.04598115175,9.036533369940116
129,149,169,9311.114830491562,8141.091929289289,8102.248347012204,-6932.2254458099305,13.597958937196836
130,150,170,9319.095854937883,8153.722828194067,8091.159119916638,-6925.786093172823,12.558906934218157
131,151,171,9327.180158881456,8175.964909687884,8069.342909746217,-6918.127660552644,21.44563573784535
132,152,172,9315.027718464591,8190.338637059306,8061.74299631094,-6937.053914905655,12.779863203462355
133,153,173,9295.380505063293,8167.647588433917,8065.800031046128,-6938.067114416752,9.505623211844068
134,154,174,9290.295459589332,8165.192607067264,8063.063943792516,-6937.961091270448,12.694379244919674
135,155,175,9299.181423308699,8164.720926281618,8084.202786446418,-6949.742289419337,22.153672884792286
136,156,176,9285.826518975437,8162.561961017845,8080.861914690194,-6957.597356732602,13.750844405664793
137,157,177,9271.18993320772,8155.576196677861,8076.487520371138,-6960.87378384128,9.50804874000869
138,158,178,9252.65302186933,8140.349280915381,8078.539156809083,-6966.235415855135,15.123549599235503
139,159,179,9229.590928904794,8134.636830020373,8058.424631695163,-6963.470532810743,9.204986206417743
140,160,180,9210.091032433422,8120.230302394832,8058.5499944821,-6968.68926444351,8.400073345565943
141,161,181,9196.524232103193,8134.742030676121,8041.112181291321,-6979.329979864249,10.923200545439613
142,162,182,9192.339703460028,8119.561619318277,8046.286514587432,-6973.508430445681,7.77734659937687
143,163,183,9192.601952694142,8098.517338021916,8066.164790395527,-6972.080175723302,7.399558551544487
144,164,184,9230.10727199208,8115.262267309064,8099.903764557098,-6985.058759874082,5.866409327777546
145,165,185,9217.6801880497,8088.180116427749,8102.855248197708,-6973.355176575757,7.463957127456524
146,166,186,9210.556994400198,8088.195389412427,8095.464374742302,-6973.102769754532,15.301368060047025
147,167,187,9219.224970272384,8073.4205426903345,8106.3693585366655,-6960.564930954615,14.162749213699954
148,168,188,9224.365865543108,8091.082443261971,8104.4897297439275,-6971.2063074627895,7.127016279052896
149,169,189,9246.934856195236,8102.248347012204,8133.465261391521,-6988.778752208491,7.812905710153245
150,170,190,9249.928441182,8091.159119916638,8141.1909652270115,-6982.421643961648,9.319029463872994
151,171,191,9230.196660020481,8069.342909746217,8126.030608904784,-6965.176858630519,12.433980642857478
152,172,192,9234.789427546202,8061.74299631094,8137.316269950634,-6964.269838715372,3.569739068747367
153,173,193,9239.3248068517,8065.800031046128,8144.62102706278,-6971.096251257208,6.370024204823039
154,174,194,9239.4728809593,8063.063943792516,8147.620379012835,-6971.2114418460515,11.792527500573215
155,175,195,9231.26703225702,8084.202786446418,8117.097245247908,-6970.032999437306,17.488866153608342
156,176,196,9238.253448134443,8080.861914690194,8131.603558080085,-6974.212024635837,23.493250492734205
157,177,197,9230.949279971555,8076.487520371138,8137.116173261685,-6982.654413661268,16.52807369680113
158,178,198,9235.184647753682,8078.539156809083,8134.4469504887065,-6977.801459544107,24.608769513321477
159,179,199,9239.73141017161,8058.424631695163,8151.089680220989,-6969.782901744542,31.99406346752994
160,180,200,9251.904138856004,8058.5499944821,8161.402602619595,-6968.048458245692,33.855703904819165
161,181,201,9254.859466216036,8041.112181291321,8165.914731438825,-6952.1674465141095,34.999085602380546
162,182,202,9254.497950756104,8046.286514587432,8163.934696128498,-6955.7232599598265,35.11537134913988
163,183,203,9249.125950514297,8066.164790395527,8167.8885852453695,-6984.9274251266,35.70722686679301
164,184,204,9247.972362195926,8099.903764557098,8151.29065701635,-7003.222059377522,36.427558918836894
165,185,205,9241.75580129577,8102.855248197708,8138.79748094908,-6999.896927851016,35.30353240726072
166,186,206,9239.39633712588,8095.464374742302,8133.227794273678,-6989.2958318901,20.558628803263673
167,187,207,9231.55729078855,8106.3693585366655,8115.081005733452,-6989.893073481566,13.0247959844246
168,188,208,9241.67595312449,8104.4897297439275,8137.089540589614,-6999.903317209053,15.407863756360257
169,189,209,9262.098689437262,8133.465261391521,8122.898696653481,-6994.265268607742,19.729295847608682
