Left,Mid,Right,Loss_likeli,Loss_AIC,Loss_BIC,Loss_eBIC
0,20,40,133.63148586582838,-115.36851413417162,-156.50609411473033,-1761.7594222593962
1,21,41,132.4481693117857,-145.5518306882143,-176.17923416289477,-2005.4408340664932
2,22,42,124.0812510828282,-135.9187489171718,-164.45935325713617,-2001.9359318426414
3,23,43,145.71729641860816,-137.28270358139184,-179.83393175454876,-2246.233851248557
4,24,44,135.20281824610288,-144.79718175389712,-184.50277887491575,-2253.3273951031797
5,25,45,136.2063812312399,-113.7936187687601,-138.04885859086198,-1804.648412103863
6,26,46,129.97460597510872,-135.02539402489128,-161.13939733125244,-1916.2449295709093
7,27,47,160.1946470728917,-51.80535292710829,-56.926142960257266,-1007.4816704185223
8,28,48,187.7898269296668,-40.21017307033321,-68.6039060768112,-1244.7792482154264
9,29,49,252.74899308280965,15.748993082809648,-29.41962526048337,-1474.361697853938
10,30,50,244.92597855461008,31.925978554610083,-4.458216932615414,-1474.0692255197296
11,31,51,211.83479251887684,7.834792518876839,-16.271258476367393,-1516.4211836311988
12,32,52,191.28536238523725,-6.714637614762751,-33.60054082857505,-1525.6018057232259
13,33,53,168.0292748229872,24.02927482298719,20.26497482197442,-1191.8329380410942
14,34,54,179.99802441969769,26.998024419697686,22.911812271051758,-1204.5995682604362
15,35,55,202.92841135088293,61.928411350882925,61.19655413936789,-1115.9879991384364
16,36,56,159.96726843511715,23.96726843511715,14.56784834532823,-939.8456058693514
17,37,57,170.96251959527171,29.962519595271715,23.532934921230208,-1079.4876061435916
18,38,58,159.17273243482555,34.17273243482555,38.88198134751178,-969.3882170130869
19,39,59,145.18330459322624,-1.8166954067737606,6.948940641846548,-941.9852345452223
20,40,60,164.0748098412039,17.074809841203887,8.351175527060605,-1014.5403011395106
21,41,61,203.81917192320793,16.819171923207932,2.5577575465795235,-1109.2663518651148
22,42,62,205.37797133396225,3.3779713339622504,-21.836944080637068,-1382.9562755481966
23,43,63,225.88651433840482,9.239767638521243,-35.07633481407993,-1399.7610281473653
24,44,64,281.07099439761396,58.13532392721527,6.199156797797286,-1473.2421270011073
25,45,65,309.5948442365377,92.51650542671928,37.52451273206384,-1337.164757417665
26,46,66,382.4349387640466,140.4349387640466,62.093267553109854,-1558.5477705981943
27,47,67,316.5679179333529,118.56791793335287,65.33064165775909,-972.0371918485839
28,48,68,358.36662420401035,158.36662420401035,97.20099038633043,-1116.5906923222578
29,49,69,379.3233225368044,157.32332253680443,83.77494411821363,-1202.1548807285108
30,50,70,380.26488326141725,168.26488326141725,88.3103183368678,-1179.1445969964952
31,51,71,438.16664096932755,203.16664096932755,105.0558029766812,-1608.104264530247
32,52,72,422.1828767826819,164.1828767826819,57.86498195221384,-1755.099618145332
33,53,73,359.57154523597046,157.57154523597046,80.44975829307032,-1227.8197004588944
34,54,74,374.2198956764987,155.2198956764987,55.891272250175916,-1278.0278586098432
35,55,75,364.6977731804445,177.69777318044453,101.03831436435212,-1057.7262133408642
36,56,76,375.3829044779777,181.38290447797772,95.41600479141539,-979.7580427023922
37,57,77,406.67033287262916,187.67033287262916,88.34170944630614,-1264.2129275185941
38,58,78,384.94532065707244,187.94532065707244,101.43356259201414,-1060.119459972115
39,59,79,385.20167819403423,173.20167819403423,79.14781335015255,-1212.3619346923924
40,60,80,401.3865698855411,186.38656988554112,85.58367510352673,-1154.4818564233399
41,61,81,333.02341702613717,143.02341702613717,67.31617714848949,-957.2982837471193
42,62,82,256.3857677833312,109.38576778333118,67.78517824900223,-561.3252781048352
43,63,83,173.73524249225193,72.08849579236812,46.50087833431712,-271.039998592011
44,64,84,208.61851679136498,101.68284632096606,68.39240956926074,-267.3438758939351
45,65,85,222.7669034511964,128.68856464137798,102.00961569369565,-264.2506799561347
46,66,86,212.00688020834377,128.00688020834377,98.86930343437461,-269.3167738538459
47,67,87,184.43490939531557,105.43490939531557,76.92183451999585,-242.47752608250903
48,68,88,197.48120879999306,117.48120879999306,93.66047583296927,-262.4375919291897
49,69,89,180.38060849053704,100.38060849053704,79.53191983078295,-254.46113804259608
50,70,90,171.57099025774232,92.57099025774232,81.20231402832701,-245.81377690961494
51,71,91,171.87535305627875,97.87535305627875,72.61567665722009,-265.50814991135803
52,72,92,113.87893890657688,61.87893890657688,48.73315083909097,-203.21203714293847
53,73,93,132.06455143690005,56.06455143690005,55.936277975229586,-164.0007314650304
54,74,94,137.99261302100103,58.992613021001034,43.65176711614822,-344.29390112722217
55,75,95,161.7040868414515,64.7040868414515,37.498703213248746,-583.0539441537005
56,76,96,184.45777447611454,85.45777447611454,58.58571009976163,-580.1175183636014
57,77,97,174.81673388471063,69.81673388471063,45.31185301811752,-707.7565048297249
58,78,98,177.8122832683348,64.8122832683348,51.084852947003355,-670.6601500552911
59,79,99,178.56497599022714,73.56497599022714,53.54444797341239,-654.3004450784379
60,80,100,211.2592251770634,97.2592251770634,77.22073144275464,-655.4886237046117
61,81,101,229.732293128126,102.732293128126,72.10034599920164,-796.9627952917951
62,82,102,202.37861023779897,101.37861023779897,85.35655304443435,-516.5764816983378
63,83,103,184.18815640919638,84.18815640919638,61.988966635388124,-501.6361721881917
64,84,104,179.38472770973794,76.38472770973794,48.26474755959134,-417.0300690699564
65,85,105,199.48223195382934,111.48223195382934,87.77128015369226,-457.7240799444803
66,86,106,183.9487650483925,91.94876504839249,71.58345773721157,-469.3507293042612
67,87,107,175.74648578303413,82.74648578303413,59.75689391037099,-372.1665533937821
68,88,108,156.88624901823187,72.88624901823187,63.42138888640716,-364.99052613157755
69,89,109,142.9832562779295,59.98325627792951,41.95052461931982,-371.38556456634865
70,90,110,151.39866342847745,72.39866342847745,68.01484861320591,-361.64908015725905
71,91,111,135.87527049242976,43.87527049242976,27.170252801173774,-341.0637163388046
72,92,112,132.3419896273981,63.34198962739811,60.55648309086155,-184.34911182135033
73,93,113,112.8301388627192,28.830138862719195,34.83847189237554,-199.8548259577376
74,94,114,108.35852598149586,46.35852598149586,43.29371389493144,-293.91577242183484
75,95,115,122.1496034832644,53.1496034832644,44.5065355831191,-351.1784119708029
76,96,116,150.28204593420924,89.43795357087743,83.19796391025943,-303.44016368189796
77,97,117,174.0500256138207,88.05002561382071,74.11531756838053,-377.5627084453927
78,98,118,198.73220480706482,115.73220480706482,110.20097060138937,-277.14552786613444
79,99,119,192.82505895502686,90.82505895502686,74.0284216747034,-378.5679473619457
80,100,120,223.84262930146997,126.84262930146997,115.10704985814573,-306.9674832384467
81,101,121,237.34369983455304,150.34369983455304,129.14272564888643,-360.964684998002
82,102,122,261.9562502460162,156.95625024601622,131.0198987457095,-665.8162451743895
83,103,123,224.12633828900834,111.12633828900834,85.93643454009884,-669.4137151043055
84,104,124,187.20782295286722,79.20782295286722,55.590182535309395,-554.6452300570968
85,105,125,160.91505108353545,46.915051083535445,26.8764319896261,-638.5149025280934
86,106,126,137.27148673266106,26.27148673266106,6.843930531116484,-706.251488525344
87,107,127,154.9952706799645,36.995270679964506,10.153013909943638,-686.2075053395101
88,108,128,155.66121527028736,24.661215270287357,6.406939943326506,-678.022973953513
89,109,129,189.64776712754747,69.64776712754747,43.001308567099386,-638.2081496000926
90,110,130,185.96668953615767,82.96668953615767,56.293202358005146,-625.6146328019524
91,111,131,183.8478419928756,61.8478419928756,25.209320691190214,-570.0544278065336
92,112,132,182.81294477558345,58.812944775583446,37.733989956346704,-585.7006722333635
93,113,133,169.64536226683663,46.64536226683663,28.3764860005424,-623.6411191982584
94,114,134,177.60459176456948,57.60459176456948,24.546821802887735,-710.4571807763409
95,115,135,198.37792149011034,93.37792149011034,70.41661025005192,-532.0510510205286
96,116,136,201.05507778154083,104.21098541820902,84.89984509753867,-494.42682776682864
97,117,137,172.33755943584015,68.33755943584015,47.4755261974999,-541.9411601644906
98,118,138,198.94308186998956,79.94308186998956,52.15744785166498,-669.7396538779019
99,119,139,192.74863532367067,101.74863532367067,92.4566868016268,-302.19693104115004
100,120,140,191.76965158456937,141.76965158456937,153.81555253848592,-48.257179565779325
101,121,141,198.38479513452626,153.38479513452626,162.46481572450375,-75.85497067407232
102,122,142,232.6492641249199,136.6492641249199,112.27021926549105,-422.0812153924405
103,123,143,228.9026753946664,122.9026753946664,93.22664202675651,-385.97193184423895
104,124,144,203.16133205917959,102.16133205917959,70.2452525295414,-436.23530576777716
105,125,145,218.56662568857337,93.56662568857337,56.9853147906731,-478.4260760823274
106,126,146,196.32751447573105,82.03854088531875,58.695684948621874,-508.0469051554737
107,127,147,230.18126313903144,71.24227167378126,37.22745791841771,-776.1607844597693
108,128,148,266.71585389080155,99.71585389080155,52.794785606083906,-768.6959386951751
109,129,149,267.51548019689244,108.51548019689244,51.70846100346216,-752.1333167756468
110,130,150,255.521464685992,103.52146468599199,51.252798497057256,-754.9871850977217
111,131,151,266.17418115977216,105.17418115977216,52.790137363132544,-725.6939500004228
112,132,152,301.4380793236344,128.43807932363438,72.25315621579148,-783.4979039076363
113,133,153,305.6284150396839,120.35681782490587,61.70773430664235,-880.345113750669
114,134,154,340.81666788735674,115.81666788735674,27.22472905178506,-1190.0324246800096
115,135,155,333.9224442123939,96.92244421239388,7.486417715480002,-1319.3785518949214
116,136,156,379.2515495974428,108.25154959744282,10.826115131537335,-1541.813583377043
117,137,157,487.52658929432846,177.52658929432846,55.280504233553984,-1913.6653059964128
118,138,158,446.15068088027033,167.15068088027033,51.81303285852687,-1764.915728495936
119,139,159,444.9311043156979,222.9311043156979,131.0925879871088,-1234.3673488044687
120,140,160,469.30419769110244,277.30419769110244,201.67694790690734,-1004.4501199389279
121,141,161,460.7086020874883,250.70860208748832,170.01609112310211,-1133.5784416849053
122,142,162,402.5796295435007,218.5796295435007,140.6843041198572,-932.0746898787313
123,143,163,474.4111065114903,256.4111065114903,179.414485409583,-1346.903566800374
124,144,164,446.9356704662862,235.93567046628618,160.69124437041773,-1289.9917216110152
125,145,165,432.5869223524319,202.58692235243188,124.14555487235543,-1589.2347342848734
126,146,166,440.9122475694453,196.623273979033,127.61936772672516,-1692.393887892299
127,147,167,461.84152038992966,196.90252892467947,128.8992297810048,-1808.4185494230715
128,148,168,482.55845153914515,236.55845153914515,158.8607954441884,-1809.3075279492568
129,149,169,451.52677932745246,212.52677932745246,138.9379129644269,-1975.248049816982
130,150,170,447.0052150541492,187.00521505414918,112.15862921849634,-2048.1324754178886
131,151,171,409.67468169126414,150.67468169126414,84.85026269903597,-1909.2204455320884
132,152,172,340.6794152820107,99.67941528201072,55.73557828325397,-1773.376029537258
133,153,173,291.129748494149,64.85815127937099,47.78876546524475,-1884.6818145244251
134,154,174,264.2842553607986,18.284255360798625,-20.80564122865485,-1876.4303573153902
135,155,175,209.35399755801518,-25.64600244198482,-42.18563193067098,-1851.902891238119
136,156,176,143.9309987974798,-79.06900120252021,-73.57808251929623,-1702.2024658222613
137,157,177,148.70930599424196,-75.29069400575804,-78.82067503239705,-1633.122271973351
138,158,178,153.36442534709659,-50.635574652903415,-64.8637218048575,-1603.241261815423
139,159,179,122.62499192822156,-100.37500807177844,-109.05160817860133,-1594.0622173415422
140,160,180,108.57616947463725,-113.42383052536275,-110.96157463675809,-1705.734731599564
141,161,181,108.5384611104173,-122.4615388895827,-138.12428472520605,-1764.010228814327
142,162,182,130.61733678447172,-102.38266321552828,-124.37620241026616,-1721.1861823669342
143,163,183,157.4762222903464,-52.52377770965359,-75.28429912674915,-1557.1022431291049
144,164,184,167.01015676458337,-37.98984323541663,-57.954722324440354,-1593.046593200586
145,165,185,134.45123506243362,-45.548764937566375,-55.420121884021,-1511.5662611376956
146,166,186,140.07067838895205,-66.92932161104795,-91.66198052061213,-1538.4902646122491
147,167,187,138.20928378875328,-72.79071621124672,-84.03542411370768,-1543.761566280023
148,168,188,156.0026267388896,-67.9973732611104,-96.46400738210286,-1728.872387294307
149,169,189,92.60153685644696,-117.39846314355304,-131.84121839392924,-1679.689714685428
150,170,190,73.75528910957314,-130.24471089042686,-130.17260097993858,-1555.6376719703467
151,171,191,91.66158668215576,-131.33841331784424,-147.05482449212172,-1628.6180734717923
152,172,192,72.37558095354143,-122.62441904645857,-115.29397954412002,-1376.3257230960203
153,173,193,89.20766383733667,-127.79233616266333,-128.7941128137088,-1641.2410401551842
154,174,194,103.74080556735157,-120.25919443264843,-136.47347174370293,-1789.7250279755226
155,175,195,127.37690727670702,-117.62309272329298,-138.84817919239845,-1672.5960331376082
156,176,196,177.1231905064078,-52.87680949359219,-72.42485721558864,-1584.5804055033395
157,177,197,211.72152590044993,-1.278474099550067,-34.890080864535776,-1302.071624280813
158,178,198,201.40876758483296,6.408767584832958,-17.548101537606954,-1112.8015228817203
159,179,199,212.3908889032,-7.609111096800007,-31.898148784260684,-1333.53943604713
160,180,200,165.262125611569,-45.73787438843101,-53.04832896759808,-1382.1032325666151
161,181,201,117.12062635113011,-88.87937364886989,-97.29406991926771,-1380.8007569459269
162,182,202,130.39669920242068,-132.60330079757932,-159.82876356778752,-1924.3736157404328
163,183,203,168.8833918165144,-35.116608183485596,-65.63371407859836,-1573.695165758243
164,184,204,170.86873833743812,-35.13126166256188,-64.95149382592194,-1456.092199688217
165,185,205,128.97355529753554,-35.02644470246446,-49.06201912028632,-1145.926289397812
166,186,206,142.54060366855174,-28.45939633144826,-49.4783915185194,-1156.1519594890733
167,187,207,157.75330730845258,-36.24669269154742,-57.04950296335801,-1268.5640012327644
168,188,208,144.6202092228591,-54.3797907771409,-87.01325887304824,-1299.4781852529904
169,189,209,147.07022278647287,-24.92977721352713,-43.875120942913554,-1314.5350801693007
