Left,Mid,Right,Loss_likeli,Loss_AIC,Loss_BIC,Loss_eBIC
0,20,40,149.81881457244367,-99.18118542755633,-137.19960309559474,-1693.0047353955315
1,21,41,92.43624530245643,-124.56375469754357,-148.38332394011832,-1550.726137188789
2,22,42,121.90009204621128,-104.09990795378872,-135.5922122296156,-1567.8384306125736
3,23,43,89.191080430179,-147.808919569821,-176.4684261581392,-1419.404343519749
4,24,44,80.86523229157729,-164.13476770842271,-200.25096405163094,-1598.5134735291713
5,25,45,60.590479989307596,-171.4095200106924,-200.6176397632421,-1628.6353479375562
6,26,46,134.50992259779832,-159.49007740220168,-209.51526351680604,-2207.6002520824322
7,27,47,120.53290534983944,-169.46709465016056,-208.38642726594935,-2088.783294895482
8,28,48,123.0088085375221,-180.9911914624779,-220.50825935074272,-2094.5829631536317
9,29,49,136.6231764910276,-151.3768235089724,-207.77229974047373,-1954.917814728411
10,30,50,150.33902034631478,-139.66097965368522,-188.67096679669567,-2202.2196250456154
11,31,51,165.09068003634184,-104.90931996365816,-153.7396984646698,-2012.5944394684484
12,32,52,122.57300116017586,-115.42699883982414,-152.4743456769554,-1589.4766268944609
13,33,53,83.18098922291938,-146.81901077708062,-172.3885884809613,-1407.3533657541966
14,34,54,125.2558872724685,-93.7441127275315,-105.67024007601367,-1440.5145921791677
15,35,55,137.08513709287672,-83.91486290712328,-115.58087545159788,-1534.049130052691
16,36,56,165.7512880562083,-27.248711943791704,-53.675584695477255,-1634.2836603481273
17,37,57,186.9102709534518,-61.0897290465482,-110.39378264732886,-1767.6550279229696
18,38,58,184.16956926897274,-64.83043073102726,-113.24605610746494,-1999.5931728056448
19,39,59,213.0718160301119,-44.928183969888096,-99.55747252871879,-2123.7999692158764
20,40,60,190.60267844878013,-69.39732155121987,-122.59632725164465,-1919.4456354077347
21,41,61,194.09805416727704,-44.90194583272296,-92.49779292475068,-1681.2038333336404
22,42,62,182.26078640577202,-78.73921359422798,-136.24839492450928,-1871.809319634338
23,43,63,224.96480339350842,-34.03519660649158,-94.93861830886385,-1776.6366715620547
24,44,64,244.94444705807382,-2.05555294192618,-60.01016131970118,-1774.3153010349342
25,45,65,340.7010069498783,91.70100694987832,13.826626399642691,-1749.4597741033886
26,46,66,411.51948217845893,99.51948217845893,-6.519115064506877,-2301.2038853971862
27,47,67,435.8297359805181,121.82973598051808,15.059792442577645,-2442.9959513134313
28,48,68,417.1471689346415,127.14716893464151,40.29011518361017,-1913.1617296513587
29,49,69,421.4470325101811,117.44703251018109,9.304472329838973,-2126.6118655921823
30,50,70,479.7521116034984,141.86100173823434,21.965250266940984,-2357.9614355293734
31,51,71,482.7204217118842,149.72042171188423,19.31522343285269,-2398.5048924995413
32,52,72,406.88549373428737,150.88549373428737,49.77135558065447,-1510.4813571061977
33,53,73,387.85474100975193,140.85474100975193,45.82448709138703,-1351.9134727443457
34,54,74,352.6830790134786,115.68307901347862,41.42302829989444,-1232.839498232598
35,55,75,354.35632640169456,133.35632640169456,51.090569676343875,-1294.7503507663673
36,56,76,334.37713311202947,144.37713311202947,72.01126155612519,-1167.1949466228098
37,57,77,314.6633656444683,132.66336564446829,61.80642339701376,-1018.9361674501984
38,58,78,304.11713400999315,135.11713400999315,71.07902513091949,-1006.1583789285596
39,59,79,333.2814087261072,151.2814087261072,83.09099773053367,-1111.8200772903638
40,60,80,364.66225122817286,160.66225122817286,76.42623883966462,-1113.688590080932
41,61,81,317.68143544260806,150.68143544260806,84.86647011484865,-943.1816572270673
42,62,82,389.8069493610599,185.80694936105988,104.3435256947912,-1432.1337569080756
43,63,83,363.2444391035833,155.24443910358332,77.79678595296127,-1321.8952347710572
44,64,84,297.395180826913,148.39518082691302,98.33577020024677,-957.7948782532526
45,65,85,314.13361680016124,187.13361680016124,141.1616097492563,-850.7257432934393
46,66,86,282.5769009630849,166.57690096308488,122.99603233294647,-557.4848911563258
47,67,87,285.3969053050864,168.39690530508642,117.42461269805767,-670.4082770505845
48,68,88,253.32927295304899,165.32927295304899,130.419854791008,-416.88746861549976
49,69,89,233.56436593928288,159.56436593928288,127.11477510629265,-316.53065089102574
50,70,90,206.43833727756578,134.54722741230194,114.15937724709192,-257.759677292526
51,71,91,228.2150067972825,141.2150067972825,103.13297581103416,-366.7780127675735
52,72,92,216.86077582907296,121.86077582907296,83.57440618253759,-514.4601754075125
53,73,93,202.28784236833258,112.28784236833258,76.14422981540224,-501.32543793896616
54,74,94,198.5457935939712,98.54579359397121,59.5029612149508,-577.2904892230908
55,75,95,208.9005521922836,90.90055219228361,45.32214448323725,-628.0931767346533
56,76,96,195.75779815516762,87.75779815516762,55.17722904413722,-572.1007336136386
57,77,97,212.316223265409,98.31622326540901,66.8593557632696,-719.2573761815095
58,78,98,205.58884954390396,82.58884954390396,45.95803963021126,-648.3486021812892
59,79,99,176.37439247802217,73.37439247802217,51.44687809343077,-524.8814031361362
60,80,100,302.52693931000385,90.52693931000385,18.943530160717955,-1411.847792278375
61,81,101,312.75527749659705,114.75527749659705,46.32968476910969,-1301.0201331264955
62,82,102,393.7284949370717,169.72849493707167,86.27894111170235,-1471.2235050391382
63,83,103,323.18594231306133,135.18594231306133,71.73901095334372,-1226.4562899731523
64,84,104,383.2671437206043,159.26714372060428,74.08472194383512,-1628.925204447384
65,85,105,379.3415400863614,165.34154008636142,87.21722121904213,-1608.492424334426
66,86,106,369.0025151250179,153.0025151250179,80.34726062227764,-1529.5249369401577
67,87,107,335.593138863032,135.59313886303198,65.4786666814307,-1386.4089090619823
68,88,108,352.32148040536777,144.32148040536777,70.22407912955032,-1389.2860349860966
69,89,109,349.84407834556646,138.84407834556646,64.2927994302579,-1437.963421669575
70,90,110,331.6054065678709,128.6054065678709,59.07677751761844,-1407.23779291743
71,91,111,323.7144589919935,109.71445899199352,35.05587602747369,-1468.8074617528796
72,92,112,231.43483296745103,83.43483296745103,43.36828298161322,-932.4466813670151
73,93,113,223.406918123761,74.40691812376099,35.228796362266166,-1147.9779920319324
74,94,114,218.74432608517463,58.744326085174634,17.208839131652212,-1295.7306101231325
75,95,115,166.32672632071422,5.326726320714215,-35.32033240846499,-1043.1620191280208
76,96,116,218.82785797092083,22.82785797092083,-24.500734246774073,-1162.7142137752262
77,97,117,201.98959381513032,-11.01040618486968,-61.25754528329435,-1549.5941878060635
78,98,118,201.52394040738045,-16.47605959261955,-67.13308783324896,-1568.872300941503
79,99,119,165.6359104655471,-45.36408953445289,-83.34802391230755,-1503.5562301195632
80,100,120,263.70684602136,-20.29315397864002,-98.95731698263148,-2211.406289627137
81,101,121,294.39499394518134,-2.6050060548186593,-88.10435927391859,-2144.240866977183
82,102,122,316.8184210429581,14.818421042958107,-77.65936268693895,-2081.2891935515654
83,103,123,242.17054426653158,-3.8294557334684214,-60.45554322741418,-1942.1059845384361
84,104,124,244.50420580020045,-31.495794199799548,-96.1263939914561,-2237.445381363291
85,105,125,212.95899020802472,-45.041009791975284,-101.74973989248588,-2251.0357848836484
86,106,126,213.18593913443988,-51.81406086556012,-110.62155956238985,-2334.581165365008
87,107,127,196.51252496467214,-61.48747503532786,-123.3948089900382,-2039.3251340828474
88,108,128,102.75756874540502,-120.24243125459498,-159.52584656791078,-1764.145220674582
89,109,129,111.41332049402513,-116.58667950597487,-158.70599909345538,-1879.985279707932
90,110,130,94.68966799466943,-123.31033200533057,-158.02497509308137,-1679.625537208668
91,111,131,89.60426336248815,-140.39573663751185,-182.47106772770667,-1778.6304295614136
92,112,132,111.51819646022477,-52.48180353977523,-77.64035475556693,-1264.2402411249582
93,113,133,149.83923565864552,-41.16076434135448,-75.25624457648541,-1525.236801170547
94,114,134,173.8296508501728,-15.170349149827189,-47.923523521124025,-1678.1768075387777
95,115,135,150.7684543591131,-40.23154564088691,-58.12238141064881,-1423.6298073522144
96,116,136,166.2974971941278,-30.7025028058722,-59.374676229457236,-1310.4103395514308
97,117,137,200.2805279711872,-22.71947202881279,-64.72675311032549,-1689.1804523938354
98,118,138,178.01160558161496,-27.98839441838504,-52.56976078145226,-1995.9656144274313
99,119,139,144.32303347524567,-42.676966524754334,-43.93622241148296,-1514.7459519626236
100,120,140,185.0474324950403,-29.95256750495969,-63.51056713988419,-1445.7489777468695
101,121,141,176.50856642157942,-27.491433578420583,-49.39406421499439,-1385.0422193107383
102,122,142,211.31707648231077,-10.682923517689233,-49.39938337125727,-1492.8465807629218
103,123,143,195.02204139563082,9.022041395630822,-19.111960103429965,-1396.5273836598167
104,124,144,206.57146459501473,4.5714645950147315,-34.909755171387815,-1301.391169798189
105,125,145,262.5281924380588,26.528192438058795,-22.8211960089302,-1575.802279580083
106,126,146,271.7980778546935,39.798077854693474,-17.315612350480023,-1590.8925907101134
107,127,147,298.6177772168594,55.617777216859395,-19.7766689792561,-1641.6448294276934
108,128,148,309.64246251246755,78.64246251246755,1.9649595086229965,-1450.4478248573255
109,129,149,325.24838228208546,87.24838228208546,9.682029656444683,-1555.758884710097
110,130,150,359.66839235069415,103.66839235069415,16.025116767784084,-1519.782850931752
111,131,151,366.33362596207166,120.33362596207166,28.010458669288255,-1490.991452904358
112,132,152,354.7378184729894,111.73781847298937,25.06713267389705,-1697.1635245941693
113,133,153,360.77963062700405,110.77963062700405,14.732130835712951,-1638.0303274966814
114,134,154,361.2942653931914,97.29426539319138,-0.17818286849797005,-1894.7012436710424
115,135,155,390.56322180079223,110.56322180079223,23.755574947999776,-1890.078889909028
116,136,156,404.3057499926922,141.3057499926922,44.770478923548126,-1750.8625774365437
117,137,157,451.59814726180866,162.59814726180866,52.7277685347367,-1962.6453499146428
118,138,158,454.8884386233458,177.8884386233458,78.10261366691498,-2098.0253361615205
119,139,159,423.0986037780317,176.0986037780317,96.2699594874307,-1647.179320118214
120,140,160,452.5311257400849,181.53112574008492,110.73513550808934,-1930.1530091944633
121,141,161,416.6776106012451,181.67761060124508,127.7219542378732,-1595.7455456647872
122,142,162,409.1538635903212,166.15386359032118,104.8521392046373,-1773.8725128854817
123,143,163,386.8722213418889,167.87222134188892,111.52513525966856,-1659.1225743339137
124,144,164,340.6727304675719,149.6727304675719,109.7762871709565,-1443.8881794613744
125,145,165,298.59077499392447,89.59077499392447,41.55369658011546,-1149.1678123628499
126,146,166,274.5765463520984,75.57654635209838,24.148657361886535,-1150.986175160338
127,147,167,260.50472030956325,66.50472030956325,12.039978912720471,-1189.1182373537836
128,148,168,230.76910100482883,40.769101004828826,-10.297286536959291,-1100.042560637853
129,149,169,186.36706809941438,0.36706809941438223,-41.606184885983566,-1090.6040712542836
130,150,170,163.1735957565047,-12.82640424349529,-46.77744527304708,-1051.115766782621
131,151,171,148.2408837091466,-33.7591162908534,-77.58331849647038,-1107.1627570429328
132,152,172,132.55129600614782,-46.44870399385218,-86.69986624745798,-1157.847415052442
133,153,173,112.08187513247412,-45.918124867525876,-73.2880831168552,-1113.7763533440043
134,154,174,81.68287320742684,-89.31712679257316,-118.30731455608361,-1175.8973452204832
135,155,175,59.723104605652,-97.276895394348,-122.06954596522041,-1091.4694647779666
136,156,176,61.90197150459221,-109.09802849540779,-140.5142313908782,-1147.5751457665333
137,157,177,96.89323299981152,-96.10676700018848,-134.66371541167314,-1321.3667596613168
138,158,178,118.83556114458747,-81.16443885541253,-114.96732917654367,-1335.5884234447594
139,159,179,90.81461690350648,-64.18538309649352,-85.2097126715721,-1081.9916830754064
140,160,180,124.02173982027807,-38.97826017972193,-52.7718900363227,-1258.2262779173375
141,161,181,135.19966763619186,1.1996676361918617,-11.114815848482976,-1012.1991962449742
142,162,182,112.11007318556676,-43.88992681443324,-57.99062085904734,-1420.3401927884966
143,163,183,131.195296254067,-46.80470374593301,-69.34198041871582,-1437.1287952102284
144,164,184,127.24970198104734,-54.75029801895266,-70.83612279420504,-1462.8870350265734
145,165,185,124.10961810088997,-28.890381899110025,-48.00850429997331,-1043.2739512236135
146,166,186,75.69927547118641,-90.30072452881359,-106.40437390004035,-1398.5541034601729
147,167,187,137.0105912655431,-47.9894087344569,-75.16306990581438,-1333.6889151268228
148,168,188,123.82716386502057,-53.172836134979434,-74.4064394204729,-1216.8033943984237
149,169,189,134.2007770582561,-29.799222941743892,-42.1345513171766,-1196.210889956728
150,170,190,137.5659216206352,-20.43407837936479,-28.395915573015373,-1199.1790435635717
151,171,191,128.19749166334532,-48.80250833665468,-65.18408135822847,-1292.216305545665
152,172,192,131.67442672177458,-38.32557327822542,-59.19327591879983,-1145.3199276919154
153,173,193,118.52014367133779,-72.47985632866221,-104.49589502211347,-1388.0957530739424
154,174,194,128.04768906377922,-52.95231093622078,-81.72255621330169,-1259.2843714202236
155,175,195,149.9454499269384,-14.054550073061591,-37.480233337453456,-1180.9197940803924
156,176,196,126.39030005175027,-27.609699948249727,-40.85811799067187,-1017.841404162064
157,177,197,108.69447014586012,-69.30552985413988,-89.99727850557065,-1032.720949222159
158,178,198,149.74111313752928,-51.25888686247072,-83.82677536897904,-1081.733102685855
159,179,199,115.59746330752,-43.40253669248,-69.53749312718651,-925.0767990507061
160,180,200,122.91536022538821,-31.084639774611787,-52.18097646973888,-776.6340406730933
161,181,201,137.06847214461004,-15.931527855389959,-33.75572554767177,-695.5608833000601
162,182,202,123.16846895590106,-24.831531044098938,-51.23825473765555,-856.5023172502615
163,183,203,95.48249969691597,-50.517500303084034,-68.55998907824164,-882.4835259014985
164,184,204,122.50641287772805,-79.49358712227195,-97.62631186922886,-1022.1534066986351
165,185,205,99.10701788685651,-90.89298211314349,-123.11623113303654,-1068.3822256015383
166,186,206,78.18581133250791,-84.81418866749209,-103.55538069423915,-1256.1474230099598
167,187,207,117.76759003812845,-66.23240996187155,-98.74511457664289,-1346.3466203307016
168,188,208,95.30455297216076,-91.69544702783924,-124.14603630614238,-1264.4067812764579
169,189,209,146.42829843197228,-25.57170156802772,-50.55429879467556,-1263.1515440945868
