Left,Mid,Right,Loss_likeli,Loss_AIC,Loss_BIC,Loss_eBIC
0,20,40,200.04308330623144,63.04308330623144,22.214736199900926,-800.042943291091
1,21,41,221.22547160671797,73.22547160671797,26.920596995840242,-859.3053769685578
2,22,42,240.41547364551138,83.41547364551138,37.317212503375686,-997.9508187316173
3,23,43,245.64305808502377,110.64305808502377,70.1172960716874,-876.3015792882832
4,24,44,244.02879638073682,109.02879638073682,69.54275513824041,-942.1679374127341
5,25,45,237.64173305114855,134.64173305114855,106.9285251021563,-735.7478479655174
6,26,46,277.1840958357659,163.1840958357659,138.51365701491682,-645.5196236891707
7,27,47,278.8465324781673,158.84653247816732,129.39523112398638,-746.4338184745118
8,28,48,260.3192574835516,141.3192574835516,114.76448782467241,-662.7269464629953
9,29,49,254.7832108585426,129.7832108585426,108.32786495811843,-637.4194267396099
10,30,50,236.61458049972862,111.61458049972862,90.78439567747023,-632.1218628832455
11,31,51,200.32507285281918,85.32507285281918,64.88803534875069,-574.5029657418281
12,32,52,201.74419780227436,77.74419780227436,53.85493163846013,-555.3691677024951
13,33,53,200.0967664093323,88.0967664093323,60.74972616430955,-524.8712444513615
14,34,54,161.4222888976542,77.4222888976542,58.26465353819299,-420.40533219321287
15,35,55,256.4950313267366,131.49503132673658,90.74932682697067,-815.1212557955553
16,36,56,326.2582944843173,172.25829448431728,123.37820276851494,-795.4467539124562
17,37,57,301.0485526060047,147.0485526060047,92.74482778327842,-813.9112426377174
18,38,58,272.2215179649229,143.2215179649229,95.74775589911565,-662.7141792529671
19,39,59,271.4322310201171,143.43223102011711,94.26145630442056,-742.3558687470629
20,40,60,254.490608469064,131.490608469064,90.64714711481383,-715.9066456562352
21,41,61,262.65697273659407,130.65697273659407,80.88102783490967,-800.3070465677029
22,42,62,259.8243300256386,149.82433002563857,105.85281863403748,-629.4056872163499
23,43,63,216.79043744251612,131.79043744251612,95.65290995910823,-424.7129568370035
24,44,64,235.2250320988926,132.2250320988926,93.56302614908577,-487.05056305492167
25,45,65,196.20720369325522,134.95471088571685,112.3649785175678,-188.15997994458235
26,46,66,224.66515941838634,156.66515941838634,133.1946452320601,-153.63271522506193
27,47,67,228.34764427954633,154.34764427954633,123.76585092788378,-228.20830949784022
28,48,68,224.397846825221,145.397846825221,109.22314481536228,-303.60855383540706
29,49,69,242.0321305815055,140.0321305815055,102.74982093499602,-417.32087390374954
30,50,70,283.8632998660296,155.8632998660296,116.48777775896792,-551.2396955586169
31,51,71,283.6174231514947,159.61742315149468,115.5912700123015,-464.80536808088755
32,52,72,265.3199793610229,161.3199793610229,124.6469898934306,-345.40996153643823
33,53,73,268.0131099706673,157.60929597763857,121.0904982637519,-370.274011574317
34,54,74,256.17356173459757,154.17356173459757,120.8976058630708,-321.1987319917864
35,55,75,384.30964690559745,229.30964690559745,169.6763440816717,-774.4469286468129
36,56,76,402.6367854809273,238.6367854809273,176.28089787084764,-787.527518328797
37,57,77,365.88947858022016,203.88947858022038,145.34634706883548,-820.3324256890903
38,58,78,382.80522061190527,211.80522061190527,137.79562415545206,-975.3198684779184
39,59,79,357.641780246237,184.64178024623698,107.86842552137614,-1130.5563773882975
40,60,80,344.9252502546635,170.92525025466352,98.10571770946717,-1116.9993005945487
41,61,81,334.17907024275064,171.17907024275064,102.85011278845946,-1079.4078308845258
42,62,82,326.939165174241,166.939165174241,102.23323002714983,-1058.995227905626
43,63,83,347.37027467493203,177.37027467493203,107.37513129197146,-1127.4908828232196
44,64,84,298.79053260651904,147.79053260651904,97.2243816316136,-743.5127879490051
45,65,85,286.7335596573264,148.48106684978825,104.70596047940376,-699.556924929484
46,66,86,329.59607013334426,179.59607013334426,125.0284746976522,-872.7754458252987
47,67,87,304.5241847890552,160.5241847890552,107.89300855856641,-891.6331488634055
48,68,88,261.3993600480994,117.39936004809942,64.84296866288378,-756.6269978018161
49,69,89,209.61024512829908,93.61024512829908,64.26047394895068,-680.878311327903
50,70,90,197.62714410324224,63.627144103242244,36.212319790355195,-699.9441911290937
51,71,91,188.7384073379592,49.73840733795919,27.864271076129626,-706.1323452231081
52,72,92,182.08237584563608,37.08237584563608,21.87951643800261,-848.5879421623276
53,73,93,166.3499056101507,12.946091617122192,-5.360306509017619,-864.5307019815768
54,74,94,194.70035945453833,27.70035945453833,7.500184590089475,-1053.7991213726286
55,75,95,193.20776926340318,5.207769263403179,-18.869077532167466,-1371.8917362321681
56,76,96,187.6523982161009,-24.34760178389911,-50.40516367123064,-1434.4125962311118
57,77,97,166.4062908889855,-74.5937091110145,-99.90412303497737,-1536.7606874485273
58,78,98,131.40069409347575,-92.59930590652425,-122.29479519504389,-1553.6133885894778
59,79,99,100.84063596085298,-108.15936403914702,-130.42201931946556,-1641.1464708234207
60,80,100,102.20415686870388,-68.79584313129612,-70.75329085296903,-1468.1047971180396
61,81,101,113.18142106785649,-69.81857893214351,-78.09699388542003,-1528.2817450187822
62,82,102,153.80463887720884,-96.19536112279116,-131.98130297381545,-1960.927629106397
63,83,103,91.73913519501002,-114.26086480498998,-130.85945364884105,-1589.6279559071363
64,84,104,110.17450445344753,-66.82549554655247,-75.02594852100879,-1395.511519075596
65,85,105,111.0364928784843,-70.9635071215157,-84.3947539843764,-1368.13681168718
66,86,106,98.20609641322835,-57.79390358677165,-60.25455183322879,-1130.0040496429438
67,87,107,92.38222040546043,-60.61777959453957,-63.664270972345776,-1002.9485244480334
68,88,108,88.5104510560202,-76.4895489439798,-85.51043396311002,-971.1322004729459
69,89,109,138.83301846586937,9.833018465869372,11.110695384551946,-1025.9273332064918
70,90,110,119.56627891159337,-45.43372108840663,-45.75091963660361,-1124.9904430622037
71,91,111,107.50769631982757,-65.49230368017243,-87.16045755051778,-1112.0845423290752
72,92,112,104.11308085712994,-53.886919142870056,-61.84875633652109,-1153.0048609054893
73,93,113,129.2774223265219,-62.7225776734781,-79.5104135591057,-1114.8630289055814
74,94,114,140.29087451164537,-72.70912548835463,-94.62924713228585,-1429.5139047399698
75,95,115,133.7636778305348,-57.23632216946521,-78.95551563555705,-1371.5802598110577
76,96,116,115.45297591117264,-84.54702408882736,-109.95350312431219,-1370.528374307216
77,97,117,133.49613334982405,-96.50386665017595,-128.25512863705444,-1517.1056018061322
78,98,118,140.6399120164633,-46.36008798353669,-60.78885056728086,-1261.5453126359653
79,99,119,119.71296192296586,-97.28703807703414,-124.57234322240856,-1484.9355038321055
80,100,120,112.5246656484594,-96.4753343515406,-110.76679705541983,-1714.8953968909882
81,101,121,82.87983030746591,-152.1201696925341,-174.40780781326112,-1740.3809707702671
82,102,122,99.79043282523503,-144.20956717476497,-163.84259127351834,-1837.7544983523157
83,103,123,100.68555736701887,-95.31444263298113,-104.50835497710227,-1601.994975117752
84,104,124,110.64302800065366,-87.35697199934634,-101.17950330628014,-1477.4833560237107
85,105,125,113.87741460462166,-106.12258539537834,-128.3165907357643,-1753.122010890681
86,106,126,127.4588362497816,-68.5411637502184,-81.9055441204764,-1556.03829241344
87,107,127,121.86834564303695,-58.131654356963054,-68.72878039298848,-1487.5345416716445
88,108,128,103.61518663166498,-91.38481336833502,-106.2629635307344,-1294.3070345379256
89,109,129,119.31969694323698,-73.68030305676302,-91.04922789138072,-1337.901689826468
90,110,130,111.8859851344962,-112.1140148655038,-126.90265110150449,-1451.5458945832856
91,111,131,90.96625590676717,-132.03374409323283,-167.15827632318883,-1555.9422578506546
92,112,132,106.58937492762425,-83.41062507237575,-106.04254527885473,-1370.2702887995983
93,113,133,109.58737164655372,-91.41262835344628,-108.52237638670726,-1452.5748058868385
94,114,134,181.54331651757457,-41.45668348242543,-80.13896856364568,-1583.7465860518364
95,115,135,185.48590309736392,-29.514096902636084,-73.92585895005504,-1472.3084718771893
96,116,136,157.38394677790052,-17.61605322209948,-52.41001502579775,-1173.0580843130742
97,117,137,171.85415148538232,37.85415148538232,16.887803074221438,-883.6896699969766
98,118,138,201.21831356276107,75.21831356276107,53.729437572176494,-837.5666432074854
99,119,139,246.53628479184044,103.53628479184044,71.15766934408703,-930.8908269380781
100,120,140,271.5463211577553,90.5463211577553,49.2903562697461,-1126.81454660182
101,121,141,302.39867080282556,113.39867080282556,59.13015118608746,-1231.2678536345406
102,122,142,268.7967869492911,111.79678694929112,67.93851341399,-970.3374961625741
103,123,143,271.4897458320993,122.48974583209929,77.76644662612489,-971.796409759268
104,124,144,276.25469894775483,130.25469894775483,93.91800261021854,-941.7269242737225
105,125,145,322.6003308847896,146.60033088478963,92.21440066270748,-1231.8466249942107
106,126,146,358.082854041234,173.082854041234,110.78294750156738,-1377.0781570089557
107,127,147,351.79235316146946,170.79235316146946,107.28057648277854,-1348.1753227882523
108,128,148,328.9501976659219,130.88239746696627,62.25848559113888,-1152.2231386567255
109,129,149,338.18508808063234,125.33039508193633,53.574099519383026,-1226.0317099540061
110,130,150,343.18385473249987,125.18385473249987,49.55259861484956,-1296.0500426939057
111,131,151,401.41546372079915,183.41546372079915,87.92087322936732,-1472.1115785621619
112,132,152,390.1050355887596,180.10503558875962,91.02924551025035,-1376.820894261592
113,133,153,422.8833432453753,205.88334324537527,101.13004252159726,-1473.2871913543893
114,134,154,421.5192785913748,214.5192785913748,122.1066619876483,-1325.5509291611336
115,135,155,444.3536365866614,214.35363658666142,105.22907735374247,-1462.2112690661
116,136,156,398.20954731468714,204.20954731468714,121.85454245950496,-1093.2824443620098
117,137,157,321.82987712276235,164.82987712276235,85.61070431569965,-805.8933089774407
118,138,158,360.7513272741505,193.75132727415053,113.55645459740822,-869.7938472656224
119,139,159,379.9375604058953,206.93756040589528,121.93296683885569,-885.5143705470075
120,140,160,451.59774641791523,236.59774641791523,150.68844565709014,-1270.0329231692358
121,141,161,547.8808390322063,281.88083903220627,167.34617682056682,-1478.8028782634774
122,142,162,501.0293842034107,232.0293842034107,116.54929148466113,-1556.4812668038703
123,143,163,499.267449208417,226.26744920841702,110.68217872345576,-1551.7333881132436
124,144,164,545.8904140769102,219.89041407691025,84.38931843535761,-2357.6786571857056
125,145,165,526.7364138058356,236.73641380583558,121.08828731753647,-2185.1987508910806
126,146,166,529.6243221553684,246.62432215536842,130.68150394763643,-2102.7408864710933
127,147,167,476.82289599572687,217.82289599572687,115.13098705815037,-1827.482467492111
128,148,168,473.71488419024695,207.64708399129108,108.56620510466655,-1861.3665051400444
129,149,169,398.82851591932877,155.97382292063276,81.36458434478004,-1650.2755440856918
130,150,170,380.92651940548035,152.92651940548035,86.52611912153884,-1593.0102906599923
131,151,171,349.8286737288113,138.82867372881128,80.49475136530555,-1455.1310929787523
132,152,172,352.3444927302953,129.34449273029531,62.5395911865362,-1465.8993399157926
133,153,173,323.9465820747737,101.94658207477369,44.01916922651776,-1526.488304224713
134,154,174,351.52601024426167,105.52601024426167,55.33665395350158,-1676.1889298039073
135,155,175,321.96551002000615,74.96551002000615,16.087882289809386,-1821.5478321946562
136,156,176,293.0449753873238,28.044975387323802,-27.7154080225514,-2262.424234277504
137,157,177,199.7368213847958,-20.263178615204197,-58.128928052474066,-1746.08708156919
138,158,178,209.29586836090766,-8.704131639092338,-49.310525761603,-1805.3164525381849
139,159,179,188.82764956374353,-26.172350436256465,-63.898851787315834,-1680.0843244070106
140,160,180,154.41739464697048,-47.58260535302952,-63.7209719768864,-1407.3612816719042
141,161,181,168.74667544664635,-41.25332455335365,-63.83339419755566,-1202.8302210407828
142,162,182,142.7187853707037,-65.2812146292963,-86.63390503700884,-1156.7823418467055
143,163,183,135.19337434255635,-75.80662565744365,-95.44683841192955,-1172.0586963011328
144,164,184,197.03792816193936,-40.96207183806064,-79.27531011365113,-1825.687645822547
145,165,185,208.3142593404698,-4.685740659530211,-32.059022799476224,-1783.3638752024908
146,166,186,199.96382849514157,-0.036171504858430126,-19.897473095863916,-1693.617492248311
147,167,187,180.7304608562613,4.730460856261288,-6.994362945175908,-1506.1716482603297
148,168,188,186.63632875752933,-3.363671242470673,-19.286032236545907,-1671.2403468240923
149,169,189,222.52089639209566,31.520896392095665,8.515771045923884,-1674.1655126070364
150,170,190,235.0085294800233,61.0085294800233,43.69453973682039,-1564.4174226713249
151,171,191,196.0264908635172,28.02649086351721,22.46075213457584,-1220.1781002152302
152,172,192,199.1240067530357,40.1240067530357,40.74701136909971,-1174.6075301688616
153,173,193,171.02676695136688,1.0267669513668807,0.049385425832497276,-1266.0182424430036
154,174,194,210.68606964745732,8.686069647457316,-1.1533957665174057,-1410.8832867443593
155,175,195,151.32799638688812,-42.67200361311188,-56.77351966121546,-1539.7760877719456
156,176,196,169.95361719218204,-59.04638280781796,-82.2554474763972,-1957.5293981398208
157,177,197,183.85801197810792,-41.141988021892075,-63.54143395938763,-1648.999574720859
158,178,198,205.15980128238675,-14.840198717613248,-36.23754000420581,-1758.1572665633475
159,179,199,219.11964542420083,-10.880354575799174,-49.029099059210694,-1718.2491647839634
160,180,200,253.45704318961862,35.45704318961862,-10.481317810308383,-1254.7005630633016
161,181,201,291.9452587145488,120.9452587145488,93.92495644857354,-981.9028519974536
162,182,202,280.9549092350735,84.9549092350735,50.28711659274427,-1191.77819282586
163,183,203,251.8007602097282,62.800760209728196,32.7416968383377,-1325.4569821138575
164,184,204,275.0763336491093,131.0763336491093,109.06403628591897,-1104.9756898085693
165,185,205,283.1033182702938,136.1033182702938,113.86331393523142,-1086.0416268804483
166,186,206,253.34209781332333,121.34209781332333,103.10434962711633,-868.4639784255314
167,187,207,240.7862655584429,92.78626555844289,74.5538517602431,-1133.520732224683
168,188,208,212.68704518037725,41.687045180377254,17.202314090506206,-1308.6260768980574
169,189,209,232.72616461551274,44.726164615512744,11.43113561015275,-1410.4686190817615
