Left,Mid,Right,Loss,Loss_left,Loss_right,gain,glasso
0,20,40,9281.912445416325,8137.7861107136205,8110.636835245639,-6966.510500542936,22.907005419651796
1,21,41,9276.045104925102,8137.489942467576,8110.680153825505,-6972.1249913679785,22.603625202082185
2,22,42,9291.59737891419,8159.3348656387425,8099.359640417387,-6967.09712714194,20.309324987165837
3,23,43,9312.761704464243,8178.321952217972,8113.93214770001,-6979.492395453739,28.43320825296405
4,24,44,9321.563058759539,8199.374423210673,8113.559020893978,-6991.370385345113,30.494356675110794
5,25,45,9320.294456376618,8193.707146412522,8138.910454149351,-7012.323144185255,26.633534307497484
6,26,46,9331.441682486246,8197.713006384018,8144.633421542442,-7010.904745440213,24.696350712243202
7,27,47,9329.42343947343,8195.44441560409,8137.722713757817,-7003.743689888477,29.183190301343075
8,28,48,9304.841182340217,8151.716248155658,8132.526292909544,-6979.4013587249865,25.6199234927044
9,29,49,9295.359849222445,8159.043957357102,8118.6394396992255,-6982.323547833883,28.37296758398452
10,30,50,9313.10568087489,8163.233968014189,8150.559725072148,-7000.688012211445,26.81762679912117
11,31,51,9309.488432844242,8150.509136758982,8163.115296099537,-7004.136000014278,18.904134979888113
12,32,52,9287.285137778463,8121.720177394525,8164.663716139709,-6999.098755755773,13.771152953710043
13,33,53,9284.898451422041,8123.51326610713,8170.887959595619,-7009.502774280709,9.166243742798542
14,34,54,9272.104067211156,8106.856608919527,8166.215217951002,-7000.967759659374,11.559610252954371
15,35,55,9271.424998177366,8124.076299676302,8145.080731742919,-6997.732033241855,10.324634075922404
16,36,56,9277.307531119435,8125.940774722902,8147.48807958898,-6996.121323192447,17.908538431090165
17,37,57,9277.922065992338,8128.206065796481,8136.8035392546635,-6987.087539058808,21.118717367673526
18,38,58,9274.090321170574,8129.867763962871,8141.8454887067855,-6997.622931499083,15.600286477781992
19,39,59,9275.497003973744,8125.110010605709,8143.453969754716,-6993.066976386681,16.524222290993293
20,40,60,9275.38761160206,8110.636835245639,8156.359215181012,-6991.608438824591,17.014354401246237
21,41,61,9284.528367432262,8110.680153825505,8164.624578833335,-6990.7763652265785,14.131128603370598
22,42,62,9288.492330022917,8099.359640417387,8176.92165328632,-6987.78896368079,10.600712660286263
23,43,63,9316.350414478966,8113.93214770001,8184.292821089392,-6981.874554310438,11.896081814195895
24,44,64,9320.342430349014,8113.559020893978,8165.971060441574,-6959.18765098654,16.997537138531243
25,45,65,9315.921761696685,8138.910454149351,8124.60322690357,-6947.591919356237,23.016129851574078
26,46,66,9320.964082371585,8144.633421542442,8134.362220487856,-6958.031559658713,19.703931750259017
27,47,67,9337.840225404858,8137.722713757817,8154.557437364521,-6954.439925717479,21.78612846703618
28,48,68,9341.498642709947,8132.526292909544,8143.142386962427,-6934.1700371620245,27.94386970500318
29,49,69,9356.699946187031,8118.6394396992255,8161.0970398076315,-6923.036533319826,30.425444841734134
30,50,70,9380.231268825752,8150.559725072148,8160.333679943424,-6930.66213618982,26.678317806411087
31,51,71,9395.19807528625,8163.115296099537,8159.548654953803,-6927.4658757670895,25.884030642495873
32,52,72,9409.176335017599,8164.663716139709,8163.45689429989,-6918.944275422002,30.745271151651195
33,53,73,9413.127372018458,8170.887959595619,8158.738346497121,-6916.498934074281,30.129828984520827
34,54,74,9446.504430791836,8166.215217951002,8187.763818953398,-6907.474606112564,42.91473056034647
35,55,75,9427.092440718316,8145.080731742919,8188.263834052819,-6906.2521250774225,35.36540417594688
36,56,76,9431.290720910805,8147.48807958898,8166.2322182526295,-6882.429576930805,42.98620763346162
37,57,77,9432.44774473699,8136.8035392546635,8170.257274267244,-6874.613068784918,38.9613166920617
38,58,78,9443.907069688199,8141.8454887067855,8158.19111607388,-6856.1295350924665,41.69086750849374
39,59,79,9447.784053887717,8143.453969754716,8153.135536158056,-6848.805452025055,46.45139538770172
40,60,80,9448.941251779155,8156.359215181012,8128.844244725409,-6836.262208127266,53.15052350510041
41,61,81,9457.341395735442,8164.624578833335,8136.737458382138,-6844.0206414800305,51.01768267787793
42,62,82,9451.923952326371,8176.92165328632,8134.0851088287745,-6859.082809788724,45.65723062800271
43,63,83,9439.708845385221,8184.292821089392,8127.871448234689,-6872.45542393886,39.24065970298898
44,64,84,9418.969090159855,8165.971060441574,8134.143435232375,-6881.145405514093,32.607725624569866
45,65,85,9401.45358339898,8124.60322690357,8157.232635835613,-6880.382279340203,36.34525413498841
46,66,86,9428.554101939926,8134.362220487856,8190.477805951408,-6896.285924499338,48.97775283578994
47,67,87,9434.354032643325,8154.557437364521,8181.156005355791,-6901.359410076988,49.795405142269374
48,68,88,9407.715707183794,8143.142386962427,8171.244836283895,-6906.671516062528,51.35432374169932
49,69,89,9407.00775966494,8161.0970398076315,8165.330240330879,-6919.41952047357,46.83401758832497
50,70,90,9396.94186435033,8160.333679943424,8164.667915739489,-6928.059731332582,44.40889700616299
51,71,91,9377.636584880793,8159.548654953803,8160.12084701849,-6942.032917091501,39.78661108487677
52,72,92,9387.911570171367,8163.45689429989,8174.769371420811,-6950.314695549334,40.44170515537371
53,73,93,9387.821603674653,8158.738346497121,8182.684421693152,-6953.601164515621,38.708282610322385
54,74,94,9385.79487767431,8187.763818953398,8156.326365638091,-6958.295306917178,34.81871840992335
55,75,95,9375.731625235698,8188.263834052819,8159.188292823714,-6971.720501640835,34.05452126082537
56,76,96,9363.4567325463,8166.2322182526295,8149.4940028394085,-6952.269488545739,40.445854448661976
57,77,97,9349.670523034547,8170.257274267244,8147.0668632582365,-6967.653614490933,37.39589562499441
58,78,98,9331.326275672363,8158.19111607388,8149.5385093984205,-6976.403349799937,34.39568524695551
59,79,99,9326.725035477964,8153.135536158056,8153.734568379727,-6980.145069059818,32.455448118884306
60,80,100,9310.363270137703,8128.844244725409,8160.9399988827445,-6979.420973470451,38.00182300086681
61,81,101,9306.551608487414,8136.737458382138,8154.055291263636,-6984.24114115836,38.368603445424924
62,82,102,9301.060903658146,8134.0851088287745,8151.286276408251,-6984.310481578879,38.51395295607426
63,83,103,9282.338972294223,8127.871448234689,8142.939963700779,-6988.472439641246,36.382482970894216
64,84,104,9282.041499386585,8134.143435232375,8139.520090035238,-6991.622025881028,36.14983463425597
65,85,105,9292.978063652734,8157.232635835613,8143.875460673826,-7008.130032856705,28.339037591833858
66,86,106,9289.414851260122,8190.477805951408,8061.875142716184,-6962.93809740747,54.29563751318483
67,87,107,9284.042626624789,8181.156005355791,8070.4150820034165,-6967.528460734418,52.618668006238295
68,88,108,9279.59132549665,8171.244836283895,8075.444449624041,-6967.097960411285,54.765124248585835
69,89,109,9280.599760141313,8165.330240330879,8103.299568039202,-6988.030048228769,44.62527164902485
70,90,110,9267.716770369323,8164.667915739489,8090.248156631692,-6987.199302001858,42.605070994971356
71,91,111,9274.184724522103,8160.12084701849,8119.330959137666,-7005.267081634052,39.95818124476591
72,92,112,9272.960143525102,8174.769371420811,8104.788878230918,-7006.598106126627,34.83576305071347
73,93,113,9282.925712964241,8182.684421693152,8101.666610886907,-7001.425319615819,35.39016947692926
74,94,114,9258.823038217364,8156.326365638091,8117.317355651623,-7014.82068307235,23.24259709998387
75,95,115,9261.118916921416,8159.188292823714,8114.3595575248355,-7012.428933427134,25.56180153594596
76,96,116,9252.956944859461,8149.4940028394085,8110.329147461896,-7006.866205441844,27.138095070467443
77,97,117,9251.88354929184,8147.0668632582365,8096.5852364583325,-6991.768550424727,34.177998732038304
78,98,118,9254.982301755965,8149.5385093984205,8087.747463254576,-6982.303670897032,36.60732497259096
79,99,119,9255.19514751398,8153.734568379727,8111.515547345373,-7010.05496821112,25.521192419386807
80,100,120,9252.410807136646,8160.9399988827445,8106.2239134374795,-7014.753105183578,22.63261646372166
81,101,121,9247.265769472722,8154.055291263636,8095.7250626799705,-7002.514584470884,25.457630582609454
82,102,122,9247.491128648488,8151.286276408251,8097.546051141053,-7001.341198900816,24.786959553695397
83,103,123,9232.414397725368,8142.939963700779,8097.972954237382,-7008.498520212792,21.293743541003096
84,104,124,9234.203325302893,8139.520090035238,8099.709471398768,-7005.026236131114,21.812354079896977
85,105,125,9240.980364363255,8143.875460673826,8102.151500334882,-7005.046596645454,23.813458727048328
86,106,126,9196.659290651252,8061.875142716184,8111.628795656118,-6976.844647721049,26.21193874998289
87,107,127,9198.035298803028,8070.4150820034165,8091.050385391047,-6963.430168591436,25.369137128911916
88,108,128,9196.904001237892,8075.444449624041,8096.862817656993,-6975.403266043142,15.052566946350908
89,109,129,9206.340071711853,8103.299568039202,8094.3118322065775,-6991.271328533927,12.921965405865194
90,110,130,9198.127689262661,8090.248156631692,8096.2301382334035,-6988.350605602434,14.494146154589089
91,111,131,9180.819426548418,8119.330959137666,8070.170885514515,-7008.682418103763,3.6599083268279173
92,112,132,9173.168646833037,8104.788878230918,8085.539052149741,-7017.159283547622,0.18427927020366042
93,113,133,9176.305808689267,8101.666610886907,8086.3640594331855,-7011.724861630824,2.9626626141998713
94,114,134,9171.886161453349,8117.317355651623,8064.436692803767,-7009.867887002041,-2.100247602260879
95,115,135,9188.490708756004,8114.3595575248355,8084.855750955832,-7010.724599724663,7.878679377433855
96,116,136,9186.507093983162,8110.329147461896,8077.719017843347,-7001.541071322081,10.810932355114346
97,117,137,9200.75147575155,8096.5852364583325,8091.269656607763,-6987.103417314545,20.472721464512233
98,118,138,9204.698401743488,8087.747463254576,8074.251898094255,-6957.300959605343,30.923576065971247
99,119,139,9209.287347314286,8111.515547345373,8088.978954982537,-6991.207155013624,19.061281295802928
100,120,140,9224.98733085531,8106.2239134374795,8102.85987441048,-6984.096456992649,23.312562106692894
101,121,141,9272.421794317368,8095.7250626799705,8146.29799021771,-6969.601258580313,34.88461948138047
102,122,142,9284.838641082031,8097.546051141053,8139.820060079068,-6952.5274701380895,35.48640205170841
103,123,143,9333.260102952561,8097.972954237382,8176.080404785654,-6940.793256070474,38.47633945553116
104,124,144,9354.012725267652,8099.709471398768,8200.655172568975,-6946.351918700091,33.52741100874027
105,125,145,9356.70035155784,8102.151500334882,8191.1888642306985,-6936.640013007742,32.72221779246229
106,126,146,9383.250660603015,8111.628795656118,8202.52355376248,-6930.901688815582,35.7111509336828
107,127,147,9385.836800363353,8091.050385391047,8213.417607728075,-6918.631192755769,37.11103725071189
108,128,148,9417.884158392962,8096.862817656993,8232.497177783194,-6911.475837047225,35.77017264361939
109,129,149,9411.879108296269,8094.3118322065775,8226.240916770696,-6908.673640681003,36.89474044332519
110,130,150,9421.214820525827,8096.2301382334035,8238.31636932187,-6913.3316870294475,41.26842276784964
111,131,151,9404.44568897707,8070.170885514515,8216.893637970083,-6882.618834507528,33.20199833497509
112,132,152,9403.385565114571,8085.539052149741,8222.836051029535,-6904.989538064705,36.95799378849733
113,133,153,9402.42655093452,8086.3640594331855,8227.434486634902,-6911.371995133566,33.21398160317267
114,134,154,9396.880885630719,8064.436692803767,8231.25553821501,-6898.811345388058,32.10963078598843
115,135,155,9418.099267921603,8084.855750955832,8232.013857261594,-6898.770340295823,38.29593584908753
116,136,156,9420.767319039258,8077.719017843347,8223.851986287938,-6880.803685092027,40.21235672640978
117,137,157,9419.929033199815,8091.269656607763,8205.60383773178,-6876.944461139728,40.211233620605526
118,138,158,9428.005656211993,8074.251898094255,8202.11971265502,-6848.365954537281,43.461361519300226
119,139,159,9418.301594354049,8088.978954982537,8176.874380963773,-6847.551741592262,44.50015258995927
120,140,160,9420.187486960667,8102.85987441048,8158.728968231813,-6841.401355681626,49.018448023653946
121,141,161,9436.971310214914,8146.29799021771,8160.182997715914,-6869.50967771871,48.99316971086682
122,142,162,9433.698740631438,8139.820060079068,8164.320594060059,-6870.441913507688,48.122358065598746
123,143,163,9451.225751642392,8176.080404785654,8167.396368584325,-6892.251021727585,44.07397546267566
124,144,164,9458.771814978827,8200.655172568975,8163.363309767585,-6905.246667357733,43.69290681246639
125,145,165,9439.552923955245,8191.1888642306985,8152.4211314253935,-6904.057071700847,40.99866901555515
126,146,166,9432.84218217754,8202.52355376248,8154.372910783198,-6924.054282368137,36.293210140244355
127,147,167,9426.027519929536,8213.417607728075,8153.980253955187,-6941.370341753727,30.88151708042733
128,148,168,9424.249684304013,8232.497177783194,8138.342861220328,-6946.590354699509,27.77536174861052
129,149,169,9429.256579027018,8226.240916770696,8150.952862657512,-6947.937200401189,28.772629985038293
130,150,170,9426.725032795188,8238.31636932187,8146.594803296073,-6958.186139822756,28.01842699136614
131,151,171,9428.046643529624,8216.893637970083,8167.086930402836,-6955.933924843293,38.0198519137175
132,152,172,9434.416657972348,8222.836051029535,8168.611460760664,-6957.030853817852,38.08881756189794
133,153,173,9408.10359444115,8227.434486634902,8158.277363470917,-6977.608255664671,33.20372412207553
134,154,174,9424.985981564632,8231.25553821501,8164.314169511244,-6970.58372616162,46.25223621324858
135,155,175,9409.329350333124,8232.013857261594,8158.423529905345,-6981.1080368338135,33.49743493484766
136,156,176,9396.05704347822,8223.851986287938,8154.578381950136,-6982.373324759854,31.441060015595212
137,157,177,9398.010550101266,8205.60383773178,8179.086573382299,-6986.6798610128135,36.12769071180355
138,158,178,9387.370787745047,8202.11971265502,8174.784063971056,-6989.532988881028,35.19462610373648
139,159,179,9365.662859043152,8176.874380963773,8180.3099239816665,-6991.521445902288,38.530359872964254
140,160,180,9349.06901997772,8158.728968231813,8196.950794905097,-7006.61074315919,33.62026495601094
141,161,181,9353.945036306792,8160.182997715914,8183.834967118537,-6990.072928527659,43.69265343812003
142,162,182,9358.565731971563,8164.320594060059,8184.748708897694,-6990.5035709861895,48.977834422039905
143,163,183,9359.732564762538,8167.396368584325,8177.321452166638,-6984.985255988424,47.640692413942816
144,164,184,9361.680283760206,8163.363309767585,8175.379511057815,-6977.062537065192,48.47523726773579
145,165,185,9348.727832521974,8152.4211314253935,8179.817435352234,-6983.510734255653,43.9780051818052
146,166,186,9360.294383420918,8154.372910783198,8178.323914799262,-6972.402442161541,44.120758226524686
147,167,187,9349.090697032976,8153.980253955187,8172.916213777833,-6977.805770700044,43.76042978657915
148,168,188,9340.14707116613,8138.342861220328,8174.330842125255,-6972.526632179453,39.326647089217204
149,169,189,9341.09717178964,8150.952862657512,8166.3311242334,-6976.186815101273,39.43943691345248
150,170,190,9348.121241186407,8146.594803296073,8179.139142793598,-6977.612704903264,41.92374797448838
151,171,191,9359.59280934054,8167.086930402836,8179.7217679327805,-6987.215888995075,43.64081499690474
152,172,192,9361.358225420863,8168.611460760664,8180.861056491815,-6988.114291831616,44.45656240183598
153,173,193,9354.363834043652,8158.277363470917,8192.603505512934,-6996.5170349402,37.78285611061983
154,174,194,9345.349116341746,8164.314169511244,8192.00133283126,-7010.966386000757,29.823522278982182
155,175,195,9340.53259757812,8158.423529905345,8199.905541856655,-7017.7964741838805,24.206859612314474
156,176,196,9337.529286881929,8154.578381950136,8193.210792966403,-7010.25988803461,27.178023537988338
157,177,197,9339.110534033616,8179.086573382299,8176.049183325105,-7016.025222673788,22.92685326028686
158,178,198,9331.577703520185,8174.784063971056,8170.970860538733,-7014.177220989604,22.96457557317126
159,179,199,9340.853939315122,8180.3099239816665,8181.235705677564,-7020.691690344109,21.098508779192343
160,180,200,9340.846417381055,8196.950794905097,8164.335445630906,-7020.439823154948,22.975911103253566
161,181,201,9329.845135880112,8183.834967118537,8156.597297214132,-7010.5871284525565,24.061911384174437
162,182,202,9323.197861773293,8184.748708897694,8141.249932535235,-7002.800779659636,32.64555314902918
163,183,203,9329.085284877388,8177.321452166638,8153.688747478865,-7001.924914768113,30.452410938907178
164,184,204,9321.693042016312,8175.379511057815,8136.977117670652,-6990.663586712155,36.86348850593549
165,185,205,9344.705413928134,8179.817435352234,8148.91795970019,-6984.029981124289,45.81292231097632
166,186,206,9342.12172482732,8178.323914799262,8134.536657796871,-6970.738847768811,48.09818753908439
167,187,207,9348.116772854934,8172.916213777833,8146.417604788947,-6971.217045711846,49.93996680450391
168,188,208,9361.593239474503,8174.330842125255,8153.662051960779,-6966.39965461153,55.413809348731775
169,189,209,9354.42754033526,8166.3311242334,8164.900375904377,-6976.803959802517,48.56012424697292
