Left,Mid,Right,Loss_likeli,Loss_AIC,Loss_BIC,Loss_eBIC
0,20,40,111.54138767355653,-96.45861232644347,-125.15487327558458,-1568.3788435572415
1,21,41,101.7442529769969,-71.2557470230031,-90.04028158399296,-1177.9840511948078
2,22,42,113.36397036661651,-59.63602963338349,-80.69197661560725,-1153.4746360173535
3,23,43,120.1266829449487,-48.8733170550513,-69.24315355884869,-1132.1218919397352
4,24,44,197.914004495261,38.914004495261,18.696011794425203,-1002.0941893623217
5,25,45,216.85077645457955,44.850776454579545,24.259710217476595,-1184.5056814735444
6,26,46,240.21386450399655,42.21386450399655,13.990808248985786,-1618.102870795141
7,27,47,255.81991520806628,47.81991520806628,15.364107718403602,-1779.8904393187759
8,28,48,251.3684122944469,44.3684122944469,10.278266447323404,-1836.8947965547509
9,29,49,240.08265609077284,43.08265609077284,26.521052348977264,-1591.770159761345
10,30,50,255.32482934221866,45.32482934221866,-5.161579297274557,-1519.6322701571016
11,31,51,236.36460942587314,26.36460942587314,-21.00263690110046,-1609.7310692303327
12,32,52,225.67906413648848,6.679064136488478,-45.51555101175791,-1541.3004968804967
13,33,53,212.37583827731896,-23.624161722681038,-78.73732375165696,-1700.016940163162
14,34,54,179.43296936519755,-24.56703063480245,-57.081450756586264,-1412.3328270227603
15,35,55,168.61857693661113,-23.381423063388866,-43.847813015199335,-1315.406989915361
16,36,56,115.1491780874253,-55.8508219125747,-61.589321959609606,-1242.6120776705388
17,37,57,90.30230399127572,-88.69769600872428,-100.68177726453087,-1238.2033329957462
18,38,58,90.22626455449017,-73.77373544550983,-90.6145204945824,-1188.4221587030706
19,39,59,93.47949012542244,-57.520509874577556,-75.1670805414285,-1106.453862785354
20,40,60,76.93237125367705,-77.06762874632295,-95.86122423322468,-1085.8215394463832
21,41,61,143.32695995735662,-16.67304004264338,-41.46196407561138,-1118.9840182841776
22,42,62,127.0273120605566,-7.972687939443404,-31.516344029060974,-909.841671807364
23,43,63,140.6119337007608,-19.3880662992392,-59.53725889164161,-846.5364704690019
24,44,64,140.92185148208955,-22.07814851791045,-61.26971168957289,-859.9850163184847
25,45,65,145.82697862406962,5.826978624069625,-17.200771521007937,-809.506328480717
26,46,66,302.11276558101235,142.11276558101235,101.96357298860994,-1346.0463634396615
27,47,67,301.62108815740885,121.62108815740885,66.71530551810497,-1282.0718225802634
28,48,68,305.30090322269257,135.30090322269257,83.93472463748049,-1262.5517466899105
29,49,69,290.7970242601507,124.79702426015069,96.67806538973991,-900.9913060363087
30,50,70,292.5359431793695,135.5359431793695,95.96773586501172,-885.4453033519753
31,51,71,324.3773643284296,155.37736432842962,105.756007732728,-1069.2114317387718
32,52,72,319.264096868206,158.26409686820602,105.14038888894765,-979.366999338939
33,53,73,321.36236154161156,168.36236154161156,117.83528829544935,-1013.2225563388934
34,54,74,312.046201915402,160.04620191540198,108.27340898562215,-883.5011582996062
35,55,75,313.8587171857521,150.85871718575208,102.89240318579323,-917.3722874523942
36,56,76,390.45768567581786,192.45768567581786,126.42931618287889,-1086.107620146287
37,57,77,417.2568638914556,220.25686389145562,153.42631596566775,-957.0683713081928
38,58,78,432.9796622836627,230.97966228366272,151.7724459813287,-1097.571534304364
39,59,79,460.7261662818921,246.72616628189212,155.84538260661066,-1171.6216832138427
40,60,80,480.94160795786183,231.94160795786183,121.83588351158869,-1363.4181789780882
41,61,81,462.8149886995768,208.81498869957682,99.6856694722187,-1570.5830586134189
42,62,82,439.8976988029958,192.89769880299582,88.98631048447669,-1497.8321070576721
43,63,83,419.2032130210382,156.2032130210382,42.59309856268692,-1548.6727582897597
44,64,84,429.32334065593045,164.32334065593045,51.796935465705246,-1691.9518922751317
45,65,85,397.3396918580238,154.3396918580238,51.03347372549251,-1637.9231701219205
46,66,86,347.5904422289284,146.5904422289284,60.03571875767125,-1258.5898011566842
47,67,87,387.9694393831012,151.9694393831012,50.76267531631947,-1369.2613920586327
48,68,88,385.7799282384824,173.7799282384824,83.82811880435816,-1242.5342752162396
49,69,89,379.3278033132558,176.3278033132558,95.75035404718005,-1302.2586026502495
50,70,90,337.320973722125,172.32097372212502,112.82745216067246,-1009.6764445122574
51,71,91,292.97019721008746,129.97019721008746,68.43337305300952,-1114.2839029638408
52,72,92,298.508471272688,128.50847127268798,68.82452652075676,-1281.8607988131384
53,73,93,255.0577105576299,107.05771055762989,57.98024722451237,-1144.8279768392376
54,74,94,228.29927977218472,88.29927977218472,44.49819471039996,-862.4644521356204
55,75,95,231.34575298981213,74.34575298981213,33.261506084976645,-965.4443939128678
56,76,96,186.93085048307535,27.930850483075346,-6.235347593199322,-881.5770066889054
57,77,97,165.05454963018315,28.054549630183146,17.587516177451107,-712.6206809611758
58,78,98,169.79571329599275,31.795713295992755,21.535303907343632,-636.8338058704808
59,79,99,178.3692063615672,18.369206361567194,-1.30419037336992,-831.8187843604646
60,80,100,176.48928405061952,-9.510715949380483,-39.383997549226706,-1218.3451056439767
61,81,101,165.81165837204662,-20.188341627953378,-51.44791758891938,-1156.7185317189005
62,82,102,141.3184684332473,-92.68153156675271,-142.29350464853496,-1368.4818007513031
63,83,103,145.81745133917184,-90.18254866082816,-140.79025401616423,-1548.749140055298
64,84,104,162.39383776542672,-79.60616223457328,-133.5476380008513,-1632.4166651176329
65,85,105,186.60638406242697,-39.39361593757303,-84.32951274457923,-1796.4845283794111
66,86,106,195.29677225308706,-47.703227746912944,-106.30145273332755,-1684.9271664821126
67,87,107,150.79708925142813,-75.20291074857187,-121.8709900375477,-1467.3728340463522
68,88,108,177.2591921822982,-49.74080781770181,-95.84335390057004,-1359.881187503152
69,89,109,186.89444626382874,-18.10555373617126,-60.92767928751232,-1505.7379941956342
70,90,110,141.29037287878282,-32.70962712121718,-64.23313406589864,-1348.5698514766955
71,91,111,187.29270492028718,18.29270492028718,-11.781192111349128,-1390.810267378215
72,92,112,185.2305911212984,1.2305911212984029,-33.88528283003279,-1512.1609778453503
73,93,113,165.25536569249266,9.25536569249266,-12.95997719992306,-1266.4049068313661
74,94,114,134.89111474292122,-2.108885257078782,-13.478477189611567,-1125.963418802683
75,95,115,151.7230191740648,-11.276980825935198,-36.630813085509544,-1306.7730740562465
76,96,116,146.1597517548571,-43.8402482451429,-89.91451159357575,-1213.2450353775862
77,97,117,150.60129298967058,-13.398707010329417,-44.79558285116059,-1170.3712904786016
78,98,118,121.82368875457792,-44.176311245422085,-74.14290422784734,-1117.4204370742918
79,99,119,123.26013351419351,-36.73986648580649,-55.093726892020186,-1040.6749312123748
80,100,120,198.4243459856625,8.424345985662512,-31.67487444953622,-1483.2818898581313
81,101,121,201.84158349101585,32.841583491015854,-0.35147585314052776,-1190.9458647804008
82,102,122,182.57280974515788,-7.427190254842117,-42.974612132834864,-1236.0348383742767
83,103,123,199.05030551181426,15.050305511814258,-29.48852109492259,-1310.3626003039553
84,104,124,246.64461670018886,57.64461670018886,10.37366941166465,-1329.3138278113001
85,105,125,272.213804250415,80.21380425041502,31.50545012440034,-1431.1926321346018
86,106,126,315.9348492389445,109.93484923894448,61.11196820983264,-1518.3445061431307
87,107,127,214.99799010442894,67.99799010442894,40.905955505446855,-1152.2927600320181
88,108,128,172.24784527134193,15.24784527134193,-10.906735619175606,-1130.4571022134214
89,109,129,140.94806246332837,-29.05193753667163,-53.75560112025778,-1290.31034368664
90,110,130,160.44688103272597,16.44688103272597,-0.8337889892056864,-1163.183445764047
91,111,131,164.65325075616488,10.65325075616488,-8.833491911297187,-1162.357754642559
92,112,132,194.73536991540277,45.73536991540277,21.113338945666555,-1047.1803954876386
93,113,133,208.3368605705382,73.33686057053819,50.486351661480285,-925.4705225436887
94,114,134,193.54669125825103,65.54669125825103,43.062082994112416,-923.329590578162
95,115,135,187.30467517842953,75.30467517842953,59.746204331882836,-861.7216831843698
96,116,136,195.24080452788212,67.24080452788212,43.71647549290378,-910.693043841532
97,117,137,170.6624739067331,72.66247390673311,59.91524589170467,-924.2438060435124
98,118,138,142.61192406351074,32.61192406351074,17.356038309957967,-753.2566903745446
99,119,139,139.34415823817494,29.34415823817494,24.571317626470318,-836.5352824088873
100,120,140,134.97155739784557,5.971557397845572,-12.169961904353386,-894.695787621999
101,121,141,137.54452280252826,11.544522802528263,8.028423469835616,-738.5841654712503
102,122,142,180.2556587390418,58.25565873904179,37.13270225970223,-670.5626516792929
103,123,143,170.1031603082315,69.10316030823151,47.60606355799132,-486.8704532750601
104,124,144,192.03759775644198,82.03759775644198,58.8348579638548,-456.41843399502295
105,125,145,227.13369800158853,115.13369800158853,92.79314965828962,-504.4432963086415
106,126,146,294.84571029018207,185.84571029018207,161.06749205980736,-403.90230126520305
107,127,147,262.0410413631032,173.0410413631032,147.3440588830622,-341.840688635428
108,128,148,265.3714076107044,160.3714076107044,123.63090606298965,-509.28486247848696
109,129,149,335.8600535649409,181.86005356494093,121.13105365416232,-988.7192564974405
110,130,150,326.0727838648645,166.0727838648645,102.70316072370406,-987.6289032816887
111,131,151,304.02602695731684,150.02602695731684,90.58491382767784,-853.0157477562047
112,132,152,275.7628764510557,134.64899430013133,88.51082525015659,-648.0636789153964
113,133,153,289.48339682659935,138.48339682659935,82.50935811099089,-763.7653760305395
114,134,154,286.93373332818055,148.93373332818055,89.88218272249719,-766.7045086570135
115,135,155,258.72335644118175,142.72335644118175,92.59550356120963,-607.9527219919651
116,136,156,254.3145015160444,116.3145015160444,59.79764725895302,-759.1146510189856
117,137,157,259.8028516576794,95.80285165767941,32.583313673161456,-898.5700239618363
118,138,158,266.31679900397626,87.31679900397626,16.446063633954736,-777.5162717240603
119,139,159,270.6875748506209,89.68757485062088,30.693161750250965,-812.7691382499454
120,140,160,307.2012229829629,113.20122298296292,29.277625713604266,-960.3019554672926
121,141,161,265.5273000338134,83.52730003381339,31.54746470506302,-762.0051384960468
122,142,162,256.1311309158182,78.13113091581818,14.222094001440837,-868.1069912289804
123,143,163,286.2158960188881,75.21589601888809,-5.524623082221751,-1031.9603858242294
124,144,164,329.05830412270257,98.05830412270257,8.337119280527986,-1306.690949225438
125,145,165,341.97326455969187,123.97326455969187,47.031528319258996,-1207.5245348621625
126,146,166,301.1698345927332,105.1698345927332,38.44492017032644,-1009.7474656854129
127,147,167,340.4226111517521,118.42261115175211,42.095733814044934,-1212.9001334171353
128,148,168,358.22486722151984,130.22486722151984,40.56459701695394,-1237.208268701639
129,149,169,382.1294537136914,90.12945371369142,-7.744764017271791,-1916.6140809507979
130,150,170,347.27726373266023,77.27726373266023,-20.063219037171393,-1795.370800714537
131,151,171,319.8144934234324,80.8144934234324,0.8888948553872069,-1705.3178835750705
132,152,172,283.55914587355255,45.44526372262817,-22.299754143157315,-1535.9406893898545
133,153,173,239.37286681270484,25.372866812704842,-35.97371924885647,-1354.5199489417428
134,154,174,241.80395249553226,42.80395249553226,-22.357281133949527,-1271.377953716134
135,155,175,240.43255052190125,33.43255052190125,-13.134244575301182,-1683.1174794603721
136,156,176,278.3610971900298,58.361097190029795,10.579243127260497,-1695.6636447527635
137,157,177,201.71185970590886,-4.288140294091136,-36.77859107152699,-1576.9140196181684
138,158,178,182.0104823918109,-30.98951760818909,-65.25038074366421,-1458.7853010854233
139,159,179,144.28601803009747,-56.713981969902534,-73.07236951670507,-1347.631196255726
140,160,180,176.64007826479792,-38.35992173520208,-84.12403819400356,-1461.348663679411
141,161,181,206.52976204550805,-47.47023795449195,-85.68736168448368,-2143.5270336495005
142,162,182,166.65645444163601,-93.34354555836399,-136.018622181836,-1902.8474389976827
143,163,183,157.70272140540442,-135.29727859459558,-195.6065362207089,-2187.5468240940163
144,164,184,122.15642034394978,-143.84357965605022,-184.7805442048184,-2154.985261176483
145,165,185,98.68016626066583,-122.31983373933417,-145.01170521649715,-1657.1406907643805
146,166,186,95.8498690685592,-119.1501309314408,-138.50823199766182,-1623.4317946692545
147,167,187,73.56117469278206,-163.43882530721794,-180.58969518081813,-1664.3320609451603
148,168,188,52.16538576201788,-173.83461423798212,-184.11315201699108,-1682.0515114794925
149,169,189,46.18613432986581,-192.8138656701342,-193.1315700880491,-1719.3059059045527
150,170,190,29.74331923201771,-176.2566807679823,-178.08845592104626,-1670.1888619108327
151,171,191,59.073798744536134,-152.92620125546387,-162.81951133491452,-1745.6152586883763
152,172,192,59.959471500323616,-152.04052849967638,-165.39957448192672,-1598.1208440790338
153,173,193,66.3725220579995,-131.6274779420005,-142.5218546830124,-1376.5696068649459
154,174,194,72.67964866865327,-144.32035133134673,-159.47558081692227,-1635.1459780326823
155,175,195,102.86073793976448,-115.13926206023552,-132.87179922426776,-1863.394963538066
156,176,196,123.90073815175242,-105.09926184824758,-124.49601702374707,-1992.241128086759
157,177,197,122.66061224819941,-114.33938775180059,-147.769706139635,-1777.2331174385827
158,178,198,99.05955266292221,-144.94044733707779,-178.73666636983148,-1931.9845180912025
159,179,199,73.93149960889127,-173.06850039110873,-205.93230270223376,-1814.7599973784072
160,180,200,67.39566020671305,-173.60433979328695,-206.25353400598988,-1758.6645116283935
161,181,201,144.59697914019125,-148.40302085980875,-204.16866546267534,-2263.316092425722
162,182,202,99.95120807394073,-178.04879192605927,-221.49441421335155,-2106.638969449994
163,183,203,124.31826234472214,-164.68173765527786,-219.8422120721566,-2043.6340919622503
164,184,204,143.03074323276473,-117.96925676723527,-164.7346567988377,-1827.7441356960826
165,185,205,154.42393804116023,-92.57606195883977,-135.83707197836384,-1657.3140094627115
166,186,206,187.24469200983367,-49.75530799016633,-93.5828340864,-1786.2014616353435
167,187,207,196.87272702556857,-32.127272974431435,-77.8636210112088,-1580.2620675327607
168,188,208,204.92677532402695,-38.07322467597305,-87.6605363151084,-1717.9394056996462
169,189,209,171.6776302329638,-13.322369767036207,-39.12674467797024,-1104.0400187880728
