Left,Mid,Right,Loss,Loss_left,Loss_right,gain,glasso
0,20,40,9341.29441058925,8189.649240601014,8141.2735202367585,-6989.628350248524,31.97040448493044
1,21,41,9313.005235190194,8174.433794702325,8128.293598511735,-6989.722158023866,19.412399892932626
2,22,42,9307.94411351384,8176.7137829222975,8111.5062835109065,-6980.2759529193645,24.361313903091286
3,23,43,9310.342642051362,8182.2333017271685,8097.438056398831,-6969.328716074637,24.437653192093876
4,24,44,9301.298836414167,8171.391718732584,8065.967113519521,-6936.059995837939,20.41921194137649
5,25,45,9294.790629776118,8166.8085296501495,8064.627522808719,-6936.64542268275,23.423450016347033
6,26,46,9303.390771886374,8184.21586533562,8042.461050744395,-6923.28614419364,28.800954254129465
7,27,47,9299.458569651026,8181.484466302447,8039.175863167498,-6921.2017598189195,22.838300197814533
8,28,48,9312.709535421716,8182.778060751614,8064.901583066461,-6934.970108396359,17.771830762240825
9,29,49,9314.082595536063,8184.269863742465,8066.847013515503,-6937.034281721904,25.107293598945034
10,30,50,9303.854515917948,8178.5969126034815,8082.030163485219,-6956.772560170753,16.67364022185984
11,31,51,9312.437275317323,8184.812301662965,8091.955126267032,-6964.330152612674,5.67513640457355
12,32,52,9307.274601892552,8186.634151178363,8081.825774555986,-6961.185323841797,3.1086516216646487
13,33,53,9321.859853677342,8184.423223082073,8096.157390557685,-6958.720759962416,10.587840894648252
14,34,54,9311.19177309248,8171.290953453137,8101.057867202412,-6961.157047563069,25.398430129891494
15,35,55,9314.34310245132,8167.879627336227,8100.547078665377,-6954.083603550283,22.635325068072234
16,36,56,9306.590119387303,8165.437110722918,8101.231601269868,-6960.078592605483,25.71446724533098
17,37,57,9302.19904364484,8168.05825261288,8116.729238694608,-6982.588447662649,16.892976606337015
18,38,58,9302.06384213515,8152.395697925878,8129.295784136469,-6979.627639927196,15.313852842907636
19,39,59,9286.609089934864,8137.413181557288,8125.702268382957,-6976.506360005382,17.392026473095484
20,40,60,9279.315787772484,8141.2735202367585,8130.020403603803,-6991.978136068077,21.05947683730301
21,41,61,9292.326326323458,8128.293598511735,8138.551431397689,-6974.518703585965,20.905892568093805
22,42,62,9299.103684437378,8111.5062835109065,8165.760409158792,-6978.163008232321,14.005217136785177
23,43,63,9311.623699121976,8097.438056398831,8181.2394100645315,-6967.053767341387,14.371437961935953
24,44,64,9318.92483353788,8065.967113519521,8214.574135276915,-6961.616415258555,-1.059949851008696
25,45,65,9350.335324473634,8064.627522808719,8237.971596418396,-6952.26379475348,2.11841838026794
26,46,66,9364.66812170263,8042.461050744395,8214.389513636732,-6892.182442678495,20.846856518000095
27,47,67,9351.613245985782,8039.175863167498,8194.894702626394,-6882.457319808111,13.642945277990293
28,48,68,9370.081556345453,8064.901583066461,8196.183634428116,-6891.003661149125,14.892248702835332
29,49,69,9396.485637171409,8066.847013515503,8227.615474984024,-6897.97685132812,23.62066420853489
30,50,70,9393.545260728133,8082.030163485219,8196.708094382218,-6885.192997139304,26.817257072278153
31,51,71,9408.135207002151,8091.955126267032,8203.236833845156,-6887.056753110037,21.124828077314305
32,52,72,9397.144988233373,8081.825774555986,8199.93197290896,-6884.612759231573,13.94490110202014
33,53,73,9407.303780337299,8096.157390557685,8193.667464386052,-6882.521074606439,15.059050240175566
34,54,74,9376.524723260613,8101.057867202412,8156.905768696535,-6881.438912638336,34.45596074842888
35,55,75,9380.738433155082,8100.547078665377,8158.1544123466,-6877.963057856894,42.50768606778638
36,56,76,9405.373291896976,8101.231601269868,8144.608336894747,-6840.46664626764,45.50876487941741
37,57,77,9444.259415624907,8116.729238694608,8141.069617739821,-6813.5394408095235,55.58680436994746
38,58,78,9448.792105232329,8129.295784136469,8130.897501531164,-6811.401180435303,52.886415552778544
39,59,79,9439.081306458027,8125.702268382957,8121.387238984524,-6808.008200909453,50.23451318082789
40,60,80,9440.267910607861,8130.020403603803,8122.103384054508,-6811.85587705045,52.02087255776678
41,61,81,9446.348883192786,8138.551431397689,8132.032386378525,-6824.234934583428,46.74164969532194
42,62,82,9465.700056584295,8165.760409158792,8146.018487617392,-6846.078840191889,44.95231344904323
43,63,83,9463.60315178135,8181.2394100645315,8140.49576529702,-6858.132023580201,41.683414337269824
44,64,84,9473.608626612104,8214.574135276915,8116.405290857347,-6857.3707995221575,41.11676216543083
45,65,85,9472.614202117089,8237.971596418396,8113.357735947815,-6878.715130249122,37.335267402516365
46,66,86,9415.848051318248,8214.389513636732,8093.826526904813,-6892.367989223298,27.405500188242513
47,67,87,9431.540910283806,8194.894702626394,8122.5024340121245,-6885.856226354714,35.38700020691704
48,68,88,9421.612806781974,8196.183634428116,8110.901656170449,-6885.472483816593,34.64981156974363
49,69,89,9422.564188382035,8227.615474984024,8094.309897921257,-6899.361184523246,38.872966889934105
50,70,90,9378.982197220788,8196.708094382218,8098.343485457201,-6916.069382618631,-6.530787034756031
51,71,91,9367.219885696393,8203.236833845156,8105.236407611414,-6941.253355760176,21.418468196217873
52,72,92,9376.403704981725,8199.93197290896,8122.682657710206,-6946.210925637441,21.706321672678314
53,73,93,9352.541395757167,8193.667464386052,8122.2160034998,-6963.342072128684,11.996556411781967
54,74,94,9326.72884120771,8156.905768696535,8137.835897613884,-6968.012825102709,14.546170356369203
55,75,95,9329.12415332155,8158.1544123466,8141.675329094916,-6970.705588119967,16.617197060751096
56,76,96,9316.878846247579,8144.608336894747,8141.571663891532,-6969.3011545387,19.24190464717367
57,77,97,9330.470838057037,8141.069617739821,8155.308318898712,-6965.907098581496,29.80967768689061
58,78,98,9322.219066589667,8130.897501531164,8154.728838414715,-6963.407273356213,33.82632991339051
59,79,99,9315.607476498972,8121.387238984524,8155.402955659024,-6961.182718144577,34.44781692853849
60,80,100,9302.208173376068,8122.103384054508,8148.696409892577,-6968.591620571016,35.96403369639165
61,81,101,9296.880205391637,8132.032386378525,8145.206315090068,-6980.358496076955,29.290447830995618
62,82,102,9319.653152750838,8146.018487617392,8169.7333203090175,-6996.0986551755705,21.548264837642364
63,83,103,9317.465611658201,8140.49576529702,8174.028004373971,-6997.058158012791,20.86245766001548
64,84,104,9308.27395510999,8116.405290857347,8179.619048011394,-6987.750383758752,24.91049061631702
65,85,105,9314.6208084857,8113.357735947815,8182.545722975282,-6981.282650437397,26.069642783090785
66,86,106,9310.404073119771,8093.826526904813,8192.659630886188,-6976.08208467123,28.213714447517305
67,87,107,9310.716491765334,8122.5024340121245,8172.254169937353,-6984.040112184144,30.909638989181076
68,88,108,9304.353202832168,8110.901656170449,8162.466216334031,-6969.014669672313,29.701904386471597
69,89,109,9285.335061444865,8094.309897921257,8157.436393713316,-6966.411230189708,27.358398782754193
70,90,110,9264.480942100308,8098.343485457201,8145.63264741005,-6979.495190766942,54.965811656315964
71,91,111,9275.916613587997,8105.236407611414,8134.989564706333,-6964.30935872975,31.960282736022236
72,92,112,9266.460127904958,8122.682657710206,8115.62768599099,-6971.8502157962375,52.00007790268273
73,93,113,9263.638363710657,8122.2160034998,8106.285535100843,-6964.863174889984,58.05816495786803
74,94,114,9260.381965614537,8137.835897613884,8098.296951211521,-6975.750883210869,34.37565347859072
75,95,115,9275.651016293188,8141.675329094916,8109.391454505495,-6975.415767307222,25.27554782187235
76,96,116,9270.960836682425,8141.571663891532,8119.706584010837,-6990.317411219945,21.605413274131934
77,97,117,9263.503658013782,8155.308318898712,8092.125456798924,-6983.930117683853,33.278347695062166
78,98,118,9265.082082768324,8154.728838414715,8108.275256530287,-6997.9220121766775,27.071221163036626
79,99,119,9276.32136929693,8155.402955659024,8118.627123591839,-6997.708709953935,27.723249586881593
80,100,120,9265.594614572527,8148.696409892577,8087.616651894383,-6970.7184472144345,36.38393409336322
81,101,121,9271.658299277386,8145.206315090068,8095.29256500878,-6968.840580821461,38.88558474197907
82,102,122,9278.641659020506,8169.7333203090175,8093.979441996187,-6985.0711032846975,26.771156305208024
83,103,123,9270.828100881525,8174.028004373971,8075.20109219401,-6978.4009956864575,26.787980430854077
84,104,124,9261.159055285312,8179.619048011394,8045.891397516029,-6964.351390242111,28.13616130038463
85,105,125,9254.749207493887,8182.545722975282,8026.443649058913,-6954.240164540308,22.800056228423273
86,106,126,9259.13814758892,8192.659630886188,8001.366925978353,-6934.888409275622,16.952163027693132
87,107,127,9246.07476684581,8172.254169937353,8022.81478045112,-6948.994183542663,23.073361395841857
88,108,128,9236.517083028872,8162.466216334031,8044.284253995691,-6970.23338730085,20.43652277686533
89,109,129,9241.907578164502,8157.436393713316,8064.4395974490235,-6979.968412997836,10.886744467605695
90,110,130,9237.07451706579,8145.63264741005,8063.830517117671,-6972.38864746193,14.163464463646505
91,111,131,9248.21857540433,8134.989564706333,8075.805263102122,-6962.576252404126,23.275062464178518
92,112,132,9228.349694672908,8115.62768599099,8073.805006008407,-6961.08299732649,-4.093590054555534
93,113,133,9222.408451889218,8106.285535100843,8073.626203040948,-6957.503286252573,-8.010506528682527
94,114,134,9218.989511705628,8098.296951211521,8083.781107259983,-6963.088546765877,19.967495016649536
95,115,135,9227.32014068825,8109.391454505495,8077.593917700291,-6959.665231517534,31.41613646855194
96,116,136,9240.440326253452,8119.706584010837,8096.735101987859,-6976.0013597452435,26.092036720020133
97,117,137,9216.478451214378,8092.125456798924,8090.130731368642,-6965.777736953187,23.188033789583642
98,118,138,9239.91885772832,8108.275256530287,8111.604431851745,-6979.960830653712,24.053766269193602
99,119,139,9248.234398990851,8118.627123591839,8105.766808936334,-6976.159533537322,28.41010573070389
100,120,140,9242.063760310686,8087.616651894383,8127.498384263668,-6973.051275847365,28.00315284471253
101,121,141,9255.274365174251,8095.29256500878,8132.732946383063,-6972.751146217592,29.871519559247645
102,122,142,9237.322605351892,8093.979441996187,8114.77456775549,-6971.431404399786,21.067058102792544
103,123,143,9236.901083116543,8075.20109219401,8126.610495305758,-6964.910504383224,17.440059674428994
104,124,144,9233.625513248251,8045.891397516029,8139.854690105224,-6952.1205743730025,17.39987889529766
105,125,145,9251.10674800706,8026.443649058913,8155.161447044408,-6930.498348096262,16.406295857163514
106,126,146,9260.492924990618,8001.366925978353,8153.69625539953,-6894.570256387264,0.6274720373985474
107,127,147,9270.11837294849,8022.81478045112,8153.988505470062,-6906.6849129726925,12.779560129081347
108,128,148,9292.510740400554,8044.284253995691,8158.685208417566,-6910.458722012703,14.36391626007844
109,129,149,9304.152376130514,8064.4395974490235,8132.340598239173,-6892.6278195576815,10.993529323331131
110,130,150,9308.712173810973,8063.830517117671,8132.926074916384,-6888.044418223082,15.996203299982426
111,131,151,9316.393648397361,8075.805263102122,8134.3905619324505,-6893.802176637211,11.838202060327149
112,132,152,9316.694393319269,8073.805006008407,8143.754861563542,-6900.86547425268,7.814642303650999
113,133,153,9335.156155149056,8073.626203040948,8152.230068382281,-6890.700116274173,16.355602077905132
114,134,154,9350.928414163,8083.781107259983,8147.897890321274,-6880.7505834182575,26.78299467169836
115,135,155,9337.219236618363,8077.593917700291,8143.61681541929,-6883.991496501218,25.70561431624037
116,136,156,9342.250852758089,8096.735101987859,8131.615719148355,-6886.099968378125,29.457633070249358
117,137,157,9356.3324030316,8090.130731368642,8168.265310354195,-6902.063638691237,22.0218497203914
118,138,158,9354.550615641389,8111.604431851745,8148.767818671011,-6905.821634881368,23.277778780051904
119,139,159,9334.842893593439,8105.766808936334,8121.8814706198145,-6892.805385962711,19.12582968257584
120,140,160,9331.999803894607,8127.498384263668,8093.9183649470615,-6889.416945316123,23.25133506355496
121,141,161,9329.678523081928,8132.732946383063,8098.394025629496,-6901.448448930632,22.00932300207296
122,142,162,9330.175347358476,8114.77456775549,8114.468923891857,-6899.068144288871,27.285096513904136
123,143,163,9359.526322421889,8126.610495305758,8141.344600176017,-6908.428773059886,34.51503674173273
124,144,164,9378.411001373339,8139.854690105224,8145.960056640417,-6907.403745372301,38.22202663492044
125,145,165,9400.800230962093,8155.161447044408,8162.421815564341,-6916.783031646657,43.19709925604275
126,146,166,9391.954407575104,8153.69625539953,8157.922160991392,-6919.664008815818,30.740283004278353
127,147,167,9402.99925758113,8153.988505470062,8172.47567698599,-6923.464924874921,34.331932450621025
128,148,168,9405.650275424756,8158.685208417566,8174.938196834835,-6927.973129827646,27.189165899541877
129,149,169,9403.596471336921,8132.340598239173,8194.65200927709,-6923.396136179341,33.36298733375543
130,150,170,9405.690589918226,8132.926074916384,8198.410020368527,-6925.645505366685,39.267260061437355
131,151,171,9384.824177200722,8134.3905619324505,8197.716297323313,-6947.282682055042,32.977373451421045
132,152,172,9389.810559509277,8143.754861563542,8198.490458108525,-6952.434760162791,31.47330475688068
133,153,173,9376.867648682077,8152.230068382281,8196.924524202112,-6972.286943902316,25.404216775984423
134,154,174,9369.972370992818,8147.897890321274,8185.056121312463,-6962.981640640919,31.103392214967243
135,155,175,9383.816662551262,8143.61681541929,8203.55759637579,-6963.357749243818,39.23674186252447
136,156,176,9376.540928131059,8131.615719148355,8202.474570416967,-6957.549361434265,37.968103154595156
137,157,177,9368.295544662462,8168.265310354195,8194.373032525555,-6994.342798217287,26.163638440271825
138,158,178,9338.105484306385,8148.767818671011,8188.160536621219,-6998.822870985845,21.78781303763253
139,159,179,9312.142628803667,8121.8814706198145,8191.04565238986,-7000.784494206007,20.231593653305026
140,160,180,9283.739900836248,8093.9183649470615,8187.81514063756,-6997.993604748373,22.024981835039853
141,161,181,9307.750065302065,8098.394025629496,8203.792416017088,-6994.436376344518,31.561077830486283
142,162,182,9315.163192626605,8114.468923891857,8201.177530056299,-7000.483261321551,40.80724012478049
143,163,183,9317.25339696131,8141.344600176017,8196.383734547368,-7020.474937762074,30.276072151576955
144,164,184,9326.648814743397,8145.960056640417,8197.000344798915,-7016.311586695934,32.44715295856622
145,165,185,9319.170371276792,8162.421815564341,8186.290975298315,-7029.542419585865,30.407791510836432
146,166,186,9313.025917683422,8157.922160991392,8176.569290486758,-7021.465533794728,31.833593661370287
147,167,187,9324.51282523519,8172.47567698599,8180.487150701556,-7028.450002452355,28.191073957894787
148,168,188,9326.969401530598,8174.938196834835,8181.729976235137,-7029.698771539373,30.503206557139038
149,169,189,9323.224334320406,8194.65200927709,8151.937848849431,-7023.365523806115,32.99125701979301
150,170,190,9317.47603485098,8198.410020368527,8149.217238516618,-7030.1512240341635,28.820294793350968
151,171,191,9316.738131665503,8197.716297323313,8145.652240476143,-7026.630406133952,28.88166827594523
152,172,192,9315.487744432212,8198.490458108525,8141.516646720777,-7024.519360397091,29.73099980118559
153,173,193,9308.598127577896,8196.924524202112,8141.8126470773595,-7030.139043701574,26.396670802353583
154,174,194,9308.72451100518,8185.056121312463,8153.4576785962745,-7029.7892889035575,27.45153075095095
155,175,195,9309.7711732321,8203.55759637579,8112.203206120668,-7005.989629264357,34.86603029418711
156,176,196,9314.84584175967,8202.474570416967,8121.000530157869,-7008.629258815166,31.74826542867868
157,177,197,9298.916380873972,8194.373032525555,8121.702807796528,-7017.15945944811,28.812852103239038
158,178,198,9308.120150269096,8188.160536621219,8134.819894049875,-7014.860280401997,33.00451201640908
159,179,199,9313.971298907638,8191.04565238986,8151.157162550585,-7028.231516032807,28.236981988815387
160,180,200,9318.157449209908,8187.81514063756,8167.254284061841,-7036.911975489493,26.177957557166792
161,181,201,9316.602309133035,8203.792416017088,8133.596900736592,-7020.787007620645,25.169413100379643
162,182,202,9327.668438031387,8201.177530056299,8151.168422812689,-7024.6775148376,27.873737105272085
163,183,203,9316.504397346212,8196.383734547368,8149.382524813853,-7029.261862015008,24.696777727298468
164,184,204,9316.272255251288,8197.000344798915,8132.942831641593,-7013.670921189221,28.517590195289813
165,185,205,9307.166420091027,8186.290975298315,8141.023258604751,-7020.14781381204,23.67608021103797
166,186,206,9299.942675617838,8176.569290486758,8130.235490067735,-7006.862104936654,26.42199865800012
167,187,207,9286.877829229492,8180.487150701556,8102.255128754554,-6995.864450226618,18.933559423972838
168,188,208,9286.973058643342,8181.729976235137,8097.841538853242,-6992.598456445037,23.019327616045302
169,189,209,9256.463524793453,8151.937848849431,8091.684459742383,-6987.158783798361,12.273542448926491
