Left,Mid,Right,Loss,Loss_left,Loss_right,gain,glasso
0,20,40,9323.137011759383,8159.4833795025625,8142.941872929423,-6979.288240672602,35.14069473434665
1,21,41,9316.015564918249,8134.614533551476,8144.407539181095,-6963.006507814322,34.905873207020704
2,22,42,9317.501681158277,8135.490907410263,8131.988943328761,-6949.978169580747,44.22690231212118
3,23,43,9313.992420452943,8179.268815803277,8138.355310838331,-7003.631706188664,23.036655450031958
4,24,44,9291.845143933377,8146.085764652679,8137.750614245364,-6991.991234964666,17.917468008761716
5,25,45,9298.012064792405,8145.337431533687,8151.847879144114,-6999.173245885395,15.576712724937352
6,26,46,9308.704486864051,8157.016057012918,8161.085818736196,-7009.397388885063,13.653070952208964
7,27,47,9311.39241928764,8163.437371722278,8153.968398835475,-7006.013351270114,14.932631146478343
8,28,48,9313.578713700008,8158.599621764854,8156.358421462581,-7001.379329527426,19.684073211132727
9,29,49,9314.982704547367,8163.81407514501,8167.707600980128,-7016.538971577771,15.976775843947507
10,30,50,9330.706219196827,8178.088613960561,8175.288070448016,-7022.67046521175,18.5831613846849
11,31,51,9324.141986134533,8176.4273061563335,8164.649347921824,-7016.934667943626,15.87956153561663
12,32,52,9327.108535536074,8179.147552970151,8166.94027271598,-7018.979290150059,21.047269735590362
13,33,53,9320.398553561425,8162.131027449566,8168.314828966519,-7010.04730285466,22.462376104078885
14,34,54,9327.120773917371,8153.930380805995,8170.044336741757,-6996.853943630382,24.28729330131455
15,35,55,9314.748935802007,8134.4729664382085,8171.5247201247075,-6991.248750760909,27.65842159317026
16,36,56,9325.617400750449,8138.921557017317,8179.713428274967,-6993.017584541834,28.359728651915248
17,37,57,9341.610994159253,8126.57862989789,8178.365712274775,-6963.3333480134115,37.24904553056831
18,38,58,9346.366305723668,8141.091138846186,8168.976760630074,-6963.701593752592,41.88529590225062
19,39,59,9353.258400421317,8151.498267694902,8184.5961560629175,-6982.836023336502,37.21414285416631
20,40,60,9355.193500228865,8142.941872929423,8192.590713260017,-6980.339085960575,36.25951921668275
21,41,61,9366.592058942419,8144.407539181095,8205.339042669111,-6983.154522907787,34.75747477872255
22,42,62,9401.976658159561,8131.988943328761,8234.568360939087,-6964.580646108287,39.306612165736624
23,43,63,9406.226032721268,8138.355310838331,8241.147164762415,-6973.276442879478,32.21999196951356
24,44,64,9423.23411603782,8137.750614245364,8253.822424129186,-6968.33892233673,31.05710127358725
25,45,65,9450.402990426985,8151.847879144114,8272.108198957745,-6973.553087674874,30.604568350385307
26,46,66,9463.784537213864,8161.085818736196,8278.4655700287,-6975.766851551032,32.74700892118153
27,47,67,9467.166961339299,8153.968398835475,8276.099070576836,-6962.900508073013,30.993825275761083
28,48,68,9494.578367845452,8156.358421462581,8304.427323507296,-6966.207377124427,33.68375179382974
29,49,69,9498.781345990294,8167.707600980128,8283.816879818865,-6952.743134808701,42.5715438926909
30,50,70,9524.988209025714,8175.288070448016,8295.139700448319,-6945.43956187062,44.11818692904808
31,51,71,9528.341579772794,8164.649347921824,8305.539528502537,-6941.847296651569,47.17721061657767
32,52,72,9526.656230783628,8166.94027271598,8276.80293738702,-6917.086979319371,54.54176962925021
33,53,73,9527.793405250413,8168.314828966519,8261.516334519381,-6902.037758235485,60.03864085601754
34,54,74,9537.350815598229,8170.044336741757,8273.612714071214,-6906.306235214744,59.23284650697087
35,55,75,9549.53723350297,8171.5247201247075,8266.903135731749,-6888.890622353485,62.63864724416135
36,56,76,9562.28436767586,8179.713428274967,8237.763345116324,-6855.192405715428,72.5278996080292
37,57,77,9576.248512154036,8178.365712274775,8224.606145267411,-6826.723345388151,80.34124216214104
38,58,78,9569.49050877861,8168.976760630074,8207.69336264112,-6807.179614492583,94.95589793153385
39,59,79,9578.336489861957,8184.5961560629175,8188.730854016669,-6794.990520217629,99.31513149291914
40,60,80,9569.320833374033,8192.590713260017,8176.466822260003,-6799.736702145987,91.57986545556969
41,61,81,9564.192974153117,8205.339042669111,8154.233029593388,-6795.3790981093825,93.38499406406072
42,62,82,9557.046025239388,8234.568360939087,8126.418758207156,-6803.941093906857,90.87942197706343
43,63,83,9550.82664289546,8241.147164762415,8130.601877194265,-6820.922399061221,85.32056530546333
44,64,84,9555.588103899447,8253.822424129186,8115.231550584074,-6813.465870813814,84.16948713229158
45,65,85,9547.289940038925,8272.108198957745,8117.635615111403,-6842.453874030223,70.59409011910066
46,66,86,9535.150716193071,8278.4655700287,8118.944117347294,-6862.258971182924,64.29530231164927
47,67,87,9497.191560623167,8276.099070576836,8121.887416431644,-6900.794926385312,50.21659574533305
48,68,88,9504.527714221786,8304.427323507296,8117.07530263844,-6916.97491192395,42.34466541199026
49,69,89,9475.171906251906,8283.816879818865,8128.167368455945,-6936.812342022904,31.126918731953083
50,70,90,9471.40696102968,8295.139700448319,8128.62849187103,-6952.361231289669,25.046960285276327
51,71,91,9467.574915436224,8305.539528502537,8125.104710362262,-6963.069323428575,23.994750943330473
52,72,92,9440.553064188854,8276.80293738702,8128.712486606542,-6964.962359804707,27.284855768049965
53,73,93,9426.296584422107,8261.516334519381,8129.030734063343,-6964.250484160617,25.352291221453925
54,74,94,9413.540299768942,8273.612714071214,8116.013165727603,-6976.085580029878,27.684470246163528
55,75,95,9399.657800774772,8266.903135731749,8116.895565281064,-6984.140900238041,27.27683212830516
56,76,96,9364.121749682265,8237.763345116324,8115.833343188013,-6989.474938622072,21.647638879501756
57,77,97,9336.381878680715,8224.606145267411,8095.127698347064,-6983.3519649337595,20.151988656805315
58,78,98,9316.74585315488,8207.69336264112,8080.689939972517,-6971.637449458756,29.935520284989252
59,79,99,9290.7321652659,8188.730854016669,8071.749031466324,-6969.747720217094,30.14959053350185
60,80,100,9279.16765870901,8176.466822260003,8075.814434146655,-6973.113597697649,36.14698295512426
61,81,101,9258.432220497547,8154.233029593388,8062.242129089588,-6958.04293818543,27.65587378302598
62,82,102,9232.460733037708,8126.418758207156,8051.74035147096,-6945.698376640408,27.693182864466507
63,83,103,9233.858072182049,8130.601877194265,8060.433676351569,-6957.177481363786,27.87195843558038
64,84,104,9233.293492823137,8115.231550584074,8054.5266955609495,-6936.464753321887,26.04464370883261
65,85,105,9232.552257271604,8117.635615111403,8066.508818267319,-6951.592176107119,22.37257922982235
66,86,106,9230.639454517997,8118.944117347294,8049.670671756097,-6937.975334585393,18.0710024193354
67,87,107,9226.108701202236,8121.887416431644,8052.525396300134,-6948.304111529542,13.408556331776708
68,88,108,9210.439106786474,8117.07530263844,8046.675377571201,-6953.311573423167,10.765014987932318
69,89,109,9205.658954806875,8128.167368455945,8042.126714446448,-6964.635128095519,10.61239958315764
70,90,110,9192.038928936952,8128.62849187103,8031.998674847225,-6968.588237781303,7.58081206150473
71,91,111,9168.147022665768,8125.104710362262,8007.271171629726,-6964.228859326222,3.8269930588053285
72,92,112,9176.996951634923,8128.712486606542,8005.180650651619,-6956.896185623238,6.864139856824295
73,93,113,9187.065995109804,8129.030734063343,8018.165094398147,-6960.129833351684,8.499590464535686
74,94,114,9169.567233423653,8116.013165727603,8025.5336958234775,-6971.979628127427,4.785850445229244
75,95,115,9170.922015963512,8116.895565281064,8021.645789270181,-6967.619338587734,12.510481548685675
76,96,116,9174.649431934922,8115.833343188013,8032.643069998774,-6973.826981251865,12.423200909345724
77,97,117,9154.063987905816,8095.127698347064,8028.363025750071,-6969.426736191319,11.83582715961984
78,98,118,9109.001010814663,8080.689939972517,7987.154431251984,-6958.843360409837,-9.144374724515728
79,99,119,9122.964025727415,8071.749031466324,8020.479282878728,-6969.264288617636,-10.976139177064397
80,100,120,9115.05440419414,8075.814434146655,8012.407831075463,-6973.167861027978,-19.56718127428485
81,101,121,9113.57762300171,8062.242129089588,8002.589091283697,-6951.253597371575,-25.94267519302275
82,102,122,9124.742157385635,8051.74035147096,8024.568724738869,-6951.566918824194,-20.171714992086436
83,103,123,9118.657095970557,8060.433676351569,8003.346618350087,-6945.1231987311,-15.222422440442188
84,104,124,9114.129627669437,8054.5266955609495,8014.868677125088,-6955.265745016601,-12.525023083028373
85,105,125,9132.529458656232,8066.508818267319,8015.025853875105,-6949.005213486193,-4.298048031832877
86,106,126,9120.677802013744,8049.670671756097,8018.760893307806,-6947.753763050159,-6.1153963715041755
87,107,127,9138.794048642121,8052.525396300134,8030.731433123607,-6944.46278078162,-11.720206984897686
88,108,128,9127.531098514191,8046.675377571201,8030.888660024503,-6950.032939081513,-13.575231971562516
89,109,129,9134.735500918394,8042.126714446448,8047.642083143017,-6955.033296671072,-8.092660931107275
90,110,130,9122.98939010604,8031.998674847225,8049.919358330694,-6958.9286430718785,-11.115132117375651
91,111,131,9115.099726190194,8007.271171629726,8053.233153747315,-6945.404599186848,-4.049160855963237
92,112,132,9114.980213116021,8005.180650651619,8049.490007494024,-6939.690445029621,0.29227278527378076
93,113,133,9110.159780429301,8018.165094398147,8040.949872427767,-6948.955186396612,-0.2882050231951325
94,114,134,9106.881973191837,8025.5336958234775,8021.63231787304,-6940.284040504681,-0.36448676563577465
95,115,135,9122.461763065505,8021.645789270181,8044.927193658579,-6944.1112198632545,3.911234987464468
96,116,136,9135.704602924288,8032.643069998774,8064.6406708950135,-6961.5791379695,1.5110007964126453
97,117,137,9153.795132170108,8028.363025750071,8087.050094553095,-6961.617988133057,7.299555290558601
98,118,138,9144.650194514004,7987.154431251984,8095.504915418187,-6938.009152156166,6.014874241349389
99,119,139,9160.587426697553,8020.479282878728,8075.461671729917,-6935.353527911091,-6.661176770872316
100,120,140,9161.808518046015,8012.407831075463,8090.399635249218,-6940.998948278666,-13.506905327004915
101,121,141,9192.04901673087,8002.589091283697,8108.5813709306785,-6919.121445483504,-14.351289694767274
102,122,142,9237.545260035975,8024.568724738869,8138.093129714547,-6925.116594417441,1.4610688052985097
103,123,143,9263.782563774734,8003.346618350087,8165.144712337758,-6904.708766913111,7.363537111198639
104,124,144,9268.699047656035,8014.868677125088,8172.68798404792,-6918.8576135169715,11.536931505242137
105,125,145,9273.009408492559,8015.025853875105,8164.418164203015,-6906.434609585562,-116.39990565163407
106,126,146,9287.101170860376,8018.760893307806,8180.319598378661,-6911.979320826091,19.440660900727835
107,127,147,9302.284147131595,8030.731433123607,8193.871972813404,-6922.319258805415,20.859771360596824
108,128,148,9319.061813590015,8030.888660024503,8210.553322841908,-6922.3801692763955,24.39385575285405
109,129,149,9334.278070927154,8047.642083143017,8210.568796179426,-6923.93280839529,29.074001343475175
110,130,150,9336.494268179335,8049.919358330694,8208.873466598614,-6922.298556749973,30.051090833620492
111,131,151,9358.421048644492,8053.233153747315,8218.848927777108,-6913.661032879931,37.02091869143214
112,132,152,9345.807023855366,8049.490007494024,8214.541148109787,-6918.224131748444,32.90540369422706
113,133,153,9334.244424056678,8040.949872427767,8208.564295073791,-6915.26974344488,28.98531446002471
114,134,154,9346.5670841986,8021.63231787304,8231.30271316027,-6906.367946834711,28.216811779602722
115,135,155,9379.837997685026,8044.927193658579,8214.724226242994,-6879.813422216546,34.82243287025358
116,136,156,9367.070611100618,8064.6406708950135,8185.124350907264,-6882.694410701659,27.40583699734816
117,137,157,9391.107924106589,8087.050094553095,8179.961073830607,-6875.903244277113,31.268619604404194
118,138,158,9440.0810368507,8095.504915418187,8187.505068787432,-6842.92894735492,48.05585733568569
119,139,159,9423.663982338636,8075.461671729917,8190.169644488975,-6841.967333880257,57.16922519941363
120,140,160,9448.498385129711,8090.399635249218,8178.70522137433,-6820.606471493837,68.66541524656895
121,141,161,9466.284914898282,8108.5813709306785,8188.203296049494,-6830.499752081891,68.48842744134481
122,142,162,9461.19285817473,8138.093129714547,8180.850676639847,-6857.750948179662,55.44687411371115
123,143,163,9460.9768817422,8165.144712337758,8152.806352771975,-6856.974183367534,62.4360243299443
124,144,164,9471.140534818496,8172.68798404792,8142.505207650496,-6844.05265687992,71.46699347433105
125,145,165,9456.772464915211,8164.418164203015,8143.662385272513,-6851.308084560318,198.2165686607068
126,146,166,9475.015158048314,8180.319598378661,8139.653238523309,-6844.957678853654,64.22300870169511
127,147,167,9468.580081679513,8193.871972813404,8128.343226410143,-6853.635117544034,63.45584183934625
128,148,168,9451.633097521122,8210.553322841908,8115.002856320687,-6873.923081641473,58.25132280031494
129,149,169,9435.517598549013,8210.568796179426,8122.568161089429,-6897.619358719843,50.06353611298164
130,150,170,9410.819332531733,8208.873466598614,8110.569516075618,-6908.623650142497,126.95445593360728
131,151,171,9404.391469975806,8218.848927777108,8102.703991783561,-6917.161449584863,55.185389372912596
132,152,172,9401.91006020693,8214.541148109787,8113.321593933407,-6925.952681836265,57.350402270898485
133,153,173,9405.892377072882,8208.564295073791,8120.552772651613,-6923.224690652523,54.030072883646426
134,154,174,9422.488479681062,8231.30271316027,8119.561970974194,-6928.376204453401,48.01445747570415
135,155,175,9385.785432786824,8214.724226242994,8120.35780446581,-6949.296597921979,38.465630446362866
136,156,176,9358.734957397748,8185.124350907264,8125.241779839816,-6951.631173349331,41.55527120387842
137,157,177,9329.598027712193,8179.961073830607,8112.470447025774,-6962.83349314419,30.83602637536569
138,158,178,9319.482335603378,8187.505068787432,8113.468449004637,-6981.491182188691,24.838191156355606
139,159,179,9308.72045298752,8190.169644488975,8114.829324512741,-6996.278516014196,28.537861571402573
140,160,180,9299.083785283743,8178.70522137433,8123.527418277905,-7003.148854368492,23.41608374417092
141,161,181,9301.487838419107,8188.203296049494,8125.861127660361,-7012.576585290748,17.35905500863919
142,162,182,9286.684339130668,8180.850676639847,8119.674827491261,-7013.841165000438,15.892730746368215
143,163,183,9258.134633563082,8152.806352771975,8115.480716474811,-7010.1524356837035,16.043400031999226
144,164,184,9245.548113085224,8142.505207650496,8091.306974294917,-6988.26406886019,20.938068652212223
145,165,185,9258.410610499579,8143.662385272513,8095.124416262597,-6980.3761910355315,29.692524917075843
146,166,186,9252.59468254423,8139.653238523309,8087.029956513476,-6974.088512492555,28.63008412825684
147,167,187,9274.588233808028,8128.343226410143,8133.976384439142,-6987.731377041257,25.935210031476345
148,168,188,9279.072569111157,8115.002856320687,8148.6905753232295,-6984.62086253276,27.488941992110995
149,169,189,9284.758707169041,8122.568161089429,8148.129941794418,-6985.939395714806,21.48443280319907
150,170,190,9297.661980651228,8110.569516075618,8151.31826780158,-6964.225803225971,-40.504541410210095
151,171,191,9298.58653032692,8102.703991783561,8156.956026221316,-6961.073487677957,24.074673672403605
152,172,192,9305.681494216415,8113.321593933407,8156.79889528243,-6964.438994999422,23.57092074534603
153,173,193,9307.582092721917,8120.552772651613,8152.770896348211,-6965.741576277906,25.717140291283613
154,174,194,9295.048536446559,8119.561970974194,8134.502085395937,-6959.015519923572,28.03912479505152
155,175,195,9287.762830376274,8120.35780446581,8123.666373094358,-6956.261347183894,20.83390548520947
156,176,196,9294.331714403212,8125.241779839816,8118.769554919389,-6949.679620355993,17.88706403295373
157,177,197,9317.47490223093,8112.470447025774,8161.472633960708,-6956.468178755553,26.443172192130987
158,178,198,9310.029146925242,8113.468449004637,8158.352888764267,-6961.79219084366,23.939843640931485
159,179,199,9298.369312603074,8114.829324512741,8159.097109786924,-6975.557121696591,26.05947381918213
160,180,200,9305.828623930413,8123.527418277905,8158.80117633875,-6976.499970686242,25.289622396487175
161,181,201,9298.757985843255,8125.861127660361,8152.210305435764,-6979.313447252869,23.001593600432443
162,182,202,9296.190730099195,8119.674827491261,8166.460566574946,-6989.944663967011,18.929842382645802
163,183,203,9293.85372138985,8115.480716474811,8167.100288666159,-6988.727283751119,26.25530218963786
164,184,204,9294.615021810034,8091.306974294917,8174.954826461602,-6971.646778946486,27.43797464746376
165,185,205,9278.238613604051,8095.124416262597,8160.763705716736,-6977.649508375282,21.84630244486425
166,186,206,9292.388380975879,8087.029956513476,8173.698763572504,-6968.3403391101,27.61564984327606
167,187,207,9301.41858763353,8133.976384439142,8150.365839239533,-6982.923636045145,30.43847717542576
168,188,208,9313.15001267834,8148.6905753232295,8135.798609239111,-6971.339171884001,37.87945618314052
169,189,209,9311.389268022353,8148.129941794418,8122.547512857756,-6959.288186629821,34.6393165399636
