Left,Mid,Right,Loss,Loss_left,Loss_right,gain,glasso
0,20,40,9259.447324150864,8073.669500578253,8165.771048965831,-6979.99322539322,2.861577987850069
1,21,41,9261.08923787778,8099.2452186492965,8162.103178939616,-7000.259159711131,14.518846023466267
2,22,42,9253.019224013162,8078.061692249773,8170.78266890765,-6995.82513714426,3.3284601294813
3,23,43,9243.582389251318,8097.153869470975,8161.489048992037,-7015.060529211694,10.99171658081741
4,24,44,9259.921377505023,8110.270096770543,8176.203135995373,-7026.551855260892,13.42464453071716
5,25,45,9265.709031792188,8115.115857405714,8178.168300950389,-7027.575126563914,10.87728106739769
6,26,46,9303.823983537379,8115.180807004743,8207.717349682007,-7019.074173149371,20.30603677338968
7,27,47,9307.609578758547,8119.630045630139,8204.793513094191,-7016.813979965784,23.223823549045846
8,28,48,9307.30307189747,8120.910915346452,8201.111508634327,-7014.71935208331,26.776214371781407
9,29,49,9316.293102256644,8115.326706506803,8208.423185359534,-7007.456789609692,29.948348117030037
10,30,50,9322.309178465479,8117.138431753163,8205.920279911476,-7000.7495331991595,36.86432705645393
11,31,51,9310.457502645137,8120.68613197931,8202.842677137738,-7013.071306471911,36.53080401613397
12,32,52,9315.2068187546,8150.788543796658,8187.984169715345,-7023.565894757405,29.517674092942343
13,33,53,9315.88368118794,8162.175514596716,8182.604429444405,-7028.896262853183,28.819334414726654
14,34,54,9304.323022942745,8150.592303524568,8172.642276826193,-7018.911557408015,30.15246422198652
15,35,55,9298.688930391603,8142.48789708159,8166.434252607333,-7010.233219297319,30.3171011506588
16,36,56,9304.652654706548,8145.798289889239,8163.313020365134,-7004.458655547825,33.56389107354653
17,37,57,9309.794474896726,8162.512735766508,8153.6627416466235,-7006.381002516406,34.31295219153708
18,38,58,9311.816956191658,8175.640816409372,8139.633148924651,-7003.457009142365,41.64580294883581
19,39,59,9311.943852198974,8167.842720894716,8133.699244871114,-6989.598113566857,44.91394526935983
20,40,60,9323.615183781845,8165.771048965831,8151.185179061752,-6993.341044245737,45.89367870861997
21,41,61,9347.436632442766,8162.103178939616,8166.603399422125,-6981.2699459189735,50.3714955627629
22,42,62,9361.346288321334,8170.78266890765,8185.220850490733,-6994.657231077048,45.966386628239434
23,43,63,9366.784615262513,8161.489048992037,8201.031307164796,-6995.735740894321,46.967267697372336
24,44,64,9377.00526049376,8176.203135995373,8175.006492879584,-6974.204368381197,48.92502910043004
25,45,65,9389.852337395507,8178.168300950389,8149.826675885709,-6938.14263944059,55.28072869938933
26,46,66,9416.762942171958,8207.717349682007,8129.0609468581515,-6920.015354368201,53.25640982918003
27,47,67,9419.624699631726,8204.793513094191,8122.973576244285,-6908.142389706751,55.25532263981586
28,48,68,9407.671516694738,8201.111508634327,8113.645500993394,-6907.0854929329835,46.68244472459128
29,49,69,9410.756589403569,8208.423185359534,8115.624717966588,-6913.291313922553,47.489482605927606
30,50,70,9412.814078107805,8205.920279911476,8096.993117727921,-6890.099319531591,41.53384337734724
31,51,71,9409.131357163255,8202.842677137738,8112.95890902803,-6906.670229002513,39.42570837179892
32,52,72,9382.482959839539,8187.984169715345,8107.141830011082,-6912.643039886889,32.324161836013445
33,53,73,9374.602445554687,8182.604429444405,8093.690259633169,-6901.692243522888,28.853680616641213
34,54,74,9359.851195809477,8172.642276826193,8100.752238555637,-6913.543319572353,32.34216529009154
35,55,75,9361.154172926797,8166.434252607333,8102.960370768914,-6908.24045044945,32.07190910011104
36,56,76,9352.507950685173,8163.313020365134,8104.258967506552,-6915.064037186514,31.510154372845136
37,57,77,9330.87920827719,8153.6627416466235,8084.12176158167,-6906.905294951102,23.064959011904648
38,58,78,9312.825691090988,8139.633148924651,8076.522625411899,-6903.3300832455625,21.59072959484729
39,59,79,9313.57800550887,8133.699244871114,8063.837529342029,-6883.958768704271,29.768891698078278
40,60,80,9310.173386574359,8151.185179061752,8033.203856422578,-6874.215648909971,25.239746660311084
41,61,81,9307.796524299869,8166.603399422125,8030.567408252815,-6889.374283375071,26.520105008416067
42,62,82,9317.417011426849,8185.220850490733,8015.036473600613,-6882.840312664497,27.727636507310763
43,63,83,9337.261172394163,8201.031307164796,8039.260503798011,-6903.030638568645,35.669223912087546
44,64,84,9310.604852582856,8175.006492879584,8034.824045029078,-6899.225685325806,28.0231996335433
45,65,85,9278.314461990423,8149.826675885709,8007.807288970591,-6879.319502865877,32.15047408293913
46,66,86,9239.58231694523,8129.0609468581515,7992.87522496492,-6882.3538548778415,15.340483072326151
47,67,87,9245.822707527459,8122.973576244285,8006.379636887982,-6883.530505604809,20.065232911271778
48,68,88,9219.29857823033,8113.645500993394,7997.3257040504595,-6891.672626813524,18.84278687804226
49,69,89,9216.2523293321,8115.624717966588,7996.534051532073,-6895.906440166562,6.991427497852328
50,70,90,9194.18360260347,8096.993117727921,8006.049423452125,-6908.858938576575,-5.821118157417914
51,71,91,9215.115645805019,8112.95890902803,8015.926273841953,-6913.7695370649635,-7.932077953666521
52,72,92,9254.357073883155,8107.141830011082,8086.707873952484,-6939.492630080411,-4.072796781793386
53,73,93,9241.534196284847,8093.690259633169,8088.107025704561,-6940.2630890528835,-3.1867715644521013
54,74,94,9252.827779169089,8100.752238555637,8101.900177035024,-6949.824636421572,4.495321451488962
55,75,95,9278.079862958284,8102.960370768914,8125.540536565801,-6950.42104437643,9.544823085547705
56,76,96,9272.459183484243,8104.258967506552,8125.063973171217,-6956.863757193525,13.42505038810441
57,77,97,9270.587095279909,8084.12176158167,8147.782966133842,-6961.317632435603,13.337682455441154
58,78,98,9259.772853849809,8076.522625411899,8138.853157700798,-6955.602929262888,9.892157537610728
59,79,99,9242.793642913284,8063.837529342029,8145.576545312062,-6966.620431740806,13.24318967699719
60,80,100,9260.849423098196,8033.203856422578,8163.372522555746,-6935.726955880127,25.682816678394374
61,81,101,9249.591670040802,8030.567408252815,8152.016435141583,-6932.992173353596,35.03669459935918
62,82,102,9234.617180905625,8015.036473600613,8123.049282870759,-6903.468575565748,28.875224624518523
63,83,103,9233.479938394605,8039.260503798011,8117.398955553499,-6923.179520956906,26.462009853997188
64,84,104,9239.0984877263,8034.824045029078,8116.496331104967,-6912.221888407745,30.410430831658687
65,85,105,9233.229438137072,8007.807288970591,8123.9478777477,-6898.525728581219,26.044454151361606
66,86,106,9223.21337578525,7992.87522496492,8126.35454698388,-6896.01639616355,19.245591655657336
67,87,107,9228.626199386052,8006.379636887982,8133.261442417481,-6911.014879919412,10.766974230085452
68,88,108,9255.817891883446,7997.3257040504595,8172.456807199282,-6913.964619366296,32.33540963424548
69,89,109,9256.193220768448,7996.534051532073,8175.812074303931,-6916.152905067556,33.95073594068754
70,90,110,9260.10231577155,8006.049423452125,8180.803263604559,-6926.750371285134,31.93838064266265
71,91,111,9262.58502153611,8015.926273841953,8175.496343731721,-6928.837596037563,28.746079872002156
72,92,112,9278.63205307096,8086.707873952484,8146.4860391368875,-6954.561860018412,32.33628004724005
73,93,113,9281.6030566944,8088.107025704561,8151.077577280095,-6957.581546290257,34.9400444324865
74,94,114,9289.703267814155,8101.900177035024,8152.140649876132,-6964.337559097001,33.24012090577162
75,95,115,9289.639792456604,8125.540536565801,8147.3279069346045,-6983.228651043801,28.236620697542094
76,96,116,9323.438021012917,8125.063973171217,8170.315419786088,-6971.941371944387,40.329506418593155
77,97,117,9329.408136513193,8147.782966133842,8165.713983691119,-6984.088813311768,33.71711118746043
78,98,118,9328.521967073004,8138.853157700798,8164.933869559948,-6975.265060187743,35.796989730550195
79,99,119,9324.531096482404,8145.576545312062,8171.345884829473,-6992.39133365913,28.731055483016917
80,100,120,9330.54060128502,8163.372522555746,8124.9219493543005,-6957.753870625027,36.104035253281836
81,101,121,9325.724449835912,8152.016435141583,8125.524705101145,-6951.816690406815,36.02789049335934
82,102,122,9314.736328131363,8123.049282870759,8136.637181660335,-6944.9501363997315,29.27661931358307
83,103,123,9313.074584087884,8117.398955553499,8155.484012697032,-6959.808384162647,22.03358764495124
84,104,124,9321.84879382859,8116.496331104967,8157.568865494934,-6952.21640277131,25.37967514054344
85,105,125,9321.533095374658,8123.9478777477,8164.412414498114,-6966.827196871156,17.164446842466532
86,106,126,9323.240141263284,8126.35454698388,8166.01774808683,-6969.132153807424,28.427082143767166
87,107,127,9311.263398378745,8133.261442417481,8160.976566685212,-6982.974610723948,16.63580672027274
88,108,128,9318.624640887112,8172.456807199282,8154.458117160125,-7008.290283472295,24.047370657928695
89,109,129,9319.292798702507,8175.812074303931,8162.376065466257,-7018.89534106768,21.73985407566306
90,110,130,9312.336915375387,8180.803263604559,8150.436737886202,-7018.903086115375,20.545320665305553
91,111,131,9297.614808656757,8175.496343731721,8154.749230803171,-7032.630765878135,26.514632054648246
92,112,132,9284.950746712257,8146.4860391368875,8150.945142570608,-7012.480434995239,19.068928767470425
93,113,133,9302.029465529704,8151.077577280095,8152.909125450216,-7001.957237200608,24.576922233567984
94,114,134,9312.532753424184,8152.140649876132,8144.32210893794,-6983.930005389888,33.67668673371327
95,115,135,9314.462733709757,8147.3279069346045,8150.306616795996,-6983.171790020844,31.469491537629892
96,116,136,9323.786859671745,8170.315419786088,8123.074430021762,-6969.6029901361035,42.72284943743762
97,117,137,9318.942043715926,8165.713983691119,8118.250308907991,-6965.022248883184,41.450197776728146
98,118,138,9328.075948065654,8164.933869559948,8134.28117785506,-6971.139099349353,38.85467974613539
99,119,139,9327.544643427053,8171.345884829473,8133.908901554874,-6977.710142957294,38.357825840035275
100,120,140,9296.041029265842,8124.9219493543005,8136.486003860764,-6965.366923949223,35.462427310565545
101,121,141,9316.613062159598,8125.524705101145,8151.488268001258,-6960.399910942804,36.121688070000346
102,122,142,9345.605661744223,8136.637181660335,8149.843869715904,-6940.875389632016,36.487526686574256
103,123,143,9359.876520706157,8155.484012697032,8152.721418937877,-6948.3289109287525,37.43264769606458
104,124,144,9364.696055988483,8157.568865494934,8147.1042078773435,-6939.977017383793,37.80908273257819
105,125,145,9404.311792750364,8164.412414498114,8174.616543250662,-6934.717164998412,37.685081575169534
106,126,146,9410.655361895322,8166.01774808683,8190.135872307006,-6945.498258498514,37.690061273251104
107,127,147,9438.070696118633,8160.976566685212,8213.524417412284,-6936.430287978863,42.43878273610335
108,128,148,9434.19575619527,8154.458117160125,8213.069811383524,-6933.332172348379,39.076628044955214
109,129,149,9450.635793526233,8162.376065466257,8222.864993852647,-6934.605265792672,41.342217613272624
110,130,150,9454.110888066583,8150.436737886202,8229.335500284633,-6925.66135010425,37.07150526340183
111,131,151,9458.342563302474,8154.749230803171,8226.497674224102,-6922.904341724798,26.512704281794868
112,132,152,9466.550603454922,8150.945142570608,8225.872770954555,-6910.267310070241,44.963187209691114
113,133,153,9468.599001171748,8152.909125450216,8219.728608442612,-6904.038732721081,44.007829382721866
114,134,154,9449.671230583604,8144.32210893794,8202.759489839393,-6897.410368193729,46.808065621564765
115,135,155,9461.491436876942,8150.306616795996,8182.988071766698,-6871.803251685753,52.19977165254022
116,136,156,9432.078247161073,8123.074430021762,8161.663697500591,-6852.65988036128,54.26443537469413
117,137,157,9422.457039923056,8118.250308907991,8134.200513180685,-6829.99378216562,54.519883383502474
118,138,158,9423.075040744683,8134.28117785506,8102.033434680902,-6813.2395717912805,50.79261721977355
119,139,159,9430.948511402727,8133.908901554874,8119.349805463653,-6822.310195615801,50.81238398441792
120,140,160,9442.480425813128,8136.486003860764,8129.089349622707,-6823.094927670343,57.66972359569081
121,141,161,9440.467041399355,8151.488268001258,8119.574204475708,-6830.595431077611,58.569817146002606
122,142,162,9421.396196545993,8149.843869715904,8112.62828422806,-6841.07595739797,53.55087408064992
123,143,163,9398.771628125633,8152.721418937877,8098.344021831097,-6852.293812643342,46.11679101536447
124,144,164,9367.07955248078,8147.1042078773435,8092.848793844753,-6872.873449241317,48.09660915082077
125,145,165,9348.926944834213,8174.616543250662,8084.142455051781,-6909.832053468232,29.11253008902395
126,146,166,9348.810969227434,8190.135872307006,8090.297781982414,-6931.622685061986,25.92553649709498
127,147,167,9363.994779737524,8213.524417412284,8077.2504609827965,-6926.780098657557,26.300709961180473
128,148,168,9354.63828057382,8213.069811383524,8080.8349815943375,-6939.266512404041,18.587564035567084
129,149,169,9347.641609593185,8222.864993852647,8081.423863711867,-6956.647247971328,15.271195143360728
130,150,170,9325.984396840671,8229.335500284633,8060.8284638232435,-6964.179567267205,8.387562417890422
131,151,171,9326.947406051833,8226.497674224102,8067.5924533933585,-6967.142721565626,9.031447230439426
132,152,172,9335.65388291157,8225.872770954555,8090.2706624534085,-6980.489550496393,9.012106053598018
133,153,173,9324.145543785453,8219.728608442612,8095.351232704894,-6990.934297362053,9.672481116022027
134,154,174,9300.45776954613,8202.759489839393,8089.489044972928,-6991.790765266191,9.544558896696344
135,155,175,9264.869776962241,8182.988071766698,8075.874532970057,-6993.992827774513,7.156049978052124
136,156,176,9235.636419810824,8161.663697500591,8073.868661552762,-6999.8959392425295,4.630537599014588
137,157,177,9225.439297612214,8134.200513180685,8083.240024901353,-6992.001240469825,6.7718217405908945
138,158,178,9207.353083564976,8102.033434680902,8073.054860560772,-6967.735211676698,20.69179218723184
139,159,179,9218.189378829753,8119.349805463653,8069.377290077811,-6970.537716711711,25.22486438231317
140,160,180,9214.831160248425,8129.089349622707,8038.41740029621,-6952.675589670493,29.57381204036119
141,161,181,9210.667542603376,8119.574204475708,8037.090821348133,-6945.997483220464,33.17182783637509
142,162,182,9218.039504216673,8112.62828422806,8074.222287708532,-6968.81106771992,27.708140709566578
143,163,183,9225.082681951195,8098.344021831097,8083.953459720334,-6957.214799600237,30.022679391629936
144,164,184,9217.284096330437,8092.848793844753,8088.202594331426,-6963.767291845743,20.02704960799474
145,165,185,9213.808385946184,8084.142455051781,8111.553185082682,-6981.887254188279,15.567516601066927
146,166,186,9244.348125066534,8090.297781982414,8129.152261856738,-6975.101918772618,29.747507187709743
147,167,187,9257.936411891926,8077.2504609827965,8147.398979923744,-6966.713029014616,29.122325855538747
148,168,188,9263.924880730683,8080.8349815943375,8140.824846667016,-6957.734947530669,31.927028963243174
149,169,189,9273.568632944887,8081.423863711867,8142.7681049409075,-6950.623335707887,32.15374610175331
150,170,190,9269.307964442283,8060.8284638232435,8141.821938888586,-6933.342438269547,28.85640156808313
151,171,191,9267.783200406342,8067.5924533933585,8140.840310448428,-6940.649563435443,24.325692560811603
152,172,192,9259.076084974899,8090.2706624534085,8129.493766428284,-6960.688343906793,16.94575900181144
153,173,193,9256.978935098621,8095.351232704894,8136.974260868429,-6975.346558474703,18.237604267495044
154,174,194,9260.458078740285,8089.489044972928,8150.094768560523,-6979.125734793168,14.200590594861296
155,175,195,9255.280049487663,8075.874532970057,8153.606881624655,-6974.20136510705,11.17223682619806
156,176,196,9259.772529205968,8073.868661552762,8167.731130607955,-6981.827262954748,7.422643672875893
157,177,197,9256.535244245953,8083.240024901353,8167.082132508395,-6993.786913163794,8.29697959164696
158,178,198,9249.387169771695,8073.054860560772,8166.3591283931255,-6990.0268191822015,11.212173845345205
159,179,199,9242.352703414073,8069.377290077811,8168.547639066924,-6995.572225730661,18.391297884037158
160,180,200,9221.7371085494,8038.41740029621,8167.024271221275,-6983.704562968085,18.700293690037597
161,181,201,9225.454165697987,8037.090821348133,8166.762558357414,-6978.399214007559,22.285294133977004
162,182,202,9241.76558589345,8074.222287708532,8162.647300632462,-6995.104002447544,23.590626176354363
163,183,203,9253.989636808643,8083.953459720334,8182.805949647523,-7012.769772559213,16.91593455068005
164,184,204,9275.271030162936,8088.202594331426,8199.85228678629,-7012.78385095478,21.46601126432006
165,185,205,9273.29224942926,8111.553185082682,8188.059875457773,-7026.320811111194,18.87429838442131
166,186,206,9270.23319894717,8129.152261856738,8156.745834634386,-7015.664897543955,25.58695470784187
167,187,207,9299.684467337176,8147.398979923744,8143.069853737709,-6990.784366324277,31.29464812223341
168,188,208,9298.256620840384,8140.824846667016,8152.549431432824,-6995.117657259456,27.472926265827027
169,189,209,9293.713491384162,8142.7681049409075,8124.938946705545,-6973.99356026229,34.451138744339005
