Left,Mid,Right,Loss_likeli,Loss_AIC,Loss_BIC,Loss_eBIC
0,20,40,162.94048490457135,45.94048490457135,26.143006373739354,-431.02013293896016
1,21,41,157.9672351597626,37.967235159762595,23.96408867004584,-503.1906204041288
2,22,42,158.75496849315755,17.75496849315755,-5.464612269987811,-783.749746939382
3,23,43,189.39301096722875,8.393010967228747,-24.28009028079009,-1124.774446416015
4,24,44,214.07497548255287,14.074975482552873,-27.64746604040829,-1327.4764010723893
5,25,45,173.45589721016427,-23.544102789835733,-70.12935759151242,-1182.7114921007565
6,26,46,164.10004215134222,-40.89995784865778,-85.28051658047707,-1246.7526682436737
7,27,47,183.50549184733495,-18.49450815266505,-63.81796198037546,-1327.0409380612373
8,28,48,175.69813963709612,18.69813963709612,-15.700700905056237,-1012.4553771757505
9,29,49,174.83277684895097,23.83277684895097,-11.83562051245849,-1125.3069378653613
10,30,50,169.03497937566635,4.034979375666353,-31.67207209502135,-1217.7420389139647
11,31,51,151.63668819174836,-7.363311808251638,-42.509181590237404,-916.8891604381124
12,32,52,142.7882719466827,5.788271946682698,-21.17713154844887,-743.7411158088048
13,33,53,152.3613525464034,5.3613525464033955,-24.15669718453819,-924.0252109334406
14,34,54,155.12405071023613,24.124050710236133,2.3756912976896274,-905.4455315964401
15,35,55,145.28512029311037,18.285120293110367,-6.820784146771075,-825.0003143953741
16,36,56,155.4885401489464,5.488540148946413,-29.33541748540597,-947.2763019099707
17,37,57,189.64903900177364,14.649039001773644,-30.130561025159523,-1065.718598863216
18,38,58,152.10237683431524,17.102376834315237,-18.224781324821606,-895.7016540362465
19,39,59,135.7143099923187,-5.285690007681296,-39.094588313840404,-856.546202618104
20,40,60,137.63681579393165,-2.363184206068354,-34.24001872623057,-767.4634970211791
21,41,61,114.7634760267199,-17.2365239732801,-44.67776143868355,-820.3118780382465
22,42,62,105.73167611125427,-10.268323888745726,-29.012443808905573,-608.1123662056116
23,43,63,103.21482052404576,1.2148205240457628,-11.571029937546427,-412.16570363406026
24,44,64,130.14088716488163,45.14088716488163,35.26225248351534,-302.1700435639618
25,45,65,152.3507871922111,77.3507871922111,61.32709763460707,-357.2104364762638
26,46,66,153.3429733962996,80.34297339629961,62.02057210613748,-407.8844665809613
27,47,67,153.34063395699945,74.34063395699945,60.73548488440588,-364.1502203136313
28,48,68,194.13438063868307,101.13438063868307,78.26870279196078,-498.411218103329
29,49,69,184.17800163478773,115.17800163478773,95.46451124931286,-343.92083115758965
30,50,70,202.16944645607919,103.24420761928968,73.24894239775062,-531.9720031998556
31,51,71,223.51246212738238,107.51246212738238,62.23663951132971,-500.108606990751
32,52,72,231.6603070169092,111.6603070169092,72.02137181360331,-433.16119483170155
33,53,73,263.3372619177853,109.33726191778533,54.4213905680474,-723.4742079869345
34,54,74,306.6499281323986,106.6499281323986,35.78332420597553,-1044.9614142018927
35,55,75,296.295064127527,109.29506412752698,39.07646779847187,-884.6911547691673
36,56,76,326.51938251736556,153.51938251736556,77.43917497306461,-882.1184529737952
37,57,77,371.56265310266076,150.56265310266076,60.18543661273202,-1150.0050129514664
38,58,78,409.9496921862219,188.9496921862219,94.30019530831828,-1381.0972447323868
39,59,79,446.69914672563414,191.69914672563414,94.61294556373628,-1494.8419378035353
40,60,80,495.75419522237075,224.75419522237075,121.07024517073091,-1592.1614201408047
41,61,81,484.5847533654028,214.58475336540278,105.75963970793396,-1626.6498184964266
42,62,82,450.8048367081183,183.80483670811827,68.40767240189234,-1476.538216128667
43,63,83,391.81062722052525,156.81062722052525,54.71474945997011,-1377.246042043161
44,64,84,346.77430669531054,140.77430669531054,56.41618339979732,-1135.2705384274755
45,65,85,337.503747977888,144.503747977888,59.33464657219929,-1051.0457693684498
46,66,86,385.5015715170041,116.5015715170041,18.425412320361374,-1939.8523248467736
47,67,87,381.8831262904537,102.88312629045367,-2.172022452122974,-1972.7226992106198
48,68,88,385.3407520875526,124.34075208755257,29.963638922093878,-1962.8512716822643
49,69,89,333.8909324693607,122.89093246936068,47.036541453310974,-1591.9706289761593
50,70,90,347.22012103522,123.29488219843051,53.9402068382451,-1941.0121840223255
51,71,91,321.3025237407671,118.30252374076713,50.50676264191452,-1478.9349521706536
52,72,92,333.0033410884221,123.00334108842208,62.81660489478486,-1362.438637727927
53,73,93,319.3769457982562,108.3769457982562,64.2455203538666,-1734.6952429133426
54,74,94,289.97586930238344,89.97586930238344,58.61865466787708,-1517.2534517200643
55,75,95,260.9317270066199,72.9317270066199,51.08214077026423,-1405.4916919933767
56,76,96,299.76345147096686,116.76345147096686,80.06600211473233,-1470.0757939497234
57,77,97,240.7560952007982,63.7560952007982,60.17407994872633,-1255.721026395986
58,78,98,218.9994529317412,43.99945293174119,33.3790071493072,-1475.601480530524
59,79,99,182.5095993773275,-0.49040062267249596,-0.7254790388947185,-1259.8131258505155
60,80,100,193.39052206720385,-8.609477932796153,-31.153229859027306,-1357.0008763302376
61,81,101,141.3742529252895,-35.62574707471049,-49.28243378244247,-1166.4656262671983
62,82,102,142.38364286130013,-24.61635713869987,-37.479312022244585,-923.6072603614357
63,83,103,183.03035777062155,24.03035777062155,-5.57033456688464,-1087.4806386755317
64,84,104,164.45424474787615,-10.545755252123854,-33.89365464478192,-1126.1429670825
65,85,105,106.90643109902976,-82.09356890097024,-95.90992038143804,-1103.7064991165425
66,86,106,241.76848387147356,7.768483871473563,-22.818454997503068,-1753.3064724970664
67,87,107,246.6984773648294,6.698477364829387,-33.4839352191816,-1817.8298541910394
68,88,108,262.8747237675352,14.874723767535215,-37.09163069047463,-1939.7660013466502
69,89,109,153.9463918748345,-31.05360812516551,-64.93448026187434,-1450.005393340714
70,90,110,202.20377529291068,-26.796224707089323,-89.86125225786554,-1859.761435126578
71,91,111,135.54683097021052,-67.45316902978948,-111.681925989604,-1391.8617061800746
72,92,112,148.47943093218214,-66.52056906781786,-106.97293386817773,-1264.4192446522256
73,93,113,164.91861778723455,-68.08138221276545,-124.45516614288545,-1654.7759132660235
74,94,114,133.33178648663352,-62.66821351336648,-106.53106982826193,-1282.491406992007
75,95,115,155.41340242569936,-48.58659757430064,-93.3610657073516,-1157.7248242956302
76,96,116,148.94478157615367,-52.05521842384633,-92.9786163104684,-1254.9712867937073
77,97,117,168.24165498597222,-12.758345014027782,-36.77882423609117,-1061.891384415133
78,98,118,186.5542688161222,0.5542688161222031,-34.439783114424245,-1176.9401031592824
79,99,119,140.9673745963562,-34.032625403643806,-60.154438441885986,-1109.6168466423196
80,100,120,157.2782451423293,-33.7217548576707,-79.94731075260074,-1194.1919181005446
81,101,121,132.1510015982633,-30.848998401736708,-65.70997879254628,-1017.0954566647324
82,102,122,131.4812645039026,-11.518735496097406,-35.12073378641912,-694.8809486143023
83,103,123,98.63205717398182,-13.36794282601818,-28.021255125635662,-536.6723265835321
84,104,124,111.05204317752214,-18.947956822477863,-30.794392381548278,-541.7027139711763
85,105,125,122.50698502593036,-37.49301497406964,-53.5067808214435,-964.6459887109163
86,106,126,186.71391496499086,51.71391496499086,26.60328380503688,-724.5091008991467
87,107,127,190.56503200550628,62.56503200550628,39.38161816373827,-598.2305337636092
88,108,128,204.1735084627453,63.1735084627453,31.5543395632767,-731.9991282247922
89,109,129,139.09969061500806,35.09969061500806,18.827261731833232,-473.80678204130754
90,110,130,144.10685983200892,59.10685983200892,41.70604919013249,-397.5270829134606
91,111,131,91.82970503375122,-15.170294966248775,-36.21062770534968,-535.233171796725
92,112,132,58.60272843811231,-44.39727156188769,-40.42681710278862,-344.4931902215001
93,113,133,99.06930879484639,3.0693087948463926,-14.555569570622993,-543.6326894331696
94,114,134,105.97265956032356,17.972659560323564,14.681771385869297,-340.0955529589062
95,115,135,124.13534654564273,13.135346545642733,9.790147353211523,-464.84335649452964
96,116,136,153.3457139657512,35.3457139657512,9.91912909782036,-530.61550152256
97,117,137,180.34040611735804,47.34040611735804,15.556852563833218,-697.79260272579
98,118,138,208.37402021108824,78.37402021108824,46.809640634685366,-591.7282526027427
99,119,139,183.63305584143518,27.63305584143518,-15.587465789073804,-885.6776215289656
100,120,140,191.2752371709721,43.275237170972105,5.634702317093797,-924.2967885464323
101,121,141,177.7721738992077,42.7721738992077,9.721369678354904,-700.9615527135643
102,122,142,179.65663526579033,79.65663526579033,66.99726312605435,-557.392158387689
103,123,143,214.93205261241815,102.93205261241815,81.34726850720153,-538.5636858666467
104,124,144,201.6873893402169,83.6873893402169,83.7989483096203,-402.11854632027325
105,125,145,248.82965292594645,120.82965292594645,78.2437764255692,-753.035752234083
106,126,146,266.37711230814693,117.37711230814693,66.00822937243447,-826.4043450758413
107,127,147,284.29013329958866,118.29013329958866,58.17163796280556,-957.4294072242265
108,128,148,307.91892874979635,135.91892874979635,73.15981018263119,-1048.325169216409
109,129,149,267.91755449258017,135.91755449258017,97.04053402265026,-600.6076940036005
110,130,150,262.45600841899704,134.45600841899704,92.63374203569742,-585.4508423157286
111,131,151,340.8443971398574,175.8443971398574,110.50529997067747,-754.2903122128453
112,132,152,309.92675992097907,146.92675992097907,93.86556849106682,-730.6066737666388
113,133,153,331.9938435500785,147.9938435500785,67.82340286235035,-1007.1033746376477
114,134,154,349.7696594451422,168.76965944514222,109.47316002258822,-1115.174553243144
115,135,155,354.32320928889817,116.32320928889817,46.70871628926534,-1392.1355865455334
116,136,156,403.2589479184676,153.25894791846758,52.52636080045568,-1468.6482536953044
117,137,157,421.3198407792279,150.3198407792279,48.9946238194791,-1558.3055948677224
118,138,158,457.6800963790056,184.6800963790056,81.09603974266997,-1548.8826801819487
119,139,159,489.12699878434955,202.12699878434955,81.20936398597519,-1750.528951523626
120,140,160,563.566308446027,244.56630844602705,105.50170546012396,-2076.767366865037
121,141,161,480.06183418180535,189.06183418180535,67.05664533817776,-1765.7431593245387
122,142,162,436.3029341011363,181.30293410113632,78.26064695232071,-1607.6409496276187
123,143,163,415.3912145792174,157.39121457921738,58.40050646455029,-1772.4765242458839
124,144,164,370.0448357462378,106.04483574623782,33.68184237586729,-1682.514529517256
125,145,165,340.58421023345727,108.58421023345727,29.122919890311323,-1627.0224492310304
126,146,166,316.35889058937437,97.35889058937437,23.954016578722076,-1567.9004143704628
127,147,167,286.11849087627047,70.11849087627047,-0.33722050760343336,-1542.4742023554873
128,148,168,283.9928838136241,67.99288381362408,-0.3833860285701576,-1700.5317055027954
129,149,169,260.8413841424376,68.84138414243762,16.572784666250982,-1552.1935679197582
130,150,170,235.36459948360402,48.364599483604024,6.6624737202491815,-1467.9935139834233
131,151,171,271.9688516749816,63.96885167498158,15.344605555187627,-1535.906219744657
132,152,172,220.56191870205043,41.561918702050434,16.766772787298123,-1201.4461334219009
133,153,173,176.59316879712287,24.59316879712287,4.022716861535173,-1105.4957919776825
134,154,174,188.65523615275492,15.655236152754924,5.168426901823068,-1125.5505506073678
135,155,175,119.64185110429389,-48.35814889570611,-51.68974126763578,-998.0561716478433
136,156,176,106.29952795797271,-53.700472042027286,-68.54979254399177,-913.1544485909249
137,157,177,125.15783204763625,-87.84216795236375,-112.85249728221606,-1378.0008722356242
138,158,178,80.21124500941778,-116.78875499058222,-130.7521313813686,-1062.9603920582413
139,159,179,118.3441054749751,-102.6558945250249,-134.33646503916793,-1387.4213786445848
140,160,180,97.61192301642882,-134.38807698357118,-167.06193263892078,-1445.3410841691339
141,161,181,106.00237131010135,-107.99762868989865,-128.93730516102232,-1505.387524097041
142,162,182,66.45860987211563,-140.54139012788437,-149.67823747484977,-1692.3351750203974
143,163,183,105.39918192007758,-93.60081807992242,-102.56704582575162,-1552.5289709508538
144,164,184,121.89852351500735,-73.10147648499265,-84.23512276707334,-1605.2446676579557
145,165,185,99.74717063831076,-99.25282936168924,-107.8724835172386,-1628.1372228153587
146,166,186,151.4133808955221,-49.586619104477904,-60.58829989470087,-1729.4331330849282
147,167,187,164.38160188984557,-30.61839811015443,-46.95064824643487,-1652.1541963794425
148,168,188,187.24783810715462,-21.75216189284538,-45.74768512456376,-1896.237297889284
149,169,189,189.64826779688428,-31.351732203115716,-63.74766420811784,-1991.7008827059562
150,170,190,134.55727226002182,-74.44272773997818,-88.38761685357736,-1764.5978951535344
151,171,191,109.44133879898118,-107.55866120101882,-123.0604642768742,-1918.7576453777729
152,172,192,95.61934792663033,-112.38065207336967,-120.68865405212296,-1633.6753298073672
153,173,193,58.610690042906754,-142.38930995709325,-153.3909907473162,-1586.2699108174666
154,174,194,14.423862927314303,-192.5761370726857,-201.62199468919698,-1197.4078316821156
155,175,195,13.36382292387384,-168.63617707612616,-177.23605025107122,-1178.1988071775268
156,176,196,46.04720948308682,-136.95279051691318,-154.24211881746942,-1398.6748338829707
157,177,197,35.74158731043144,-173.25841268956856,-196.69199498683156,-1424.8605112620444
158,178,198,38.69999734053772,-154.30000265946228,-174.90228301995376,-1181.8556768583694
159,179,199,42.243497863385755,-180.75650213661424,-196.18976298267648,-1319.670680012996
160,180,200,67.91587499443062,-134.08412500556938,-160.8329099048883,-1166.5103689189218
161,181,201,50.15849785554269,-125.84150214445731,-138.95262030701429,-1315.5657669277489
162,182,202,50.0918427592469,-114.9081572407531,-119.29219117487787,-1383.1640427471716
163,183,203,94.81480029346017,-72.18519970653983,-90.86615675622329,-1156.2099185596244
164,184,204,117.97253744090631,-44.02746255909369,-64.7245455985319,-1122.5159037816325
165,185,205,125.02243914728297,-41.97756085271703,-54.073619687080964,-1212.276268139287
166,186,206,161.71063508112525,-18.289364918874753,-36.85768353133949,-1378.204596337208
167,187,207,134.3024667973366,-58.69753320266341,-83.04496441266929,-1414.5481328361238
168,188,208,130.80336702650993,-73.19663297349007,-91.93023679908379,-1688.0146814941954
169,189,209,137.26925631768972,-42.730743682310276,-49.51556022525597,-1675.900806184071
