Left,Mid,Right,Loss_likeli,Loss_AIC,Loss_BIC,Loss_eBIC
0,20,40,73.390044290388,-115.609955709612,-124.79612594187097,-1581.1479262698822
1,21,41,81.65250367702606,-130.34749632297394,-153.06402924278336,-1515.0647873084126
2,22,42,53.066634567413985,-156.93336543258602,-180.7336076205213,-1423.8580784043852
3,23,43,84.73846968360499,-122.26153031639501,-150.80649871903915,-1547.5650349526827
4,24,44,80.71577646048354,-144.28422353951646,-182.830503174986,-1606.23885279977
5,25,45,100.08952166654149,-140.9104783334585,-183.26373307400058,-1981.4948051840634
6,26,46,88.99926666208171,-129.0007333379183,-162.67565565482914,-1703.8608919527715
7,27,47,84.22605024979612,-140.77394975020388,-176.83552975880707,-1720.186278571624
8,28,48,80.82705072142971,-142.1729492785703,-177.9906286890864,-1654.9435677590227
9,29,49,56.855605508862254,-159.14439449113775,-194.24959966645451,-1562.1195349767986
10,30,50,47.61713022712911,-150.3828697728709,-179.64564679872183,-1445.4776852084187
11,31,51,50.24531612116448,-156.75468387883552,-191.19140331623885,-1385.694115519887
12,32,52,84.25307168063841,-93.74692831936159,-116.86469210275209,-1295.0342239410156
13,33,53,78.89250994722715,-41.107490052772846,-49.21196151429649,-717.7046969792855
14,34,54,126.77562398834516,6.77562398834516,-3.106145792835605,-775.4467471930006
15,35,55,125.4920843252255,2.4920843252255054,-5.676042652073647,-680.7265332308766
16,36,56,141.71295136059484,42.71295136059484,48.20448479388915,-497.9776594079467
17,37,57,197.11324855751081,40.113248557510815,11.854862083838725,-1041.473465655827
18,38,58,219.4010867505226,47.40108675052261,10.981561044635555,-1136.701872966687
19,39,59,183.81536178767624,16.81536178767624,-6.024478345366788,-1248.535377691157
20,40,60,185.91161992060006,11.91161992060006,-13.026988808762098,-1436.829518026149
21,41,61,222.12194401972056,36.12194401972056,3.021445400398534,-1520.1605169374716
22,42,62,262.87185921680293,66.87185921680293,26.474738804707158,-1502.5177666717004
23,43,63,265.0181452268148,96.0181452268148,56.240187667339114,-1234.5484886627037
24,44,64,300.19070241032136,128.19070241032136,81.7205425863151,-1245.5415605736794
25,45,65,330.2227041685928,179.22270416859283,141.3148358320982,-1068.9943466579412
26,46,66,315.7587384507174,155.75873845071737,104.86576455963564,-1078.5403696700278
27,47,67,335.6678454258065,163.6678454258065,102.71362057700549,-884.4993683377743
28,48,68,346.4088450957115,180.4088450957115,117.86433462696868,-881.7441767449404
29,49,69,288.1723147273667,127.17231472736671,75.18680432405063,-864.3030465472516
30,50,70,291.20986644498,142.20986644497998,91.94138979452578,-845.4606880824504
31,51,71,260.4970717952258,97.49707179522579,39.92812184878176,-938.9813305395865
32,52,72,288.7593455079466,115.75934550794659,53.54208157484436,-1135.479698494582
33,53,73,282.6781593948049,113.67815939480488,52.41263923797078,-1010.1521262670335
34,54,74,291.90957076989935,97.90957076989935,24.152966825383146,-1102.1475889262606
35,55,75,332.4844988465211,134.4844988465211,67.48884901358906,-1206.168314691472
36,56,76,358.5445076131964,167.5445076131964,101.93248437256898,-1145.88113133244
37,57,77,362.9419311603722,179.94193116037218,104.7748132830609,-1117.4131717947098
38,58,78,384.2006448101945,194.2006448101945,114.2507375399623,-1147.243045116428
39,59,79,459.6538106700143,237.6538106700143,140.29732473616036,-1651.007767539971
40,60,80,508.2758830925311,265.2758830925311,160.23679700859998,-1762.47940720684
41,61,81,470.6269655926751,252.6269655926751,160.27305181149268,-1666.732024455775
42,62,82,482.94988316613376,245.94988316613376,148.05687698622432,-1769.441596710206
43,63,83,454.7087445958714,209.7087445958714,109.9122508634257,-2001.1107163393344
44,64,84,429.77882646032117,206.77882646032117,116.20251978556985,-1878.276201531422
45,65,85,425.18558707083525,201.18558707083525,111.33767918702165,-1687.229424920873
46,66,86,411.66145508213754,207.66145508213754,127.2377521867088,-1466.9820324858981
47,67,87,386.1254475674698,182.1254475674698,104.19978557096488,-1441.7840381534147
48,68,88,319.59461807376215,148.59461807376215,84.6004976919744,-1054.6902122226213
49,69,89,267.84348851136065,121.84348851136065,73.51366066661967,-844.8790646909792
50,70,90,276.9771340651357,143.97713406513571,97.16905892947375,-821.7435041837991
51,71,91,243.8060584747102,119.8060584747102,78.88129914032879,-857.7161758875914
52,72,92,211.41476729161468,87.41476729161468,56.52441586618488,-926.9920379455943
53,73,93,204.58613546049583,55.586135460495825,15.3682929281606,-925.9152681656833
54,74,94,184.2644742689331,40.2644742689331,3.2291096010428646,-936.4464702112236
55,75,95,163.7974382373652,39.79743823736521,19.83398856236431,-730.3734512091978
56,76,96,135.9457929859518,2.9457929859518117,-14.261929270533301,-749.3100027195514
57,77,97,96.94532376435882,-23.054676235641182,-33.6993214578913,-687.0891390358183
58,78,98,95.73068894571907,-23.269311054280934,-37.11820302232786,-679.7575519644361
59,79,99,170.16850398976726,16.16850398976726,-5.744253809654538,-1258.9217272699861
60,80,100,170.3566526198033,30.3566526198033,20.369626329888433,-1104.3312338028236
61,81,101,153.72948232312092,14.72948232312092,2.364158117034094,-1158.6960372827916
62,82,102,159.41352058709163,9.413520587091625,-0.1105649568228273,-1249.6629184524536
63,83,103,179.28840537116344,21.288405371163435,9.607738092672435,-1360.4848152143531
64,84,104,176.71788813242551,28.717888132425514,13.951210237025634,-1244.3843259872206
65,85,105,186.82549902197138,33.82549902197138,16.56949044268663,-1242.7221154058384
66,86,106,182.86758710313393,51.86758710313393,42.44547122042286,-986.2333291068917
67,87,107,174.9421021782514,-26.05789782174861,-58.893714799609825,-1410.6649715262447
68,88,108,160.72993151427295,-43.27006848572705,-84.18438208923885,-1257.6302979622674
69,89,109,172.9353807087407,-40.064619291259305,-85.45972812576406,-1359.1417768351616
70,90,110,130.25572478459435,-56.74427521540565,-90.92773244510863,-1235.9423535473306
71,91,111,162.04190868501132,-33.95809131498868,-79.9003891715638,-1265.6114264198404
72,92,112,162.86419047506388,-0.1358095249361213,-43.164894888789604,-1090.3910664816995
73,93,113,179.65007268395925,11.650072683959252,-35.254637724898885,-1064.6316267606553
74,94,114,152.87570669538218,-12.124293304617822,-50.60393349754554,-1207.5781538198362
75,95,115,147.85830136680715,17.858301366807154,-3.7060507677356327,-781.9912115574584
76,96,116,98.96492176599918,-7.035078234000821,-18.07846019338649,-509.07577644244066
77,97,117,125.26106609245926,-18.73893390754074,-31.308935949795114,-633.7381013788231
78,98,118,109.34591626101678,-33.65408373898322,-56.67521224917755,-956.0511312681001
79,99,119,135.5898779361205,-19.4101220638795,-47.019349854277834,-1048.8574416380611
80,100,120,154.96821675467368,2.9682167546736764,-25.81642601692397,-870.9874960198172
81,101,121,138.3524008842362,23.352400884236204,13.57837702323809,-789.1772246123642
82,102,122,153.97159103404147,40.97159103404147,27.687842772957765,-758.0828775540472
83,103,123,133.9341531638404,43.93415316384039,46.70026213050642,-580.3136797614702
84,104,124,121.08280311113617,6.0828031111361724,-4.73094152070189,-862.7157481631775
85,105,125,83.24105632776173,-51.758943672238274,-62.47937692149708,-964.049132796933
86,106,126,96.39219696826876,-42.60780303173124,-57.39914236977802,-965.1519159963573
87,107,127,113.81380289081608,-58.18619710918392,-85.24823587751166,-1190.7873255125737
88,108,128,150.13688769172518,-29.86311230827482,-64.02724248333857,-1268.9679298963765
89,109,129,158.266024706385,-52.733975293615,-98.86621980596578,-1445.8210389865799
90,110,130,155.91339345962137,-48.086606540378625,-90.04064091473037,-1346.4974303842832
91,111,131,175.50736285254538,-45.492637147454616,-95.21724866645559,-1449.4517721942084
92,112,132,161.60685611783265,-52.39314388216735,-106.60388502016849,-1374.5099163032119
93,113,133,177.3321199887787,-27.667880011221314,-80.17041464046952,-1432.6250221692121
94,114,134,200.12441771478393,-39.87558228521607,-105.81470139531984,-1715.1651592239932
95,115,135,171.7541493853546,-39.245850614645406,-82.6055064047564,-1448.165952456497
96,116,136,178.63521032428025,-3.3647896757197486,-42.68353520769688,-1281.331365914919
97,117,137,209.24024444483416,-24.75975555516584,-74.39893229242375,-1312.4728272341158
98,118,138,197.135073747844,-32.86492625215601,-92.26893685634923,-1462.0669488263184
99,119,139,134.58430702686405,-18.415692973135947,-47.10863003166014,-1171.1143884105995
100,120,140,96.98624577868554,-33.01375422131446,-48.86947577284786,-968.2508124368674
101,121,141,84.90437269061931,-25.09562730938069,-36.88577716013356,-832.5501486450567
102,122,142,87.98717837954928,-7.0128216204507225,-13.414420961228643,-621.0239672198827
103,123,143,95.56233725790457,15.562337257904574,15.589009197941778,-614.0809346413048
104,124,144,132.36999407616418,25.369994076164176,10.221412371822453,-929.0197517069168
105,125,145,166.37900714932766,32.37900714932766,2.4017453908872994,-1002.1235126277143
106,126,146,169.5187283123189,29.5187283123189,-4.138877447343248,-978.1624668904919
107,127,147,188.93639698352627,74.93639698352627,42.43980871054691,-594.7381832824976
108,128,148,185.42153410029732,77.42153410029732,47.2189954674202,-659.1714798521548
109,129,149,191.6264148358839,65.6264148358839,29.96777277683259,-561.5602581334133
110,130,150,207.09965543323005,78.09965543323005,39.57506766718939,-652.1725372150077
111,131,151,254.07996046885728,105.07996046885728,62.617102601615215,-919.3385110515637
112,132,152,306.282721324671,131.282721324671,78.23911515114969,-965.5335494538463
113,133,153,336.55676469262494,143.55676469262494,83.82816884484964,-1138.078471676074
114,134,154,371.68727574385207,154.68727574385207,79.17311556302707,-1250.8991252787
115,135,155,408.560181737063,170.56018173706298,78.40763404541599,-1472.5511387282445
116,136,156,439.6605540638759,200.6605540638759,105.58412510349194,-1579.9853405150197
117,137,157,484.444526219085,225.444526219085,121.1039217037212,-1563.8933867161222
118,138,158,500.1717982400926,233.17179824009258,123.80854385967291,-1643.595938150293
119,139,159,479.8430834647179,251.8430834647179,154.29946719114878,-1560.3759746674177
120,140,160,513.238615594895,251.238615594895,134.66063137052106,-1715.824431317334
121,141,161,476.2010313199735,232.20103131997348,124.2380639673056,-1566.8399534561017
122,142,162,438.3070273427827,207.3070273427827,104.77659899737569,-1312.415844023017
123,143,163,417.145124579451,192.14512457945102,94.37152415210903,-1310.1804166154254
124,144,164,424.9566202607389,184.95662026073887,82.10427976769893,-1517.1745542951635
125,145,165,371.11478997851236,172.11478997851236,93.9219512486518,-1271.1412574594708
126,146,166,383.6701690794446,153.67016907944458,63.421108940333625,-1639.010535153111
127,147,167,398.98177941204244,145.98177941204244,52.25432437097447,-1668.6261430621148
128,148,168,369.7040422278458,127.70404222784578,42.165234344276996,-1670.0783189222193
129,149,169,318.36772474809004,98.36772474809004,27.92179383577968,-1423.849993968172
130,150,170,305.7566800164939,91.75668001649387,30.916441221826062,-1283.3530506530028
131,151,171,289.8674249547578,79.86742495475778,16.511453731537813,-1235.4808648541957
132,152,172,283.166283670196,70.16628367019598,19.34846411895478,-1167.6127577921557
133,153,173,298.7541873793932,69.75418737939322,26.173114636799482,-1228.2739950170703
134,154,174,278.28230843899314,73.28230843899314,17.993864021670333,-1097.4907111366883
135,155,175,244.00280489936563,58.00280489936563,4.909092750761374,-1184.7385403533235
136,156,176,237.35958057758353,40.35958057758353,-16.139306379044456,-1212.9036826415413
137,157,177,197.60011314958888,18.60011314958888,-30.661962451296404,-1084.6283373177857
138,158,178,156.03724697975167,-20.96275302024833,-65.76336044477989,-1101.1309179406412
139,159,179,125.89366331203064,-45.10633668796936,-84.49373215987907,-1073.1875365638316
140,160,180,153.42659492639064,-20.573405073609365,-59.37495741417024,-1200.7870816592826
141,161,181,117.44386853801802,-41.55613146198198,-68.73080866752844,-1201.80044371831
142,162,182,94.88809188253845,-43.11190811746155,-60.524543631250936,-927.9851624144685
143,163,183,81.11204220027457,-43.88795779972543,-53.40527602829093,-836.9720220745635
144,164,184,81.42488252942303,-64.57511747057697,-83.89124053690239,-889.8696307534365
145,165,185,72.4450091517756,-82.5549908482244,-102.84053514453285,-903.5887667220841
146,166,186,179.79824686516895,-32.20175313483105,-86.80305636039816,-1406.5658257384875
147,167,187,157.06380482314557,-73.93619517685443,-121.7066625905511,-1608.264411331771
148,168,188,134.76151587507343,-82.23848412492657,-125.52530982499275,-1380.8189939134227
149,169,189,121.93799075852053,-76.06200924147947,-119.99882471510955,-1285.1857159651631
150,170,190,161.8787431346027,-20.1212568653973,-49.141092327796514,-1063.7732680004628
151,171,191,172.60264623967078,23.602646239670776,4.991600354553839,-892.280021189646
152,172,192,160.56273901858822,1.5627390185882177,-9.319268631071282,-939.8245184046018
153,173,193,189.63340706826966,16.633407068269662,-2.155665898119878,-837.6493393731548
154,174,194,164.34072026764898,16.340720267648976,-9.29808678275117,-742.7165672818646
155,175,195,169.48638252088222,18.486382520882216,-12.242333664870102,-730.5241018260544
156,176,196,166.53807608973375,11.53807608973375,-18.39650671142931,-824.8513005182749
157,177,197,140.45121593040085,-2.548784069599151,-20.595164091565493,-757.5197897930634
158,178,198,162.21923081130717,32.21923081130717,15.082025439645122,-631.0314077484172
159,179,199,119.24366376972898,-16.756336230271017,-39.758137685825886,-701.1119925781768
160,180,200,165.6692510791745,23.6692510791745,-1.6266000164825982,-750.2184397503152
161,181,201,130.78766583057381,-8.212334169426185,-26.469409410272647,-740.4660342099928
162,182,202,130.18018779755312,-9.819812202446883,-33.42678384399005,-714.3291883534389
163,183,203,182.26958743854038,38.269587438540384,7.472547395689617,-699.2423288982759
164,184,204,192.71339317819115,23.713393178191154,-21.263168235484272,-1024.11892629453
165,185,205,181.5131158415329,7.513115841532908,-29.25146393110117,-1174.371077068885
166,186,206,204.55015131186587,17.550151311865875,-30.496249529035822,-1079.4211852551089
167,187,207,281.5250559271417,73.5250559271417,8.091994408323444,-1356.3203497352142
168,188,208,230.05417791257491,37.054177912574914,-17.79172924206864,-1267.125927392387
169,189,209,236.47918187850632,43.479181878506324,-7.806733784917242,-1294.026286908701
