Left,Mid,Right,Loss_likeli,Loss_AIC,Loss_BIC,Loss_eBIC
0,20,40,176.05183098507632,27.05183098507632,23.853972001322973,-1074.0514406923166
1,21,41,191.66956517344943,41.66956517344943,31.396094385446304,-1069.8550770259853
2,22,42,196.7312833064159,50.73128330641589,50.29997113477293,-907.6418300228543
3,23,43,102.53820116360885,-67.46179883639115,-84.83888923353084,-1053.3826498881222
4,24,44,104.75202401941033,-59.24797598058967,-76.84318610161927,-1021.5639783812758
5,25,45,114.82607555826985,-62.17392444173015,-89.33671273413529,-1077.1958151009553
6,26,46,134.37368289013898,-64.62631710986102,-99.22409044983306,-1344.4169853711974
7,27,47,121.53340050547195,-102.46659949452805,-141.06903847050603,-1458.2781113151523
8,28,48,134.51235394706714,-93.48764605293286,-137.33983359181343,-1605.7683943838483
9,29,49,125.91639729385452,-112.08360270614548,-159.87473084195585,-1563.4260216103899
10,30,50,106.32827273667067,-120.67172726332933,-160.5603127626332,-1557.4658294880019
11,31,51,91.70478685123726,-113.29521314876274,-139.80472850701267,-1373.0374919655678
12,32,52,57.50287201928177,-132.49712798071823,-146.34004743311357,-1225.8270363924667
13,33,53,103.82445293919932,-94.17554706080068,-111.90989146224592,-1536.8087507262676
14,34,54,108.03364279210973,-96.96635720789027,-121.74300461474058,-1636.6585692757217
15,35,55,154.669224458097,-57.330775541902995,-87.81659093277949,-1733.1180233607402
16,36,56,101.09761420497466,-83.90238579502534,-95.2559745635358,-1502.2624966872072
17,37,57,192.60154790522188,-35.39845209477812,-70.93287346693933,-1740.1732500321768
18,38,58,210.3590227212551,-12.640977278744913,-44.29977360590101,-1909.510859049612
19,39,59,173.7223395701974,-79.27766042980261,-123.09985213802884,-2044.4835372118996
20,40,60,136.44387435004546,-92.55612564995454,-122.00351494357301,-1722.4968702308888
21,41,61,162.05652960978864,-67.94347039021136,-101.35446172340676,-1894.8755946695378
22,42,62,176.5262710975844,-34.47372890241559,-62.23757312992802,-1639.309517851424
23,43,63,193.82527215391974,-0.17472784608025904,-32.298070588742576,-1336.8417826073019
24,44,64,206.39436599911642,8.394365999116417,-29.532750783733263,-1240.2848223277242
25,45,65,179.30379339994715,-26.696206600052847,-60.89521431998128,-1293.5671266795293
26,46,66,209.7810657801026,5.781065780102836,-28.848664482622553,-1293.9281044422046
27,47,67,223.74715916104105,42.747159161041054,12.277111283557133,-1043.4689167244
28,48,68,249.82072565013982,51.82072565013982,-1.0090555147489795,-1405.6806485575394
29,49,69,271.2681940693192,66.26819406931918,9.333284061947097,-1382.4512711966936
30,50,70,268.59186218631885,61.59186218631885,9.389518772170959,-1183.8426439003933
31,51,71,299.87789686974793,101.87789686974793,48.55645556216473,-1130.1732171485037
32,52,72,344.1700853457537,137.1700853457537,84.73973777529818,-1167.919391413273
33,53,73,411.1933641153139,188.1933641153139,107.74045449126379,-1273.6485129436273
34,54,74,427.9185052038408,186.91850520384082,94.03058790436626,-1556.4259793269484
35,55,75,439.7254984945632,175.72549849456323,68.54898970503427,-1707.0602473654649
36,56,76,471.978498805556,173.978498805556,59.147066764642204,-1902.1652397984935
37,57,77,517.1099082200533,194.10990822005328,58.15970344952211,-1943.8080076772421
38,58,78,577.9485373773446,224.94853737734456,76.06117936891837,-2415.167419599104
39,59,79,606.005254293925,218.00525429392496,67.13629289735809,-2581.3602816489183
40,60,80,583.0929044609443,209.09290446094428,59.446143824501405,-2452.476362076155
41,61,81,574.1144162044179,222.11441620441792,86.95494873779967,-2380.8558747816164
42,62,82,558.3435117903944,239.34351179039436,105.47751265869056,-2258.9252246186707
43,63,83,499.9899864905585,209.98998649055852,87.442943012868,-1934.9729655875703
44,64,84,507.5960967638355,185.59609676383548,59.38093002921005,-1918.1091002535818
45,65,85,438.80569217796346,141.80569217796346,22.098329538851658,-1727.8002163066558
46,66,86,389.45365916402307,135.4536591640233,45.08557252753053,-1497.367325900002
47,67,87,304.20487874387504,122.20487874387504,63.371955803941546,-950.5070302456816
48,68,88,263.64707637234983,101.64707637234983,42.48032481183486,-977.2967904690468
49,69,89,200.47000552978307,73.47000552978307,36.15193351317589,-790.5713826528508
50,70,90,181.23647546244865,59.23647546244865,31.812361290428726,-646.7722148159019
51,71,91,170.6141823359676,47.6141823359676,25.66214517668209,-690.1197547571569
52,72,92,190.70798406841004,57.70798406841004,46.454466415299066,-584.660236090238
53,73,93,201.32056237753818,74.32056237753818,42.28975751134567,-589.5064932252394
54,74,94,220.0810672191351,67.0810672191351,22.255742190672663,-836.7113117093495
55,75,95,201.34144189570225,63.341441895702246,22.361802242874546,-813.4934676628618
56,76,96,174.57971760016153,27.57971760016153,7.6142774467919025,-723.6093026043645
57,77,97,168.09200538641426,37.09200538641426,4.7032914535054715,-688.9481159607258
58,78,98,182.61892917318232,55.61892917318232,40.2099955307076,-817.2696402632118
59,79,99,154.3550436668993,21.35504366689929,13.7210635191866,-779.8555643949949
60,80,100,160.23929383862173,25.239293838621734,10.524925044759584,-848.7624192702524
61,81,101,161.51248120406967,38.51248120406967,31.35691110005746,-720.0343790070201
62,82,102,192.4821278711372,78.48212787113721,57.769041667676674,-801.748189985889
63,83,103,194.64105945887422,75.64105945887422,51.398921800689095,-896.4915088441967
64,84,104,225.0420981816642,88.04209818166419,68.56091541408841,-853.4344858138811
65,85,105,209.98821330970077,90.98821330970077,74.02412104739506,-889.7197083671585
66,86,106,237.72458744238475,110.72458744238475,87.00497736362331,-939.7626517885442
67,87,107,234.66972762515888,129.66972762515888,111.35799511101186,-871.4484973887124
68,88,108,235.86512139601018,135.86512139601018,115.5372628921084,-737.75104067553
69,89,109,218.1232452780248,120.1232452780248,99.75139827683688,-663.9993698737653
70,90,110,223.96430608416154,131.96430608416154,106.95503691747649,-753.5474207124935
71,91,111,179.07486081195066,94.07486081195066,76.63073261084628,-521.1394303071581
72,92,112,185.4520398854495,101.45203988544927,87.87959792134689,-320.78277851248276
73,93,113,160.7027014036837,75.7027014036837,61.15949523715608,-320.3373968191213
74,94,114,177.09917258845098,72.09917258845098,41.748853565781474,-523.2789647257134
75,95,115,164.84608224581802,76.84608224581802,53.135130445680716,-371.7105038227792
76,96,116,142.48190707451636,50.48190707451636,33.377341072530044,-336.4201516061296
77,97,117,159.89396190674324,66.89396190674324,37.574517110201214,-419.22727277373156
78,98,118,157.6920505258072,79.69205052580719,61.126022130992396,-328.2727163066445
79,99,119,164.2073542259336,88.20735422593361,71.50067446552202,-320.6363502560421
80,100,120,157.7576906697807,81.75769066978069,65.89180296586187,-287.01792226706425
81,101,121,177.485860933215,112.48586093321501,98.51762483548146,-199.68597046341938
82,102,122,168.9402526470476,103.9402526470476,86.13504454830172,-253.86960757781617
83,103,123,179.36976455863123,128.36976455863123,117.18810878448335,-245.22783671125694
84,104,124,162.8092678325345,112.94638646580074,109.36026896737599,-114.55447992717382
85,105,125,179.73041396827762,125.98044325812612,116.68294798187526,-324.02239801332576
86,106,126,190.43188041874168,133.40365795008233,121.91941708294053,-355.2236833718455
87,107,127,172.85985422503836,129.85985422503836,125.29422699911083,-383.7510414361752
88,108,128,168.4943738366983,124.49437383669829,118.18407538110932,-309.57292528289963
89,109,129,159.0953939060164,118.0953939060164,113.42445081698838,-198.8414853317413
90,110,130,146.47507502380336,100.5538297801038,93.57166661779638,-274.3448577453885
91,111,131,199.4986999779701,150.4986999779701,139.82195642864872,-287.4210467274945
92,112,132,194.08096071476257,159.08096071476257,153.4075936683737,-110.47748551049176
93,113,133,191.356567435123,149.356567435123,133.57272963872902,-228.86605090730086
94,114,134,210.03483844001198,164.03483844001198,147.25318732239793,-202.96621394407998
95,115,135,236.78611609884956,167.78611609884956,137.2456621543165,-275.28357999434274
96,116,136,203.39635548847718,139.39635548847718,119.07911565011182,-275.7920111700803
97,117,137,201.9776487581512,126.97764875815119,103.27789178780631,-347.67952046263235
98,118,138,215.48188158450807,134.48188158450807,108.995905652077,-318.610313681492
99,119,139,228.4514880644224,144.4514880644224,111.64164592243401,-362.7362898338308
100,120,140,241.7771409659349,155.7771409659349,128.33034950373235,-324.06976525140453
101,121,141,254.4690610861919,167.4690610861919,136.31271785464628,-222.99121416187018
102,122,142,258.42776465913244,161.42776465913266,124.66796808856839,-327.63511468308525
103,123,143,275.7228370715982,174.72283707159818,139.1088117641591,-440.87544434988286
104,124,144,260.40557814965814,145.5426967829244,107.09660739048832,-503.3568306632785
105,125,145,256.44277292569564,146.69280221554436,103.18917585274312,-588.9752564819116
106,126,146,240.53811094599246,146.5098884773331,111.4059966952425,-580.9467830885487
107,127,147,229.7779906891949,136.7779906891949,112.04325115050347,-495.83847907256245
108,128,148,228.69706990297095,132.69706990297095,107.25129186715435,-571.7657953953744
109,129,149,213.30474626276282,132.30474626276282,110.19952676944104,-488.6293049856006
110,130,150,221.94742708947206,137.0261818457725,109.58751857832226,-566.876361524839
111,131,151,246.25771326205086,154.25771326205086,122.17272583131853,-568.6442626766668
112,132,152,235.50002068243862,138.50002068243862,108.07832344113785,-539.0244599329067
113,133,153,234.16861004389216,144.16861004389216,110.10443903264172,-532.2218020580958
114,134,154,262.9022863222349,158.9022863222349,121.53106925756242,-620.5991911566202
115,135,155,316.0143581639479,182.01435816394792,130.5776179888103,-656.8862700511256
116,136,156,294.41073065822593,159.41073065822593,109.49718288581221,-648.4028340940954
117,137,157,317.0709958880484,159.0709958880484,98.09269044960547,-757.0166099697431
118,138,158,433.2020695176534,186.2020695176534,83.43644652874423,-1437.5881060491001
119,139,159,500.3340327305316,228.3340327305316,112.54124966015047,-1756.0667143582536
120,140,160,532.0017232352627,231.00172323526272,105.0575937947051,-2172.4664700215953
121,141,161,506.1710190868971,227.1710190868971,116.12513507831,-1903.9296416780462
122,142,162,500.31236677852826,227.31236677852826,121.29653042005134,-1752.0581020833642
123,143,163,472.9609455070977,214.96094550709768,120.59005778134883,-1766.0038572629992
124,144,164,499.60282286204347,245.60282286204347,159.82890481445725,-1643.7893258863737
125,145,165,463.6842006959455,241.6842006959455,174.9794520338669,-1497.9846969174814
126,146,166,440.7637294172582,232.76372941725822,173.98249705269745,-1556.5395750603716
127,147,167,391.0938872569559,212.0938872569559,177.26006670999595,-1223.9329572538672
128,148,168,379.6640677134883,183.6640677134883,137.54385758349008,-1422.8996917308855
129,149,169,344.11418927577665,160.11418927577665,117.6421226263185,-1430.1735691170952
130,150,170,333.20960906057167,155.20960906057167,109.91113549926308,-1474.1163273352686
131,151,171,291.40762553233526,116.40762553233526,84.82225009847434,-1316.6042879005045
132,152,172,279.2535881836966,97.25358818369659,65.8075512620112,-1291.5352915789967
133,153,173,276.7267084166672,95.72670841666718,53.83579311549124,-1338.8192806450043
134,154,174,258.0818601685553,97.0818601685553,79.05531835060424,-1267.6065050013567
135,155,175,197.9884793101212,49.98847931012119,41.83478381070154,-972.3445574654652
136,156,176,190.25209274352596,40.252092743525964,29.67606479506685,-1111.4603646113374
137,157,177,177.04774544041106,23.047745440411063,15.98157167726049,-1042.5018447691941
138,158,178,156.17074591688515,-52.82925408311485,-80.28860487316842,-1348.810836241626
139,159,179,140.8807266982585,-63.11927330174149,-83.5028155402556,-1616.7358985789142
140,160,180,122.68943015929995,-110.31056984070005,-150.76033702870586,-1884.6490856686723
141,161,181,104.98145348479875,-105.01854651520125,-124.73662141272484,-1622.5710902355231
142,162,182,140.681770649584,-79.318229350416,-115.6079479153234,-1455.2643434009187
143,163,183,94.59522742026866,-83.40477257973134,-107.21568354368173,-1200.5270994228767
144,164,184,140.08421586294844,-52.91578413705156,-83.7887840205592,-1193.47567392178
145,165,185,146.2925589719082,-11.707441028091807,-27.620063606522763,-1001.3233507288924
146,166,186,132.5506295373964,-23.44937046260361,-39.0128842007623,-1028.2954095205278
147,167,187,128.4806828688138,-37.5193171311862,-57.781849585772534,-1045.0282596291536
148,168,188,126.73230726236034,-46.26769273763966,-65.8415525531882,-1327.5488978404178
149,169,189,117.40361119195677,-69.59638880804323,-92.00930281213664,-1462.2890610815612
150,170,190,99.02509640681797,-89.97490359318203,-112.67744384635989,-1386.5264664483502
151,171,191,174.9818254628026,-29.01817453719741,-48.008927895753004,-1640.0457911113845
152,172,192,160.30382755458118,-41.696172445418824,-59.722016482108984,-1556.048956010197
153,173,193,157.83395579533976,-49.16604420466024,-76.62216542992041,-1503.849369181995
154,174,194,177.07870145410834,-18.92129854589166,-42.21198331052642,-1383.364675317544
155,175,195,181.09403603444957,8.094036034449573,-6.635079479917977,-1178.458979602301
156,176,196,198.30213384291164,21.302133842911644,3.1876928699377913,-1326.6368485547946
157,177,197,186.46574569691415,-8.534254303085845,-19.2628651416876,-1342.9293010413703
158,178,198,213.07489870854647,-7.9251012914535295,-36.406212698127774,-1202.8833052799673
159,179,199,210.5555779876736,17.555577987673587,-23.470613533989535,-1393.141033058214
160,180,200,205.16915918989775,25.169159189897755,-14.8867220199254,-1275.9799119434933
161,181,201,189.9001152118458,14.900115211845787,-10.371416773449027,-1107.6898207251352
162,182,202,163.49593274414042,-2.5040672558595816,-32.35685626132772,-930.8082480988651
163,183,203,154.07392884928754,16.07392884928754,-5.844163338141698,-785.9938266209597
164,184,204,175.4048873314614,11.404887331461396,-20.414203188845704,-1026.3712681165239
165,185,205,162.05996789554138,14.059967895541376,-16.995668743017404,-1044.23025038073
166,186,206,178.4571153173074,7.457115317307398,-29.71884966614425,-1081.8248082275413
167,187,207,157.20109074092738,-19.798909259072616,-51.74147742267655,-1056.0853578472725
168,188,208,156.83150337862162,-13.168496621378381,-44.78748186954476,-1128.7991984516325
169,189,209,163.29150312996921,-16.708496870030785,-52.605494996494144,-1198.5703132097901
