Left,Mid,Right,Loss_likeli,Loss_AIC,Loss_BIC,Loss_eBIC
0,20,40,147.76659828220363,-43.23340171779637,-70.22236673137945,-1692.4701913949593
1,21,41,159.09647436420573,-43.90352563579427,-78.23999572798516,-1597.4449020662678
2,22,42,154.7604839727112,-53.2395160272888,-81.24262979586979,-1907.9588032244992
3,23,43,143.78878927142273,-62.21121072857727,-88.52544504304433,-1901.6825465363618
4,24,44,172.63198169993984,-40.36801830006016,-78.13850814840566,-1634.2545825652169
5,25,45,136.46280185565547,-64.53719814434453,-90.380141437578,-1486.8130925345017
6,26,46,156.88546850594093,-29.114531494059065,-58.98781309390506,-1476.0112699957344
7,27,47,156.77055933058978,-17.229440669410224,-41.044901262972644,-1140.0904357770214
8,28,48,247.32823350106787,24.32823350106787,-27.085257472046806,-1657.6530435158434
9,29,49,229.07618540758267,-1.9238145924173295,-55.24079311806804,-1605.6465653620735
10,30,50,189.86447939153095,-30.13552060846905,-78.66911881013289,-1626.5987842453105
11,31,51,171.66436018721674,-7.335639812783256,-37.536167948270304,-1333.1816862410114
12,32,52,184.07228212349605,4.072282123496052,-29.01328665298911,-1287.2982829451666
13,33,53,136.42786583044312,-14.572134169556875,-25.772523695121208,-1106.640879198526
14,34,54,149.70506009847145,22.70506009847145,14.58126158230857,-1044.5959483886063
15,35,55,149.60094650510177,-5.399053494898226,-28.156251021376647,-1171.3303944391291
16,36,56,77.98283886819604,-41.01716113180396,-46.890898505150744,-757.2249582880245
17,37,57,103.08505534458527,-40.91494465541473,-58.88876185790605,-853.8629063026515
18,38,58,149.88742290358869,7.887422903588686,-12.556397928148726,-1069.2668213181228
19,39,59,159.29673148003303,14.296731480033031,-5.2146726300754835,-1174.3862418529611
20,40,60,162.6975396883854,7.697539688385405,-20.258261692292763,-1167.9083272758476
21,41,61,157.53814792713888,0.5381479271388798,-29.89560214046014,-1101.1253506476205
22,42,62,207.96358322677133,53.963583226771334,21.6536177189505,-1341.0348074979993
23,43,63,224.71503848138354,73.71503848138354,50.22526117289294,-1193.872243417352
24,44,64,258.23320249134895,101.23320249134895,61.884461128717476,-1232.0661120143955
25,45,65,293.92645869966645,121.92645869966645,68.87140066034067,-1293.4065473661412
26,46,66,297.64861578489854,134.64861578489854,88.13175016649052,-1284.008994048741
27,47,67,309.1010594304664,147.10105943046642,94.17263249499115,-1239.9269303084411
28,48,68,315.99582799770496,152.1583738043321,96.91123578610768,-1245.0515060351786
29,49,69,321.89768928178137,148.48072424966062,85.33104359492972,-1289.016299793579
30,50,70,343.48915902472004,187.48915902472004,137.35908110792388,-1157.0508410785142
31,51,71,332.1333497630178,183.1333497630178,132.51829952228354,-1085.4477901815112
32,52,72,362.9660568083059,176.71914358537538,112.54259282451062,-1191.5808609814121
33,53,73,341.6418853310854,169.6418853310854,107.70587914564862,-1212.0234235637288
34,54,74,334.4138848488069,162.4138848488069,102.39339308875628,-1141.8792113230343
35,55,75,386.1920986459602,195.1920986459602,112.57631577163306,-1336.4260014270485
36,56,76,342.1223035836538,165.12230358365377,88.42011836871006,-915.7858174057974
37,57,77,344.34600254712905,155.34600254712905,67.83420091159655,-961.7261308766908
38,58,78,312.0311799920603,162.0311799920603,92.54986332971043,-753.1280042433675
39,59,79,268.4264627792177,143.42646277921767,85.35207876545292,-502.76914109832205
40,60,80,266.37879618720194,131.37879618720194,68.32575080566721,-547.995570495553
41,61,81,265.4082193349259,116.40821933492589,54.182350539105755,-629.7582698487449
42,62,82,212.59743783099452,108.59743783099452,59.93852191870678,-482.33040674408835
43,63,83,196.12135869539384,95.12135869539384,58.40179329495618,-411.747142483636
44,64,84,222.9235307560425,119.92353075604251,74.18849611249152,-573.7754159369081
45,65,85,205.71086732371032,112.71086732371032,71.95449404792907,-414.6218791489498
46,66,86,176.67988731720902,97.67988731720902,72.71934070274233,-285.11652831083643
47,67,87,189.68425936959648,111.68425936959648,77.70273096491042,-299.97448697199275
48,68,88,205.47961148341483,128.64215729004195,98.34097288657767,-306.6653727214839
49,69,89,200.53652530171303,138.1195602695925,116.71665077618923,-320.9651847623213
50,70,90,158.7422769310192,103.7422769310192,88.3008672661008,-316.63454588348554
51,71,91,173.37951313095823,108.37951313095823,85.37570117801283,-323.9366904772198
52,72,92,165.07615387161627,89.82924064868575,71.10262342529063,-298.79414910128116
53,73,93,197.47601751176444,112.47601751176444,85.47143743449737,-424.2041965780936
54,74,94,190.14923116427326,104.14923116427326,76.54801945864506,-379.77061764387304
55,75,95,223.94420203733466,136.94420203733466,103.33390866557511,-497.30759934535945
56,76,96,244.35231006993968,147.35231006993968,113.25200451939531,-535.0042141900137
57,77,97,184.89673614354115,96.89673614354115,66.7733904806937,-379.93823151513175
58,78,98,181.84728895041485,89.84728895041485,58.94626874896994,-466.9814365891891
59,79,99,188.49537389363718,100.49537389363718,71.23924464902075,-433.606459433709
60,80,100,201.50966202160885,92.50966202160885,55.91750621719484,-529.4197180428421
61,81,101,178.1550534650919,63.155053465091896,32.35987882556378,-591.4247663183821
62,82,102,156.26666518397428,52.26666518397428,28.627804561383073,-477.9656668332668
63,83,103,179.42764837301343,67.42764837301343,32.80763006106804,-665.0979169855807
64,84,104,202.50408107292606,78.50408107292606,42.96993508749006,-809.7729069396817
65,85,105,209.68214584645716,72.68214584645716,36.012681823486446,-950.1653778333562
66,86,106,177.61061090975795,54.61061090975795,33.72574446619319,-841.6698276099582
67,87,107,149.80317314551985,31.80317314551985,9.098622394951462,-797.1887123941269
68,88,108,151.57969083229295,16.579690832292954,-10.776274750404355,-698.2777345097229
69,89,109,140.9728924807432,21.972892480743212,5.70194739899739,-721.8911483611746
70,90,110,154.76270636393542,29.762706363935422,11.544285232367429,-969.2703002447975
71,91,111,187.5742389360928,41.5742389360928,12.554055341928006,-908.863016253863
72,92,112,172.64584290818175,20.64584290818175,-8.351522311062809,-945.4184187959922
73,93,113,131.83064099524108,-26.169359004758917,-60.12421546940777,-869.6615015332209
74,94,114,133.51603558274746,-15.483964417252537,-42.18543692866842,-913.2723388349846
75,95,115,136.1614628275529,-4.838537172447104,-28.943374950767293,-940.3334162220121
76,96,116,146.55842792910835,-6.441572070891652,-34.78793553913579,-1023.6008179350692
77,97,117,129.64918401114664,1.6491840111466445,-16.157463226743175,-818.443332631859
78,98,118,90.52136814334563,-33.478631856654374,-48.0800245389255,-744.4680337062791
79,99,119,128.9658617061882,-8.034138293811793,-30.840658705583564,-948.4801453073064
80,100,120,94.82785561678861,-52.17214438321139,-78.91760539191341,-855.5985403045115
81,101,121,114.9074016158902,-38.092598384109806,-66.58772919048533,-931.1485830993411
82,102,122,94.97985025775415,-58.02014974224585,-72.09023921947255,-906.7147355265488
83,103,123,160.4793752307728,-34.5206247692272,-67.48840723894659,-1295.2393799464771
84,104,124,151.12399764326597,-31.876002356734034,-62.8200385645755,-1065.5785133794402
85,105,125,120.83659083469001,-45.163409165309986,-60.6518221702147,-1120.8797374600686
86,106,126,111.12532705164153,-55.874672948358466,-73.16933563692191,-1191.4782294974693
87,107,127,82.18071525841947,-98.81928474158053,-122.04435257418208,-1344.8400633459305
88,108,128,93.81550971737624,-97.18449028262376,-127.46766102467473,-1112.556621038275
89,109,129,110.02979511508056,-68.97020488491944,-93.27898198564662,-1193.7573637997325
90,110,130,122.97423178021313,-72.02576821978687,-98.06207888390645,-1459.6096796133716
91,111,131,138.0108875033652,-70.98911249663479,-105.03526984647215,-1419.596533846699
92,112,132,156.28738288927343,-66.71261711072657,-98.37141343788267,-1743.5064093101819
93,113,133,210.47046732063336,-30.52953267936664,-72.53621382962865,-1725.572153849706
94,114,134,178.0314973143354,-69.96850268566459,-113.03423166140578,-1894.1135165775813
95,115,135,150.46114741082647,-71.53885258917353,-97.84775251563315,-1682.741260790196
96,116,136,154.09550432234641,-71.90449567765359,-99.85828656094122,-1766.4180568858142
97,117,137,129.88500424820722,-83.11499575179278,-103.21023249585937,-1746.0926101988016
98,118,138,133.67278915953034,-79.32721084046966,-103.58133066789605,-1664.8035773496044
99,119,139,131.36922324373904,-95.63077675626096,-124.42900736660567,-1883.8252653508143
100,120,140,92.48289927805217,-132.51710072194783,-159.27987828789878,-1641.0538701281885
101,121,141,125.23111651959152,-107.76888348040848,-143.71319399477488,-1679.9023720207342
102,122,142,125.02963556834857,-117.97036443165143,-154.4770153131601,-1688.186571968473
103,123,143,191.827465359921,-48.17253464007899,-91.45908014712154,-1705.3358138646308
104,124,144,180.7760499389476,-37.22395006105239,-77.75546011948495,-1363.4459475248268
105,125,145,235.59871044190345,27.59871044190345,-26.475333411913653,-1361.2617549507036
106,126,146,248.2536823276505,37.253682327650495,-17.95757981583438,-1361.6407330251623
107,127,147,311.3099272558245,72.3099272558245,10.464573170648919,-1661.1983598032211
108,128,148,288.48516468542425,57.48516468542425,-0.12799156825167302,-1535.101468028336
109,129,149,283.8500415546364,41.85004155463639,-28.324300987270817,-1620.250885261492
110,130,150,291.74555961460237,44.74555961460237,-35.25225097459861,-1696.1156168578414
111,131,151,316.0964847088426,29.09648470884258,-69.67556791833636,-1938.3671768860213
112,132,152,291.45509262173164,38.45509262173164,-41.39154659158248,-1660.3508719209717
113,133,153,321.6015019509855,57.601501950985494,-24.01177943188327,-1743.788341305345
114,134,154,349.7801402763871,77.7801402763871,-12.768398767257167,-1854.4382142795184
115,135,155,354.2941961708975,88.29419617089752,-7.552351069020915,-1859.8490719361116
116,136,156,353.2680922892034,90.26809228920342,2.9314402117552163,-1967.144458927954
117,137,157,390.24000793621417,123.24000793621417,28.026292344597778,-1898.897115389641
118,138,158,388.90519963464726,120.90519963464726,19.751080956286387,-1765.322482583701
119,139,159,443.0339895234456,135.0339895234456,17.830954922186265,-1918.0657410133613
120,140,160,511.30902126217575,171.30902126217575,29.453167851750095,-2006.2307570434687
121,141,161,517.9398425741726,176.93984257417264,35.93309792645505,-2173.104307630543
122,142,162,508.0357223732924,166.0357223732924,35.53233080474479,-2130.2279732998363
123,143,163,498.87912731601523,200.87912731601523,84.0083527297902,-2000.5146715492147
124,144,164,483.7819782576603,191.78197825766028,84.60304531365227,-2000.843808126583
125,145,165,417.7935958078374,167.7935958078374,71.74609601654606,-1643.2489883812827
126,146,166,427.37792116331843,178.37792116331843,84.4930511763489,-1617.8897164947803
127,147,167,397.79270257893927,165.79270257893927,90.1037319372042,-1470.4473332688913
128,148,168,351.6272871802489,123.62728718024891,55.377653677104945,-1415.137313912724
129,149,169,319.00949027792535,100.00949027792535,27.423125270690207,-1232.1417565762777
130,150,170,278.8021834650617,109.80218346506172,65.65749941784998,-888.7983872184122
131,151,171,253.00238673527292,63.00238673527292,32.89892872021164,-940.1799441005619
132,152,172,223.8065195751908,48.806519575190805,3.5641902733495954,-977.1940140523875
133,153,173,197.09084558560085,24.090845585600846,-5.631719135242065,-1181.8903363443465
134,154,174,140.49035411966338,-0.5096458803366204,-11.628203804715668,-915.4947335796569
135,155,175,130.56377268215078,-19.436227317849216,-27.354956008961153,-909.4823917101803
136,156,176,121.06755934946727,-5.932440650532726,-9.497422181955699,-704.1376956255299
137,157,177,135.86496826571943,8.864968265719426,-2.437970975638791,-748.2195076808489
138,158,178,120.5504243175103,-18.449575682489694,-38.805105386277546,-822.8288976966223
139,159,179,112.75923051008317,-60.24076948991683,-87.01144507752315,-947.7840765462124
140,160,180,127.59472987987215,-44.40527012012785,-69.00197429486093,-1024.5652471547141
141,161,181,152.47494917876702,-55.52505082123298,-84.13121858907107,-1250.669382843077
142,162,182,164.80259729324962,-48.19740270675038,-99.13768898573494,-1426.1916711565514
143,163,183,161.53439821309644,-33.46560178690356,-74.40457683306204,-1463.8290539121317
144,164,184,157.43911423887153,-38.560885761128475,-82.4237420760237,-1256.5787230264855
145,165,185,158.34618462866,-14.653815371339988,-52.69254563960567,-953.0026846044902
146,166,186,167.08769517012956,-6.912304829870436,-42.90494991534047,-1024.7294550878055
147,167,187,191.27101830476772,3.271018304767722,-44.580101492351105,-956.7587943591743
148,168,188,146.67498105479808,-6.3250189452019185,-30.839175993547542,-861.2199425925664
149,169,189,157.50974566045556,32.509745660455565,7.359852723288213,-689.0467167981537
150,170,190,161.982927757452,52.98292775745199,55.12501105778597,-463.12170174185826
151,171,191,132.65788095518678,40.65788095518678,55.085738598649186,-368.045815007152
152,172,192,165.35919178619042,51.35919178619042,33.62229497806993,-696.6136330673851
153,173,193,166.8218561434951,16.821856143495097,-2.3467339540750345,-1139.3036233439261
154,174,194,149.8851800688783,-2.1148199311217013,-21.295384031957838,-1044.9373163407677
155,175,195,156.07703323387614,-15.922966766123864,-26.645257588504137,-1114.433196412651
156,176,196,117.36483960722853,-41.63516039277147,-51.031672022002795,-969.6513844735387
157,177,197,126.90466570406852,-29.09533429593148,-54.08326591058676,-1144.4686563262712
158,178,198,106.11755950948691,-62.88244049051309,-75.43116401413636,-1036.8138547467329
159,179,199,131.98930061662577,-39.01069938337423,-63.56532279517273,-1287.2168327793866
160,180,200,151.16450695400272,-14.835493045997282,-31.25882570366639,-1136.4782754563998
161,181,201,168.53362882888837,-19.466371171111632,-43.31382005760929,-1151.0286081742447
162,182,202,176.37366952940806,2.373669529408062,-36.08130922087321,-1254.5681635850142
163,183,203,124.44811448673568,12.448114486735676,17.39199482834306,-791.5585688474312
164,184,204,130.67020220174436,37.67020220174436,31.571187953960816,-694.9317791514904
165,185,205,126.37590125620113,42.37590125620113,44.141800487448336,-472.015257075861
166,186,206,128.53247385436316,18.53247385436316,14.749835112900655,-589.5917965318376
167,187,207,143.22229205766575,-6.777707942334246,-22.198292245858738,-755.0774905755816
168,188,208,134.0424305999952,-8.957569400004786,-20.143367668395967,-689.2739515494177
169,189,209,124.47078959441296,-11.529210405587037,-36.42930485859529,-792.943016084072
