Left,Mid,Right,Loss,Loss_left,Loss_right,gain,glasso
0,20,40,9346.435112279234,8202.58414005165,8166.332438621481,-7022.481466393896,28.93124575905813
1,21,41,9352.034211160619,8210.486621498385,8172.694824316823,-7031.147234654589,32.709575778823364
2,22,42,9342.438885062706,8193.186129638963,8178.016912562149,-7028.7641571384065,29.493662252677495
3,23,43,9351.562068302355,8187.290461530435,8185.599732830843,-7021.328126058923,32.148873258945514
4,24,44,9349.747089482116,8176.525738302898,8179.716550684139,-7006.495199504921,35.98074835682337
5,25,45,9347.48654910694,8178.011277301146,8175.430760652103,-7005.95548884631,34.736427436439044
6,26,46,9350.798880624217,8175.542472097457,8180.6855850308675,-7005.429176504107,35.58855640093634
7,27,47,9327.461235153081,8164.960182836323,8155.814527382637,-6993.313475065879,35.2814497539116
8,28,48,9320.628293852478,8149.7509982508,8160.980748711927,-6990.103453110249,31.412017454880697
9,29,49,9324.537589975931,8140.565945211094,8157.162784407079,-6973.191139642242,36.92274056601855
10,30,50,9320.326403884164,8123.512064592571,8165.244079795286,-6968.429740503692,26.81876035052801
11,31,51,9321.212308306589,8122.626979852311,8175.6829872117005,-6977.097658757422,27.891201534788706
12,32,52,9302.007529935026,8117.1046647235635,8171.899919559817,-6986.997054348354,11.600666046235347
13,33,53,9299.927090845507,8149.72723796542,8135.829980824821,-6985.6301279447325,32.493507907781805
14,34,54,9303.69768051249,8150.501783969237,8135.561071776017,-6982.365175232764,34.136768946668326
15,35,55,9295.939776440795,8139.003036361168,8129.33015394844,-6972.393413868813,37.83431668986941
16,36,56,9290.75003303148,8143.234209846429,8139.371608274896,-6991.855785089845,24.307260203859187
17,37,57,9306.730197168814,8145.791106440602,8148.023296268633,-6987.084205540421,30.596405218318523
18,38,58,9312.369459998936,8166.330227818785,8143.085735633842,-6997.04650345369,27.84605395974677
19,39,59,9313.480340873528,8163.949538659961,8147.747483149735,-6998.216680936168,26.477409829407407
20,40,60,9315.526043477275,8166.332438621481,8147.558801109828,-6998.365196254033,27.647517818565575
21,41,61,9319.89303125638,8172.694824316823,8129.335937315442,-6982.137730375884,25.933471280429785
22,42,62,9342.600168484265,8178.016912562149,8156.205660303608,-6991.622404381493,21.350980827639432
23,43,63,9378.64535172698,8185.599732830843,8174.118092916169,-6981.072474020031,28.28116591541493
24,44,64,9393.801384070022,8179.716550684139,8162.7915318665955,-6948.706698480713,38.92130999893925
25,45,65,9406.475464337203,8175.430760652103,8174.610985490576,-6943.566281805477,39.586318613638014
26,46,66,9415.477612437484,8180.6855850308675,8159.660477640458,-6924.868450233842,45.02491721367642
27,47,67,9407.918761901332,8155.814527382637,8174.398063099547,-6922.293828580852,38.60202920829806
28,48,68,9417.814699535906,8160.980748711927,8161.001735697036,-6904.167784873058,46.032214545130955
29,49,69,9444.593286386864,8157.162784407079,8183.013306989842,-6895.582805010057,46.465934724130875
30,50,70,9445.457469938756,8165.244079795286,8166.443131383971,-6886.229741240502,49.508525002233
31,51,71,9452.316079554024,8175.6829872117005,8148.0839568167,-6871.450864474376,60.700439993466716
32,52,72,9482.67619889083,8171.899919559817,8197.163089002008,-6886.386809670996,54.67642676237119
33,53,73,9445.04838043317,8135.829980824821,8183.674158172704,-6874.455758564354,46.08670447751774
34,54,74,9438.210638188584,8135.561071776017,8175.6407674040465,-6872.991200991479,44.643267425013164
35,55,75,9430.429015936028,8129.33015394844,8167.799187431839,-6866.70032544425,44.42287340964231
36,56,76,9432.345515729461,8139.371608274896,8152.741651465902,-6859.767744011337,38.6666258866544
37,57,77,9438.716218079531,8148.023296268633,8134.506721286023,-6843.813799475125,45.26101335548128
38,58,78,9418.320034029486,8143.085735633842,8123.835277787121,-6848.600979391478,33.690131831710914
39,59,79,9417.469537958175,8147.747483149735,8118.479034611995,-6848.756979803555,30.7381504180903
40,60,80,9391.348698322487,8147.558801109828,8091.110769178442,-6847.320871965783,26.264726767373304
41,61,81,9371.34124845108,8129.335937315442,8107.5542745305065,-6865.548963394867,12.44800070835936
42,62,82,9373.168889570197,8156.205660303608,8094.2714902991,-6877.308261032511,7.216018923501906
43,63,83,9355.61206339553,8174.118092916169,8089.266196399528,-6907.772225920167,-1.4900308737815067
44,64,84,9345.740583116838,8162.7915318665955,8084.323884626055,-6901.374833375812,-11.206206939556978
45,65,85,9347.14984612199,8174.610985490576,8081.54683521623,-6909.007974584814,-18.817944693236768
46,66,86,9316.0898272747,8159.660477640458,8078.454963355515,-6922.025613721275,-17.99242482152522
47,67,87,9326.568985037273,8174.398063099547,8092.570617219115,-6940.399695281389,-13.922366906404022
48,68,88,9331.501881109689,8161.001735697036,8111.082022291319,-6940.581876878667,-9.246596193941059
49,69,89,9339.769837459273,8183.013306989842,8107.8709856661535,-6951.114455196723,-1.1942013926586696
50,70,90,9330.941046424898,8166.443131383971,8111.885832112979,-6947.387917072054,3.3024394806675446
51,71,91,9314.268456970143,8148.0839568167,8119.409820033903,-6953.225319880459,5.283920586344266
52,72,92,9305.277989282398,8197.163089002008,8084.005481412667,-6975.890581132277,-9.064260314162766
53,73,93,9309.649752701825,8183.674158172704,8094.989864274677,-6969.014269745556,-4.728515672576123
54,74,94,9311.21172357204,8175.6407674040465,8102.334885951827,-6966.763929783834,-1.0244933014773778
55,75,95,9310.132669358884,8167.799187431839,8099.756489729786,-6957.423007802741,5.480558351379841
56,76,96,9295.157957424644,8152.741651465902,8101.680388261466,-6959.264082302723,5.5554756503725
57,77,97,9277.524269080996,8134.506721286023,8095.05969019971,-6952.042142404736,5.8655789076665314
58,78,98,9266.630348249015,8123.835277787121,8092.776656154603,-6949.981585692709,8.979513404720365
59,79,99,9255.57701722686,8118.479034611995,8084.895906324691,-6947.797923709826,9.980814410241692
60,80,100,9239.13252405433,8091.110769178442,8084.194110507573,-6936.172355631685,17.49248417037188
61,81,101,9254.546964077499,8107.5542745305065,8077.152515846995,-6930.159826300003,18.423064909263758
62,82,102,9244.652047707394,8094.2714902991,8075.427328613061,-6925.046771204768,20.169622650584188
63,83,103,9241.698695757255,8089.266196399528,8090.665738345468,-6938.233238987741,18.311605050465914
64,84,104,9240.464765460287,8084.323884626055,8109.711185416315,-6953.570304582083,-2.18534914816928
65,85,105,9242.215641088653,8081.54683521623,8116.815776658064,-6956.146970785641,-3.866162334049477
66,86,106,9236.825012961568,8078.454963355515,8129.165291707653,-6970.7952421016,1.7466660026279897
67,87,107,9245.366670868414,8092.570617219115,8121.876151626022,-6969.080097976723,9.300821541124606
68,88,108,9255.213626720488,8111.082022291319,8120.37298607817,-6976.241381649001,15.823256932330878
69,89,109,9255.965143655594,8107.8709856661535,8141.6579866900565,-6993.563828700615,16.82195782459985
70,90,110,9268.637919945464,8111.885832112979,8145.822625154352,-6989.070537321866,22.657871866611913
71,91,111,9259.84270432152,8119.409820033903,8131.535991040951,-6991.103106753333,30.120253988299737
72,92,112,9236.76991700178,8084.005481412667,8130.530888993137,-6977.766453404023,12.981141013123306
73,93,113,9234.442763929605,8094.989864274677,8131.4707752463355,-6992.017875591408,13.153904862552281
74,94,114,9232.99737465383,8102.334885951827,8127.2687946215365,-6996.606305919533,14.129204890308301
75,95,115,9226.143823630251,8099.756489729786,8110.300921006257,-6983.913587105793,18.99682824505271
76,96,116,9220.516622621079,8101.680388261466,8103.279018482913,-6984.442784123301,15.820822984410825
77,97,117,9230.990827484347,8095.05969019971,8112.375926487916,-6976.444789203279,19.413421695055604
78,98,118,9231.050449903922,8092.776656154603,8096.5078389001765,-6958.234045150859,22.742151890598052
79,99,119,9241.966168397026,8084.895906324691,8122.011088788249,-6964.940826715914,29.279177137384067
80,100,120,9247.668035234521,8084.194110507573,8124.575346891395,-6961.101422164447,36.89348413168091
81,101,121,9246.889914544685,8077.152515846995,8117.5067369439,-6947.769338246209,34.54662640262677
82,102,122,9263.313194874523,8075.427328613061,8136.634415751971,-6948.748549490509,33.558396794362125
83,103,123,9261.840682007118,8090.665738345468,8141.271782443169,-6970.096838781519,28.836804307294642
84,104,124,9267.108392832002,8109.711185416315,8145.189119400973,-6987.791911985287,18.9988415633984
85,105,125,9260.734647560534,8116.815776658064,8144.646753547684,-7000.727882645215,16.17984309679332
86,106,126,9265.426906875051,8129.165291707653,8145.015633195732,-7008.754018028334,15.790789543824303
87,107,127,9252.645941309776,8121.876151626022,8125.813129947146,-6995.043340263392,7.285090320170639
88,108,128,9267.038795902201,8120.37298607817,8136.047131820548,-6989.381321996516,12.472146037717721
89,109,129,9258.842995928888,8141.6579866900565,8104.7008351568775,-6987.515825918046,11.607275782690067
90,110,130,9261.671105383928,8145.822625154352,8108.070011121083,-6992.221530891507,11.480238350534364
91,111,131,9257.702619042393,8131.535991040951,8116.132929774825,-6989.966301773384,3.225001489428905
92,112,132,9251.89085411762,8130.530888993137,8116.07446515737,-6994.714500032886,9.444376104685944
93,113,133,9247.340249229286,8131.4707752463355,8122.162320768024,-7006.292846785074,10.042304209609028
94,114,134,9246.868335258438,8127.2687946215365,8118.70043258652,-6999.10089194962,13.84812106755544
95,115,135,9245.433706008393,8110.300921006257,8128.207520345886,-6993.074735343751,20.288523178512605
96,116,136,9236.278892287703,8103.279018482913,8103.894419523516,-6970.894545718727,15.972180363395637
97,117,137,9232.420240633008,8112.375926487916,8094.106081159904,-6974.061767014813,14.31251668489358
98,118,138,9253.616228069695,8096.5078389001765,8126.962646403,-6969.854257233481,20.42974786500963
99,119,139,9254.539444056274,8122.011088788249,8086.694870679471,-6954.166515411445,27.071166871920013
100,120,140,9258.595592709094,8124.575346891395,8085.180466236938,-6951.160220419239,32.20988312482359
101,121,141,9268.707155280856,8117.5067369439,8098.979260640699,-6947.778842303744,31.02183592438041
102,122,142,9310.30590505754,8136.634415751971,8133.018942861606,-6959.347453556038,26.85099309901034
103,123,143,9311.395672725961,8141.271782443169,8131.987173851393,-6961.8632835686,24.121679032397424
104,124,144,9310.698873904566,8145.189119400973,8139.571419966615,-6974.061665463021,12.522057016533381
105,125,145,9333.950232751655,8144.646753547684,8155.22651068272,-6965.923031478749,14.620072497355068
106,126,146,9350.509348824111,8145.015633195732,8171.920927605332,-6966.427211976952,15.851838784848951
107,127,147,9363.406103509727,8125.813129947146,8191.430562359658,-6953.837588797078,16.51061894882423
108,128,148,9348.327972829187,8136.047131820548,8146.091787448358,-6933.8109464397185,16.251347274784166
109,129,149,9340.76316895547,8104.7008351568775,8149.965852196134,-6913.903518397543,13.082087121193581
110,130,150,9337.752869499724,8108.070011121083,8152.454277205925,-6922.771418827284,21.8440978304684
111,131,151,9355.350267717587,8116.132929774825,8155.566864836404,-6916.349526893642,27.209830564718686
112,132,152,9371.744509784578,8116.07446515737,8156.654773994947,-6900.984729367739,28.654850021062884
113,133,153,9373.515607586962,8122.162320768024,8149.544997018268,-6898.1917101993295,22.20974033982111
114,134,154,9384.144473482465,8118.70043258652,8166.4643668695035,-6901.020325973557,25.651220644499517
115,135,155,9403.754281285946,8128.207520345886,8189.353581059526,-6913.806820119466,29.45957169434905
116,136,156,9421.602623319231,8103.894419523516,8217.301225466446,-6899.593021670731,32.90793430514168
117,137,157,9460.505031563345,8094.106081159904,8233.133536318033,-6866.734585914592,54.00815311062797
118,138,158,9467.1573043924,8126.962646403,8209.73017785253,-6869.53551986313,51.09817149017499
119,139,159,9441.320403606396,8086.694870679471,8198.201358853263,-6843.575825926337,46.754548160578906
120,140,160,9437.122931288846,8085.180466236938,8189.861935939103,-6837.919470887195,49.11115116570454
121,141,161,9438.527547645534,8098.979260640699,8186.124514149767,-6846.576227144933,49.30325499664605
122,142,162,9426.114303759401,8133.018942861606,8171.310112048006,-6878.214751150212,32.55829485508775
123,143,163,9482.371993989007,8131.987173851393,8201.355254931907,-6850.970434794293,50.441657369325185
124,144,164,9474.783635151678,8139.571419966615,8195.68657865721,-6860.474363472149,48.28145101231712
125,145,165,9481.785221488723,8155.22651068272,8199.315491596062,-6872.75678079006,44.642648734644354
126,146,166,9491.089711389803,8171.920927605332,8195.624649443926,-6876.4558656594545,46.79293482493131
127,147,167,9485.80188624596,8191.430562359658,8172.401891064942,-6878.030567178641,45.39565445828657
128,148,168,9441.608515577347,8146.091787448358,8164.109029110887,-6868.592300981898,40.47015224438928
129,149,169,9445.769593014937,8149.965852196134,8177.994390442316,-6882.190649623513,44.21405203300856
130,150,170,9438.61135127259,8152.454277205925,8169.281868071803,-6883.124794005138,50.2415030366933
131,151,171,9424.246694519647,8155.566864836404,8168.804163748788,-6900.124334065546,48.42730621423652
132,152,172,9413.93066588519,8156.654773994947,8167.705562629566,-6910.429670739324,48.852451806561476
133,153,173,9405.966555177094,8149.544997018268,8181.606787989404,-6925.1852298305785,55.7899400714964
134,154,174,9397.334163451327,8166.4643668695035,8181.327461056588,-6950.457664474765,40.64327240983448
135,155,175,9391.374347379722,8189.353581059526,8178.948562424633,-6976.927796104435,36.1527501071414
136,156,176,9390.66649811893,8217.301225466446,8178.85297480692,-7005.487702154436,31.060003635956036
137,157,177,9390.568774974658,8233.133536318033,8168.716214001141,-7011.280975344518,28.615049577906575
138,158,178,9375.358098291545,8209.73017785253,8171.21027707236,-7005.582356633346,26.091652786145005
139,159,179,9369.129655535366,8198.201358853263,8187.398877451962,-7016.470580769859,26.449714112461606
140,160,180,9347.315624592551,8189.861935939103,8185.064606708076,-7027.610918054628,25.482252189957308
141,161,181,9340.36867805188,8186.124514149767,8186.77767885839,-7032.533514956276,24.288424487927387
142,162,182,9346.606751084515,8171.310112048006,8201.372066373166,-7026.0754273366565,24.538141562525198
143,163,183,9342.726316671864,8201.355254931907,8155.152602427988,-7013.781540688031,29.672431862644316
144,164,184,9339.841920058545,8195.68657865721,8157.697369139983,-7013.542027738647,29.089028989908
145,165,185,9339.864871256223,8199.315491596062,8161.227077780935,-7020.677698120775,28.065940247643084
146,166,186,9346.544500643837,8195.624649443926,8178.191415723257,-7027.271564523346,26.36671891572496
147,167,187,9337.533610625742,8172.401891064942,8189.7410378333325,-7024.609318272533,24.830222610831697
148,168,188,9339.910305510839,8164.109029110887,8194.738157370843,-7018.93688097089,25.473537784776
149,169,189,9342.49684107494,8177.994390442316,8198.291405863512,-7033.788955230888,23.758179343249594
150,170,190,9339.256802923566,8169.281868071803,8190.600667755527,-7020.6257329037635,26.29376805983975
151,171,191,9349.318946915877,8168.804163748788,8194.42824466485,-7013.913461497761,25.794124148229457
152,172,192,9343.322714936876,8167.705562629566,8183.797015846706,-7008.179863539397,25.715697096651184
153,173,193,9346.119994767905,8181.606787989404,8161.933836691589,-6997.420629913089,35.135402822672404
154,174,194,9352.770790393757,8181.327461056588,8168.63119702723,-6997.1878676900615,36.57912281399058
155,175,195,9355.66810569384,8178.948562424633,8164.1922987872495,-6987.472755518043,35.40295346655421
156,176,196,9344.633479830442,8178.85297480692,8133.853632545428,-6968.073127521908,19.448533505205887
157,177,197,9328.085265693766,8168.716214001141,8117.248181822689,-6957.879130130064,14.318074127105774
158,178,198,9329.157615810318,8171.21027707236,8106.471253217616,-6948.52391447966,11.6374269275002
159,179,199,9321.708637750338,8187.398877451962,8091.47780932734,-6957.168049028964,-7.469465737356131
160,180,200,9323.69356838996,8185.064606708076,8114.631460825539,-6976.002499143657,17.339114177974352
161,181,201,9342.466286713166,8186.77767885839,8148.818473754229,-6993.129865899453,25.832826002400907
162,182,202,9356.455065959226,8201.372066373166,8149.9652675693505,-6994.88226798329,26.2072322117333
163,183,203,9324.360787750882,8155.152602427988,8160.3316931659265,-6991.123507843033,20.887897801157123
164,184,204,9327.451541127408,8157.697369139983,8164.482803945344,-6994.728631957918,23.495417156814256
165,185,205,9336.367957973584,8161.227077780935,8170.742747695497,-6995.60186750285,23.020608831610843
166,186,206,9330.181792449968,8178.191415723257,8156.767722474606,-7004.777345747894,20.696980831196925
167,187,207,9335.423335467522,8189.7410378333325,8154.980198937615,-7009.2979013034255,20.913647289803976
168,188,208,9335.20710647451,8194.738157370843,8147.897827906871,-7007.428878803203,17.29009021354659
169,189,209,9319.66873279813,8198.291405863512,8123.882234661536,-7002.504907726918,17.70824632003223
