Left,Mid,Right,Loss_likeli,Loss_AIC,Loss_BIC,Loss_eBIC
0,20,40,141.62932936355878,-59.37067063644122,-77.55932236845706,-1124.0036884198526
1,21,41,134.2292766235364,-83.7707233764636,-113.40354062950564,-1305.2294697386951
2,22,42,86.50746060667052,-73.49253939332948,-81.06381449941455,-1195.5740526292684
3,23,43,86.39268535287579,-149.6073146471242,-189.12466511350135,-1492.2654145632587
4,24,44,108.49324993127448,-140.50675006872552,-174.30294355463639,-1586.0318445355533
5,25,45,53.43975902728471,-170.5602409727153,-178.52206084525778,-1107.4244331575992
6,26,46,47.74290763279919,-141.2570923672008,-140.48769283314186,-915.6182424535359
7,27,47,33.268679270947814,-123.73132072905219,-115.44197377735463,-855.8377770283787
8,28,48,40.49447918543342,-168.50552081456658,-181.75726274760586,-1256.9308154378496
9,29,49,23.492250954763676,-170.50774904523632,-174.55863097522047,-1304.83220688423
10,30,50,26.447284358104525,-167.55271564189547,-173.68303911355952,-1186.881297241488
11,31,51,44.11772684185712,-152.88227315814288,-161.89248940125776,-1390.8250636202192
12,32,52,97.26164530279198,-122.73835469720802,-144.2392128570341,-1522.130016978098
13,33,53,114.72958052835884,-184.27041947164116,-238.51780422153024,-1984.309200671415
14,34,54,129.23742705319796,-150.76257294680204,-204.56141444520745,-2041.4555463777228
15,35,55,112.70769342592303,-159.29230657407697,-206.33563025602666,-1895.7304816365895
16,36,56,118.96975668980576,-146.03024331019424,-196.5199758403046,-1864.5965373142585
17,37,57,119.24189089932133,-133.75810910067867,-177.92687439918495,-1949.9257723088945
18,38,58,86.99077473777629,-162.0092252622237,-196.96471921938814,-1732.2448960486236
19,39,59,112.81774112839184,-126.18225887160816,-166.15348697747618,-1823.3224778398012
20,40,60,67.93818828666235,-151.06181171333765,-171.97381262695376,-1365.9669162757236
21,41,61,74.2447449628662,-136.7552550371338,-160.36021618128643,-1389.9599363061443
22,42,62,98.1737186717944,-86.8262813282056,-104.41819472175575,-1342.453284022441
23,43,63,153.04896383596838,-74.95103616403162,-113.53270042619806,-1641.5770703216444
24,44,64,182.6644116574139,-67.3355883425861,-123.46718008857897,-1902.5579121315905
25,45,65,180.30526575528825,-52.69473424471175,-96.65790167252885,-1579.3513682615035
26,46,66,196.11461091584442,0.11461091584442329,-17.970422730444625,-1190.7428757890812
27,47,67,227.11993413951132,28.119934139511315,-8.270849434398997,-1274.6155297659325
28,48,68,287.6657361473883,54.665736147388316,-0.8913008876688764,-1361.519206935115
29,49,69,273.4262726178433,55.426272617843324,-0.514220644505258,-1373.0298263972704
30,50,70,282.75426053254523,38.75426053254523,-27.27330239624598,-1608.6202209588932
31,51,71,335.5765970570824,76.57659705708238,1.0016005349564239,-1877.7776017135698
32,52,72,336.7936801183298,92.7936801183298,20.527792564499123,-1740.3599588728894
33,53,73,403.1751954578417,91.17519545784171,-19.797619660744203,-2053.8444719570307
34,54,74,426.9409886748606,122.94098867486059,17.337397011610392,-2173.709514401854
35,55,75,424.60244814138673,125.60244814138673,20.408745620341733,-2090.533649332239
36,56,76,464.3596276557071,129.35962765570707,4.163302669010136,-2268.0755746219947
37,57,77,484.8351785526311,144.83517855263108,14.926855064123174,-2349.57800400707
38,58,78,520.7109908581247,143.71099085812466,-9.036848690170928,-2405.1688665725696
39,59,79,558.7790869642379,180.77908696423788,26.549899109970738,-2721.9121276632595
40,60,80,569.0702869694837,222.07028696948373,83.36594046473624,-2127.6846394082486
41,61,81,553.0474197518349,220.04741975183492,83.02360419833303,-2278.7908179534415
42,62,82,523.914873693903,220.91487369390302,105.41194045903057,-2157.0501913405205
43,63,83,510.3217694000082,207.32176940000818,96.04963867101014,-2142.901852410645
44,64,84,507.98115086865187,179.98115086865187,49.66549424549589,-2183.1760166408058
45,65,85,462.08579127385747,141.08579127385747,21.473297840918804,-2392.076553103956
46,66,86,455.7932680374897,130.79326803748972,38.432868628849064,-2174.3641176805204
47,67,87,426.9419811994144,98.94198119941439,2.4853490646310092,-2453.1351241252178
48,68,88,436.5508443823221,152.5508443823221,63.28486820491935,-2048.948604872321
49,69,89,410.87711529368016,133.87711529368016,45.09678405868908,-2096.249243731657
50,70,90,315.67731613776505,68.67731613776505,-6.468464187516702,-1810.6662273983302
51,71,91,293.24823003150505,47.248230031505045,-26.359963386159507,-1719.374621209192
52,72,92,245.84898044239662,45.84898044239662,-5.55051786408626,-1412.5575181444547
53,73,93,238.21614647129422,39.21614647129422,-14.458074420651428,-1422.5442746156264
54,74,94,188.07488064138738,-22.92511935861262,-75.29568849600264,-1489.2683370701889
55,75,95,187.24155178576075,-40.75844821423925,-93.62154910039908,-1818.1291258934739
56,76,96,139.58253916753597,-87.41746083246403,-125.226604790088,-1807.8315985394433
57,77,97,134.2656413375894,-132.7343586624106,-182.48695551467495,-1855.0169168922566
58,78,98,105.58991680997815,-150.41008319002185,-191.23988975240331,-1705.737642618521
59,79,99,106.25980880239877,-139.74019119760123,-178.34445199698894,-1826.0804897930766
60,80,100,68.96597994671288,-154.03402005328712,-181.1873597068036,-1526.8769641534204
61,81,101,81.91467486670717,-116.08532513329283,-130.09886418682458,-1469.6185163637574
62,82,102,98.06122262509325,-101.93877737490675,-118.68091665339216,-1526.2998405393987
63,83,103,76.9037652675247,-114.0962347324753,-124.27813723828785,-1385.6981277251648
64,84,104,49.987632821410216,-145.01236717858978,-150.25426242591107,-1401.072657226474
65,85,105,65.9645254948914,-156.0354745051086,-178.8786385287683,-1797.853072949485
66,86,106,68.26650915942264,-132.73349084057736,-144.42831881136067,-1827.6369261021591
67,87,107,57.04897265025238,-135.95102734974762,-146.0889413582745,-1646.5456110228897
68,88,108,124.676262237929,-75.323737762071,-91.0261562697167,-1677.2719635167277
69,89,109,110.57594466446722,-118.42405533553278,-144.75228231663164,-1767.4494414377787
70,90,110,96.77190564236571,-88.22809435763429,-101.31455107754482,-1396.451927087729
71,91,111,104.19603871477807,-85.80396128522193,-104.1523374112569,-1449.5139030300343
72,92,112,70.92830780403915,-114.07169219596085,-128.89101686727122,-1260.4195296437292
73,93,113,70.9362402488664,-104.0637597511336,-106.97295124907441,-1372.5047846443408
74,94,114,103.55431148175148,-94.44568851824852,-109.84552193290028,-1514.2266899364522
75,95,115,87.26989116664049,-111.73010883335951,-124.16207248198839,-1614.880536983599
76,96,116,99.16123448557619,-88.83876551442381,-98.91336397102532,-1607.4377709099826
77,97,117,86.32533026196097,-113.67466973803903,-126.25792593316487,-1598.3383708665233
78,98,118,88.05430783955148,-105.94569216044852,-115.90779824265655,-1541.2786256922477
79,99,119,113.68654957909985,-97.31345042090015,-123.69100028729213,-1550.7073123403288
80,100,120,113.13567197136786,-93.86432802863214,-121.36957566043611,-1507.8668332096167
81,101,121,87.1256796195255,-76.8743203804745,-80.89188258918784,-1185.0647440154298
82,102,122,120.1221296093579,-63.8778703906421,-89.28968381413438,-1314.5934527350328
83,103,123,116.34536124946862,-34.654638750531376,-32.91447273026711,-1106.8556155918955
84,104,124,90.26902577669716,-65.73097422330284,-63.6251548720827,-1150.9519120995865
85,105,125,123.0836494948212,-54.9163505051788,-81.15327660108892,-1196.293522726507
86,106,126,125.42357858847276,-42.576421411527235,-60.76936571972101,-1210.582704766126
87,107,127,129.01749618428835,-8.982503815711652,-29.514301642020882,-997.0534491598605
88,108,128,135.0596541502464,-0.9403458497536121,-15.277807548309283,-962.8079263427712
89,109,129,159.89483940869377,-5.10516059130623,-38.38619693003443,-1172.4649190531632
90,110,130,165.07814808657758,24.078148086577585,2.3993254402173534,-1164.1102761565717
91,111,131,140.0784130239399,-2.921586976060098,-23.863273944574303,-1103.8010979726869
92,112,132,131.50893837880335,-15.49106162119665,-38.424213136818935,-1015.1011970995364
93,113,133,167.57942416939954,17.579424169399545,-13.4322239718731,-1026.328374329535
94,114,134,152.38380678028807,13.383806780288069,-11.804740266157523,-992.352616534873
95,115,135,174.80261459425128,55.80261459425128,31.907050526345984,-715.2365775769767
96,116,136,181.6582312518085,94.6582312518085,78.03004380376797,-697.6416762508247
97,117,137,173.76862630230744,99.92594974867507,88.20777372847147,-536.8384861464046
98,118,138,154.31340338207292,70.98680934980234,61.19678232478168,-549.926433116704
99,119,139,144.99649312254178,61.272950462062,63.30507961583908,-455.2897525077242
100,120,140,148.7257420014596,61.725742001459594,54.25482286461079,-447.151630044998
101,121,141,198.53923757419489,104.53923757419489,93.44648566366482,-577.6112137594125
102,122,142,211.65782883696306,121.65782883696306,102.14974861747146,-578.7976023207725
103,123,143,184.64844194535908,107.64844194535908,99.09669380904461,-380.6964008457328
104,124,144,184.2011861726446,91.20118617264461,75.87607408544227,-506.796891606635
105,125,145,224.86333223587894,115.86333223587894,76.49858770922538,-563.1702686168335
106,126,146,235.67935026992905,112.67935026992905,70.10294742890392,-607.6259903425948
107,127,147,254.80731647353173,119.80731647353173,73.90565620809662,-681.8730212162859
108,128,148,253.4928090459,123.9929182393173,83.55663991434244,-567.706901811652
109,129,149,214.51161859456624,113.51161859456624,84.26913049529048,-491.31706024338837
110,130,150,220.39670222687482,129.39670222687482,98.06275087555127,-402.03859044030537
111,131,151,244.8851386898814,132.70522263714975,97.100117560645,-459.21992200785485
112,132,152,240.17968743908796,122.17968743908796,66.43367408010727,-520.7742526514367
113,133,153,231.21727671702706,111.21727671702706,64.50232386302287,-524.7203942486224
114,134,154,220.77255655998943,112.77255655998943,64.81090119008059,-446.57763121857874
115,135,155,245.4807543103334,133.4807543103334,82.67174116034062,-424.3344729098394
116,136,156,316.8019577270022,173.80195772700222,102.95502901721534,-762.9389161158217
117,137,157,304.37555757919813,156.53288102556553,96.94034253082646,-735.2719349648116
118,138,158,348.3853989604231,173.0588049281523,97.01725149313006,-967.574719850267
119,139,159,376.803698957777,176.0801562972972,96.98809048968769,-1075.9876618990245
120,140,160,400.04155300232765,183.04155300232765,88.66732630655133,-1200.1885250094028
121,141,161,383.8387192469122,180.8387192469122,95.0307166011712,-1131.4639873305475
122,142,162,369.4990397600079,168.49903976000792,72.21424618012043,-1199.2691686743588
123,143,163,338.2222889501636,151.2222889501636,69.55824985210461,-1128.6796608998748
124,144,164,360.1919051175835,152.19190511758347,78.51145560614941,-1417.7228872303049
125,145,165,342.38328430894717,136.38328430894717,61.54874735528415,-1426.2129905354545
126,146,166,360.6890094004109,122.6890094004109,38.64235295437993,-1525.3827382774052
127,147,167,291.4401476288085,94.44014762880852,32.57345126523842,-1232.3850003568746
128,148,168,303.78772970848763,106.2878389019047,47.939048428973365,-1219.0727326522115
129,149,169,277.58651908727416,96.58651908727416,44.15027237927734,-1132.6004272909008
130,150,170,238.9372652457248,66.9372652457248,17.456866593382983,-1149.4638728430677
131,151,171,290.264485390202,95.08456933747038,54.54680188787188,-1389.1673758482461
132,152,172,275.63015387490145,80.63015387490145,33.24083540148649,-1306.0503952138251
133,153,173,253.7255669644319,59.72556696443189,21.9162339058862,-1147.1579895562718
134,154,174,250.890480764627,57.890480764627,15.60968632408185,-1463.9546655578415
135,155,175,256.4958193393363,58.49581933933632,17.549504149077848,-1478.4057275691284
136,156,176,243.70075705205022,32.70075705205022,-11.320199405037329,-1632.0440876948173
137,157,177,203.93097531187527,5.930975311875272,-22.233994407214368,-1544.7580871806467
138,158,178,160.09909866854855,-29.90090133145145,-57.95333798532556,-1433.4404499975808
139,159,179,142.21156686231916,-62.78843313768084,-93.45683157929034,-1616.4715407676981
140,160,180,83.42288681583614,-141.57711318416386,-166.95359638899458,-1822.6872561377895
141,161,181,92.17360708659248,-156.82639291340752,-187.59432131099652,-1752.6679042859655
142,162,182,67.13901956394238,-205.86098043605762,-239.53922664358538,-1927.6437574160318
143,163,183,54.64335133325176,-223.35664866674824,-251.89960657200163,-2240.8205650254404
144,164,184,38.11226130126238,-174.88773869873762,-183.89262055384506,-1625.7901128076473
145,165,185,35.17010869216574,-184.82989130783426,-195.93354175926106,-1563.541567810611
146,166,186,35.823205966098385,-230.17679403390161,-252.9572332189341,-1886.9779178505596
147,167,187,61.76414694552409,-176.2358530544759,-202.4258392652073,-1798.625398228617
148,168,188,86.95165713949132,-171.04834286050868,-209.04209908590065,-1881.9937130793069
149,169,189,91.02498885221303,-166.97501114778697,-203.19513070968765,-2020.0140750430992
150,170,190,96.43223577530034,-162.56776422469966,-203.1388281285483,-1961.1684387588666
151,171,191,101.9169414763187,-116.0830585236813,-122.62668058378813,-1393.3715775669202
152,172,192,150.02961862000234,-30.97038137999766,-35.99262392040805,-1078.3263008617814
153,173,193,143.22036962516881,-46.779630374831186,-63.19107820349495,-1146.704943019215
154,174,194,120.34560716223905,-70.65439283776095,-90.19378228113283,-1349.9046886842443
155,175,195,134.52595508624245,-56.47404491375755,-76.01343435712965,-1516.0597958605485
156,176,196,146.9448663710382,-31.055133628961812,-49.667440738712685,-1462.2562996516876
157,177,197,142.9737726673602,-24.02622733263979,-32.65655026420404,-1511.413618232467
158,178,198,112.59629228604649,-50.40370771395351,-58.0822868692494,-1250.2507666483398
159,179,199,110.85183961821645,-61.148160381783555,-70.74263578320392,-1399.046197976234
160,180,200,153.38235168221695,-44.61764831778305,-70.41468944083385,-1746.8549232098894
161,181,201,140.586445109946,-85.413554890054,-116.16749062101121,-1660.905185265221
162,182,202,212.69702872630637,-21.30297127369363,-67.63307067530059,-1771.860004268915
163,183,203,195.55549359831457,-56.44450640168543,-106.70030377873422,-2116.1975789690873
164,184,204,189.62940632925756,51.62940632925756,34.21677081546841,-1081.790878325407
165,185,205,188.3771546615401,47.37715466154009,28.559531882818646,-1046.1555861100528
166,186,206,226.87353882133993,35.873538821339935,-3.145875310687643,-1354.4263573778385
167,187,207,137.02356675597275,-51.97643324402725,-80.45714520424372,-1232.5948423688105
168,188,208,132.84933838412258,-39.150661615877425,-60.32094934944598,-1086.896497687801
169,189,209,117.77167286883241,-36.22832713116759,-32.0383566086216,-1094.8375723211843
