Left,Mid,Right,Loss,Loss_left,Loss_right,gain,glasso
0,20,40,9238.825910277743,8174.569770225324,8041.732586954407,-6977.476446901988,26.313035370700163
1,21,41,9232.246501955735,8163.889772807963,8041.301163823844,-6972.944434676072,23.11935721881173
2,22,42,9233.632503736353,8136.682405204155,8084.668929356127,-6987.718830823927,17.060223906171814
3,23,43,9226.766657226748,8138.734648234503,8059.46078200506,-6971.428773012814,19.75298386132681
4,24,44,9221.733268990685,8141.057671564987,8076.518790872,-6995.843193446302,8.27254811847979
5,25,45,9204.60879509146,8120.469198736679,8085.475284757924,-7001.335688403142,2.58261996676174
6,26,46,9207.888323564324,8088.377750848499,8109.923505324425,-6990.412932608599,6.146323357527763
7,27,47,9186.944128876823,8057.404955549658,8118.470297074531,-6988.931123747365,-7.678289098701953
8,28,48,9215.580343445823,8047.817906080485,8156.02664384249,-6988.264206477152,-1.838122744258726
9,29,49,9213.23750789732,8069.610135435562,8144.3484277875,-7000.721055325743,-6.019708845729838
10,30,50,9216.183814729819,8040.522815649702,8151.548381849924,-6975.887382769808,3.1905303455941976
11,31,51,9208.159243649925,8032.741911471642,8160.648592288962,-6985.2312601106805,4.684765858918581
12,32,52,9198.64833900534,8023.855749911732,8152.347948469431,-6977.555359375823,3.861075909630017
13,33,53,9201.428757164242,8022.646489949479,8156.73927711255,-6977.957009897786,5.130793398549486
14,34,54,9226.033222818452,8057.107190603216,8171.284325618666,-7002.358293403429,12.152552411331271
15,35,55,9224.0187113053,8044.274506767755,8168.714269710272,-6988.970065172727,15.01729705539492
16,36,56,9228.347942670785,8064.252892251029,8161.67041838548,-6997.575367965725,15.401723766996838
17,37,57,9239.21308022005,8087.750312942879,8156.85158254279,-7005.38881526562,16.92950266597836
18,38,58,9261.561998225297,8084.428306974776,8180.195453544096,-7003.061762293575,22.791011094344867
19,39,59,9250.74246572308,8059.574541830744,8179.082569256,-6987.914645363664,27.298659710180345
20,40,60,9242.246950138275,8041.732586954407,8172.428606711264,-6971.914243527397,32.68118943338595
21,41,61,9258.210399214138,8041.301163823844,8180.986559118619,-6964.077323728325,29.083092020787717
22,42,62,9299.522762221526,8084.668929356127,8204.445576736154,-6989.591743870755,22.782455849624967
23,43,63,9298.06372421841,8059.46078200506,8214.752064613687,-6976.149122400337,21.540487514400866
24,44,64,9315.451939395802,8076.518790872,8193.689407553167,-6954.7562590293655,26.259218354176937
25,45,65,9358.784012118898,8085.475284757924,8216.976371442666,-6943.667644081692,33.775098007954966
26,46,66,9381.575076011255,8109.923505324425,8227.436283969944,-6955.784713283114,32.01868324054249
27,47,67,9424.668938850824,8118.470297074531,8245.896000989276,-6939.697359212983,47.61810798141323
28,48,68,9443.704199505086,8156.02664384249,8217.549791443142,-6929.872235780545,55.127426316963465
29,49,69,9432.519150036063,8144.3484277875,8213.847848813013,-6925.677126564449,49.66974373939502
30,50,70,9432.217972604247,8151.548381849924,8202.040562754732,-6921.37097200041,49.15681526912067
31,51,71,9463.803190871276,8160.648592288962,8228.938906488393,-6925.78430790608,52.531118819679705
32,52,72,9469.461201962064,8152.347948469431,8225.483060641829,-6908.369807149196,55.48887518932861
33,53,73,9485.656932565678,8156.73927711255,8221.196683453225,-6892.279028000095,58.947666535945245
34,54,74,9483.613419994354,8171.284325618666,8200.602388151048,-6888.273293775361,60.66041772654307
35,55,75,9505.767668390268,8168.714269710272,8225.365728310042,-6888.312329630047,65.96870120307085
36,56,76,9498.884446800323,8161.67041838548,8222.682201898018,-6885.468173483176,66.18929025671696
37,57,77,9497.447717566363,8156.85158254279,8218.866151162585,-6878.270016139013,71.14763332153689
38,58,78,9507.895689287448,8180.195453544096,8168.651650236053,-6840.951414492702,80.94358506819344
39,59,79,9492.858986692183,8179.082569256,8158.617416673409,-6844.840999237225,81.07201670259838
40,60,80,9477.917512819626,8172.428606711264,8136.654147679058,-6831.165241570696,86.0047321167126
41,61,81,9475.754359192273,8180.986559118619,8143.112370464091,-6848.344570390436,79.17075572760268
42,62,82,9463.703261981584,8204.445576736154,8117.331181145569,-6858.073495900138,63.649638485939704
43,63,83,9466.650740064199,8214.752064613687,8133.984651517896,-6882.085976067385,60.27204556455217
44,64,84,9453.666888458798,8193.689407553167,8135.901335138915,-6875.923854233284,59.51219818912159
45,65,85,9441.880294121755,8216.976371442666,8131.28881262468,-6906.384889945592,47.47757871115391
46,66,86,9444.824692421913,8227.436283969944,8142.333507381458,-6924.945098929489,49.057366871568775
47,67,87,9439.158677563972,8245.896000989276,8112.8911979531695,-6919.628521378474,42.922259575081625
48,68,88,9417.609563051916,8217.549791443142,8120.528682037446,-6920.468910428672,35.69780968244686
49,69,89,9417.627993186188,8213.847848813013,8130.321002575095,-6926.540858201921,34.30305290260185
50,70,90,9401.603080415953,8202.040562754732,8138.058422740197,-6938.495905078977,29.246047093004563
51,71,91,9401.528520065036,8228.938906488393,8132.6167180944885,-6960.027104517845,22.334525106368346
52,72,92,9411.533661909643,8225.483060641829,8147.9314971022995,-6961.880895834485,27.773333406174515
53,73,93,9410.247842438923,8221.196683453225,8150.696157138555,-6961.644998152857,30.09111459372707
54,74,94,9379.354576445545,8200.602388151048,8142.4487095244085,-6963.696521229911,30.376699328475752
55,75,95,9380.86143773648,8225.365728310042,8124.061519167908,-6968.565809741471,28.434920853641415
56,76,96,9374.668312887265,8222.682201898018,8110.923185490524,-6958.937074501278,29.804182999927434
57,77,97,9368.902525094047,8218.866151162585,8115.792868591899,-6965.756494660436,30.18396875266626
58,78,98,9341.500829099039,8168.651650236053,8133.25095379971,-6960.401774936725,32.98494564912107
59,79,99,9327.600879262329,8158.617416673409,8124.882686435007,-6955.899223846087,33.99699263473394
60,80,100,9309.241698715026,8136.654147679058,8145.443973358391,-6972.856422322422,33.61376235299167
61,81,101,9345.456353857317,8143.112370464091,8154.173150846637,-6951.829167453412,47.87349367934803
62,82,102,9334.210669009099,8117.331181145569,8168.116350571823,-6951.236862708294,36.433487349725965
63,83,103,9343.502036455639,8133.984651517896,8169.385818698917,-6959.868433761176,35.821387502354355
64,84,104,9344.669901819723,8135.901335138915,8157.713152989011,-6948.944586308202,42.568466106253254
65,85,105,9326.45973369895,8131.28881262468,8140.742129570061,-6945.57120849579,41.877040888441115
66,86,106,9324.443243242456,8142.333507381458,8109.7600350541325,-6927.650299193134,56.19881703551573
67,87,107,9299.160951537835,8112.8911979531695,8120.344438660156,-6934.0746850754895,46.32391702193763
68,88,108,9302.292482211256,8120.528682037446,8131.3993718347865,-6949.635571660976,30.982776256333636
69,89,109,9320.96481075769,8130.321002575095,8163.1840471324995,-6972.540238949903,30.99227091241164
70,90,110,9342.34577505595,8138.058422740197,8172.993978354115,-6968.706626038362,36.37822406190344
71,91,111,9341.984443034526,8132.6167180944885,8188.359108660804,-6978.991383720768,34.8483732776258
72,92,112,9348.185419667987,8147.9314971022995,8195.277802249528,-6995.02387968384,38.68804987912199
73,93,113,9344.208484642535,8150.696157138555,8192.415079133312,-6998.902751629332,33.967003795851724
74,94,114,9336.405557630816,8142.4487095244085,8180.927983731091,-6986.971135624684,33.68232750628522
75,95,115,9316.71415596741,8124.061519167908,8166.397274072422,-6973.744637272921,30.111369235020902
76,96,116,9321.426489661038,8110.923185490524,8172.588376629938,-6962.085072459422,35.41029709115446
77,97,117,9322.763706759015,8115.792868591899,8151.4002028970535,-6944.429364729938,21.532567095298873
78,98,118,9321.00128901422,8133.25095379971,8142.695814363058,-6954.945479148548,27.177398675983113
79,99,119,9321.812012911803,8124.882686435007,8151.530499030669,-6954.601172553872,32.902001941965864
80,100,120,9348.59342411193,8145.443973358391,8172.108601317212,-6968.959150563673,39.21166511980664
81,101,121,9335.371509932647,8154.173150846637,8161.216078532941,-6980.017719446931,32.74576346040885
82,102,122,9334.63445951639,8168.116350571823,8153.357209233738,-6986.839100289171,28.214418836994355
83,103,123,9339.971311671308,8169.385818698917,8154.586037674303,-6984.000544701912,30.819394822553477
84,104,124,9366.571735997044,8157.713152989011,8185.819129704847,-6976.960546696813,42.70111345475743
85,105,125,9357.878836923672,8140.742129570061,8175.6032467120185,-6958.466539358407,44.474986222059215
86,106,126,9354.676964990762,8109.7600350541325,8168.3109157742365,-6923.393985837607,58.15788156902818
87,107,127,9358.208875687946,8120.344438660156,8152.818908473832,-6914.954471446043,66.53155004767177
88,108,128,9354.733238097175,8131.3993718347865,8146.281276850678,-6922.947410588291,57.306021720492936
89,109,129,9349.752009958767,8163.1840471324995,8131.317338056681,-6944.749375230414,49.79000482687252
90,110,130,9346.538413097649,8172.993978354115,8123.92503247786,-6950.380597734325,40.28969497410753
91,111,131,9340.877241274437,8188.359108660804,8101.6666275834405,-6949.148494969808,40.99044649191637
92,112,132,9334.110840245543,8195.277802249528,8122.443966648474,-6983.610928652459,35.59458958762889
93,113,133,9340.977342924598,8192.415079133312,8140.310804255366,-6991.748540464079,36.8838424572632
94,114,134,9337.259847298652,8180.927983731091,8146.545103571314,-6990.2132400037535,33.35144335633095
95,115,135,9354.975917456648,8166.397274072422,8185.162263910722,-6996.583620526495,35.17726300707409
96,116,136,9362.02407713312,8172.588376629938,8197.82960511922,-7008.393904616038,33.85851523766041
97,117,137,9344.663300267392,8151.4002028970535,8170.063845288986,-6976.800747918649,20.27230386192832
98,118,138,9338.061698133575,8142.695814363058,8166.150676092501,-6970.784792321983,28.869548293514526
99,119,139,9350.787544665625,8151.530499030669,8175.4182093268455,-6976.16116369189,36.02418486882698
100,120,140,9352.817543169605,8172.108601317212,8155.450044603724,-6974.74110275133,38.655625689554654
101,121,141,9365.723932596626,8161.216078532941,8192.369389265054,-6987.861535201369,33.011154965619426
102,122,142,9368.829031084279,8153.357209233738,8196.870321112016,-6981.398499261475,33.72091868640928
103,123,143,9386.335553855733,8154.586037674303,8200.553748834043,-6968.804232652612,40.51274791583228
104,124,144,9425.504194711217,8185.819129704847,8198.64465558698,-6958.959590580611,45.554774712417384
105,125,145,9480.770423288628,8175.6032467120185,8244.1456428392,-6938.97846626259,58.73447845530745
106,126,146,9479.935628764357,8168.3109157742365,8236.650835143719,-6925.026122153598,65.31230875117899
107,127,147,9486.949890829805,8152.818908473832,8245.744423559056,-6911.613441203084,70.38509008473193
108,128,148,9490.039560924208,8146.281276850678,8239.096615083385,-6895.338331009854,76.35578893579259
109,129,149,9500.513848198298,8131.317338056681,8267.710032229177,-6898.51352208756,73.45388540800514
110,130,150,9501.780690346664,8123.92503247786,8277.65648332538,-6899.8008254565775,66.18529073598165
111,131,151,9495.154926329333,8101.6666275834405,8278.78020707802,-6885.291908332127,61.593779896284104
112,132,152,9510.421883291347,8122.443966648474,8290.295584867376,-6902.317668224503,63.969809407757566
113,133,153,9511.16526491083,8140.310804255366,8269.574747410199,-6898.720286754735,65.07424378215183
114,134,154,9519.94140101202,8146.545103571314,8281.499952418992,-6908.103654978284,66.65777200299635
115,135,155,9528.812671259582,8185.162263910722,8257.183387770525,-6913.532980421665,62.94829591305461
116,136,156,9536.36821567122,8197.82960511922,8235.604864300598,-6897.066253748595,65.32091569301429
117,137,157,9534.647737562493,8170.063845288986,8248.788610973872,-6884.204718700366,67.90456934911799
118,138,158,9519.098148545616,8166.150676092501,8239.034083516493,-6886.086611063378,69.59157551583712
119,139,159,9522.441680490532,8175.4182093268455,8214.707816697175,-6867.684345533487,77.35530429459368
120,140,160,9498.43251066586,8155.450044603724,8199.953214330306,-6856.97074826817,79.55685830237371
121,141,161,9500.17755834226,8192.369389265054,8169.286422462297,-6861.47825338509,78.97705768579681
122,142,162,9531.222085320771,8196.870321112016,8209.77291761595,-6875.421153407193,84.06422823392495
123,143,163,9512.16053039127,8200.553748834043,8181.294372192522,-6869.687590635296,82.89157424748782
124,144,164,9483.249327340756,8198.64465558698,8180.328008068958,-6895.723336315183,67.41589255968711
125,145,165,9485.880203564424,8244.1456428392,8147.544466297511,-6905.809905572287,64.52124262717052
126,146,166,9467.568937680486,8236.650835143719,8134.794584222261,-6903.876481685495,66.23953057510289
127,147,167,9463.855024769447,8245.744423559056,8150.432172120487,-6932.321570910095,57.75091891007423
128,148,168,9471.300755934111,8239.096615083385,8162.375077456156,-6930.170936605429,58.60570625809578
129,149,169,9500.668686188303,8267.710032229177,8158.387978868238,-6925.429324909113,63.74547536480941
130,150,170,9516.264943331256,8277.65648332538,8170.892434601377,-6932.283974595501,67.18997712540522
131,151,171,9516.483580271066,8278.78020707802,8174.347606956405,-6936.64423376336,64.07495007852731
132,152,172,9506.135592745552,8290.295584867376,8188.502492225612,-6972.662484347435,50.28048896200471
133,153,173,9477.2742601928,8269.574747410199,8187.399505995123,-6979.699993212522,47.34676851177392
134,154,174,9485.750216339191,8281.499952418992,8205.118051073552,-7000.867787153351,44.04908759535192
135,155,175,9458.429745269936,8257.183387770525,8206.902014544372,-7005.655657044961,39.631779871454455
136,156,176,9434.343660110695,8235.604864300598,8206.13130825617,-7007.392512446073,34.10327090566943
137,157,177,9437.711276072845,8248.788610973872,8195.30764383739,-7006.384978738417,38.836877790092785
138,158,178,9428.751236991195,8239.034083516493,8188.694414888188,-6998.977261413487,36.652663713319726
139,159,179,9404.458630873907,8214.707816697175,8189.476494852136,-6999.725680675403,37.36146783817094
140,160,180,9367.692481005735,8199.953214330306,8187.746572386361,-7020.007305710929,32.71720505621397
141,161,181,9362.05047047022,8169.286422462297,8207.139905084776,-7014.375857076853,29.501167967454876
142,162,182,9362.387731562507,8209.77291761595,8169.5621654284405,-7016.947351481884,31.215976411538577
143,163,183,9341.387358559861,8181.294372192522,8168.739864334126,-7008.646877966787,31.863104019833372
144,164,184,9324.268957264832,8180.328008068958,8148.086050793056,-7004.145101597182,28.08084078408183
145,165,185,9311.988848131974,8147.544466297511,8161.384534001909,-6996.940152167446,25.747372660728615
146,166,186,9312.059359884934,8134.794584222261,8175.306981439952,-6998.042205777279,28.91378071655663
147,167,187,9340.664971996353,8150.432172120487,8190.2796202284335,-7000.046820352567,35.87072063089818
148,168,188,9339.370826451886,8162.375077456156,8182.490465953591,-7005.494716957861,31.391102569928535
149,169,189,9335.342001617362,8158.387978868238,8178.487817265756,-7001.533794516632,35.196136372166166
150,170,190,9333.030790431334,8170.892434601377,8172.854811229405,-7010.716455399448,32.219056032480694
151,171,191,9344.39893775632,8174.347606956405,8182.5491279675125,-7012.497797167598,34.316061514758076
152,172,192,9355.018214800877,8188.502492225612,8186.015735480858,-7019.500012905593,30.214818205940446
153,173,193,9353.051571735861,8187.399505995123,8184.8362755367625,-7019.184209796025,28.56356086273172
154,174,194,9359.441268174782,8205.118051073552,8189.18999373196,-7034.86677663073,31.36229349963969
155,175,195,9370.732943622374,8206.902014544372,8202.506157348836,-7038.675228270833,31.28275873022085
156,176,196,9371.306977016431,8206.13130825617,8200.132309697461,-7034.9566409372,32.30189858553604
157,177,197,9361.79549875648,8195.30764383739,8188.899850835799,-7022.411995916707,33.06368684199242
158,178,198,9362.487104493022,8188.694414888188,8187.505541745633,-7013.712852140798,33.487070542944366
159,179,199,9359.535216169294,8189.476494852136,8189.183263663627,-7019.12454234647,33.28882057510327
160,180,200,9363.560410255044,8187.746572386361,8188.806084271525,-7012.9922464028405,34.986159004426554
161,181,201,9352.331378233574,8207.139905084776,8170.878047159313,-7025.686574010515,24.786598156552373
162,182,202,9326.100539983601,8169.5621654284405,8170.6201101160805,-7014.08173556092,27.056753420666155
163,183,203,9332.237143611783,8168.739864334126,8180.481637923689,-7016.984358646032,29.699911122241247
164,184,204,9327.146275760475,8148.086050793056,8190.48475387488,-7011.424528907461,24.324227860717656
165,185,205,9333.373428302355,8161.384534001909,8179.580302632402,-7007.591408331955,25.51196142603294
166,186,206,9332.520530553007,8175.306981439952,8175.122129431928,-7017.908580318874,25.70422215120152
167,187,207,9337.137817181498,8190.2796202284335,8151.486829453257,-7004.628632500193,30.30365067256571
168,188,208,9339.28338705105,8182.490465953591,8166.03388087768,-7009.240959780222,28.84055865979326
169,189,209,9337.097682653955,8178.487817265756,8169.814588422656,-7011.204723034458,28.52540719715944
