Left,Mid,Right,Loss_likeli,Loss_AIC,Loss_BIC,Loss_eBIC
0,20,40,193.24628915252333,57.24628915252333,30.778751794168784,-987.1170904402138
1,21,41,191.17954584601944,50.17954584601944,23.261410978067488,-939.9150918754044
2,22,42,138.11783667089844,22.11783667089844,4.110826797831351,-581.906154725571
3,23,43,152.17818886598207,51.178188865982065,46.76367421423561,-507.6485519323885
4,24,44,123.10771984922758,16.10771984922758,5.85500330071568,-490.15250129503147
5,25,45,100.610187752402,13.610187752401998,16.16101791657138,-393.6601436380679
6,26,46,104.67311178323462,10.673111783234617,-2.1620932263656414,-469.03729829347776
7,27,47,108.07906144662275,9.079061446622745,-6.682599429785569,-466.92596716279263
8,28,48,130.79073143794722,-8.209268562052785,-32.56318623247557,-814.259101679947
9,29,49,117.05264054163194,-0.9473594583680551,-20.186174306136536,-664.1228812766544
10,30,50,204.26094619152673,41.26094619152673,11.097912011900462,-812.594959776498
11,31,51,201.55104996541013,39.55104996541013,4.523287151554769,-667.6038430768758
12,32,52,214.2955345805426,49.29553458054261,3.1455422833089415,-776.6195892397313
13,33,53,204.20150069149872,28.201500691498723,-10.461312925413495,-935.5422110127404
14,34,54,142.44591245412448,3.445912454124482,-31.44669512016071,-882.731628942126
15,35,55,149.06324562918326,21.063245629183257,-8.699408030835002,-807.7276362056136
16,36,56,125.16204332207326,6.162043322073259,-20.574567043234993,-716.413062383554
17,37,57,105.51374419203421,-21.48625580796579,-43.47639881369355,-775.6105644912777
18,38,58,95.8064467926074,-36.1935532073926,-54.084727803319765,-846.0067320676599
19,39,59,119.56895216377166,-5.431047836228345,-25.72891050947601,-857.6505776876597
20,40,60,133.09023920217624,13.090239202176235,-4.090060912899162,-690.0398200269747
21,41,61,133.28144561348063,38.28144561348063,45.568890619214244,-231.3777950741437
22,42,62,150.74120575916731,2.7412057591673147,-13.471768999933374,-633.5437462900018
23,43,63,174.73805064738576,34.73805064738576,19.411016752805153,-691.214414692336
24,44,64,257.5247710567403,92.52477105674029,51.5860844299591,-969.53228721903
25,45,65,267.43994988424197,98.43994988424197,60.92888781236593,-1093.041154862041
26,46,66,258.6793843645996,96.67938436459963,49.296134873603705,-1228.043288368342
27,47,67,297.1188203487404,92.11882034874043,28.525930830533298,-1485.6136405933757
28,48,68,340.18469412989043,124.18469412989043,63.749158987561486,-1369.9662343390578
29,49,69,318.250657541628,140.25065754162802,85.05585596843048,-1070.48093777773
30,50,70,336.9871173179449,119.98711731794492,57.66258650893178,-1154.6223709615388
31,51,71,337.14095474638725,106.14095474638725,57.731229279569106,-1140.3723260637203
32,52,72,360.55305586390386,126.55305586390386,63.702579152199405,-1201.9543487626856
33,53,73,385.452604278599,125.45260427859898,41.896272948358956,-1491.0266817407396
34,54,74,372.62086017207116,132.62086017207116,56.81955864441511,-1409.53766163287
35,55,75,396.7233591922268,109.72335919222678,9.918085679034448,-1807.3559181866049
36,56,76,396.87507413910384,118.87507413910384,31.09539635314286,-1705.4921799107628
37,57,77,401.069565028386,113.06956502838602,26.10820620561003,-1677.441836664193
38,58,78,458.3918082318701,167.39180823187007,67.9443628786969,-1849.1983346284605
39,59,79,463.47730488809,172.47730488808998,64.68163324594161,-1930.0969949549462
40,60,80,468.8093751796214,171.80937517962138,77.94365927029685,-1683.3394216060888
41,61,81,391.90054224910114,156.90054224910114,100.23468932029414,-1204.6973502209294
42,62,82,402.5381364353152,161.5381364353152,104.46566256884716,-1377.1972887309448
43,63,83,375.79001935345445,133.79001935345445,64.73164574226621,-1428.5865769205907
44,64,84,357.3669973320475,138.3669973320475,70.49970442739823,-1272.2506254982559
45,65,85,326.0623118935946,98.0623118935946,33.91075650087123,-1532.8974990007505
46,66,86,301.4285141761038,81.42851417610382,21.417388110988668,-1437.433051165559
47,67,87,298.24770977685216,65.24770977685216,-2.234797452991643,-1666.167326052093
48,68,88,268.33868782910235,87.33868782910235,49.52707132816772,-1068.423302038274
49,69,89,241.55066491032812,72.55066491032812,35.006454998762365,-948.4443426583762
50,70,90,216.56669266618815,57.566692666188146,18.608513391122415,-882.4106579465538
51,71,91,182.87711846729553,18.87711846729553,-0.1892487380341663,-817.2922381828616
52,72,92,176.6466201404951,-16.353379859504912,-57.36233582049181,-1020.7363526705976
53,73,93,199.70596332311402,12.70596332311402,-31.528128024708167,-1136.618502258655
54,74,94,194.1990028036521,0.19900280365209255,-31.24618162485649,-1242.6536356953966
55,75,95,164.4372512264656,-17.562748773534395,-44.99080968890371,-1111.5980976334868
56,76,96,167.33088543657414,-15.669114563425865,-32.58450521653435,-1138.240378751606
57,77,97,158.52413067209955,-30.475869327900455,-42.70336398688073,-935.6484072178832
58,78,98,121.68411475810626,-12.315885241893739,-13.49707888484022,-766.2614178907984
59,79,99,116.53622837566581,-8.463771624334186,-12.819249144703463,-698.6525837472013
60,80,100,100.37249983543074,-32.627500164569256,-23.419088181722145,-613.2792040864915
61,81,101,218.16490654751487,24.164906547514875,6.284820730833189,-1058.8938875443864
62,82,102,243.70164074390686,66.70164074390686,40.84766599196337,-951.6109466780081
63,83,103,231.55802494078262,39.558024940782616,12.875994662348603,-1014.5826769795408
64,84,104,237.8527829638008,70.85278296380079,50.23626866231143,-981.7352379432837
65,85,105,298.4867658745811,101.48676587458112,60.24792617105845,-1376.2014125025084
66,86,106,323.19224383071287,132.19224383071287,109.7260012848983,-1163.2531750908306
67,87,107,341.09849067847904,141.09849067847904,95.09926646123927,-1184.1335665281417
68,88,108,279.21077156577826,107.21077156577826,66.32244400615036,-977.4369332162792
69,89,109,223.66126812838593,31.661268128385927,-2.932078243522028,-1288.100230659276
70,90,110,204.39605950834311,-17.603940491656886,-34.11005990999979,-1469.0668831182866
71,91,111,196.31446948381836,-18.685530516181643,-46.6900514529741,-1639.7427499468085
72,92,112,164.1488574507366,-45.851142549263386,-73.46369423027863,-1632.001343384335
73,93,113,166.45000044166773,-66.54999955833227,-105.96004597549836,-1714.797014333234
74,94,114,152.38444462675557,-78.61555537324443,-116.31713820429945,-1607.3229074095898
75,95,115,223.87116286577316,25.871162865773158,7.695063330095536,-1313.3138222979946
76,96,116,229.10816533599973,36.10816533599973,4.960570666863077,-1473.1635407004715
77,97,117,296.50304816176345,59.503048161763445,12.888602422296344,-1582.7757035019908
78,98,118,221.056719278439,47.056719278439004,24.752203899036658,-1145.905094568835
79,99,119,214.02801916709132,39.028019167091315,9.779234807872626,-1151.2710198808477
80,100,120,192.05951871929528,9.059518719295284,-12.170515517226704,-1287.4316890928103
81,101,121,142.32498972487065,-6.6750102751293525,4.618276466386533,-852.4865805687136
82,102,122,161.83257509885152,19.83257509885152,19.588734431260946,-1053.5156553667784
83,103,123,164.3928964564709,12.392896456470908,11.571416481217284,-936.4414066513827
84,104,124,117.46270369328818,-20.537296306711823,1.3567681710096622,-960.1109887604707
85,105,125,158.6228585553174,20.622858555317407,32.671698650955705,-902.5799494986863
86,106,126,156.37980165229192,72.37980165229192,123.32710336206628,-372.54977830970074
87,107,127,155.3365908180208,82.3365908180208,132.83743063833663,-209.8094059925843
88,108,128,130.71422530865038,71.71422530865038,119.72836305839246,-84.52755034914526
89,109,129,135.53872914441763,24.53872914441763,44.99676047557659,-518.7835217029442
90,110,130,205.92085700190046,8.920857001900458,8.224883969948223,-1208.0378101969095
91,111,131,228.17820180185095,39.178201801850946,21.280095245384246,-1531.6345959980072
92,112,132,185.42860277387217,7.428602773872171,-18.11517614147806,-1352.41005614611
93,113,133,188.9237209235573,-14.076279076442688,-49.98726986953807,-1499.7428064788132
94,114,134,186.6705118382647,-5.3294881617352985,-37.79052107001371,-1447.884820794562
95,115,135,197.2070106101694,-26.79298938983061,-50.63556308583088,-1511.821808339571
96,116,136,138.65015910616603,-60.34984089383397,-67.25902625576441,-1388.4793019543931
97,117,137,236.08695481120822,-3.9130451887917843,-45.928009245985095,-1690.8655936657929
98,118,138,233.07448488020577,-0.9255151197942268,-36.443904498788015,-1454.4634753536561
99,119,139,239.24968336388315,-32.75031663611685,-66.49055715531517,-1956.4853038994925
100,120,140,232.9625096722025,-62.037490327797514,-121.36001313338579,-2277.9800121484577
101,121,141,214.3233638566105,-20.676636143389487,-59.99605032200907,-1707.4965945436934
102,122,142,215.52809150018902,-19.47190849981098,-58.87456509001231,-1828.3127626783712
103,123,143,225.17047773701688,10.170477737016881,-32.4080538779624,-1621.7612402824789
104,124,144,232.52650874138658,19.52650874138658,-24.828879322278226,-1576.8451092690366
105,125,145,294.87916717687676,45.87916717687676,7.4537659377201635,-1799.8258192434987
106,126,146,287.4849563732789,60.48495637327892,39.155676010424486,-1712.1538987097256
107,127,147,293.9265490229027,76.92654902290269,43.61179679302336,-1644.2848681330743
108,128,148,286.98790617635836,90.98790617635836,69.4327785225696,-1252.2876147466613
109,129,149,317.4252972681445,94.4252972681445,62.79297329556766,-1555.316702272059
110,130,150,366.69145876667085,106.69145876667085,39.527266519212844,-1870.254077068646
111,131,151,385.93073764731844,117.93073764731844,41.51777466436397,-1954.1021147504548
112,132,152,382.1385967880517,112.1385967880517,26.928189678018953,-1916.1392832378351
113,133,153,404.08395353408446,113.08395353408446,29.144973508739895,-2151.150178914652
114,134,154,411.5945556693482,123.59455566934844,31.32391447322061,-2283.0782775625303
115,135,155,416.9022472491356,91.9022472491356,-14.033329255039462,-2192.9473018242634
116,136,156,427.45376170267514,114.45376170267514,19.572663755389385,-2069.0288577520923
117,137,157,424.0892826505624,126.08928265056238,33.176948335812995,-2066.9034177653025
118,138,158,422.2069331395055,104.20693313950551,18.688517476804464,-2343.232195007374
119,139,159,475.43736900569706,105.43736900569706,6.617288339194602,-2590.322777415994
120,140,160,529.496551061907,140.49655106190698,16.69935829500264,-2997.8185496625147
121,141,161,457.0793997523865,157.0793997523865,69.45630153038337,-2149.4652634453914
122,142,162,460.3006664402151,119.30066644021508,20.53930113633305,-2539.172395850266
123,143,163,444.65331784973796,159.65331784973796,78.75842075756918,-2238.2054513309618
124,144,164,402.92142298234876,150.92142298234876,73.28631197318214,-1800.0242323266984
125,145,165,392.377892781986,144.37789278198602,81.49705917944812,-1798.3914197137628
126,146,166,389.64379263552973,144.64379263552973,89.05304972025124,-1745.6838896951022
127,147,167,338.40574155603053,93.40574155603053,28.475484392117096,-1868.3642724920414
128,148,168,325.4471938056979,107.4471938056979,53.73234776848449,-1653.694572929874
129,149,169,332.9872664975628,61.987266497562814,-0.3795207212151581,-1894.3512967661381
130,150,170,348.4263420148368,52.42634201483679,-27.70675795683883,-2240.1120634271606
131,151,171,337.97043602927465,12.970436029274879,-73.05832630764144,-2533.2941877458697
132,152,172,303.3109743260936,-39.68902567390637,-121.823801295257,-2599.3129769142806
133,153,173,252.49484794815453,-79.50515205184547,-147.9416441902299,-2531.2761152846824
134,154,174,199.5538962767896,-117.4461037232104,-162.8307606302501,-2523.9807119136894
135,155,175,192.18213998590704,-93.81786001409296,-124.16449755666099,-2026.136494762904
136,156,176,194.03943433931045,-76.96056566068955,-107.21765502138578,-1941.2404512422545
137,157,177,153.91107125719464,-103.08892874280536,-128.6567883840696,-2020.0051643883498
138,158,178,144.5745783576274,-109.42542164237261,-138.14966792477708,-2136.891272067586
139,159,179,144.48476785787193,-101.51523214212807,-121.42590897490368,-1825.3998434470077
140,160,180,92.48643576351674,-140.51356423648326,-122.98464152074962,-1818.636556503221
141,161,181,124.73529122449395,-98.26470877550605,-126.80434279014275,-1659.721870454895
142,162,182,110.806347354521,-110.193652645479,-137.39098079628138,-1666.0917111305148
143,163,183,88.27257470676204,-94.72742529323796,-99.37066497708338,-1440.2191533015703
144,164,184,101.58361991921925,-73.41638008078075,-85.68305851628065,-1301.8286366166353
145,165,185,126.12646440384515,-17.873535596154852,-20.44124947155001,-1066.9620647417769
146,166,186,144.27405729420457,-2.7259427057954326,-13.182444971338782,-1283.8578991608074
147,167,187,104.02628480759381,-57.97371519240619,-55.450367683085915,-1520.1534993431524
148,168,188,103.43952441676333,-54.560475583236666,-52.12510506848821,-1445.574952257014
149,169,189,115.99535305488075,-76.00464694511925,-93.0066008459628,-1226.7788447148487
150,170,190,152.22284211505507,-65.77715788494493,-88.07448922125127,-1385.175097719613
151,171,191,153.79751344628994,-87.20248655371006,-124.01056384977232,-2006.1039453890066
152,172,192,124.30784750692396,-157.69215249307604,-180.29621630151678,-2021.7460024297347
153,173,193,116.04385415147476,-143.95614584852524,-174.7565220750521,-2010.776259277579
154,174,194,91.14575313290243,-163.85424686709757,-177.3571496466625,-1822.7474691424045
155,175,195,70.37868846290985,-187.62131153709015,-199.7407154088146,-1797.9234458107503
156,176,196,83.57513676455028,-174.42486323544972,-175.5948436197068,-1828.8909771452231
157,177,197,94.87374056635326,-128.12625943364674,-137.3032493720316,-1697.6471018090992
158,178,198,98.20035711136688,-117.79964288863312,-136.26931573051115,-1709.713391774515
159,179,199,86.97701407419277,-121.02298592580723,-122.70789674161733,-1650.9165451946378
160,180,200,103.34132481746246,-105.65867518253754,-94.54936546899444,-1428.3639126501712
161,181,201,121.22360361236088,-85.77639638763912,-108.42961375552363,-1476.7478211899534
162,182,202,143.19269910284152,-31.807300897158484,-51.35202472853803,-1321.1049190486206
163,183,203,138.2265650327347,-54.7734349672653,-73.0596757758799,-1444.1742623308214
164,184,204,121.15025202414495,-57.84974797585505,-71.76131736818343,-1400.108457827554
165,185,205,124.4482733630382,-72.5517266369618,-95.26802113649842,-1359.3205037317298
166,186,206,99.74733833191203,-87.25266166808797,-104.10743938379187,-1431.787293622665
167,187,207,98.73891140280602,-62.261088597193975,-65.47819957613615,-1475.5354711757213
168,188,208,127.51978437837943,-59.48021562162057,-76.33499333732493,-1660.91662120606
169,189,209,151.19430389217314,-73.80569610782686,-109.9259606113369,-1896.2527324925186
