Left,Mid,Right,Loss,Loss_left,Loss_right,gain,glasso
0,20,40,9321.733327134529,8123.128504989361,8200.836803676328,-7002.23198153116,25.969754171304885
1,21,41,9309.536516556745,8128.0716393507755,8177.5511089758265,-6996.086231769856,26.379315279680668
2,22,42,9300.834091266348,8108.734805264132,8177.3108174762865,-6985.2115314740695,25.872302283849876
3,23,43,9289.95189469827,8107.40394786463,8164.511876389118,-6981.963929555479,28.418896146908082
4,24,44,9281.22316469432,8104.079123325568,8152.369042850919,-6975.2250014821675,26.836359439936132
5,25,45,9283.949627270558,8099.316271098106,8159.929780444488,-6975.296424272035,27.47103484589934
6,26,46,9275.25829890431,8083.508800129981,8170.194400516621,-6978.444901742292,20.6917994598698
7,27,47,9279.098621719884,8108.082865864066,8152.427557006988,-6981.411801151169,25.800199928199163
8,28,48,9310.05450858666,8095.742241390504,8176.350615566848,-6962.038348370692,35.74723879050953
9,29,49,9313.799091998893,8109.836605212736,8173.466287693422,-6969.503800907265,35.56229981439628
10,30,50,9317.161155372785,8129.43365745027,8168.80325520373,-6981.0757572812145,26.8754021704799
11,31,51,9314.506011807829,8127.293788781039,8175.374843979022,-6988.162620952233,21.051744101163422
12,32,52,9313.973167234391,8161.142423613404,8158.2598903201,-7005.429146699113,16.2976938594511
13,33,53,9310.238571655957,8191.644012013445,8112.795669968123,-6994.20111032561,15.828103050086156
14,34,54,9311.336902039533,8184.828855179307,8113.99558021115,-6987.487533350923,17.324002365093293
15,35,55,9301.884640434182,8190.111479167117,8108.1516748782315,-6996.3785136111655,14.142789319172152
16,36,56,9307.22649188061,8193.9653862545,8109.449239040914,-6996.188133414804,16.975592947802852
17,37,57,9322.037912632206,8206.06656774578,8117.366012847973,-7001.394667961547,18.175897611503387
18,38,58,9314.160056615889,8208.32859549229,8122.623681369201,-7016.792220245603,21.229853012910098
19,39,59,9324.660113822678,8209.778014049089,8135.084056896031,-7020.201957122443,21.273839059356305
20,40,60,9328.656763531484,8200.836803676328,8144.907368055445,-7017.087408200288,23.84061235720401
21,41,61,9344.746710025882,8177.5511089758265,8175.061032406142,-7007.8654313560855,24.056892760167102
22,42,62,9369.626812749228,8177.3108174762865,8194.907756787647,-7002.591761514706,25.120012455482538
23,43,63,9404.47331876614,8164.511876389118,8229.010482911475,-6989.0490405344535,30.202781174471966
24,44,64,9392.425721901764,8152.369042850919,8226.208192589807,-6986.151513538964,29.79388351214311
25,45,65,9422.358902626804,8159.929780444488,8254.380065745807,-6991.950943563492,28.6166112421015
26,46,66,9431.35073688348,8170.194400516621,8257.05098259292,-6995.894646226061,26.11407564268802
27,47,67,9448.9524783841,8152.427557006988,8270.887091573439,-6974.362170196324,37.92872824629012
28,48,68,9449.600012739535,8176.350615566848,8251.68647801045,-6978.437080837764,33.1472107241093
29,49,69,9447.402989479448,8173.466287693422,8246.427796828162,-6972.491095042136,34.54237780906442
30,50,70,9462.837420054078,8168.80325520373,8255.491480500656,-6961.457315650307,38.08222244589933
31,51,71,9456.358853918558,8175.374843979022,8248.699100720141,-6967.715090780606,40.83912558663087
32,52,72,9459.222546572817,8158.2598903201,8259.833316111508,-6958.8706598587905,41.95143909367107
33,53,73,9437.39259011082,8112.795669968123,8248.322944394096,-6923.7260242513985,45.821847500980766
34,54,74,9438.096682931757,8113.99558021115,8223.43736666223,-6899.336263941625,51.50380572094309
35,55,75,9435.545152173167,8108.1516748782315,8220.017122332072,-6892.623645037136,48.42240282404373
36,56,76,9444.9767751563,8109.449239040914,8222.157170804237,-6886.629634688852,49.39178550174347
37,57,77,9437.773444589828,8117.366012847973,8195.194238853288,-6874.7868071114335,51.851123682277375
38,58,78,9438.52887150799,8122.623681369201,8183.452674692108,-6867.547484553319,57.11765754800581
39,59,79,9451.30512266962,8135.084056896031,8171.577679609318,-6855.356613835729,58.70417957597556
40,60,80,9496.433975330652,8144.907368055445,8173.126051853878,-6821.599444578671,75.36262808952915
41,61,81,9520.488852316617,8175.061032406142,8186.182809112453,-6840.754989201976,76.42111442624446
42,62,82,9531.628435302957,8194.907756787647,8197.985241862285,-6861.264563346975,71.19854192334333
43,63,83,9531.470398371635,8229.010482911475,8175.785749636397,-6873.325834176238,66.89418712884435
44,64,84,9516.320715367534,8226.208192589807,8169.396868607899,-6879.28434583017,68.04920364126383
45,65,85,9544.082822672553,8254.380065745807,8182.207014395577,-6892.5042574688305,71.42259742974056
46,66,86,9538.412536583712,8257.05098259292,8174.587972063979,-6893.226418073185,68.4563936388945
47,67,87,9517.0857465759,8270.887091573439,8163.0494420352,-6916.850787032738,62.411309659156814
48,68,88,9494.529897730154,8251.68647801045,8183.629086038689,-6940.785666318985,50.683760408416674
49,69,89,9487.296676999036,8246.427796828162,8180.9909449267725,-6940.122064755897,47.673183597312345
50,70,90,9483.70073481702,8255.491480500656,8166.665005741178,-6938.455751424815,51.75375569199559
51,71,91,9470.926398965745,8248.699100720141,8168.935386306767,-6946.708088061165,54.709600784633494
52,72,92,9475.75439366835,8259.833316111508,8161.960298948126,-6946.0392213912855,52.10716940764996
53,73,93,9459.089562355242,8248.322944394096,8159.14875822443,-6948.382140263282,54.14708904616373
54,74,94,9429.473077132217,8223.43736666223,8155.0782309245305,-6949.042520454543,53.51475164618887
55,75,95,9416.699548013039,8220.017122332072,8162.271930082898,-6965.589504401931,48.351704591226735
56,76,96,9410.339429943408,8222.157170804237,8144.681583506539,-6956.499324367369,45.05974478488315
57,77,97,9384.175723695713,8195.194238853288,8141.2933107053905,-6952.311825862966,39.07600385720298
58,78,98,9367.5949942131,8183.452674692108,8136.797463639558,-6952.6551441185675,42.937296258119204
59,79,99,9370.144192834157,8171.577679609318,8160.596409272641,-6962.029896047801,40.07933227337844
60,80,100,9324.185210394186,8173.126051853878,8078.974816422762,-6927.915657882455,51.022042253643576
61,81,101,9340.15862728448,8186.182809112453,8132.0822076467575,-6978.106389474731,40.03181816010374
62,82,102,9330.299173564577,8197.985241862285,8120.89262808562,-6988.578696383327,29.28262805847953
63,83,103,9316.164950597547,8175.785749636397,8136.633136685472,-6996.253935724322,28.11666872148453
64,84,104,9316.900025515017,8169.396868607899,8138.555464470835,-6991.0523075637175,31.100017800221394
65,85,105,9314.92948112786,8182.207014395577,8110.490935391148,-6977.7684686588655,43.84807182320037
66,86,106,9309.76764276323,8174.587972063979,8102.47669194546,-6967.297021246208,40.35950763473829
67,87,107,9289.992217433843,8163.0494420352,8108.712215647247,-6981.769440248605,35.49245540432548
68,88,108,9293.374232564769,8183.629086038689,8090.354704849928,-6980.6095583238475,31.548363162068654
69,89,109,9307.838721594544,8180.9909449267725,8125.500453892606,-6998.652677224834,29.78173380266344
70,90,110,9291.163609914453,8166.665005741178,8115.571890959765,-6991.07328678649,27.905688367021412
71,91,111,9291.259395387677,8168.935386306767,8108.200992576099,-6985.876983495191,30.15874636877834
72,92,112,9296.82462579932,8161.960298948126,8127.33749509162,-6992.473168240427,27.920842736028135
73,93,113,9288.912311836859,8159.14875822443,8120.744400729315,-6990.980847116887,27.689789956630193
74,94,114,9294.173656638653,8155.0782309245305,8138.014612127341,-6998.919186413219,26.119524076260404
75,95,115,9309.692374325277,8162.271930082898,8152.752497468205,-7005.332053225826,24.718613250419367
76,96,116,9310.751117736221,8144.681583506539,8161.380090859175,-6995.310556629493,28.9433296628913
77,97,117,9313.910659662846,8141.2933107053905,8165.803673887584,-6993.18632493013,27.071792328121774
78,98,118,9308.923658199858,8136.797463639558,8154.096881284016,-6981.970686723716,29.862855798446617
79,99,119,9322.5026408464,8160.596409272641,8144.819752641548,-6982.913521067789,30.186413067717695
80,100,120,9273.252613381395,8078.974816422762,8143.214775596521,-6948.936978637888,33.15532576833266
81,101,121,9280.137932324571,8132.0822076467575,8109.896724978211,-6961.841000300397,26.17960142462698
82,102,122,9268.412774356646,8120.89262808562,8104.14222865903,-6956.622082388003,25.232043916765633
83,103,123,9290.667555109156,8136.633136685472,8134.4263803915,-6980.391961967816,24.758838997887324
84,104,124,9291.661302407398,8138.555464470835,8130.572201865884,-6977.466363929323,22.352479422795113
85,105,125,9263.63887278734,8110.490935391148,8111.4623546585935,-6958.314417262402,22.689339710618697
86,106,126,9261.721285500409,8102.47669194546,8114.312889297209,-6955.06829574226,24.34578189889271
87,107,127,9269.988535845761,8108.712215647247,8117.6356882001255,-6956.359368001611,29.34457785504992
88,108,128,9253.907634010242,8090.354704849928,8101.252286679845,-6937.699357519532,17.718919586002812
89,109,129,9257.285398461709,8125.500453892606,8098.348250811636,-6966.563306242533,22.024106103628128
90,110,130,9257.565553824512,8115.571890959765,8108.6875143740535,-6966.693851509306,24.232254673389434
91,111,131,9251.224748431814,8108.200992576099,8109.227982381044,-6966.204226525329,27.152783473713953
92,112,132,9249.262466929118,8127.33749509162,8102.602304062525,-6980.6773322250265,20.310342111490627
93,113,133,9262.226809937487,8120.744400729315,8128.516112479385,-6987.033703271214,29.089911176181886
94,114,134,9253.390035233759,8138.014612127341,8110.516069237774,-6995.140646131356,16.468842109274192
95,115,135,9259.06671043677,8152.752497468205,8113.219305290164,-7006.9050923216,16.587807191982392
96,116,136,9302.048446991987,8161.380090859175,8158.446215979809,-7017.777859846996,25.371825084734155
97,117,137,9307.450152720128,8165.803673887584,8151.965054891578,-7010.318576059035,25.05749105375571
98,118,138,9341.351779517641,8154.096881284016,8213.6697394807,-7026.414841247075,34.585146241306575
99,119,139,9334.303348619947,8144.819752641548,8194.238733906779,-7004.75513792838,35.29709256075921
100,120,140,9345.835020752233,8143.214775596521,8193.7272041851,-6991.106959029386,39.772636303424406
101,121,141,9328.393144351536,8109.896724978211,8189.397994352362,-6970.901574979038,33.13659002323857
102,122,142,9335.20077018323,8104.14222865903,8189.059733241333,-6958.001191717132,34.48401864390553
103,123,143,9373.388431730707,8134.4263803915,8208.921872819561,-6969.959821480354,37.096199786545185
104,124,144,9380.410378605768,8130.572201865884,8204.083095739194,-6954.244918999309,38.85472254559545
105,125,145,9375.172460441627,8111.4623546585935,8193.148304273964,-6929.4381984909305,32.972732416058534
106,126,146,9385.95975750368,8114.312889297209,8208.443675449966,-6936.796807243494,34.694492795152655
107,127,147,9398.190113556891,8117.6356882001255,8192.963588914326,-6912.4091635575605,40.849227344100655
108,128,148,9405.103095325461,8101.252286679845,8194.427118310436,-6890.576309664821,30.118998589520743
109,129,149,9418.058280504423,8098.348250811636,8221.96853882531,-6902.258509132522,41.66448169945852
110,130,150,9440.29079623375,8108.6875143740535,8228.566838783283,-6896.963556923585,44.23335695919832
111,131,151,9433.444279874435,8109.227982381044,8218.73661500511,-6894.5203175117185,44.970240216218826
112,132,152,9428.013558132969,8102.602304062525,8221.68359831531,-6896.272344244868,40.00142696084686
113,133,153,9427.417632912457,8128.516112479385,8164.485995999875,-6865.584475566804,47.58502199564418
114,134,154,9428.18731663398,8110.516069237774,8186.024307594319,-6868.353060198115,37.95977733555537
115,135,155,9414.275935035364,8113.219305290164,8177.032724407234,-6875.976094662034,40.534419682656335
116,136,156,9422.68205324003,8158.446215979809,8149.788858960823,-6885.553021700602,48.45599435846816
117,137,157,9410.653006635148,8151.965054891578,8133.301107177937,-6874.6131554343665,51.85487195378937
118,138,158,9411.788798182186,8213.6697394807,8085.041018691422,-6886.921959989935,49.61065985313098
119,139,159,9370.226833595701,8194.238733906779,8055.019600421793,-6879.031500732872,39.1192661061973
120,140,160,9375.17478876124,8193.7272041851,8037.107040715769,-6855.659456139627,37.579601099311276
121,141,161,9350.824416554982,8189.397994352362,8019.337685357716,-6857.911263155094,33.27802766376044
122,142,162,9358.03798573828,8189.059733241333,8024.316075865592,-6855.337823368645,40.82003504115801
123,143,163,9315.169215296397,8208.921872819561,7986.869955113469,-6880.622612636633,8.529745468418696
124,144,164,9321.80640609939,8204.083095739194,8003.092212590582,-6885.368902230386,13.562852368828317
125,145,165,9304.041449848482,8193.148304273964,7985.825950664438,-6874.93280508992,13.409327449151533
126,146,166,9301.895011514593,8208.443675449966,7973.550000027122,-6880.098663962495,8.863682801839786
127,147,167,9273.541584967365,8192.963588914326,7959.957240934394,-6879.3792448813565,-0.08633420712840234
128,148,168,9284.029480796435,8194.427118310436,7971.73627406495,-6882.133911578951,2.0100045567460256
129,149,169,9283.868725814715,8221.96853882531,7961.347083351569,-6899.446896362164,0.3016239338203377
130,150,170,9277.191103982896,8228.566838783283,7934.711504052842,-6886.08723885323,1.9296597391385149
131,151,171,9263.914301745714,8218.73661500511,7936.753796590495,-6891.5761098498915,0.7003430601657783
132,152,172,9287.150959715596,8221.68359831531,7959.9830749790735,-6894.515713578789,7.1150759985061995
133,153,173,9243.724116877274,8164.485995999875,7965.033303984492,-6885.795183107093,3.025718148908709
134,154,174,9261.045140447894,8186.024307594319,7964.191572874706,-6889.170740021133,16.70819018109887
135,155,175,9247.020645937315,8177.032724407234,7972.193764017545,-6902.205842487463,14.454054561119847
136,156,176,9191.640912621773,8149.788858960823,7956.184377675604,-6914.332324014653,5.690673866083671
137,157,177,9177.15173873573,8133.301107177937,7966.868306339241,-6923.017674781448,11.765465979709006
138,158,178,9134.591336374717,8085.041018691422,7990.750241455528,-6941.199923772234,9.698481846352934
139,159,179,9096.267616073445,8055.019600421793,7990.567473528866,-6949.3194578772145,10.899233950488451
140,160,180,9074.45410643785,8037.107040715769,7985.632866647298,-6948.285800925216,1.2090088813756665
141,161,181,9090.93834089825,8019.337685357716,8030.887451587107,-6959.286796046572,0.8523231383783241
142,162,182,9093.129595180078,8024.316075865592,8022.044994467491,-6953.231475153005,3.935517705804159
143,163,183,9076.231825276407,7986.869955113469,8030.930194178854,-6941.568324015916,-14.413789479786374
144,164,184,9077.153552494736,8003.092212590582,8002.541582107661,-6928.480242203506,-25.47839048189735
145,165,185,9065.0341147763,7985.825950664438,8003.461467826406,-6924.253303714544,-27.528389850258463
146,166,186,9038.193859621008,7973.550000027122,7974.823741465878,-6910.179881871993,-33.82730380073963
147,167,187,9034.757245711538,7959.957240934394,7985.953984571839,-6911.153979794693,-29.737207281856172
148,168,188,9024.579027661031,7971.73627406495,7968.805370004415,-6915.962616408333,-37.597209217206
149,169,189,9023.561685922754,7961.347083351569,7972.170254703027,-6909.955652131843,-39.453227476492884
150,170,190,9024.905405748848,7934.711504052842,7991.569529313281,-6901.375627617275,-32.03455980845092
151,171,191,9052.976443874817,7936.753796590495,8019.87339317846,-6903.650745894138,-32.34053657413688
152,172,192,9073.681165239106,7959.9830749790735,8011.470433101033,-6897.772342841001,-21.743830193299345
153,173,193,9084.70191354765,7965.033303984492,8012.359063212113,-6892.690453648955,-24.122218683291067
154,174,194,9070.220341828452,7964.191572874706,8011.457567508755,-6905.428798555011,-15.743372670822737
155,175,195,9093.11431777613,7972.193764017545,8022.81808435479,-6901.897530596205,-11.769639362594262
156,176,196,9089.698351639834,7956.184377675604,8024.019703238434,-6890.505729274204,-8.282134007080003
157,177,197,9098.925434277447,7966.868306339241,8041.623963200365,-6909.566835262158,-1.5846486659015682
158,178,198,9103.990141726197,7990.750241455528,8111.376179105164,-6998.136278834496,0.21024420947833278
159,179,199,9116.024752473091,7990.567473528866,8020.160760526657,-6894.703481582432,3.07553328349195
160,180,200,9098.69595882493,7985.632866647298,7998.737344654116,-6885.674252476485,1.1540271081385072
161,181,201,9115.792058225772,8030.887451587107,7987.792199507854,-6902.887592869189,5.678544450205209
162,182,202,9116.415536062332,8022.044994467491,7975.887667914794,-6881.517126319954,1.9444003175176476
163,183,203,9155.750585619153,8030.930194178854,8007.854163721007,-6883.033772280709,1.5805451219189308
164,184,204,9142.053550106266,8002.541582107661,8027.87153603349,-6888.359568034884,-18.709413718764154
165,185,205,9149.368031334665,8003.461467826406,8048.88387943974,-6902.977315931481,-14.465178301290962
166,186,206,9158.195666505908,7974.823741465878,8077.209604611677,-6893.837679571647,-19.10707001605806
167,187,207,9154.348998306916,7985.953984571839,8070.443172592048,-6902.048158856971,-14.822910381932616
168,188,208,9137.801582349515,7968.805370004415,8078.532932112628,-6909.536719767528,-19.990298545306814
169,189,209,9129.392243686023,7972.170254703027,8069.463535876095,-6912.241546893099,-24.012948899544426
