Left,Mid,Right,Loss_likeli,Loss_AIC,Loss_BIC,Loss_eBIC
0,20,40,159.65436334419655,-55.345636655803446,-71.91769996412927,-1588.6895185573494
1,21,41,157.76215320176743,-34.23784679823257,-60.51342700342116,-1458.0354209684601
2,22,42,186.42037411712408,1.4203741171240836,-24.14273185286538,-1393.0463571155697
3,23,43,194.26955657022336,-5.730443429776642,-37.04054890903467,-1330.0950866226412
4,24,44,275.8497038786859,89.84970387868589,53.39572012821759,-1192.1505870709402
5,25,45,286.57055720403514,83.57055720403514,44.657740355452916,-1371.0383317085402
6,26,46,313.8300703687157,90.83007036871572,55.35896454848012,-1788.599993927026
7,27,47,339.7105176762168,93.7105176762168,45.30447388701896,-1846.2188274781329
8,28,48,315.2120794460948,77.21207944609478,31.84696644224414,-1880.9153652483674
9,29,49,311.9540192671393,99.9540192671393,64.0676899166906,-1845.168257844006
10,30,50,284.18427202008934,76.18427202008934,31.892199508349904,-1648.3738088636173
11,31,51,261.95702339273726,48.957023392737256,6.96864671680828,-1545.2636542045516
12,32,52,241.10501917373153,21.105019173731534,-19.95830494383131,-1412.2910271513724
13,33,53,220.6256003114936,-1.3743996885064007,-45.01197912896464,-1556.2392377686124
14,34,54,173.74450099028036,-28.255499009719642,-45.26884062060526,-1343.6792143909352
15,35,55,169.73118729554335,-26.26881270445665,-37.80065438311749,-1284.6773027623326
16,36,56,140.9887223870703,-37.01127761292969,-55.34363446218185,-1284.5145959321326
17,37,57,115.86692315353184,-66.13307684646816,-80.2768518204723,-1281.348151660406
18,38,58,121.41133618276672,-42.58866381723328,-53.85750875281201,-1223.283188001089
19,39,59,140.91547110211923,-18.084528897880773,-27.311332975843925,-1127.101640636935
20,40,60,119.52909387234149,-36.47090612765851,-45.15642996350016,-1025.4598575042655
21,41,61,174.75611529120852,4.756115291208516,-18.579098960987267,-1012.4118010111738
22,42,62,147.75370958426515,6.753709584265152,-13.847386098656898,-749.8005776060841
23,43,63,157.07607237207912,3.0760723720791248,-23.035714428913252,-807.5271059682614
24,44,64,176.04032665081309,27.040326650813086,3.885891905427343,-816.7439697175964
25,45,65,196.4834094703915,59.48340947039151,34.021636593412495,-818.636023232682
26,46,66,375.2574847611604,206.2574847611604,160.24120257664504,-1424.3598543166531
27,47,67,401.63589632990124,212.63589632990124,151.3659650936752,-1291.8664119980804
28,48,68,404.96788188658707,225.96788188658707,169.77433448010243,-1265.5035459181404
29,49,69,390.15052127028025,231.15052127028025,182.4882814673756,-1154.9065479844462
30,50,70,378.6211745356454,213.62117453564542,164.8468189030698,-1030.7933397812358
31,51,71,413.5924450983148,225.59244509831478,167.83172572041144,-1143.5690284147427
32,52,72,407.8150240019502,219.81502400195018,163.42028644359652,-1017.5730030201448
33,53,73,413.67863451544963,234.67863451544963,178.04048029950968,-1054.4134170873012
34,54,74,370.71817682233336,210.71817682233336,161.10349845481073,-861.3290761294304
35,55,75,376.71447660254853,213.71447660254853,157.93796642138932,-840.688828063395
36,56,76,410.0121445514965,224.01214455149648,148.82193761208373,-905.9730799575605
37,57,77,424.80078693798396,239.80078693798396,171.9645257109421,-946.3971220457336
38,58,78,439.199915014912,247.199915014912,174.0332357093473,-999.1427793719447
39,59,79,454.3229607902649,257.3229607902649,174.41355637995957,-997.7020505566477
40,60,80,452.7230391706769,244.72303917067688,161.409658283746,-1117.9782362779524
41,61,81,429.7331895475702,179.7331895475702,84.43054001764153,-1345.820577600389
42,62,82,432.1380802933229,171.1380802933229,67.22604405812353,-1460.0166412643416
43,63,83,398.9933933679447,146.9933933679447,47.49587566194191,-1492.2951050637062
44,64,84,407.2864988608437,150.28649886084372,50.48446832036689,-1591.040539930219
45,65,85,378.41741853317467,147.41741853317467,54.591050715607025,-1509.5842675575022
46,66,86,304.79283656188977,123.79283656188977,52.04746609009226,-1109.6354333504132
47,67,87,362.68867385593217,159.68867385593217,83.7527855550079,-1146.2077552407627
48,68,88,361.937197919073,175.93719791907301,107.88099368492703,-1093.8024882471873
49,69,89,354.3643314172018,184.3643314172018,119.48178281107084,-1050.578323616308
50,70,90,302.7091040900614,168.70910409006137,124.62481739889313,-790.664339338269
51,71,91,288.42658948003464,150.42658948003464,107.56754656708608,-882.6407898443117
52,72,92,298.50562024714645,140.50562024714645,95.38890220108146,-1019.2920355709884
53,73,93,248.18643391958972,107.18643391958972,76.39866470677543,-937.1867200181441
54,74,94,237.05376009448332,112.05376009448332,88.85971459777488,-826.8757173992651
55,75,95,220.9032416601949,98.90324166019491,81.21449619117107,-933.942854569249
56,76,96,168.8163739970264,42.8163739970264,40.299928320064964,-722.9570584255675
57,77,97,155.1203424072114,56.12034240721141,65.18968232289285,-662.3873520655156
58,78,98,139.8072264618704,42.807226461870414,52.954720870223355,-622.1950872183138
59,79,99,146.964190512934,30.96419051293401,28.93105324432213,-671.0707103154932
60,80,100,142.84639989715333,-0.15360010284666714,-1.5456586892366886,-936.9689879722223
61,81,101,151.51882470228406,-19.481175297715936,-39.00149665896788,-1000.5521945045875
62,82,102,98.32787812375682,-104.67212187624318,-128.1064634192594,-1431.2050386659475
63,83,103,118.14362343315634,-87.85637656684366,-112.43774292991088,-1634.2260424605875
64,84,104,151.11218726803077,-69.88781273196923,-100.89745037585135,-1579.813115675126
65,85,105,185.7783550889069,-63.22164491109311,-112.3304174680909,-1713.9353905976623
66,86,106,195.89510751713874,-46.10489248286126,-95.88748516577994,-1557.2200186510545
67,87,107,136.14327036737723,-56.85672963262277,-77.21421238490097,-1230.7735519130752
68,88,108,142.6698158689103,-37.33018413108971,-51.106300183137364,-1244.407262395256
69,89,109,168.74077512523104,-8.259224874768961,-35.7311527853019,-1227.4987200550972
70,90,110,146.8456468488448,-2.154353151155192,-16.7257500027722,-981.8761818950761
71,91,111,169.50909236897246,21.50909236897246,6.74241447357258,-1132.129821719845
72,92,112,189.0620089342185,22.06200893421851,0.6084631622952656,-1217.5574178673583
73,93,113,170.63817951508463,25.63817951508463,14.444541571695481,-1108.4368256155417
74,94,114,137.21273107895877,3.212731078958768,-2.4641958949428044,-1007.3727902143564
75,95,115,147.81369281137722,1.8136928113772228,-12.303826400748676,-1204.2072504449288
76,96,116,134.7573676958009,-46.242632304199105,-72.65641633840414,-1103.2726059722595
77,97,117,179.41049766177207,18.41049766177207,-10.799632588168151,-1165.4941118815177
78,98,118,161.9381004794884,-0.06189952051158798,-29.423322316948997,-1221.9599133189563
79,99,119,155.60660210382707,6.606602103827072,-12.470251421429566,-1104.701739119691
80,100,120,208.82529296554299,33.825292965542985,1.110772703524617,-1358.3194502623446
81,101,121,205.09387510835336,35.09387510835336,1.7687031219359142,-1163.2330545013024
82,102,122,166.2180376343365,9.218037634336497,-22.15951115185544,-1143.4070747635355
83,103,123,186.8573998941415,23.85739989414151,-6.94008937316903,-1371.745456211921
84,104,124,240.79006911926217,63.79006911926217,17.94974092389043,-1306.4181489178927
85,105,125,275.49606460904533,72.49606460904533,14.33271724422002,-1283.5870036953438
86,106,126,342.7353057794926,122.73530577949259,61.59656104734586,-1497.654597649946
87,107,127,244.55508199974906,99.92736031253412,77.70179450884962,-912.2438956455194
88,108,128,198.54780549306997,47.54780549306997,22.921897252765348,-970.2974744807889
89,109,129,166.12781237704894,18.12781237704894,-3.5703373239505254,-1110.4893243153665
90,110,130,180.20254081296525,52.20254081296525,36.649404354426,-907.9147286132338
91,111,131,169.94440291704655,38.944402917046546,27.891690919990424,-968.6331872067185
92,112,132,192.4274346971108,69.42743469711081,54.63076097105704,-935.4087084643056
93,113,133,191.6169214575384,69.61692145753841,49.77293642378163,-954.5395205154714
94,114,134,178.71325298561396,61.71325298561396,45.7850764618031,-935.0936980487236
95,115,135,189.33725310536784,83.33725310536784,69.37968471836325,-916.6734925347923
96,116,136,197.34876402851205,73.34876402851205,49.56028598826447,-1008.6744208649084
97,117,137,193.5027768696582,80.50277686965819,55.43552653905499,-952.5974715808
98,118,138,159.04142468298596,36.04142468298596,10.847543248532475,-1049.2466844898458
99,119,139,156.03522051769505,50.03522051769505,39.54338803349037,-914.5867085142363
100,120,140,146.54225853600883,16.54225853600883,-6.244934821123934,-990.6314281354616
101,121,141,151.38831913965873,30.388319139658734,21.840924019857994,-905.0569946105797
102,122,142,174.9643097928299,68.96430979282991,38.83182000992042,-597.1998169839692
103,123,143,146.73449439472324,68.73449439472324,62.109130700011974,-317.0555071641454
104,124,144,184.50778609232907,99.50778609232907,86.52695441228889,-371.7641035996171
105,125,145,246.53532362850638,139.53532362850638,120.5998378109698,-337.7297180660205
106,126,146,302.0388543704955,196.03885437049553,172.6850016728547,-319.4213145393894
107,127,147,295.1468775014723,196.51915581425737,165.35442144237936,-355.53677683446335
108,128,148,295.135226455915,183.13522645591502,144.30845929275574,-425.9859848430058
109,129,149,335.07895648444423,185.07895648444423,126.126661561638,-741.7839026055692
110,130,150,328.2235974967284,179.22359749672842,129.1622323520519,-720.8537254105045
111,131,151,288.7950668476301,157.2419064620476,111.04796196684902,-537.4522978269886
112,132,152,273.81435563706805,155.81435563706805,112.04534243675494,-488.68458232429384
113,133,153,290.8265949508593,154.82659495085932,108.91539029382511,-558.1972341164644
114,134,154,287.60604278376877,161.60604278376877,103.72693981378688,-549.7131311386911
115,135,155,264.2551995639815,163.25519956398148,117.45595110976706,-413.66478861166456
116,136,156,284.3143965110037,158.31439651100368,108.0087234912969,-577.1016108877648
117,137,157,270.068216538803,127.06821653880297,67.82579087564159,-616.6132353272269
118,138,158,258.20646395659605,96.20646395659605,36.42834265945976,-760.8496252710784
119,139,159,263.0396143117032,105.03961431170319,39.34606164932302,-689.1520666087358
120,140,160,319.5289924000067,132.5289924000067,47.91401841349284,-857.5673931010235
121,141,161,276.5215203929947,107.52152039299472,51.381203504487075,-652.6291488770464
122,142,162,277.9908026735932,102.99080267359318,38.68418019237674,-819.4553428265779
123,143,163,280.1936927192064,97.19369271920641,32.0213648324509,-845.3846520246079
124,144,164,304.3361875924338,104.33618759243382,32.788026133672474,-959.7965001473412
125,145,165,340.3375257171831,123.3375257171831,51.3093886996794,-984.7055030116587
126,146,166,300.11331520916815,120.11331520916815,64.06076446619909,-761.850930176834
127,147,167,333.62023307153186,132.62023307153186,60.72038693579975,-1026.0997769573896
128,148,168,355.8743105271258,148.87431052712577,68.67962760978912,-1068.1096033018366
129,149,169,368.50462370233527,112.50462370233527,19.84006574656587,-1483.8107813880752
130,150,170,335.22833247192193,88.22833247192193,23.270225440011245,-1362.1423145263461
131,151,171,293.858755409015,90.30559502343249,29.997153030874188,-1216.8589312706367
132,152,172,287.78501408793,63.785014087929994,13.917865658802839,-1266.7641399181744
133,153,173,243.8351571217504,56.8351571217504,21.668049614369465,-978.7846623308565
134,154,174,256.91009358677275,92.91009358677275,40.65020512914407,-999.2575293150612
135,155,175,239.272594649246,85.272594649246,57.4478605016875,-1328.9107927873647
136,156,176,234.97581936633765,61.975819366337646,34.3647254253483,-1206.4570510022786
137,157,177,169.23550553188693,14.235505531886929,-3.847305494522061,-1092.3464255894723
138,158,178,157.83510471665932,3.835104716659316,-7.252094340144595,-1072.638694495247
139,159,179,137.31064242674302,-6.689357573256984,-14.466466549602956,-1071.8013524564321
140,160,180,159.55650878745678,11.556508787456778,-4.42823604499813,-1049.3758641434915
141,161,181,187.96238686151855,-19.037613138481447,-42.165747161019,-1644.5646247544332
142,162,182,166.58122326833382,-57.418776731666185,-70.54376014505078,-1607.5311317482938
143,163,183,133.33676281093813,-108.66323718906187,-133.93975427211808,-1700.836518514624
144,164,184,110.31820469275272,-106.68179530724728,-123.14974884218941,-1664.7008804918228
145,165,185,133.2482327067694,-67.75176729323061,-69.77319595082167,-1568.7401381812592
146,166,186,116.41256731961539,-56.58743268038461,-53.838413514377635,-1289.0274964456803
147,167,187,111.24868812534532,-90.75131187465468,-92.69939671090401,-1478.02847269956
148,168,188,128.06986039010803,-96.93013960989197,-112.66001889140875,-1563.8552612091044
149,169,189,129.39370117775843,-75.60629882224157,-83.75383040059091,-1547.0644617995422
150,170,190,118.5893408145057,-86.4106591854943,-79.00295127538197,-1403.7086459500115
151,171,191,129.00761510490747,-67.99238489509253,-76.62999879644121,-1361.8571919559527
152,172,192,135.10042918315867,-67.89957081684133,-75.15671303494742,-1288.8361438920479
153,173,193,139.3576364788812,-32.642363521118796,-37.778649365645606,-1175.884380209433
154,174,194,140.95163906062157,-56.048360939378426,-81.41613312565164,-1386.2537138062225
155,175,195,156.86710926398814,-24.13289073601186,-43.199075485253616,-1461.4790223789705
156,176,196,160.46009918813093,-44.539900811869074,-67.23710667703972,-1438.8941596016994
157,177,197,152.00902755744778,-37.99097244255222,-55.991502919041295,-1320.9166643139743
158,178,198,140.76127622293416,-46.23872377706584,-61.014059951090076,-1366.9702902883291
159,179,199,112.48029105334831,-55.51970894665169,-55.63698466771348,-1374.4136747790972
160,180,200,121.06870736280712,-67.93129263719288,-83.00921390421104,-1316.296513025749
161,181,201,167.4814785945232,-82.5185214054768,-124.15396752281231,-1838.9000547875503
162,182,202,121.70712414042737,-123.29287585957263,-143.99477729410683,-1583.6806192608651
163,183,203,156.44166081199023,-108.55833918800977,-141.66721887793483,-1691.6508715009882
164,184,204,175.66443122704595,-56.33556877295405,-96.28746982418306,-1616.071005720486
165,185,205,186.2594315543672,-46.74056844563279,-77.6280401029478,-1552.0871834475147
166,186,206,220.17271278321914,14.17271278321914,-14.959677839418873,-1466.2623430533695
167,187,207,258.4285423832025,33.42854238320251,-16.09697143295398,-1488.4248725675898
168,188,208,256.45695591795584,12.456955917955838,-21.069719555607662,-1499.5127038278788
169,189,209,219.43657839943944,46.43657839943944,29.862325417874672,-1021.615747430636
