Left,Mid,Right,Loss_likeli,Loss_AIC,Loss_BIC,Loss_eBIC
0,20,40,131.2589311466004,13.192225328939003,15.797367175586487,-694.6060118431542
1,21,41,150.08848957478494,25.088489574784944,12.916737934534694,-778.3299857880697
2,22,42,121.08829546953234,13.08829546953234,0.6357877839620869,-635.0555742521601
3,23,43,132.00520070698212,45.00520070698212,42.47115769473339,-470.9634097929711
4,24,44,120.85817623517892,-6.141823764821083,-16.036962960536357,-692.7117089605499
5,25,45,109.66459053143171,-12.335409468568287,-21.889403626778858,-623.7372582925159
6,26,46,115.49538309097943,-17.50461690902057,-35.02774328596615,-701.5788693026134
7,27,47,124.18098927364463,-13.819010726355373,-43.290184297230326,-781.6132277367242
8,28,48,136.2813806326974,-42.71861936730261,-86.52116898584018,-1191.3898897506683
9,29,49,116.32806920579901,-38.67193079420099,-71.47976243879862,-980.0801981556565
10,30,50,173.92576372180088,6.925763721800877,-31.47120401418738,-793.2626602008168
11,31,51,180.0450456517974,-3.954954348202591,-24.8934112939869,-793.0078882711036
12,32,52,185.92682432823085,16.92682432823085,-14.803974900968342,-796.3993728246937
13,33,53,181.42914134869238,0.42914134869238296,-58.146432692466306,-1132.6987291669375
14,34,54,117.84066497398294,-42.15933502601706,-84.04139556981909,-847.7016152097171
15,35,55,121.85508941573403,2.855089415734028,-16.535017978531414,-809.6169574520131
16,36,56,95.43770033914825,-37.56229966085175,-60.31066091371986,-690.2212306387028
17,37,57,88.90923223212008,-50.090767767879925,-70.4379847614232,-693.7503950638625
18,38,58,73.3953025181197,-73.6046974818803,-95.15155463638234,-980.3983868851333
19,39,59,73.78260906468086,-61.217390935319145,-79.14154226351502,-938.9125147480513
20,40,60,77.89888596035621,-42.167819857305176,-46.491100893951625,-808.889930637642
21,41,61,95.18210556511508,2.18210556511508,6.095765663567363,-304.370598052305
22,42,62,119.31327182007362,-24.686728179926376,-45.8499810445021,-841.3385663142672
23,43,63,133.917053640017,-5.082946359982998,-23.638720689996717,-767.0664709353237
24,44,64,219.38855301418357,43.38855301418357,2.859648491356211,-1170.824786525086
25,45,65,235.42576018384534,50.42576018384534,6.387037096164249,-1151.7579757778217
26,46,66,240.98670975265009,47.986709752650086,-5.99328304623441,-1242.9441902017306
27,47,67,274.15621337301195,61.15621337301195,-1.2592654360712459,-1494.0888743591686
28,48,68,336.4604350259176,112.4604350259176,47.181780474852985,-1623.3007567376553
29,49,69,310.066508537009,109.06650853700899,54.99694658219801,-1225.4714661606977
30,50,70,322.34170064633463,99.34170064633463,26.78083953995815,-1297.074676995193
31,51,71,342.62053461308255,80.62053461308255,23.621107720932287,-1357.5133143855428
32,52,72,355.84074278329535,94.84074278329535,35.29638333250614,-1383.4287811405884
33,53,73,386.44514036561736,107.44514036561736,2.5047000522729377,-1829.988931395626
34,54,74,388.7848485227307,107.78484852273073,-0.6616870879659018,-1756.9325744627213
35,55,75,405.3251439064238,112.32514390642382,1.205299538489271,-1942.3727835155837
36,56,76,391.4390701063776,95.43907010637759,-14.00664888562028,-1797.1426030173939
37,57,77,413.57421544604904,121.57421544604904,21.976226414461507,-1743.3328311599662
38,58,78,476.7727195949808,173.7727195949808,59.65608072122836,-2067.4628882069583
39,59,79,487.07256726522814,188.07256726522814,76.29396652886362,-2194.8001064838077
40,60,80,480.497221779995,176.49722177999502,61.88271676946533,-2147.8449305870213
41,61,81,406.19667734692393,169.19667734692393,96.06409143873157,-1435.49366381639
42,62,82,421.6766377917322,164.67663779173222,82.7490547977161,-1619.2670742752907
43,63,83,383.15147052222505,125.15147052222505,47.118425091155586,-1567.0024210007427
44,64,84,371.3356682462695,142.3356682462695,66.10084426485491,-1392.2978226141963
45,65,85,328.3381140340621,107.33811403406207,44.79027967470233,-1417.444231557734
46,66,86,289.6859353848747,92.68593538487471,43.12660907900295,-1433.6570258396664
47,67,87,276.0967228006923,74.0967228006923,24.710852879602044,-1354.0569312284242
48,68,88,256.17259849517654,88.17259849517654,60.557846538982176,-811.7529740665841
49,69,89,231.48669700040728,68.48669700040728,54.40798171876759,-844.0133054628072
50,70,90,222.59311323562338,69.59311323562338,34.315277961779884,-949.3354552370115
51,71,91,186.59623797832342,33.596237978323416,0.05127065587976176,-920.792571206443
52,72,92,178.9601362880362,7.96013628803621,-9.692608524449497,-1099.264650314
53,73,93,193.76264948579546,19.762649485795464,-14.186872590845724,-1171.9355533975736
54,74,94,173.6178493603354,-1.3821506396645873,-36.607033925481346,-1043.8407467088086
55,75,95,154.24782775278186,-20.75217224721814,-50.596529107269134,-1164.0664640625869
56,76,96,157.17438091597296,-22.82561908402704,-54.91030771741066,-1244.5888028940672
57,77,97,137.95287883598803,-37.04712116401197,-58.975950925995676,-1180.9178461840402
58,78,98,113.42377112421991,-19.57622887578009,-25.488620358405342,-896.3991886088629
59,79,99,87.07893826861527,-35.921061731384725,-38.934233387919676,-945.0889479031748
60,80,100,54.859941113491004,-71.140058886509,-72.87424023113545,-856.1802541884545
61,81,101,155.94121083920436,-27.05878916079564,-55.78504594059086,-1186.9982536758216
62,82,102,192.89976465515088,20.899764655150875,-7.548568474297099,-1065.0226263424493
63,83,103,192.32065214647832,-5.679347853521676,-44.088456198843915,-1085.7642742472408
64,84,104,171.32291228267218,-17.677087717327822,-29.76528108117327,-920.5500167637324
65,85,105,223.09723589064447,32.09723589064447,-9.186593520274528,-1241.2503875869506
66,86,106,234.20439972996996,63.204399729969964,37.707327789611554,-1174.6297393267077
67,87,107,269.2847902949268,85.28479029492678,46.808013850718,-1153.1348484125779
68,88,108,207.15433946231224,54.15433946231224,34.89822774886716,-907.6060329539359
69,89,109,160.52650237238686,-6.473497627613142,-22.797495076769337,-1091.608870887133
70,90,110,164.0016689239642,-45.99833107603581,-76.73004506957068,-1755.6435680615286
71,91,111,164.83248256313436,-43.16751743686564,-76.7158086499262,-1767.7625833696998
72,92,112,107.3409949203276,-100.6590050796724,-131.78128116077323,-1741.5155237324943
73,93,113,108.40387144956912,-95.59612855043088,-122.64749854274373,-1582.7863904315686
74,94,114,101.01792543583315,-98.98207456416685,-121.74641894584192,-1346.2055608618757
75,95,115,141.9308268564448,-31.06917314355519,-57.24278368754017,-1362.6920232367193
76,96,116,140.60098326204252,-29.39901673795748,-55.46532323273118,-1352.7408305597519
77,97,117,217.31588649823925,13.315886498239252,-27.945000695552835,-1562.2529903711825
78,98,118,155.22530120017836,-25.62328709334338,-29.329605930438447,-1108.775647586535
79,99,119,146.32344228565762,-29.67655771434238,-31.46798938043912,-1052.9117557469135
80,100,120,143.7577904683576,-33.2422095316424,-55.168959997695765,-1339.6140338498485
81,101,121,100.67401255488744,-58.32598744511256,-68.51855872694023,-1120.184572675057
82,102,122,119.27953522338635,-41.72046477661365,-55.334783463954864,-1152.4682712939393
83,103,123,113.99140958532553,-62.00859041467447,-80.4537304036237,-1091.3984330349426
84,104,124,68.8770641141316,-111.1229358858684,-95.16332987968235,-972.4619048511004
85,105,125,85.8315713563129,-62.16842864368709,-61.596172346676894,-992.7829732485634
86,106,126,70.41156452495534,-33.58843547504466,-1.121751341466279,-702.8820090760896
87,107,127,62.781685058178255,-32.218314941821745,8.61892740539929,-544.9713958240695
88,108,128,23.575026883702094,-67.4249731162979,-39.60376401393046,-507.1787456939278
89,109,129,19.63628893090504,-84.36371106909496,-60.58874661286859,-619.0132844765776
90,110,130,126.44175830388258,-88.55824169611742,-115.54096174849792,-1626.5178512240836
91,111,131,167.81740828974375,-52.18259171025625,-88.23954066184115,-1517.0875265214418
92,112,132,157.4099072947879,-47.5900927052121,-81.03107986906139,-1559.9753580548268
93,113,133,134.5111539002969,-72.4888460997031,-104.52818986401144,-1424.0867983744547
94,114,134,134.07992863103368,-69.92007136896632,-96.06217465886903,-1413.7727574042392
95,115,135,139.6458996371864,-95.3541003628136,-136.10645264381333,-1647.0071960970972
96,116,136,83.98792195922829,-130.0120780407717,-149.91203374105544,-1548.6246640909303
97,117,137,167.8504916726131,-85.14950832738691,-123.07066519484624,-1749.7193191711394
98,118,138,162.24560085757366,-85.60298743594785,-91.02768399315823,-1566.6746243924008
99,119,139,173.95159852037136,-123.04840147962864,-139.55298257927734,-2079.5578454240913
100,120,140,179.6759943574409,-111.32400564255909,-159.0060270290985,-2201.3569816400122
101,121,141,160.20085812817547,-98.79914187182453,-145.29475705322784,-1842.6460678719122
102,122,142,166.8765391450513,-102.12346085494869,-143.8355744755777,-1759.5701914288124
103,123,143,174.0535062371914,-67.94649376280859,-104.07442241696799,-1707.6897708203655
104,124,144,189.10569495583331,-59.894305044166686,-68.19621476799011,-1408.791039808756
105,125,145,214.20948149852984,-27.79051850147016,-56.05660916571719,-1730.605445700383
106,126,146,212.23174711706906,-1.7682528829309376,-30.332548340214316,-1598.9973600001513
107,127,147,222.54527728897256,20.545277288972557,4.659338096546435,-1500.9409916059776
108,128,148,216.00104821937703,16.001048219377026,6.333975533083503,-1248.3498336475304
109,129,149,238.61090863264712,20.610908632647124,12.65493120412657,-1411.9711951971954
110,130,150,315.5451666731749,29.54516667317489,-52.974264426712125,-2032.4083218381616
111,131,151,330.61009596225585,36.610095962255855,-53.502196221672875,-2165.3375812712407
112,132,152,332.6045160400413,62.60451604004129,-17.75386080607177,-2119.283915863998
113,133,153,360.9118876169282,66.9118876169282,-27.156783922096793,-2204.929639967432
114,134,154,361.82041654942054,65.82041654942054,-30.601642165414205,-2250.4700550987873
115,135,155,399.544813494922,67.54481349492198,-47.14699973416441,-2327.8663479571246
116,136,156,420.34188165887235,85.34188165887235,-31.53667716110499,-2326.5610768446168
117,137,157,408.07864635579426,64.07864635579426,-43.06190668769,-2501.104315502095
118,138,158,402.41528485408617,50.41528485408617,-52.99240537499577,-2463.1878831764034
119,139,159,449.1381901726686,55.1381901726686,-64.30079147580568,-2851.1166778295656
120,140,160,499.52079342078355,100.52079342078355,-27.27036359894919,-2945.995463009047
121,141,161,435.9268625316822,111.92686253168222,11.582385862416004,-2568.2622790578575
122,142,162,437.5458807597943,41.54588075979427,-72.75459994225116,-2804.3124337367
123,143,163,394.19537474784624,73.19537474784624,-15.433775142334753,-2443.509032574087
124,144,164,332.3850585855598,42.38505858555982,-4.351189440678809,-1915.6011232880323
125,145,165,295.93355766684635,33.933557666846355,-29.851619159223446,-1953.2482173855442
126,146,166,320.103441958285,98.10344195828498,38.87005095522795,-1840.8800491530374
127,147,167,268.37121410973054,44.371214109730545,1.4217480661177433,-1641.9152207183215
128,148,168,273.40316968700563,56.40316968700563,20.25054598094448,-1487.637799052502
129,149,169,300.97213264709126,45.97213264709126,6.078738136902757,-1762.0598613657635
130,150,170,332.44413062152034,65.44413062152034,6.5936733218750305,-2103.226876476834
131,151,171,320.83446702405536,32.83446702405536,-31.76334497101311,-2370.3124436333155
132,152,172,302.20009885183913,13.20009885183913,-54.43702481511855,-2304.72924430347
133,153,173,263.4344048656021,-30.56559513439788,-90.93881157939904,-2356.265133750674
134,154,174,230.12565628854054,-71.87434371145946,-140.43854971203837,-2326.495353286477
135,155,175,231.70852266443467,-54.29147733556533,-118.62958815109641,-2088.3179834903594
136,156,176,222.8657975177391,-23.13420248226089,-67.630214316408,-2036.419746985424
137,157,177,157.88902726851097,-84.11097273148903,-117.25803308096897,-1994.2946259761125
138,158,178,155.75340743965216,-100.24659256034784,-136.89804292190615,-2200.3549432664486
139,159,179,147.94097696128688,-102.05902303871312,-140.38681998512834,-1863.7232822259402
140,160,180,102.85760756037098,-129.14239243962902,-150.72589320601924,-1793.2758556678637
141,161,181,158.54695202144308,-71.45304797855692,-108.67634880483183,-1908.7264946403839
142,162,182,129.18130113876146,-110.81869886123854,-147.47736438398283,-1863.468988348372
143,163,183,100.29561475762785,-103.70438524237215,-132.14204959580502,-1459.276870591465
144,164,184,98.80058607443584,-92.19941392556416,-117.6305544036959,-1402.0576592572388
145,165,185,114.21163002309117,-58.788369976908825,-82.45128313449868,-1296.6076331324762
146,166,186,134.17508982503273,-31.824910174967272,-56.59289930319301,-1323.5881980088143
147,167,187,78.07630071439894,-118.92369928560106,-137.45948915548934,-1523.0895968475938
148,168,188,95.57228892088438,-102.42771107911562,-130.3041937438461,-1480.0246004894539
149,169,189,111.61262936353774,-106.38737063646226,-145.95404398813275,-1543.2107670744608
150,170,190,119.57312235560585,-104.42687764439415,-144.90130627504686,-1641.395044210526
151,171,191,96.48906895879031,-147.5109310412097,-179.1943078764598,-1855.5748215804206
152,172,192,95.59623762489446,-183.40376237510554,-230.81298670197452,-2110.187201537369
153,173,193,106.12931815764728,-182.87068184235272,-229.66421271450963,-2126.597465974759
154,174,194,90.59224434076714,-178.40775565923286,-225.34377529197127,-2053.0596607136813
155,175,195,90.85481776210145,-209.14518223789855,-267.63019612794824,-1973.370882188572
156,176,196,93.69582713644672,-203.30417286355328,-255.33923852714202,-1985.8234208494005
157,177,197,77.04076989525583,-157.95923010474417,-188.31437467734486,-1640.320060561197
158,178,198,85.55240714320598,-155.44759285679402,-188.88893372481334,-1712.8474707520236
159,179,199,59.51546757801884,-185.48453242198116,-216.5981794291547,-1606.126813265721
160,180,200,80.9217159152256,-138.0782840847744,-162.20043842034306,-1691.8078533617554
161,181,201,96.58901323864484,-137.41098676135516,-173.16001623193824,-1765.5267246629837
162,182,202,107.45902045763819,-99.54097954236181,-134.67084616032525,-1528.38642805987
163,183,203,111.78107379613857,-105.21892620386143,-144.98088059931501,-1521.8911930962759
164,184,204,101.74983606711885,-107.25016393288115,-142.33604205355869,-1451.5037308785795
165,185,205,101.27052125220416,-112.72947874779584,-148.5718196009584,-1587.8169485326534
166,186,206,79.57209453199857,-125.42790546800143,-156.4428774998912,-1473.9914827737098
167,187,207,53.62555570306495,-133.37444429693505,-154.38810509599875,-1348.997519423804
168,188,208,85.50590550933907,-117.49409449066093,-141.9681568045171,-1641.1778015652699
169,189,209,111.92408834008233,-131.07591165991767,-171.99888354205382,-1729.7801194236445
