Left,Mid,Right,Loss_likeli,Loss_AIC,Loss_BIC,Loss_eBIC
0,20,40,170.87712198280087,-14.122878017199127,-35.527100903828796,-1252.7583756095983
1,21,41,174.88675937637322,-18.11324062362678,-39.309918557871015,-1317.2395141690677
2,22,42,156.9492320901104,3.9492320901103994,6.7498038391336195,-1187.8192788098431
3,23,43,123.48185108830285,-27.518148911697153,-21.94428902979007,-1040.6867237009028
4,24,44,47.65600373852544,-78.34399626147456,-49.24816295588107,-891.5361243271236
5,25,45,35.218588673101976,-83.78141132689802,-54.03832400667352,-760.229651321662
6,26,46,60.45967245976726,-78.54032754023274,-74.96326659344072,-787.1574265220393
7,27,47,61.92339351288956,-90.07660648711044,-86.3869071030997,-942.2778471247084
8,28,48,85.95881005226965,-109.04118994773035,-129.8788967576504,-1281.2806717872818
9,29,49,70.10169316004749,-94.89830683995251,-102.53289749796272,-1098.3719655553605
10,30,50,97.91206722050174,-94.08793277949826,-117.93749785272712,-1317.9290691725773
11,31,51,96.08246947655653,-79.91753052344347,-96.49438458880036,-1277.9375047073563
12,32,52,86.6040642766709,-101.3959357233291,-127.75949292308951,-1306.3763127557895
13,33,53,87.32461995852054,-103.67538004147946,-126.68050538765124,-1302.8425870188921
14,34,54,105.4895669920586,-73.5104330079414,-84.51902032720022,-1402.902334760557
15,35,55,105.82992935267816,-90.17007064732184,-107.93880937799031,-1558.2559307023103
16,36,56,118.0131392161752,-64.9868607838248,-76.73101163990123,-1383.6825442814552
17,37,57,95.42818630900115,-103.57181369099885,-100.79380909311408,-1358.6810107676802
18,38,58,106.29087195231591,-89.70912804768409,-104.19245644436228,-1364.5505680350147
19,39,59,169.4218722993046,-17.578127700695404,-38.5914434424858,-1525.5853572396036
20,40,60,153.35356491837842,-38.646435081621576,-42.69777306671131,-1541.5935195944621
21,41,61,158.39627954099205,-30.603720459007945,-41.982070512716064,-1413.1930793117572
22,42,62,150.49231764399474,-8.507682356005262,-7.894476190652767,-1275.4125573026085
23,43,63,181.0126818871504,17.012681887150393,6.665528818956318,-1286.8549363908915
24,44,64,195.26677946243444,22.266779462434442,13.530511167891746,-1421.2679767666668
25,45,65,208.28525135741438,26.28525135741438,21.314897762950295,-1402.1722321736374
26,46,66,213.30400671402094,7.304006714020943,-20.307825730839113,-1570.059189586343
27,47,67,243.12263547085468,35.122635470854675,-10.29116050083212,-1566.3692401416847
28,48,68,282.05351481254615,7.053514812546155,-71.09938706828189,-2042.7608617047713
29,49,69,294.1533373633656,23.15333736336561,-50.33638093451077,-1880.6417908883582
30,50,70,305.921675397914,68.92167539791399,4.412815139099166,-1395.9108639696765
31,51,71,297.9466588971459,72.94665889714588,3.690699639903414,-1232.982560602251
32,52,72,296.0353352717066,83.03533527170657,26.168038698968303,-1231.677788950613
33,53,73,306.87705029487574,95.87705029487574,26.038420533801627,-1374.1772434821155
34,54,74,293.5689716322047,98.5689716322047,32.11394425615754,-1270.2297625910455
35,55,75,367.38897294723915,123.38897294723915,31.78336845813783,-1505.8835701327566
36,56,76,376.2427277977947,146.2427277977947,63.70193210248249,-1569.9078981777097
37,57,77,388.2662617787014,154.2662617787014,83.47402996403548,-1422.0254516560722
38,58,78,418.2633027577526,167.26330275775263,72.37157752550434,-1659.2871843709422
39,59,79,441.347341455805,202.347341455805,105.53838960129474,-1628.1031801258478
40,60,80,472.71281514726843,216.71281514726843,125.46490594759553,-1646.0419827361757
41,61,81,451.05750423721406,212.05750423721406,116.52176340678056,-1634.4126348619511
42,62,82,442.81521173463625,189.81521173463625,89.56352095927559,-1587.2850310193453
43,63,83,414.51702062662685,194.51702062662685,107.61812238315201,-1502.9060017703118
44,64,84,449.60266955847715,198.60266955847715,97.41545286761334,-1896.9228493996907
45,65,85,395.6868507718291,155.68685077182909,76.75468695159134,-1621.0441734287288
46,66,86,357.25930468169213,107.25930468169213,39.09341399471327,-1673.7613174509647
47,67,87,353.83556611527956,117.83556611527956,57.507838172987476,-1740.3209078146556
48,68,88,384.6050933570366,107.6050933570366,18.059251494255477,-2034.4229722609962
49,69,89,333.92953006518223,68.92953006518223,0.8530237199279327,-1900.4879513456726
50,70,90,348.5258684834771,93.5258684834771,22.13485930435627,-1832.7149394429734
51,71,91,321.4886792068039,69.48867920680391,4.465587360861264,-1819.5806924216217
52,72,92,320.4115056163639,88.41150561636391,39.41343195886111,-1671.2997890597876
53,73,93,302.1852564170372,82.18525641703718,22.21008933713665,-1620.530019723048
54,74,94,304.8592358371659,66.8592358371659,-6.924911569642518,-1770.0907497890294
55,75,95,268.1194545251576,73.11945452515761,26.25603425141844,-1461.4008712999153
56,76,96,173.25047617595374,-13.749523824046264,-46.11646764470993,-1474.7566951873523
57,77,97,159.96467314465463,2.9646731446546255,-13.16363766921836,-1289.8039465605216
58,78,98,123.67178452733287,-46.328215472667125,-61.30416707848167,-1412.68035320921
59,79,99,121.02776418606481,-61.972235813935185,-80.9944320658908,-1556.0805335818277
60,80,100,145.54588734645222,-67.45411265354778,-98.5210683026337,-1604.0179607763403
61,81,101,100.05464660388498,-77.94535339611502,-87.54674715858641,-1528.6642269892163
62,82,102,111.76034038425723,-89.23965961574277,-115.83715196856451,-1527.6490945731575
63,83,103,98.50392225708288,-103.49607774291712,-122.07803535208973,-1743.2952399686478
64,84,104,84.4392090134454,-105.5607909865546,-116.9776953069902,-1715.8657655842558
65,85,105,96.90580166432028,-101.09419833567972,-120.51913798453438,-1545.083715658256
66,86,106,99.38676756940481,-116.61323243059519,-137.23942010256042,-1577.825342831099
67,87,107,88.28338871770438,-91.71661128229562,-98.435387195251,-1156.007944733451
68,88,108,95.46536587954847,-96.53463412045153,-118.59601977415878,-1291.811642944468
69,89,109,88.62273615155527,-102.37726384844473,-128.50155150713613,-1125.8269153845704
70,90,110,107.15799592463463,-105.84200407536537,-132.86871262503178,-1529.2845906874413
71,91,111,96.72988827729523,-97.27011172270477,-117.60995239584781,-1416.6103302267165
72,92,112,98.38681694453862,-115.61318305546138,-140.71174260994508,-1573.5194184697157
73,93,113,100.11181527831468,-114.88818472168532,-137.57728098001826,-1581.5574795834336
74,94,114,114.8105671722908,-101.1894328277092,-129.01659260714632,-1651.943315851273
75,95,115,103.43490327699783,-100.56509672300217,-123.45758363195546,-1448.8854989401775
76,96,116,113.71561438657841,-120.28438561342159,-156.56170054316158,-1794.6524191136514
77,97,117,103.7856516762372,-133.2143483237628,-173.14972949021853,-1838.5300081406149
78,98,118,83.06910358171945,-150.93089641828055,-188.74281861681425,-1554.9385794551158
79,99,119,102.23501876338378,-135.76498123661622,-160.84112856452316,-1616.5807743932046
80,100,120,114.04763882616521,-167.9523611738348,-203.7255504199943,-2036.1068258578716
81,101,121,98.61666873789636,-161.38333126210364,-191.85963545755885,-1970.4962422952203
82,102,122,105.06603904099529,-164.9339609590047,-203.01035979096105,-2040.9638654182108
83,103,123,119.86759300131644,-142.13240699868356,-169.4698410624087,-2019.1657300261186
84,104,124,103.3006003226401,-129.6993996773599,-138.05820367736965,-1884.332436145633
85,105,125,109.60110626386177,-141.39889373613823,-168.7490279307758,-1984.8241664533366
86,106,126,79.99445606410245,-179.00554393589755,-201.88950357662384,-1949.1744566865264
87,107,127,65.61601305644103,-159.38398694355897,-169.13720092717995,-1437.030727953832
88,108,128,62.80166640904554,-192.19833359095446,-194.04610477719575,-1446.3480598211354
89,109,129,72.18904705450359,-154.8109529454964,-168.58362975331352,-1440.2406095714186
90,110,130,127.26653870383052,-80.73346129616948,-105.49359559300024,-1302.136458570425
91,111,131,119.81817434973118,-100.18182565026882,-118.68739869983028,-1255.15778560547
92,112,132,74.81069668671671,-121.18930331328329,-135.2961329765792,-1199.278872639194
93,113,133,59.49048745610821,-123.50951254389179,-120.61115376415387,-1103.8871170973953
94,114,134,97.40582235225679,-106.59417764774321,-116.26428906804495,-1136.1250715263177
95,115,135,130.21555652476331,-64.78444347523669,-76.96193629093432,-1290.005404663424
96,116,136,124.60341107912177,-77.39658892087823,-91.50386284871479,-1414.1669181833104
97,117,137,142.6228409809703,-61.377159019029705,-83.4966633107249,-1388.4685809099547
98,118,138,135.08194341519106,-56.91805658480894,-76.93876335122832,-1266.154019809439
99,119,139,111.67497706362997,-79.32502293637003,-84.46719773855784,-1212.4360515125086
100,120,140,149.499084142514,-81.500915857486,-110.5979060031375,-1499.93321427518
101,121,141,168.94361426199885,-66.05638573800115,-105.57359911138974,-1537.4197216322018
102,122,142,171.86900079839324,-73.13099920160676,-121.30413671054862,-1567.4936871763434
103,123,143,193.04972744645443,-28.950272553545574,-66.3292748639301,-1397.8208416366756
104,124,144,189.7347974564268,-31.265202543573196,-70.03983988165623,-1436.1751616399733
105,125,145,213.25514384413782,-14.74485615586218,-70.42311910325498,-1540.9416272171256
106,126,146,235.99508256250783,6.995082562507832,-49.81976920438501,-1444.0419174442368
107,127,147,248.6967429873771,5.6967429873770925,-50.79458279874689,-1598.9318517682564
108,128,148,257.8651631614564,6.865163161456394,-20.862990230166133,-1431.678537727455
109,129,149,243.34756788372874,28.347567883728743,-7.196606899955896,-1324.6149746276787
110,130,150,311.7856453365871,103.7856453365871,57.6161023488537,-1110.4311509352901
111,131,151,337.6634942046742,90.66349420467418,21.978734892456714,-1533.5352935990236
112,132,152,309.7372049744513,101.73720497445129,34.49091951019409,-1230.6562006450763
113,133,153,331.27789222711885,118.27789222711885,52.97626357392119,-1202.320514998206
114,134,154,363.2706187698566,130.27061876985658,62.900904149054895,-1159.855558901837
115,135,155,365.74712106853553,142.74712106853553,75.2600761585627,-1092.9464128931177
116,136,156,394.68341219614877,162.68341219614877,67.18398005819176,-1256.0861389547058
117,137,157,388.16578929477396,153.16578929477396,64.21176551149279,-1150.812119686549
118,138,158,417.4567322643434,173.45673226434337,75.42211689869646,-1327.7889553710575
119,139,159,424.5781631297325,180.5781631297325,81.7712538019473,-1298.8565889325614
120,140,160,482.3820809356016,229.3820809356016,114.13010422458842,-1610.3396518558297
121,141,161,479.5430979038906,229.5430979038906,115.29286264554071,-1442.5292472532535
122,142,162,433.82712990750815,214.82712990750815,114.53354870462363,-1309.4357571777402
123,143,163,443.7781471345136,201.77814713451357,109.90613032931287,-1417.8146634958678
124,144,164,396.3138140181593,190.3138140181593,99.19031832133714,-1189.1472356490258
125,145,165,370.9275839967845,171.9275839967845,86.23270904152855,-1046.309851995068
126,146,166,323.0740965651464,163.07409656514642,95.89216393090624,-878.8461694660796
127,147,167,329.25639388798686,190.25639388798686,134.56937089690337,-771.5299404521934
128,148,168,311.691490476499,171.69149047649898,128.2391761270278,-640.6355546783202
129,149,169,241.05821940317423,113.05821940317423,81.65848626329989,-569.8213476218375
130,150,170,242.60954918116317,124.60954918116317,101.86061057841562,-521.3208551571006
131,151,171,258.19788016808025,136.19788016808025,94.51975894668522,-784.5766293289703
132,152,172,236.15573551363377,119.15573551363377,82.25342465244421,-600.1491573815501
133,153,173,172.9154020144706,57.9154020144706,28.16152894088259,-527.2759759752507
134,154,174,156.486052969502,55.486052969502,30.56165879649302,-507.82843526158376
135,155,175,157.77874442881625,47.77874442881625,30.10840152044193,-465.9892376751609
136,156,176,160.15013388605303,46.15013388605303,16.330377693380797,-627.9114112586042
137,157,177,158.03836441731755,38.03836441731755,20.548463564869508,-659.1710461887483
138,158,178,171.8204259697361,46.82042596973611,26.746854755670483,-610.4696267750201
139,159,179,135.57818394223023,13.578183942230226,10.514875919515589,-738.3161994970283
140,160,180,144.42115433119898,-6.578845668801023,-24.571989925931575,-1016.9765764065796
141,161,181,203.03634996290657,68.03634996290657,51.903302320394914,-896.6025918121327
142,162,182,201.09217531136642,50.09217531136642,32.844188540103914,-984.7014943153627
143,163,183,191.73154164787275,30.731541647872746,6.7168805073881686,-1130.684841292698
144,164,184,214.45670145393706,68.45670145393706,42.60531583004263,-1056.6508402928307
145,165,185,189.83126974608786,29.831269746087855,7.460051795300842,-1035.9494845612594
146,166,186,210.6086988548866,53.6086988548866,29.033625069821937,-956.5409009680302
147,167,187,239.23251648038308,95.23251648038308,63.742329256972425,-860.562198920245
148,168,188,266.81485233179956,138.81485233179956,111.82478739402109,-829.4482166469065
149,169,189,181.69002347389005,52.69002347389005,32.24935707127156,-776.7888570769878
150,170,190,183.57282100245015,7.572821002450155,-30.253595581331638,-1036.2435732209083
151,171,191,220.06936640520507,56.06936640520507,25.365637744933565,-1261.8617201908878
152,172,192,214.81793473972834,43.817934739728344,8.827514367380218,-1246.2671669133688
153,173,193,228.50455219768423,15.504552197684234,-39.58152771450159,-1403.946594979866
154,174,194,276.18188149901994,31.181881499019937,-33.95725320542829,-1883.6343922577857
155,175,195,176.89397149186743,-23.106028508132567,-62.5834237467559,-1584.9962158888889
156,176,196,165.0608142853523,-48.93918571464769,-88.94040965116983,-1603.6053712800117
157,177,197,149.3433458691709,-67.65665413082911,-101.3512804640975,-1483.5794878690317
158,178,198,182.8324048753284,-54.16759512467161,-96.00286333121448,-1580.6588482447191
159,179,199,92.16286818082904,-103.83713181917096,-121.86487172953048,-1328.0501768853228
160,180,200,96.80062284735709,-87.19937715264291,-105.98909224811428,-1331.9616445288275
161,181,201,83.76648288704632,-85.23351711295368,-92.64423712478902,-1192.6318247032505
162,182,202,71.88650473851294,-114.11349526148706,-113.39280663511954,-1214.5792011602452
163,183,203,88.75565075259487,-114.24434924740513,-137.67869079042111,-1514.456170739952
164,184,204,120.50438219066405,-68.49561780933595,-86.29649214084361,-1422.3396901177516
165,185,205,130.91834814361096,-85.08165185638904,-109.20793951106748,-1328.3630826079388
166,186,206,124.82689936639304,-69.17310063360696,-85.82962861814235,-1301.4370680662169
167,187,207,148.69329358167602,-40.306706418323984,-68.90099770626148,-1193.0950974481111
168,188,208,144.41325645068446,-33.58674354931554,-56.95138394741616,-1294.511501580806
169,189,209,126.11332527148238,-34.88667472851762,-56.12561240201876,-1139.3915004617238
