Left,Mid,Right,Loss,Loss_left,Loss_right,gain,glasso
0,20,40,9287.712713382567,8110.700076142091,8175.057298647484,-6998.044661407008,16.18037257506103
1,21,41,9276.294927135728,8098.618850015211,8165.762169094622,-6988.086091974104,12.363633639281488
2,22,42,9268.237025914583,8096.682586009139,8160.928663801737,-6989.374223896293,8.881163940291117
3,23,43,9268.390274706755,8110.273146020522,8161.483919714008,-7003.366791027776,13.112715956282045
4,24,44,9268.727095696988,8099.447655906964,8170.566977554619,-7001.287537764596,14.541907006611382
5,25,45,9269.513232516081,8110.151716324422,8148.290912671281,-6988.929396479622,18.61029238803303
6,26,46,9275.814458860514,8099.251712232209,8169.562071969527,-6992.999325341221,18.607150557391833
7,27,47,9277.65534518261,8104.570703277503,8179.3235584111735,-7006.238916506067,16.93449423964512
8,28,48,9276.38828424797,8117.739971259588,8173.244429200121,-7014.596116211738,17.466545918940028
9,29,49,9272.867737873918,8137.671715575983,8141.662116354701,-7006.466094056766,18.747750467327478
10,30,50,9277.187355604752,8151.97288601642,8127.1615349105705,-7001.947065322238,21.49451798732298
11,31,51,9281.74888363832,8170.089342890089,8115.089948979328,-7003.430408231097,25.208626087981884
12,32,52,9272.79331900397,8150.471173618177,8102.518885233971,-6980.196739848179,30.36802432551667
13,33,53,9258.771437285926,8152.037286427862,8070.29072190142,-6963.556571043355,32.200385399602965
14,34,54,9258.210870228759,8191.418754058776,8030.337270425907,-6963.545154255924,28.120637605137745
15,35,55,9258.24472211448,8192.053733749282,8014.89420213662,-6948.703213771423,30.261395653095406
16,36,56,9245.950833539835,8160.05649633993,8065.264422538568,-6979.370085338664,18.65095073592147
17,37,57,9257.324487178368,8148.533706848926,8098.286735572516,-6989.495955243074,19.123671848415597
18,38,58,9257.082092593519,8156.280093825249,8097.189268473585,-6996.387269705316,16.054500501783423
19,39,59,9263.652187765209,8169.153911740632,8104.152256661463,-7009.6539806368855,12.575168725611093
20,40,60,9287.109154237016,8175.057298647484,8118.87600287007,-7006.824147280538,15.226813241545642
21,41,61,9308.215367090508,8165.762169094622,8146.008529136522,-7003.555331140635,11.118438783229522
22,42,62,9347.924580589264,8160.928663801737,8191.3828301514495,-7004.386913363922,15.30026438734376
23,43,63,9364.752919374314,8161.483919714008,8218.385563319776,-7015.116563659471,17.744553342138715
24,44,64,9413.406628451023,8170.566977554619,8239.033950953435,-6996.194300057032,30.525140191645278
25,45,65,9418.886014622456,8148.290912671281,8255.05482823552,-6984.459726284344,29.406019705234485
26,46,66,9434.476369152573,8169.562071969527,8244.90406969638,-6979.989772513334,35.69171664197938
27,47,67,9445.039785432069,8179.3235584111735,8234.472564751753,-6968.756337730858,41.11540644359138
28,48,68,9446.119330070993,8173.244429200121,8240.646162811192,-6967.771261940321,41.632586143245135
29,49,69,9451.35390032464,8141.662116354701,8263.295778971327,-6953.603995001387,45.74424822651508
30,50,70,9467.635470564403,8127.1615349105705,8285.689291994946,-6945.215356341114,51.754995763284114
31,51,71,9460.991782156798,8115.089948979328,8275.225512150166,-6929.323678972698,53.90110089111158
32,52,72,9475.805369660906,8102.518885233971,8285.762133420043,-6912.47564899311,63.1004890501049
33,53,73,9458.539553472594,8070.29072190142,8285.392257039286,-6897.143425468112,62.50928107118898
34,54,74,9459.60572710068,8030.337270425907,8288.73795590347,-6859.469499228699,73.12004388400374
35,55,75,9448.07401184311,8014.89420213662,8273.985185258149,-6840.805375551659,70.36945067652232
36,56,76,9485.444792271093,8065.264422538568,8286.17883995659,-6865.998470224065,76.56678878580806
37,57,77,9506.765152967557,8098.286735572516,8269.588521693884,-6861.110104298843,74.69741586518103
38,58,78,9516.184905678037,8097.189268473585,8262.459242047495,-6843.463604843042,85.22074066203186
39,59,79,9530.48843075614,8104.152256661463,8252.09692065327,-6825.760746558593,91.6401904942768
40,60,80,9542.507242286621,8118.87600287007,8234.733663589966,-6811.102424173416,91.8973584428727
41,61,81,9544.899262060051,8146.008529136522,8228.746503721222,-6829.855770797694,83.89207552472772
42,62,82,9538.89713049579,8191.3828301514495,8219.992962602308,-6872.478662257969,66.0902324910785
43,63,83,9535.18967574539,8218.385563319776,8200.54583416378,-6883.741721738166,64.99744097241091
44,64,84,9520.703889450362,8239.033950953435,8181.520060500563,-6899.850122003636,63.53838356442975
45,65,85,9524.584395181502,8255.05482823552,8177.0179051659015,-6907.4883382199205,58.30745948845242
46,66,86,9496.815651830657,8244.90406969638,8162.488639613671,-6910.577057479393,65.0223920055023
47,67,87,9490.726954061824,8234.472564751753,8175.138170416358,-6918.8837811062895,57.74229788346793
48,68,88,9482.316799340977,8240.646162811192,8169.172604213058,-6927.501967683271,55.661504337041606
49,69,89,9483.070060645929,8263.295778971327,8138.96201116155,-6919.187729486948,60.08343943017098
50,70,90,9476.329729279072,8285.689291994946,8107.540556585123,-6916.900119300999,52.214258668141156
51,71,91,9462.407497345283,8275.225512150166,8122.755698961467,-6935.573713766351,47.63515774607413
52,72,92,9457.75483111869,8285.762133420043,8124.2137288911945,-6952.221031192546,47.20706610755542
53,73,93,9453.995003077793,8285.392257039286,8122.912670431755,-6954.30992439325,43.579006313472746
54,74,94,9465.804237124403,8288.73795590347,8167.1839719856835,-6990.117690764751,39.971314079083186
55,75,95,9438.660427256276,8273.985185258149,8160.346055490953,-6995.670813492827,33.12802001656837
56,76,96,9420.561238226279,8286.17883995659,8147.617173856986,-7013.234775587296,25.872825448090225
57,77,97,9395.085181097129,8269.588521693884,8129.40769913019,-7003.911039726947,21.824931294221642
58,78,98,9378.816601134526,8262.459242047495,8112.0800142105245,-6995.722655123494,19.92629538275196
59,79,99,9366.192647742217,8252.09692065327,8090.534707282648,-6976.438980193701,31.267383305244948
60,80,100,9340.391380380184,8234.733663589966,8088.187880222914,-6982.530163432697,32.98537260350167
61,81,101,9334.835794032682,8228.746503721222,8065.597266697661,-6959.507976386201,34.09604113733758
62,82,102,9324.995437340527,8219.992962602308,8084.254023263395,-6979.251548525175,29.914272602432902
63,83,103,9301.537357399438,8200.54583416378,8071.72152756292,-6970.730004327261,20.834857493121035
64,84,104,9284.007271741139,8181.520060500563,8077.4323287318875,-6974.945117491312,21.917554844688766
65,85,105,9303.557447954961,8177.0179051659015,8090.543729810412,-6964.004187021352,31.016505163450347
66,86,106,9308.626705050427,8162.488639613671,8111.986953518294,-6965.8488880815385,42.28350078720359
67,87,107,9309.25530104105,8175.138170416358,8100.187320751456,-6966.070190126764,40.39955719963018
68,88,108,9329.279090598728,8169.172604213058,8141.263756308048,-6981.157269922378,40.1351551812495
69,89,109,9309.641720629454,8138.96201116155,8131.012430787348,-6960.332721319446,45.43168457178717
70,90,110,9296.210206618674,8107.540556585123,8149.9291826334365,-6961.259532599885,37.06789338290764
71,91,111,9303.539282228021,8122.755698961467,8136.745356794299,-6955.961773527744,39.10096375770581
72,92,112,9295.50218186594,8124.2137288911945,8148.04889790073,-6976.760444925983,32.45985894006435
73,93,113,9313.222396472376,8122.912670431755,8164.410132640606,-6974.100406599986,37.21293173819231
74,94,114,9306.042521224794,8167.1839719856835,8138.438584387766,-6999.580035148656,25.649854466454144
75,95,115,9307.217968215327,8160.346055490953,8149.318652016221,-7002.446739291847,22.00984225494949
76,96,116,9297.30488367533,8147.617173856986,8150.475569820768,-7000.787860002423,16.821450615062076
77,97,117,9286.614960094304,8129.40769913019,8151.7616276654935,-6994.554366701379,12.736760783846421
78,98,118,9317.747710844054,8112.0800142105245,8186.871866763868,-6981.204170130339,22.11740086248983
79,99,119,9298.132569090067,8090.534707282648,8179.654030633434,-6972.056168826015,27.83122538634734
80,100,120,9294.785486501252,8088.187880222914,8161.187759894514,-6954.590153616176,41.13479870425999
81,101,121,9299.763239051415,8065.597266697661,8178.473572054714,-6944.30759970096,41.448836266810304
82,102,122,9305.31039325948,8084.254023263395,8176.835625596479,-6955.779255600393,41.80201827949122
83,103,123,9301.68334214952,8071.72152756292,8178.647009003508,-6948.685194416908,37.44656505968578
84,104,124,9300.031593600534,8077.4323287318875,8183.061361241819,-6960.462096373174,32.32363730681482
85,105,125,9296.987859292552,8090.543729810412,8166.294141124201,-6959.85001164206,31.55415845255311
86,106,126,9295.437197743684,8111.986953518294,8141.912770073995,-6958.462525848605,34.05401410579316
87,107,127,9279.989534619861,8100.187320751456,8145.965849908198,-6966.163636039793,29.063950892592402
88,108,128,9319.088993040514,8141.263756308048,8160.812811969814,-6982.987575237348,34.5702115510212
89,109,129,9306.322605107787,8131.012430787348,8164.256954306362,-6988.946779985923,31.45732396511312
90,110,130,9307.237140985528,8149.9291826334365,8155.150594286724,-6997.842635934632,29.12520972907305
91,111,131,9296.320517828883,8136.745356794299,8150.36521049188,-6990.790049457297,29.176402879173565
92,112,132,9300.08173599551,8148.04889790073,8137.020392657692,-6984.987554562911,27.994993711412462
93,113,133,9299.952021142315,8164.410132640606,8142.0000591134785,-7006.45817061177,25.050446906151137
94,114,134,9270.996485269534,8138.438584387766,8135.491319382838,-7002.93341850107,22.471332013904885
95,115,135,9283.933282972892,8149.318652016221,8134.20225424725,-6999.587623290579,22.534389889718568
96,116,136,9283.668527448883,8150.475569820768,8131.15257670344,-6997.9596190753255,24.82585149634724
97,117,137,9295.395936553594,8151.7616276654935,8135.598290406219,-6991.96398151812,26.303460798683773
98,118,138,9299.989640892642,8186.871866763868,8089.262916798228,-6976.145142669453,32.51079865889005
99,119,139,9300.246843303801,8179.654030633434,8106.794831185849,-6986.2020185154815,29.961192693640896
100,120,140,9301.564038759,8161.187759894514,8113.436974181761,-6973.0606953172755,32.30330585923866
101,121,141,9316.931548872863,8178.473572054714,8119.403456281069,-6980.945479462922,27.787270983537837
102,122,142,9327.35145138501,8176.835625596479,8128.658369054302,-6978.142543265771,27.939378804853277
103,123,143,9364.712292577437,8178.647009003508,8159.603118202236,-6973.537834628309,36.533556754257916
104,124,144,9370.86896205707,8183.061361241819,8149.332572891114,-6961.524972075864,34.7521272562999
105,125,145,9367.888635272027,8166.294141124201,8161.815456616203,-6960.2209624683765,31.528727890842674
106,126,146,9368.629780710167,8141.912770073995,8178.781604037515,-6952.064593401343,31.68989762495994
107,127,147,9388.29012455167,8145.965849908198,8185.507518845928,-6943.183244202457,35.088144421330526
108,128,148,9362.81986228082,8160.812811969814,8136.304579556538,-6934.297529245532,28.78489136187136
109,129,149,9367.40140212472,8164.256954306362,8152.419185088143,-6949.274737269785,24.928957407767484
110,130,150,9370.452942587868,8155.150594286724,8159.452255742865,-6944.1499074417225,27.091478362379803
111,131,151,9400.80926872763,8150.36521049188,8192.657306041054,-6942.2132478053045,32.312133369187904
112,132,152,9411.284395186722,8137.020392657692,8205.376206680929,-6931.112204151899,32.74771032676426
113,133,153,9389.581764538987,8142.0000591134785,8185.072063922412,-6937.490358496903,29.13520294448017
114,134,154,9389.317274712686,8135.491319382838,8178.54917863835,-6924.7232233085015,32.32602298214533
115,135,155,9394.022433032751,8134.20225424725,8174.154110552032,-6914.33393176653,33.31782589707382
116,136,156,9395.69943863133,8131.15257670344,8173.8345469494525,-6909.287685021562,33.685696179051774
117,137,157,9415.97109537086,8135.598290406219,8174.0254773448,-6893.652672380158,40.77742098238468
118,138,158,9350.948959279367,8089.262916798228,8157.263710036761,-6895.577667555621,21.783311803863853
119,139,159,9364.10034095172,8106.794831185849,8148.311069899741,-6891.00556013387,27.929830263887197
120,140,160,9364.05470341547,8113.436974181761,8126.799777301794,-6876.182048068085,25.52199924582328
121,141,161,9375.825841612515,8119.403456281069,8133.828059256817,-6877.40567392537,29.074748069706402
122,142,162,9363.425201083543,8128.658369054302,8119.90453345642,-6885.13770142718,23.331614607573556
123,143,163,9363.346991300008,8159.603118202236,8090.709105312798,-6886.965232215025,28.129041871762638
124,144,164,9357.538548815359,8149.332572891114,8100.9724898043105,-6892.766513880066,28.930896962216593
125,145,165,9351.06116083415,8161.815456616203,8079.145853318951,-6889.900149101004,30.19645651354267
126,146,166,9354.977543626233,8178.781604037515,8077.630917585704,-6901.434977996985,29.4747466049962
127,147,167,9349.622735557929,8185.507518845928,8058.0037387505035,-6893.888522038502,23.561613473758825
128,148,168,9303.750819892111,8136.304579556538,8080.152791392244,-6912.70655105667,8.324347566903725
129,149,169,9323.715060034829,8152.419185088143,8092.102421017496,-6920.806546070811,10.075094224612258
130,150,170,9325.434766307344,8159.452255742865,8085.311587466085,-6919.329076901608,11.798941770296551
131,151,171,9342.002196988162,8192.657306041054,8073.627864554642,-6924.282973607535,23.843408466896562
132,152,172,9329.870237656516,8205.376206680929,8055.534039451688,-6931.0400084761,13.317406494822535
133,153,173,9306.779201022939,8185.072063922412,8063.246311646199,-6941.539174545673,3.9654965915428875
134,154,174,9303.722321672914,8178.54917863835,8059.973480258115,-6934.800337223551,5.863224717077173
135,155,175,9322.183431908834,8174.154110552032,8095.39823562582,-6947.368914269018,19.83088023446453
136,156,176,9313.08466317956,8173.8345469494525,8105.498732143036,-6966.248615912929,18.91205812756243
137,157,177,9302.116304384548,8174.0254773448,8094.537710947575,-6966.446883907825,13.405787047000558
138,158,178,9290.850836542466,8157.263710036761,8097.766311617197,-6964.179185111492,19.38060548661315
139,159,179,9260.033705155995,8148.311069899741,8084.373731520243,-6972.6510962639895,17.432160776914316
140,160,180,9239.20944235013,8126.799777301794,8082.85432328836,-6970.444658240025,15.700055536553464
141,161,181,9226.819904319947,8133.828059256817,8051.5701526074245,-6958.578307544294,17.645253478264294
142,162,182,9215.292871841995,8119.90453345642,8049.58192808412,-6954.193589698543,11.663093301459412
143,163,183,9218.166144075414,8090.709105312798,8064.030104515023,-6936.573065752407,17.229879461402106
144,164,184,9255.440877331583,8100.9724898043105,8110.6833137252515,-6956.214926197979,18.60882837043937
145,165,185,9237.145314338311,8079.145853318951,8114.004874510061,-6956.0054134907,17.352102412770364
146,166,186,9232.867427713572,8077.630917585704,8105.329637105997,-6950.093126978129,14.650555326771155
147,167,187,9233.897389318596,8058.0037387505035,8108.480334105968,-6932.586683537875,8.607624399451652
148,168,188,9232.503794521852,8080.152791392244,8102.538543725443,-6950.187540595834,5.433025209708376
149,169,189,9255.027199692795,8092.102421017496,8129.049937756123,-6966.125159080824,9.814502723048463
150,170,190,9268.226004895821,8085.311587466085,8140.992532637795,-6958.078115208058,11.683746455764776
151,171,191,9253.211226626501,8073.627864554642,8121.954723055858,-6942.371360984,19.69134650475462
152,172,192,9258.017857175806,8055.534039451688,8139.062014924331,-6936.578197200213,12.164538499605442
153,173,193,9263.579695077591,8063.246311646199,8137.756706275444,-6937.423322844052,7.318843736057715
154,174,194,9266.690248613093,8059.973480258115,8138.441586466564,-6931.7248181115865,10.595659912104566
155,175,195,9258.573475903664,8095.39823562582,8100.605449373574,-6937.43020909573,20.652407376023348
156,176,196,9268.346711407532,8105.498732143036,8114.4089890991745,-6951.561009834679,25.930380176138897
157,177,197,9263.536784300168,8094.537710947575,8124.007917453344,-6955.008844100752,19.100388439993367
158,178,198,9269.479438246366,8097.766311617197,8127.314167376303,-6955.601040747133,24.754510128356742
159,179,199,9276.31301322969,8084.373731520243,8138.283276097206,-6946.34399438776,29.53203288571558
160,180,200,9290.519935747245,8082.85432328836,8160.72098350475,-6953.055371045866,30.536828441512625
161,181,201,9275.012058750319,8051.5701526074245,8169.733819956126,-6946.291913813231,29.718808223008182
162,182,202,9277.158818223497,8049.58192808412,8170.8046455512185,-6943.227755411841,29.178668213066885
163,183,203,9272.32307176146,8064.030104515023,8173.046569065498,-6964.75360181906,25.02352982189541
164,184,204,9283.370755261487,8110.6833137252515,8152.386383789893,-6979.698942253657,19.743040369713526
165,185,205,9277.349053653023,8114.004874510061,8132.707558060071,-6969.363378917111,21.941167923713238
166,186,206,9266.338575311347,8105.329637105997,8122.0407516933865,-6961.031813488036,19.490751530806847
167,187,207,9252.01209322744,8108.480334105968,8109.545439821163,-6966.013680699691,14.471617421189421
168,188,208,9273.517491659903,8102.538543725443,8145.03182336166,-6974.0528754272,17.852870420766976
169,189,209,9274.382877441063,8129.049937756123,8131.022694739429,-6985.689755054489,20.966074921897416
