Left,Mid,Right,Loss,Loss_left,Loss_right,gain,glasso
0,20,40,9315.424321865006,8154.237975567896,8131.809907462215,-6970.623561165105,32.939961103089445
1,21,41,9317.058225093764,8157.667334786241,8130.470510363579,-6971.079620056056,31.2922482900085
2,22,42,9321.761482357906,8168.689067006386,8117.78781989466,-6964.71540454314,36.31447132685844
3,23,43,9295.700409352998,8160.585882354105,8099.915247268591,-6964.800720269697,27.29444920648666
4,24,44,9294.61013995357,8139.748347694954,8108.794144510744,-6953.93235225213,26.67452637194083
5,25,45,9295.554461750058,8161.756820263818,8108.901647746532,-6975.1040062602915,26.401417431830396
6,26,46,9320.751947725093,8170.083993865566,8155.031487445423,-7004.363533585896,21.916133762525078
7,27,47,9317.228049442338,8161.472083883749,8153.1699499686465,-6997.413984410059,20.104443230519337
8,28,48,9319.450103914454,8190.926021049213,8132.65753402273,-7004.133451157488,22.257722311197995
9,29,49,9336.021105629326,8194.381811306692,8115.891313794909,-6974.252019472275,32.847080966540034
10,30,50,9333.09559647704,8192.156000614075,8114.182082940682,-6973.242487077718,33.64251991636502
11,31,51,9313.4059698159,8178.726925082995,8100.149989770475,-6965.47094503757,29.683063264170414
12,32,52,9323.555786160407,8181.224601020403,8120.650066599087,-6978.318881459083,32.07418935045507
13,33,53,9338.64863314841,8191.065443402967,8136.890037369694,-6989.30684762425,32.30523728130402
14,34,54,9323.148320933768,8149.869252521634,8145.616167588035,-6972.3370991759,33.29145558037044
15,35,55,9304.42901413934,8105.221835440813,8151.727571225661,-6952.520392527134,29.980119242087767
16,36,56,9298.27864879606,8108.03228774245,8151.866767319793,-6961.620406266184,32.861826693824696
17,37,57,9291.364120600745,8109.1413635562185,8111.2869313078445,-6929.064174263318,35.917249922681094
18,38,58,9293.2176616942,8100.605357864107,8131.131663294684,-6938.519359464592,37.267643660530666
19,39,59,9304.70383025133,8120.59139477953,8132.156173546662,-6948.043738074861,37.2665425989253
20,40,60,9312.258341174815,8131.809907462215,8129.923220484643,-6949.474786772043,36.468430548487504
21,41,61,9333.627012383093,8130.470510363579,8146.808456309995,-6943.651954290481,39.82192426698566
22,42,62,9356.525540835559,8117.78781989466,8173.657957098972,-6934.920236158072,42.54858670709791
23,43,63,9343.489594128972,8099.915247268591,8181.938402180166,-6938.364055319784,36.19613046650875
24,44,64,9350.926018161561,8108.794144510744,8166.776332268755,-6924.644458617939,41.728985028254556
25,45,65,9358.90390481725,8108.901647746532,8184.809916635796,-6934.807659565076,43.42994516834142
26,46,66,9389.881324964403,8155.031487445423,8176.111508110936,-6941.261670591955,42.031013929308756
27,47,67,9413.978539472431,8153.1699499686465,8193.724536969346,-6932.915947465561,39.5855098631082
28,48,68,9415.839517475295,8132.65753402273,8224.23499075093,-6941.053007298366,38.85154305313699
29,49,69,9387.143283411242,8115.891313794909,8186.033234939045,-6914.781265322712,36.102683454822
30,50,70,9410.617567384268,8114.182082940682,8197.711913421372,-6901.276428977786,40.62961950141744
31,51,71,9395.629517730144,8100.149989770475,8181.608283117785,-6886.128755158115,38.84953650935495
32,52,72,9394.65698733431,8120.650066599087,8160.7751782752275,-6886.768257540003,37.4636030078409
33,53,73,9393.366061590148,8136.890037369694,8146.473712932596,-6889.997688712143,42.97350351188152
34,54,74,9391.476423385417,8145.616167588035,8120.652808273173,-6874.79255247579,41.801971252989915
35,55,75,9397.25572400522,8151.727571225661,8117.510256760083,-6871.982103980525,50.63796632063759
36,56,76,9401.741340438419,8151.866767319793,8125.702895502216,-6875.8283223835915,51.21505219076562
37,57,77,9346.782215645911,8111.2869313078445,8114.721181909479,-6879.225897571412,35.70860242908975
38,58,78,9361.646603166588,8131.131663294684,8095.2563389821225,-6864.7413991102185,42.39366380249794
39,59,79,9359.930452036991,8132.156173546662,8083.478667853633,-6855.704389363304,45.06856545515984
40,60,80,9382.07365411531,8129.923220484643,8098.566476986183,-6846.416043355517,49.63834999784058
41,61,81,9409.23789298625,8146.808456309995,8114.41646553393,-6851.987028857675,58.13700449871067
42,62,82,9405.585898445213,8173.657957098972,8086.5897921766655,-6854.661850830424,41.78387802990346
43,63,83,9422.904132022824,8181.938402180166,8125.911615371868,-6884.9458855292105,47.40706733058096
44,64,84,9420.436573741574,8166.776332268755,8146.796560711741,-6893.1363192389235,46.09580156911761
45,65,85,9436.59640226476,8184.809916635796,8145.309618241548,-6893.523132612583,47.71264465651075
46,66,86,9410.420946144652,8176.111508110936,8135.903748397995,-6901.5943103642785,37.784605695017945
47,67,87,9401.46510649594,8193.724536969346,8112.087845757515,-6904.347276230921,32.60080156419281
48,68,88,9407.179132332365,8224.23499075093,8080.690190232663,-6897.746048651228,37.063918041092165
49,69,89,9364.584366922792,8186.033234939045,8095.922107020293,-6917.370975036545,22.846643584675803
50,70,90,9364.352661739349,8197.711913421372,8096.098479346687,-6929.4577310287095,22.337090854387952
51,71,91,9387.295080102831,8181.608283117785,8152.833270385181,-6947.146473400135,24.44158900743969
52,72,92,9368.346914792759,8160.7751782752275,8161.136698909511,-6953.56496239198,18.58177489607533
53,73,93,9351.63341838165,8146.473712932596,8163.890080666249,-6958.730375217194,19.584661095175306
54,74,94,9338.336119032296,8120.652808273173,8172.350356334412,-6954.667045575288,16.44897669255988
55,75,95,9336.308861060561,8117.510256760083,8178.307128453705,-6959.508524153227,24.18039272315218
56,76,96,9337.80134218831,8125.702895502216,8184.049879457564,-6971.95143277147,23.908357622664425
57,77,97,9341.200945947421,8114.721181909479,8202.666289267027,-6976.1865252290845,21.45949677545832
58,78,98,9318.608269264538,8095.2563389821225,8199.725868604675,-6976.37393832226,23.912561767909665
59,79,99,9306.54633205586,8083.478667853633,8201.379870385887,-6978.31220618366,21.591527025636424
60,80,100,9292.41075185849,8098.566476986183,8174.027206546505,-6980.182931674199,23.81061135385653
61,81,101,9293.828234368406,8114.41646553393,8155.5420770540195,-6976.130308219543,33.567273138617566
62,82,102,9285.52011382029,8086.5897921766655,8173.79821793872,-6974.867896295094,18.17403845934814
63,83,103,9316.481856757859,8125.911615371868,8189.411489014665,-6998.841247628674,27.250511834419285
64,84,104,9328.955612958169,8146.796560711741,8189.431204534027,-7007.272152287598,26.96782298739481
65,85,105,9345.94353312685,8145.309618241548,8210.166318023601,-7009.532403138299,27.09973644679667
66,86,106,9337.634729137884,8135.903748397995,8209.23291414922,-7007.50193340933,26.91631783180128
67,87,107,9324.345215539644,8112.087845757515,8205.854982104853,-6993.597612322723,29.401050488900637
68,88,108,9304.58438778918,8080.690190232663,8207.033437059234,-6983.139239502716,29.25668710656646
69,89,109,9326.662585714159,8095.922107020293,8218.789873007967,-6988.049394314101,30.174310807734855
70,90,110,9324.383425227508,8096.098479346687,8215.59712575759,-6987.312179876768,33.88086686271117
71,91,111,9330.968019253263,8152.833270385181,8189.937397186268,-7011.802648318186,25.84327267270737
72,92,112,9335.96736307815,8161.136698909511,8171.584154664868,-6996.753490496229,26.14498020553765
73,93,113,9327.66519626936,8163.890080666249,8168.174466449863,-7004.399350846752,25.984340492237152
74,94,114,9332.388739328933,8172.350356334412,8165.690689356604,-7005.6523063620825,30.932248397159128
75,95,115,9334.236496214757,8178.307128453705,8153.407513593971,-6997.47814583292,34.28091786638788
76,96,116,9338.041271507853,8184.049879457564,8161.015895800622,-7007.024503750334,34.27127631951544
77,97,117,9344.951252719802,8202.666289267027,8160.511106865846,-7018.2261434130705,29.658894209383106
78,98,118,9349.406457700472,8199.725868604675,8164.656415606027,-7014.97582651023,30.770352783374165
79,99,119,9353.52563032014,8201.379870385887,8161.2325423473885,-7009.086782413135,29.293964450366275
80,100,120,9345.860105510366,8174.027206546505,8167.967828316232,-6996.134929352371,34.0946753830749
81,101,121,9339.430227155759,8155.5420770540195,8158.361216056189,-6974.473065954449,38.748830769831784
82,102,122,9344.89878680425,8173.79821793872,8151.898528633557,-6980.797959768028,35.140404147513436
83,103,123,9338.782114227153,8189.411489014665,8134.069351380618,-6984.69872616813,36.08929970479403
84,104,124,9326.335010237975,8189.431204534027,8125.06039647382,-6988.156590769871,36.356208830251035
85,105,125,9321.503360303954,8210.166318023601,8103.048145842965,-6991.711103562613,29.889511187327116
86,106,126,9325.860089111284,8209.23291414922,8098.0725368648955,-6981.445361902832,33.438138409480416
87,107,127,9325.185649984105,8205.854982104853,8090.60050794929,-6971.269840070037,32.68058135674255
88,108,128,9311.158308021386,8207.033437059234,8089.003273053985,-6984.878402091832,30.687976752332816
89,109,129,9311.215474768855,8218.789873007967,8080.561554345267,-6988.13595258438,31.70916975446835
90,110,130,9305.197641984034,8215.59712575759,8068.090227302421,-6978.489711075976,31.81948849834498
91,111,131,9286.481638681693,8189.937397186268,8074.550315394232,-6978.006073898807,21.627192382268277
92,112,132,9274.234136416628,8171.584154664868,8083.017950531904,-6980.367968780145,15.816941269696144
93,113,133,9266.764404166384,8168.174466449863,8074.184869278187,-6975.594931561665,23.51108130478542
94,114,134,9256.338877185935,8165.690689356604,8074.249892705463,-6983.601704876131,25.03266114145481
95,115,135,9255.099057571519,8153.407513593971,8077.155230555036,-6975.463686577488,24.489116830593503
96,116,136,9251.651117922112,8161.015895800622,8037.517128546712,-6946.881906425222,30.852591787266192
97,117,137,9263.321395259773,8160.511106865846,8058.958177837112,-6956.147889443186,28.69731389320941
98,118,138,9257.527027833856,8164.656415606027,8048.172949509155,-6955.302337281326,28.713285816113512
99,119,139,9270.287731470444,8161.2325423473885,8074.840634940547,-6965.785445817492,30.953499341400402
100,120,140,9258.936730459312,8167.967828316232,8033.639955422266,-6942.671053279186,32.93019242778064
101,121,141,9268.72710168296,8158.361216056189,8043.552821847021,-6933.186936220251,36.1844061334732
102,122,142,9272.608604031695,8151.898528633557,8040.4328751097055,-6919.722799711568,34.1975888421066
103,123,143,9260.441104776346,8134.069351380618,8061.3525483462345,-6934.980794950507,22.98618247561808
104,124,144,9281.986221655663,8125.06039647382,8083.721553009387,-6926.795727827544,23.535918232088534
105,125,145,9270.843432741933,8103.048145842965,8081.205654652184,-6913.410367753217,23.765103502293186
106,126,146,9277.634303750667,8098.0725368648955,8078.973140912111,-6899.41137402634,26.256833947611995
107,127,147,9302.096467195013,8090.60050794929,8109.525632913393,-6898.029673667668,26.721485628749633
108,128,148,9306.59555739097,8089.003273053985,8125.804444924404,-6908.21216058742,28.662684797400743
109,129,149,9286.37950474228,8080.561554345267,8127.599853490045,-6921.781903093033,17.588526798487692
110,130,150,9281.46470059919,8068.090227302421,8145.086223140138,-6931.711749843369,13.545670448496367
111,131,151,9281.439374985628,8074.550315394232,8134.880861988564,-6927.991802397168,9.119703081812986
112,132,152,9301.717242376417,8083.017950531904,8149.899381794653,-6931.20008995014,14.451540090810795
113,133,153,9300.582341770853,8074.184869278187,8144.334814821935,-6917.937342329269,18.102167054648817
114,134,154,9297.019955775397,8074.249892705463,8130.951303998116,-6908.181240928183,15.448992102244574
115,135,155,9287.79408282478,8077.155230555036,8121.470260519773,-6910.831408250029,12.186676255033944
116,136,156,9244.577024597293,8037.517128546712,8122.5152415385055,-6915.455345487924,-1.1707047822010281
117,137,157,9269.370150888744,8058.958177837112,8107.030403046814,-6896.618429995182,8.229502037177554
118,138,158,9255.475125299981,8048.172949509155,8093.397559720652,-6886.095383929825,2.8686968821307346
119,139,159,9249.004924722018,8074.840634940547,8059.643881012928,-6885.479591231457,8.947186055570455
120,140,160,9251.511382876382,8033.639955422266,8088.865111090052,-6870.993683635936,7.062767436273589
121,141,161,9265.634064904032,8043.552821847021,8093.778873040915,-6871.697629983904,14.984244491782192
122,142,162,9251.789225689174,8040.4328751097055,8087.242001311493,-6875.885650732025,11.38745080311719
123,143,163,9275.933528653477,8061.3525483462345,8092.666185380377,-6878.085205073134,19.50290685715254
124,144,164,9281.225640112098,8083.721553009387,8082.107867191611,-6884.603780088901,22.45042537649806
125,145,165,9285.333776511996,8081.205654652184,8095.277014008116,-6891.148892148305,23.016644660330712
126,146,166,9275.805909022387,8078.973140912111,8078.01108707382,-6881.178318963544,23.739301206858727
127,147,167,9298.065811782386,8109.525632913393,8072.164607813099,-6883.624428944106,27.880751684203915
128,148,168,9314.208566621634,8125.804444924404,8081.013502596748,-6892.609380899519,27.20771303286392
129,149,169,9306.29516972926,8127.599853490045,8075.458257271454,-6896.762941032241,27.269377776709007
130,150,170,9325.741265083625,8145.086223140138,8091.390319415732,-6910.735277472244,28.304242746760337
131,151,171,9299.437849432717,8134.880861988564,8087.877258534087,-6923.320271089933,20.468368905450006
132,152,172,9313.219365351,8149.899381794653,8081.430167844785,-6918.110184288438,24.598132046913634
133,153,173,9336.271962721747,8144.334814821935,8102.722904221665,-6910.785756321853,34.250723109121736
134,154,174,9318.971172656857,8130.951303998116,8103.76028594678,-6915.740417288038,27.539737495670124
135,155,175,9320.277714429805,8121.470260519773,8114.30258623304,-6915.495132323007,29.376646354252898
136,156,176,9317.157324819473,8122.5152415385055,8116.797690901079,-6922.155607620112,31.268420236399834
137,157,177,9276.40346453801,8107.030403046814,8127.096224988805,-6957.723163497609,22.17029658714455
138,158,178,9270.3632568071,8093.397559720652,8129.8496227489195,-6952.883925662471,22.574043241732397
139,159,179,9250.433768214221,8059.643881012928,8141.813357207385,-6951.023470006092,22.09443169639644
140,160,180,9257.24857122016,8088.865111090052,8122.013854532772,-6953.630394402664,24.2669719341543
141,161,181,9242.572098961646,8093.778873040915,8111.943621754892,-6963.15039583416,24.505970431563583
142,162,182,9241.993725202028,8087.242001311493,8120.5805593998575,-6965.828835509323,21.41910489973816
143,163,183,9233.047118288336,8092.666185380377,8085.70430419168,-6945.323371283723,25.04970425766078
144,164,184,9216.048577137311,8082.107867191611,8083.3523553856585,-6949.411645439957,22.489119082429625
145,165,185,9219.846174071019,8095.277014008116,8087.062141658854,-6962.492981595951,18.962137637337946
146,166,186,9201.884777392941,8078.01108707382,8084.169220080267,-6960.295529761146,14.40913173020681
147,167,187,9209.857268573229,8072.164607813099,8097.414643045213,-6959.721982285082,15.42751829347344
148,168,188,9223.80674928295,8081.013502596748,8108.031952156116,-6965.238705469914,11.89528665055741
149,169,189,9248.621247836823,8075.458257271454,8119.7058149664645,-6946.542824401096,27.998335515077997
150,170,190,9248.62211801542,8091.390319415732,8119.442884547907,-6962.211085948218,27.457020225337146
151,171,191,9264.486131518306,8087.877258534087,8145.256275680335,-6968.647402696117,29.41749034742088
152,172,192,9266.113143298619,8081.430167844785,8158.957890867457,-6974.274915413622,27.560274708141606
153,173,193,9266.6012321245,8102.722904221665,8119.527836919469,-6955.649509016635,26.489131796405673
154,174,194,9279.77056306196,8103.76028594678,8136.014677676045,-6960.004400560865,21.18984701812633
155,175,195,9308.291497356266,8114.30258623304,8138.879013145702,-6944.890102022477,23.453677064403564
156,176,196,9321.050513017304,8116.797690901079,8162.477675743685,-6958.22485362746,27.112953030207336
157,177,197,9323.601477205095,8127.096224988805,8173.682255938601,-6977.1770037223105,23.583761142255298
158,178,198,9334.551851885315,8129.8496227489195,8178.185511231743,-6973.483282095347,29.77633196468014
159,179,199,9342.666486077302,8141.813357207385,8167.412162560687,-6966.55903369077,29.572771364015807
160,180,200,9338.754438842952,8122.013854532772,8191.731288674157,-6974.990704363976,27.04623993332507
161,181,201,9337.715897714075,8111.943621754892,8204.122290709312,-6978.350014750129,34.0386375515418
162,182,202,9343.088796610322,8120.5805593998575,8207.83642115557,-6985.3281839451065,31.047044615303093
163,183,203,9323.046835371008,8085.70430419168,8207.785578955172,-6970.443047775845,34.109932860250865
164,184,204,9347.154164268275,8083.3523553856585,8225.895603029201,-6962.093794146585,43.85001492276069
165,185,205,9345.609436966151,8087.062141658854,8227.541055672098,-6968.9937603647995,42.59664559058092
166,186,206,9372.096905569266,8084.169220080267,8246.565998536125,-6958.638313047126,48.17112695910009
167,187,207,9367.82629722495,8097.414643045213,8236.063862856665,-6965.652208676927,48.533845366990136
168,188,208,9364.336222109901,8108.031952156116,8232.010708419966,-6975.706438466181,38.68544172770498
169,189,209,9352.836162852318,8119.7058149664645,8199.628225207754,-6966.497877321901,42.6739502561245
