Left,Mid,Right,Loss,Loss_left,Loss_right,gain,glasso
0,20,40,9319.820620990547,8177.5865640665,8126.493366054525,-6984.259309130477,34.253164893330904
1,21,41,9305.571289648919,8162.288648018514,8127.223361414882,-6983.940719784478,35.121106185111785
2,22,42,9305.885732481403,8152.813608776448,8137.597046423672,-6984.524922718716,33.04992997491081
3,23,43,9301.734625856716,8162.709908907092,8131.90404353078,-6992.879326581155,30.598076559945184
4,24,44,9317.686445336798,8166.620448827427,8145.2723078581275,-6994.206311348757,33.48644275051538
5,25,45,9317.186993589046,8168.745379919033,8150.6310969892365,-7002.189483319224,31.289147037045495
6,26,46,9305.360774577694,8155.188165623969,8135.395874045872,-6985.223265092147,37.605395185912585
7,27,47,9306.272280435436,8170.469283081609,8130.74107465773,-6994.938077303903,30.117076131563408
8,28,48,9322.839058465173,8169.356199794692,8165.557403978798,-7012.074545308316,19.9756579725522
9,29,49,9333.619907479022,8184.295447908336,8169.258923652535,-7019.934464081849,18.22506311111374
10,30,50,9336.989140641808,8181.453220703025,8176.141146516711,-7020.605226577927,21.056519533648043
11,31,51,9333.523956578802,8182.246301231728,8173.654849332246,-7022.377193985172,17.043157237954347
12,32,52,9331.09583762967,8177.35934526307,8179.184051079137,-7025.447558712538,12.82915312256091
13,33,53,9327.05654127234,8171.8007040706525,8173.157020650156,-7017.901183448466,11.610489615969982
14,34,54,9321.345264490556,8165.3631291074635,8174.013940015521,-7018.031804632428,11.725471945975187
15,35,55,9301.649844494914,8153.615100693877,8163.243003555713,-7015.208259754676,15.17814645076669
16,36,56,9300.727755142168,8153.028752250202,8141.661249060564,-6993.962246168598,25.85450819904554
17,37,57,9291.76621006452,8118.803420387775,8143.157120502377,-6970.194330825632,24.61806442459465
18,38,58,9291.909887218599,8146.077885521379,8124.414144093655,-6978.582142396435,29.17814384709982
19,39,59,9272.962373757906,8128.758723573772,8112.9758470386605,-6968.772196854527,31.629863326159466
20,40,60,9272.333239959267,8126.493366054525,8098.006680759765,-6952.1668068550225,44.95655414945986
21,41,61,9293.892215867374,8127.223361414882,8111.796276466259,-6945.1274220137675,42.45564790982644
22,42,62,9315.192343842611,8137.597046423672,8125.674419303289,-6948.07912188435,38.53095321792762
23,43,63,9309.543611633777,8131.90404353078,8122.507483614428,-6944.86791551143,34.717596670489456
24,44,64,9312.322084059058,8145.2723078581275,8095.343297893749,-6928.293521692818,37.19571864517684
25,45,65,9335.934607683232,8150.6310969892365,8077.097502683578,-6891.793991989582,60.83663173966397
26,46,66,9350.533236810847,8135.395874045872,8103.113852523244,-6887.976489758268,64.85886339885656
27,47,67,9376.531382361973,8130.74107465773,8162.106315101566,-6916.316007397323,49.379832539011204
28,48,68,9416.259527233164,8165.557403978798,8170.399732711705,-6919.69760945734,52.862255224879846
29,49,69,9428.134068778085,8169.258923652535,8167.89721635071,-6909.022071225159,58.10322348376849
30,50,70,9449.157343806139,8176.141146516711,8174.409562395278,-6901.3933651058505,59.95690411431178
31,51,71,9450.90473584076,8173.654849332246,8177.534958412832,-6900.285071904318,59.36038098371546
32,52,72,9459.900575220698,8179.184051079137,8168.986340881769,-6888.269816740209,55.313401358122974
33,53,73,9468.379122393346,8173.157020650156,8184.811562762365,-6889.5894610191735,58.04642765119797
34,54,74,9477.814559309656,8174.013940015521,8192.762873595258,-6888.962254301125,60.21442844135936
35,55,75,9453.929467076163,8163.243003555713,8183.7259811026315,-6893.039517582181,58.66320467700052
36,56,76,9447.474396704163,8141.661249060564,8187.5516353848725,-6881.738487741273,59.29861517910467
37,57,77,9451.487785087877,8143.157120502377,8175.172554483667,-6866.841889898169,64.66200521314249
38,58,78,9433.221432491056,8124.414144093655,8171.159169015032,-6862.351880617629,59.71840498057918
39,59,79,9431.646616808823,8112.9758470386605,8166.554597471215,-6847.883827701053,65.47608588013964
40,60,80,9436.121115105729,8098.006680759765,8173.4849149114625,-6835.3704805655,66.9575897038385
41,61,81,9456.548707442327,8111.796276466259,8177.254089260827,-6832.501658284758,70.16623488965115
42,62,82,9457.397758078436,8125.674419303289,8169.280516712169,-6837.557177937022,67.78530255213172
43,63,83,9455.262549775976,8122.507483614428,8174.5558187773495,-6841.8007526158,66.95081821163694
44,64,84,9438.237957213969,8095.343297893749,8178.0828386188505,-6835.188179298631,67.43720276678869
45,65,85,9409.454501223781,8077.097502683578,8168.271854778405,-6835.9148562382015,69.90365118852151
46,66,86,9397.180431602723,8103.113852523244,8160.855711266862,-6866.789132187383,59.94392296262413
47,67,87,9404.329084065554,8162.106315101566,8149.64253486227,-6907.419765898281,41.613143240065256
48,68,88,9373.33563410346,8170.399732711705,8075.584716426666,-6872.6488150349105,49.75661379549865
49,69,89,9334.732439363537,8167.89721635071,8059.306730049263,-6892.471507036435,45.65732953563929
50,70,90,9326.637894075106,8174.409562395278,8073.779583416468,-6921.551251736641,42.613436334310336
51,71,91,9315.202397585424,8177.534958412832,8057.938211990208,-6920.270772817616,44.994017769970014
52,72,92,9317.556098880792,8168.986340881769,8069.8105869724095,-6921.240828973387,34.793215361703005
53,73,93,9313.463666847789,8184.811562762365,8050.607695395427,-6921.955591310003,35.30205838817756
54,74,94,9313.080957315387,8192.762873595258,8059.777223333937,-6939.459139613808,31.821424621303777
55,75,95,9315.58169058576,8183.7259811026315,8069.847125792865,-6937.991416309736,36.49881789823439
56,76,96,9304.131651165724,8187.5516353848725,8064.850377514886,-6948.270361734034,31.449349931996494
57,77,97,9286.46359143672,8175.172554483667,8076.940606386437,-6965.649569433383,31.243449680517642
58,78,98,9279.664646026291,8171.159169015032,8084.836009881157,-6976.330532869897,33.10440476975964
59,79,99,9268.492695417428,8166.554597471215,8066.075686612925,-6964.137588666712,34.83574058649765
60,80,100,9265.292155970074,8173.4849149114625,8068.87024157218,-6977.063000513568,36.69001456427668
61,81,101,9251.587806185184,8177.254089260827,8030.626499971076,-6956.29278304672,38.98292949603683
62,82,102,9251.946922569547,8169.280516712169,8037.801673238111,-6955.135267380734,33.898873798306795
63,83,103,9261.625234832445,8174.5558187773495,8056.759715882505,-6969.690299827409,29.922210217062457
64,84,104,9263.913490311405,8178.0828386188505,8049.198200814091,-6963.367549121538,25.234845373742246
65,85,105,9267.324683692357,8168.271854778405,8064.809475177417,-6965.756646263464,32.6400093460752
66,86,106,9270.367416068488,8160.855711266862,8082.670742886183,-6973.159038084557,33.06057681137463
67,87,107,9247.610810541923,8149.64253486227,8075.956618010807,-6977.988342331155,15.333391850860153
68,88,108,9195.878154504186,8075.584716426666,8088.0479111223285,-6967.75447304481,9.136296767265776
69,89,109,9198.289026116927,8059.306730049263,8099.802174698294,-6960.819878630631,11.688201573458173
70,90,110,9188.203864353392,8073.779583416468,8089.217272900429,-6974.792991963504,14.568041087306028
71,91,111,9187.381542487694,8057.938211990208,8095.514439853159,-6966.071109355673,13.629977362559657
72,92,112,9189.968752751052,8069.8105869724095,8094.896524130299,-6974.738358351657,12.690075640280611
73,93,113,9177.173411293834,8050.607695395427,8092.20012675085,-6965.6344108524445,14.230008765992352
74,94,114,9174.61398927938,8059.777223333937,8084.658433648594,-6969.821667703152,13.699304444116478
75,95,115,9192.760118449049,8069.847125792865,8100.904913729455,-6977.991921073271,18.541803166338013
76,96,116,9188.95047603399,8064.850377514886,8100.2600309788695,-6976.159932459765,15.466584916738157
77,97,117,9199.859422165788,8076.940606386437,8089.587440084978,-6966.668624305628,18.91631445558187
78,98,118,9209.026195756951,8084.836009881157,8091.506471435007,-6967.3162855592145,24.103199101505652
79,99,119,9183.704692254007,8066.075686612925,8095.488715009483,-6977.8597093684,22.87962315746381
80,100,120,9210.503281559277,8068.87024157218,8137.124068388169,-6995.491028401071,21.173608439484724
81,101,121,9211.200093863272,8030.626499971076,8153.834157440015,-6973.260563547819,23.803258571134847
82,102,122,9230.775045750652,8037.801673238111,8161.428513758995,-6968.455141246453,25.25605147772376
83,103,123,9231.966601169866,8056.759715882505,8162.549756255236,-6987.342870967876,16.065375355013202
84,104,124,9230.801302936874,8049.198200814091,8171.0674613847195,-6989.464359261936,7.628802265712238
85,105,125,9233.034468571448,8064.809475177417,8151.224541143236,-6982.999547749205,11.46626990520872
86,106,126,9233.836292868278,8082.670742886183,8147.636619165611,-6996.471069183515,8.503313589776099
87,107,127,9226.415169643826,8075.956618010807,8142.6702328298425,-6992.211681196824,2.615251291869299
88,108,128,9230.110325823816,8088.0479111223285,8135.706736681848,-6993.6443219803605,7.900256699549573
89,109,129,9243.134833062833,8099.802174698294,8143.295349821269,-6999.962691456729,2.8252802847773637
90,110,130,9247.608677263564,8089.217272900429,8145.592851616565,-6987.201447253428,10.961589272633319
91,111,131,9261.059738743497,8095.514439853159,8163.507321773195,-6997.962022882857,10.46378088157735
92,112,132,9261.815857376721,8094.896524130299,8169.533332284645,-7002.6139990382235,13.319655061802223
93,113,133,9264.665603690995,8092.20012675085,8177.125146987351,-7004.659670047207,15.292905142684504
94,114,134,9267.868769926932,8084.658433648594,8176.624855760899,-6993.414519482561,23.2270765382259
95,115,135,9260.219092370724,8100.904913729455,8170.212485177897,-7010.898306536628,18.518668947743663
96,116,136,9268.918807635073,8100.2600309788695,8172.309212327084,-7003.650435670881,20.868630128944005
97,117,137,9275.696821525748,8089.587440084978,8171.707799695372,-6985.598418254602,22.164032931161728
98,118,138,9264.608099456265,8091.506471435007,8161.0249005574215,-6987.9232725361635,24.36941300478884
99,119,139,9262.244901453403,8095.488715009483,8159.357336120252,-6992.601149676331,25.86121190965605
100,120,140,9260.434469235683,8137.124068388169,8116.003991169238,-6992.693590321724,22.97562345346887
101,121,141,9267.31358432618,8153.834157440015,8103.848230743437,-6990.368803857271,15.45197196726167
102,122,142,9290.193058315861,8161.428513758995,8099.068094339181,-6970.303549782315,20.13898528011032
103,123,143,9297.486956504636,8162.549756255236,8104.9334372918,-6969.9962370424,23.245844555830445
104,124,144,9316.427475910017,8171.0674613847195,8122.3217879321255,-6976.961773406829,19.4657576243967
105,125,145,9349.047369589745,8151.224541143236,8148.223291486352,-6950.400463039841,29.614396682094593
106,126,146,9343.50187000121,8147.636619165611,8153.251598235608,-6957.386347400008,24.716668570743877
107,127,147,9349.51186665976,8142.6702328298425,8157.210377264861,-6950.368743434945,29.516911316020924
108,128,148,9388.993330135752,8135.706736681848,8178.283463609701,-6924.996870155797,41.16440030343301
109,129,149,9397.242470175759,8143.295349821269,8173.848210446952,-6919.901090092462,32.639806660110935
110,130,150,9401.686316243735,8145.592851616565,8161.804785287515,-6905.711320660344,33.17648312509118
111,131,151,9382.206367771903,8163.507321773195,8110.095261532313,-6891.396215533605,39.10142213550171
112,132,152,9391.16226985819,8169.533332284645,8083.276446961968,-6861.647509388424,44.077984425779505
113,133,153,9403.947747446513,8177.125146987351,8055.551989253132,-6828.72938879397,51.27565537096325
114,134,154,9395.063995152628,8176.624855760899,8020.932959884443,-6802.493820492713,51.671063969429724
115,135,155,9380.27902120485,8170.212485177897,8037.035716038185,-6826.969180011232,42.84268903562133
116,136,156,9387.277622277103,8172.309212327084,8040.205598069955,-6825.237188119936,39.177788569204495
117,137,157,9384.03092105555,8171.707799695372,8039.198644511794,-6826.875523151615,38.09408845601456
118,138,158,9385.186222221453,8161.0249005574215,8042.805763585537,-6818.644441921506,44.3922586906092
119,139,159,9415.142260405126,8159.357336120252,8068.736834955783,-6812.951910670909,50.90246640467876
120,140,160,9362.777935704227,8116.003991169238,8050.4461118927775,-6803.672167357789,34.14420835791634
121,141,161,9361.195753896918,8103.848230743437,8066.937318924838,-6809.589795771357,25.98420509471225
122,142,162,9324.81887648454,8099.068094339181,8052.929975121224,-6827.179192975866,15.530488702936054
123,143,163,9329.473812850043,8104.9334372918,8085.248766026337,-6860.708390468095,23.893372098687905
124,144,164,9334.713532634078,8122.3217879321255,8084.0344409061345,-6871.642696204182,23.775635659774707
125,145,165,9344.099072010195,8148.223291486352,8104.162429068809,-6908.286648544967,15.729192138049257
126,146,166,9372.620524807964,8153.251598235608,8110.975042671828,-6891.606116099472,24.560825988254237
127,147,167,9378.796519026648,8157.210377264861,8115.1476252421635,-6893.561483480376,30.26212342169174
128,148,168,9365.017559780901,8178.283463609701,8094.836052540049,-6908.10195636885,26.310529833007422
129,149,169,9351.62258386568,8173.848210446952,8084.564146367797,-6906.789772949069,24.94678542276324
130,150,170,9334.491302395296,8161.804785287515,8083.581499310269,-6910.894982202488,21.925718291553494
131,151,171,9293.665964241301,8110.095261532313,8088.29416543319,-6904.723462724201,22.784122760036098
132,152,172,9290.728756005023,8083.276446961968,8102.563975639115,-6895.11166659606,28.327289652379932
133,153,173,9256.797923543387,8055.551989253132,8103.165125190073,-6901.919190899818,18.7338629284759
134,154,174,9244.624141151005,8020.932959884443,8139.566939815664,-6915.875758549102,13.450164194644458
135,155,175,9242.10686772395,8037.035716038185,8129.138120691594,-6924.066969005829,18.4523409474632
136,156,176,9234.854287732172,8040.205598069955,8140.283670200192,-6945.634980537974,10.699006766956245
137,157,177,9233.26370250704,8039.198644511794,8162.046808848792,-6967.981750853545,9.082216236346994
138,158,178,9228.042838698777,8042.805763585537,8172.400796341091,-6987.163721227851,6.4892523513372
139,159,179,9235.626958315119,8068.736834955783,8150.659811323089,-6983.769687963753,10.32682622715447
140,160,180,9228.180544554418,8050.4461118927775,8157.584625948313,-6979.850193286673,14.73096555998427
141,161,181,9241.912784615814,8066.937318924838,8178.077581892385,-7003.102116201409,31.653157846668364
142,162,182,9248.830255829984,8052.929975121224,8171.177909741599,-6975.27762903284,39.32900250427201
143,163,183,9297.301771151942,8085.248766026337,8175.180171175886,-6963.127166050281,34.49793852252924
144,164,184,9285.897513270522,8084.0344409061345,8179.475314288937,-6977.612241924549,36.62886802813273
145,165,185,9287.269610303081,8104.162429068809,8174.898057564173,-6991.7908763299,30.836014614975284
146,166,186,9292.799594251843,8110.975042671828,8154.71897551191,-6972.894423931895,30.45720347048973
147,167,187,9315.449619499948,8115.1476252421635,8171.85120449299,-6971.5492102352055,33.09815612443799
148,168,188,9299.405667358598,8094.836052540049,8169.567102621809,-6964.997487803259,29.242737154309452
149,169,189,9317.220634339106,8084.564146367797,8192.88564436335,-6960.229156392041,39.125468822137464
150,170,190,9316.236329757961,8083.581499310269,8185.920151714949,-6953.265321267256,41.25592283520564
151,171,191,9318.30207748383,8088.29416543319,8187.193094479846,-6957.185182429206,41.43102832311797
152,172,192,9323.464719679328,8102.563975639115,8177.952416369196,-6957.051672328982,39.25649513854296
153,173,193,9327.192086061259,8103.165125190073,8196.650755764975,-6972.623794893789,40.96789195987549
154,174,194,9336.999805691486,8139.566939815664,8187.437490313332,-6990.00462443751,34.9909060158534
155,175,195,9343.594028076437,8129.138120691594,8199.522616813201,-6985.066709428358,37.60267685314648
156,176,196,9352.845488270936,8140.283670200192,8198.881836539516,-6986.320018468772,39.19368727107076
157,177,197,9352.647839752308,8162.046808848792,8194.496513804263,-7003.895482900747,36.67582416776713
158,178,198,9356.980098481908,8172.400796341091,8194.70669183616,-7010.127389695343,37.505003574955026
159,179,199,9353.111201613186,8150.659811323089,8196.324404052324,-6993.873013762228,37.39591802316227
160,180,200,9351.346148886709,8157.584625948313,8185.48439799859,-6991.722875060195,39.96346931388007
161,181,201,9352.591108247003,8178.077581892385,8186.838147104532,-7012.324620749914,35.08018590986558
162,182,202,9343.864929535313,8171.177909741599,8182.809005159709,-7010.121985365995,38.79530419863022
163,183,203,9343.982033136714,8175.180171175886,8183.165029034757,-7014.363167073929,32.36950729604996
164,184,204,9353.321513940347,8179.475314288937,8187.094255023897,-7013.248055372485,28.551495026435987
165,185,205,9353.60406521563,8174.898057564173,8198.592455633907,-7019.88644798245,21.13438789081465
166,186,206,9337.94847172683,8154.71897551191,8198.835066142185,-7015.605569927264,21.092941411729498
167,187,207,9337.74861638088,8171.85120449299,8154.944145186574,-6989.046733298683,35.732722555282635
168,188,208,9341.622020947987,8169.567102621809,8156.588158919809,-6984.5332405936315,37.86704311544827
169,189,209,9342.524509997413,8192.88564436335,8133.738122048736,-6984.099256414673,38.241378504673776
