Left,Mid,Right,Loss,Loss_left,Loss_right,gain,glasso
0,20,40,9300.434077904916,8116.416113749938,8166.308073357554,-6982.290109202575,29.853541761291126
1,21,41,9296.559124805752,8116.0177722533945,8157.845206759279,-6977.303854206921,25.162228562425298
2,22,42,9307.903928984657,8133.399405672276,8158.834190907528,-6984.329667595148,32.70121586108053
3,23,43,9309.690144772194,8133.235732012009,8154.585484068926,-6978.1310713087405,32.75042248073032
4,24,44,9299.369906544587,8121.42293411123,8157.3221840619735,-6979.375211628616,31.257504646870075
5,25,45,9296.326952355126,8133.418747254451,8154.190221170667,-6991.282016069992,27.394909484457457
6,26,46,9291.971543791162,8129.378557176668,8135.040829349769,-6972.447842735277,25.834374976115214
7,27,47,9290.155852859541,8134.14375679279,8129.048733028007,-6973.036636961255,28.8372086461427
8,28,48,9289.08870924951,8134.238473983434,8088.639946395513,-6933.789711129437,28.186434761158125
9,29,49,9292.793282674409,8137.89371967477,8100.8250057747955,-6945.925442775157,27.93947029628407
10,30,50,9271.67081174591,8128.92751108148,8096.821355729813,-6954.0780550653835,38.625149547973706
11,31,51,9273.974025130517,8125.516016980693,8106.647217449302,-6958.189209299477,40.079971372284035
12,32,52,9263.530149542567,8124.175901468112,8094.808960680565,-6955.454712606112,39.27525724354609
13,33,53,9285.004536865563,8119.621531658314,8125.026715696087,-6959.643710488839,38.52676363474984
14,34,54,9264.788073143762,8086.846241262323,8130.231883516599,-6952.29005163516,33.45536599594652
15,35,55,9253.48494889863,8090.45465294293,8125.487148786933,-6962.456852831234,27.475960059943645
16,36,56,9251.688830095092,8107.326102315363,8135.3490100004465,-6990.986282220718,17.02173719070788
17,37,57,9246.391234121911,8111.1922644354,8129.118528432999,-6993.919558746487,11.725579085276877
18,38,58,9248.565725676403,8103.632084964397,8123.081488290835,-6978.14784757883,10.930354442365115
19,39,59,9260.189427700665,8138.5792538207,8087.913499103484,-6966.303325223518,20.046771993602306
20,40,60,9257.135542089623,8166.308073357554,8065.891183623409,-6975.063714891339,21.82618609719566
21,41,61,9260.15300653636,8157.845206759279,8075.391195168704,-6973.083395391623,24.21153046374866
22,42,62,9262.856782805406,8158.834190907528,8050.90499478036,-6946.882402882482,31.695339109538054
23,43,63,9272.35082505089,8154.585484068926,8053.88642636343,-6936.121085381466,32.202196629136324
24,44,64,9286.704000804697,8157.3221840619735,8057.461212195888,-6928.0793954531655,32.34382698362242
25,45,65,9302.15168662694,8154.190221170667,8065.687758003613,-6917.726292547342,31.25860957947316
26,46,66,9297.079941279222,8135.040829349769,8076.867304392152,-6914.828192462699,21.992513965605667
27,47,67,9293.631205676109,8129.048733028007,8074.376489505605,-6909.794016857502,22.27132871156209
28,48,68,9276.577721983002,8088.639946395513,8076.334881332817,-6888.397105745327,13.977825082439722
29,49,69,9306.205083335994,8100.8250057747955,8094.5441220125485,-6889.1640444513505,27.214236885303762
30,50,70,9330.484567977815,8096.821355729813,8109.664022291094,-6876.000810043091,19.80152777324429
31,51,71,9354.692007770458,8106.647217449302,8135.009186597689,-6886.964396276533,26.667284929431844
32,52,72,9361.079997177025,8094.808960680565,8143.607508487236,-6877.336471990777,24.001183754380236
33,53,73,9364.384572770006,8125.026715696087,8112.483354881751,-6873.125497807832,36.00773952055306
34,54,74,9375.659827289439,8130.231883516599,8114.996275368296,-6869.568331595456,32.92837768992649
35,55,75,9366.459908824625,8125.487148786933,8093.302523288776,-6852.329763251084,35.171085322211184
36,56,76,9372.268072683044,8135.3490100004465,8093.492634630796,-6856.573571948198,32.27127964582678
37,57,77,9391.014585121462,8129.118528432999,8126.404526991044,-6864.5084703025805,31.80559442243839
38,58,78,9377.132685239987,8123.081488290835,8120.053434556755,-6866.002237607603,26.492098036460447
39,59,79,9336.419815462377,8087.913499103484,8102.329391572049,-6853.823075213157,20.29743399148674
40,60,80,9303.568845077461,8065.891183623409,8098.581322370148,-6860.903660916096,13.672097553948788
41,61,81,9303.599598442077,8075.391195168704,8093.254265814776,-6865.045862541403,12.972818347011525
42,62,82,9263.231110768895,8050.90499478036,8089.658704598547,-6877.332588610012,3.5029991593451086
43,63,83,9274.691225788396,8053.88642636343,8106.0391826945115,-6885.234383269544,2.4805681533998722
44,64,84,9280.145281448278,8057.461212195888,8108.956331958734,-6886.272262706343,5.419995391230259
45,65,85,9266.8297082504,8065.687758003613,8103.994699632873,-6902.852749386086,2.159335230830038
46,66,86,9272.83434953425,8076.867304392152,8106.360296099301,-6910.393250957202,2.5480319927733035
47,67,87,9264.763229216733,8074.376489505605,8101.968741199511,-6911.582001488383,2.57474055734383
48,68,88,9268.693030276227,8076.334881332817,8099.771554008165,-6907.413405064755,6.3756651042599515
49,69,89,9276.85155656028,8094.5441220125485,8089.81801829374,-6907.5105837460105,21.623180636100642
50,70,90,9266.775458312146,8109.664022291094,8084.49266200825,-6927.3812259871975,7.393828311376637
51,71,91,9255.570225569945,8135.009186597689,8055.696412510006,-6935.135373537751,5.934483931183422
52,72,92,9257.668194413276,8143.607508487236,8047.268904815142,-6933.208218889104,6.238840108122531
53,73,93,9255.50855134922,8112.483354881751,8078.617741055563,-6935.592544588095,2.2960699777613627
54,74,94,9240.081190910703,8114.996275368296,8058.87663481937,-6933.791719276964,0.9126604742732525
55,75,95,9221.464819227076,8093.302523288776,8054.252056028764,-6926.089760090465,-2.965453039005297
56,76,96,9221.300179402613,8093.492634630796,8047.2779843293365,-6919.470439557519,0.056595542044760805
57,77,97,9233.749276066268,8126.404526991044,8054.184965730143,-6946.840216654919,6.6366503911367545
58,78,98,9237.941845270152,8120.053434556755,8086.590920654549,-6968.702509941153,13.923537430073793
59,79,99,9212.153629119515,8102.329391572049,8070.761030932423,-6960.936793384957,15.170643372133327
60,80,100,9219.53124726532,8098.581322370148,8084.9898145444695,-6964.039889649297,16.812656505974246
61,81,101,9194.126053126633,8093.254265814776,8083.17612944412,-6982.304342132264,22.729338383378035
62,82,102,9193.87680638177,8089.658704598547,8083.4974350377,-6979.279333254477,17.990880957841
63,83,103,9205.318030094337,8106.0391826945115,8077.897818042417,-6978.618970642592,10.20953863866589
64,84,104,9222.990937158516,8108.956331958734,8079.921601496464,-6965.886996296682,9.18240000061769
65,85,105,9232.703385077779,8103.994699632873,8090.659690320381,-6961.951004875475,8.770360922523196
66,86,106,9235.457419691977,8106.360296099301,8093.715465488478,-6964.618341895803,9.749323843221646
67,87,107,9235.371593675382,8101.968741199511,8106.918301812466,-6973.515449336595,5.776959265871483
68,88,108,9238.92181584668,8099.771554008165,8113.194394389474,-6974.04413255096,8.442721547994552
69,89,109,9228.054932991587,8089.81801829374,8118.307463414412,-6980.070548716567,11.971001968537621
70,90,110,9222.42450049379,8084.49266200825,8116.469413017771,-6978.537574532233,9.085809296368552
71,91,111,9207.821936984024,8055.696412510006,8114.718933368922,-6962.593408894903,11.85461880208095
72,92,112,9205.95649440452,8047.268904815142,8118.904125394392,-6960.216535805015,12.592305938565005
73,93,113,9206.238800485226,8078.617741055563,8105.573411528161,-6977.9523520984985,7.518947024239878
74,94,114,9202.167130306396,8058.87663481937,8122.92891871196,-6979.638423224935,13.531514041938863
75,95,115,9210.5137285784,8054.252056028764,8136.05654648217,-6979.794873932533,15.675995114720081
76,96,116,9208.11988434428,8047.2779843293365,8134.371195745962,-6973.529295731019,12.274575010227181
77,97,117,9213.188867671139,8054.184965730143,8146.778630496944,-6987.774728555949,14.872473282841838
78,98,118,9210.737315979959,8086.590920654549,8122.621710442241,-6998.475315116832,12.438739954201537
79,99,119,9211.154752420607,8070.761030932423,8134.395361592735,-6994.0016401045505,14.642640034770011
80,100,120,9229.652427283976,8084.9898145444695,8147.191725829222,-7002.529113089715,12.869006853371502
81,101,121,9231.867408186226,8083.17612944412,8146.911926899918,-6998.220648157812,2.946335507431286
82,102,122,9240.673160844224,8083.4974350377,8160.450070691063,-7003.2743448845395,7.502385000321738
83,103,123,9273.379738632946,8077.897818042417,8184.091854823309,-6988.60993423278,24.365448735914924
84,104,124,9274.21569393398,8079.921601496464,8185.5671882632405,-6991.273095825723,20.31525497547682
85,105,125,9278.949969570735,8090.659690320381,8182.416723776652,-6994.126444526299,18.75421163022702
86,106,126,9284.845389303393,8093.715465488478,8190.082039807314,-6998.952115992399,20.361247677001302
87,107,127,9284.483089668338,8106.918301812466,8187.553268793548,-7009.988480937676,18.034826307872663
88,108,128,9287.004103000769,8113.194394389474,8178.932176278263,-7005.122467666968,21.010254185598114
89,109,129,9279.558301148634,8118.307463414412,8161.386528606032,-7000.13569087181,21.648751471871492
90,110,130,9287.080159494548,8116.469413017771,8165.503069064786,-6994.89232258801,23.28537785880235
91,111,131,9296.860413147777,8114.718933368922,8164.174900499076,-6982.033420720221,24.79916639646717
92,112,132,9310.523514000844,8118.904125394392,8173.113883127282,-6981.49449452083,35.60487606220431
93,113,133,9330.427035329747,8105.573411528161,8181.4938543466,-6956.640230545014,47.06094201982751
94,114,134,9342.037204315571,8122.92891871196,8195.841013739473,-6976.732728135861,49.31567334151487
95,115,135,9340.778240886353,8136.05654648217,8175.576588659301,-6970.854894255117,48.70381087428632
96,116,136,9340.489811038962,8134.371195745962,8177.060031854417,-6970.941416561416,46.73470237824222
97,117,137,9339.472663181852,8146.778630496944,8176.848143545012,-6984.154110860105,38.336336885912715
98,118,138,9331.30542403515,8122.621710442241,8191.579167654763,-6982.895454061854,35.85566357678135
99,119,139,9322.307788892791,8134.395361592735,8186.2922181480135,-6998.379790847957,28.978575350034134
100,120,140,9315.459091484883,8147.191725829222,8164.269945958737,-6996.002580303075,30.15994605735432
101,121,141,9331.861903082921,8146.911926899918,8182.814137436778,-6997.864161253776,27.177347335840295
102,122,142,9347.894555498084,8160.450070691063,8185.018234005106,-6997.573749198085,26.821995832765424
103,123,143,9358.4971101282,8184.091854823309,8176.399817544742,-7001.99456223985,29.988220028499654
104,124,144,9352.468086036004,8185.5671882632405,8174.436438708653,-7007.535540935891,22.75774264910342
105,125,145,9368.11425345442,8182.416723776652,8175.417084124463,-6989.719554446696,26.207261209430726
106,126,146,9388.736157935296,8190.082039807314,8177.706652715315,-6979.052534587332,29.01118487927397
107,127,147,9406.155912245042,8187.553268793548,8182.182828095673,-6963.580184644179,34.612223526145954
108,128,148,9404.58179396839,8178.932176278263,8192.243650211134,-6966.594032521009,32.171227590789385
109,129,149,9419.393179699968,8161.386528606032,8221.864140337551,-6963.857489243615,33.59154386620639
110,130,150,9430.69089692318,8165.503069064786,8224.409974384984,-6959.22214652659,36.2211105236529
111,131,151,9445.283712732456,8164.174900499076,8232.791036250559,-6951.682224017179,38.34813782894162
112,132,152,9445.200667598405,8173.113883127282,8216.441818581758,-6944.355034110635,35.71832416822008
113,133,153,9449.364492271865,8181.4938543466,8197.499367417675,-6929.62872949241,38.632187496146344
114,134,154,9454.920863211046,8195.841013739473,8188.618357602923,-6929.538508131351,38.33212397349871
115,135,155,9432.281056236894,8175.576588659301,8182.362274087697,-6925.657806510104,36.89652179200948
116,136,156,9420.839429151569,8177.060031854417,8165.808616229334,-6922.029218932181,40.93779391694079
117,137,157,9427.236985796313,8176.848143545012,8161.525713537723,-6911.136871286422,43.5824005126683
118,138,158,9429.57187624123,8191.579167654763,8157.269457144706,-6919.276748558239,45.9671055347394
119,139,159,9431.469329230094,8186.2922181480135,8150.902549474692,-6905.725438392612,48.81439391630147
120,140,160,9425.726209134758,8164.269945958737,8127.080732727954,-6865.624469551931,56.73910887186594
121,141,161,9439.319416402657,8182.814137436778,8128.791411392906,-6872.286132427027,65.93556853481823
122,142,162,9446.244922321144,8185.018234005106,8132.777449268011,-6871.550760951974,63.328161537785036
123,143,163,9427.412790567336,8176.399817544742,8139.5617361332625,-6888.548763110668,51.46305669817093
124,144,164,9431.429981052417,8174.436438708653,8143.087297891495,-6886.093755547732,56.62545464215509
125,145,165,9403.800002158583,8175.417084124463,8136.090923700222,-6907.708005666103,43.56468260847214
126,146,166,9391.935516169466,8177.706652715315,8117.287535256909,-6903.058671802759,42.522076955815464
127,147,167,9375.666525480276,8182.182828095673,8115.216477872022,-6921.7327804874185,34.351084953840655
128,148,168,9385.651385895368,8192.243650211134,8140.6353057006745,-6947.227570016441,30.954406243306494
129,149,169,9376.271643411503,8221.864140337551,8108.33392879303,-6953.926425719079,26.870174809062064
130,150,170,9357.635014589037,8224.409974384984,8070.350545803484,-6937.125505599432,30.179737392662446
131,151,171,9372.780478213677,8232.791036250559,8103.585961177743,-6963.596519214625,29.40619219537939
132,152,172,9343.31708209109,8216.441818581758,8100.168152105987,-6973.292888596656,19.26392999873633
133,153,173,9340.37274783758,8197.499367417675,8117.390660770639,-6974.517280350734,20.651575328985928
134,154,174,9339.243892873257,8188.618357602923,8128.773953426781,-6978.1484181564465,21.10324052598753
135,155,175,9325.440678292372,8182.362274087697,8136.02862664302,-6992.950222438345,19.698816312071358
136,156,176,9307.371687761437,8165.808616229334,8124.650094403871,-6983.087022871767,14.79963409488846
137,157,177,9295.547867557349,8161.525713537723,8112.8348327033145,-6978.812678683689,15.676881363305256
138,158,178,9289.244386643983,8157.269457144706,8124.561928970169,-6992.586999470892,11.7140537315654
139,159,179,9278.572392871863,8150.902549474692,8130.96023771277,-7003.2903943156,11.922901899873523
140,160,180,9257.570056367767,8127.080732727954,8132.694631968272,-7002.205308328459,17.376021482663873
141,161,181,9256.09746783878,8128.791411392906,8130.506219401422,-7003.200162955549,12.957502514641874
142,162,182,9261.49887724396,8132.777449268011,8125.596753559607,-6996.875325583658,13.673778035727537
143,163,183,9253.71166965581,8139.5617361332625,8123.566405792053,-7009.416472269506,12.79046874247706
144,164,184,9258.780470953203,8143.087297891495,8119.125586116171,-7003.432413054463,15.730946614118238
145,165,185,9256.671615019779,8136.090923700222,8120.306576379602,-6999.725885060045,17.527200489433653
146,166,186,9248.505566835,8117.287535256909,8123.910383877674,-6992.692352299582,17.614622168762253
147,167,187,9254.249029421902,8115.216477872022,8138.99596317864,-6999.96341162876,18.438149529304155
148,168,188,9258.857440454334,8140.6353057006745,8124.748107477133,-7006.525972723473,18.70014049709971
149,169,189,9232.10874428644,8108.33392879303,8115.957092601966,-6992.182277108557,18.810501547246986
150,170,190,9206.232347675726,8070.350545803484,8105.510915742239,-6969.629113869996,18.9384635475667
151,171,191,9205.110155839899,8103.585961177743,8098.088519215125,-6996.56432455297,16.99916275982696
152,172,192,9204.744094319309,8100.168152105987,8093.526025034524,-6988.950082821202,21.907491216103153
153,173,193,9241.384342456397,8117.390660770639,8124.967925565239,-7000.974243879482,25.935117005399206
154,174,194,9246.146942365143,8128.773953426781,8122.198158593757,-7004.825169655396,24.609268573687586
155,175,195,9244.71979498885,8136.02862664302,8120.19678429571,-7011.50561594988,22.477040921275602
156,176,196,9247.84489796595,8124.650094403871,8148.951150169146,-7025.756346607066,27.83733569876722
157,177,197,9248.55828264768,8112.8348327033145,8149.083738228881,-7013.360288284515,35.26257689186741
158,178,198,9267.625200151884,8124.561928970169,8146.757033728596,-7003.693762546882,31.849585779274094
159,179,199,9268.494366601928,8130.96023771277,8134.228045924811,-6996.693917035653,37.81225273406835
160,180,200,9271.475156700784,8132.694631968272,8134.589135668308,-6995.8086109357955,39.99866196167932
161,181,201,9266.8238184051,8130.506219401422,8134.856721142274,-6998.539122138594,33.57061146058686
162,182,202,9274.463492897172,8125.596753559607,8147.036564116101,-6998.169824778535,28.463656080027704
163,183,203,9264.352377983561,8123.566405792053,8142.2299501859525,-7001.443977994444,31.495364267253535
164,184,204,9256.593857861732,8119.125586116171,8137.8185152168135,-7000.350243471254,26.779621139974097
165,185,205,9258.815519557731,8120.306576379602,8130.567880764851,-6992.058937586722,30.755072868647403
166,186,206,9275.363914810994,8123.910383877674,8142.523907256003,-6991.070376322683,30.181789477725033
167,187,207,9286.601576623256,8138.99596317864,8154.363306192314,-7006.7576927476985,27.984461011811618
168,188,208,9271.294881800965,8124.748107477133,8162.172318706851,-7015.62554438302,19.835306531574588
169,189,209,9263.418606085484,8115.957092601966,8169.822445708746,-7022.360932225227,15.176431827102078
