Left,Mid,Right,Loss,Loss_left,Loss_right,gain,glasso
0,20,40,9252.158398725416,8066.218272154087,8156.234630140105,-6970.294503568775,19.420787999342338
1,21,41,9242.144884203086,8036.964403798949,8164.670482321059,-6959.490001916924,10.24612342907676
2,22,42,9243.628867528334,8060.7152717651015,8134.642840924806,-6951.729245161574,12.99359466939768
3,23,43,9231.139293074688,8073.50915399647,8100.6115654581445,-6942.981426379927,11.340270844437327
4,24,44,9232.754283884817,8078.152671359202,8094.822187381673,-6940.220574856059,10.481840860594275
5,25,45,9212.722444488798,8077.993103597805,8065.976213095626,-6931.246872204632,13.65696781283259
6,26,46,9216.429312895234,8078.230898655771,8050.738124692805,-6912.539710453342,7.875056809742546
7,27,47,9220.584779239492,8075.581073039988,8054.0844787484275,-6909.080772548923,8.657600065964289
8,28,48,9223.510327001335,8075.0522005576,8073.8019351567455,-6925.343808713011,8.79365901587289
9,29,49,9226.976558379909,8073.180286960601,8080.203342659695,-6926.407071240388,8.031162941510047
10,30,50,9231.4641019078,8101.319389910613,8069.011383386822,-6938.866671389635,10.56040526513334
11,31,51,9214.115062064966,8117.31007184942,8044.8728012061965,-6948.067810990649,6.46259545025805
12,32,52,9191.354794078297,8112.362504448685,8025.730100978438,-6946.737811348825,2.2183485399700658
13,33,53,9200.054605418267,8119.494936279588,8025.474782614821,-6944.915113476141,8.379190711865249
14,34,54,9188.757272354476,8127.670162152796,8018.064954473692,-6956.977844272013,2.152351273156455
15,35,55,9192.87193287338,8158.474353757843,7966.352848641518,-6931.955269525981,-0.35760910610679275
16,36,56,9165.096982126453,8158.947441839936,7919.40309935235,-6913.253559065832,-9.40713179440354
17,37,57,9198.124679988341,8167.000728786126,7961.827194124006,-6930.703242921791,12.176753465796082
18,38,58,9195.492791814439,8159.0561621593115,7983.164991240469,-6946.728361585341,9.688462078363955
19,39,59,9223.519501690464,8159.138098626994,8019.6780299996935,-6955.296626936224,25.0645516318682
20,40,60,9230.120754620159,8156.234630140105,8037.287753077186,-6963.401628597132,21.73948471896574
21,41,61,9240.994488121016,8164.670482321059,8030.658772436763,-6954.334766636806,17.342329706765213
22,42,62,9220.618538004011,8134.642840924806,8027.323478846656,-6941.34778176745,4.416747053532163
23,43,63,9206.87366830002,8100.6115654581445,8046.501941179922,-6940.239838338046,-4.0545907550254014
24,44,64,9239.983880810534,8094.822187381673,8084.668880536052,-6939.5071871071905,2.0866667753803085
25,45,65,9217.291925012663,8065.976213095626,8082.498210792693,-6931.182498875654,-8.271424597503028
26,46,66,9212.818735284696,8050.738124692805,8076.422715965104,-6914.342105373213,-24.729808739974033
27,47,67,9233.506136194479,8054.0844787484275,8093.900597891114,-6914.478940445062,-21.07160150353411
28,48,68,9252.537189988201,8073.8019351567455,8093.394868063329,-6914.659613231874,-11.007485904010082
29,49,69,9326.501962417295,8080.203342659695,8170.510515782276,-6924.211896024677,0.5537862107653382
30,50,70,9338.050940020496,8069.011383386822,8172.1890227171525,-6903.149466083478,11.147319234902625
31,51,71,9342.955600231053,8044.8728012061965,8199.42656921482,-6901.343770189964,5.47563439364194
32,52,72,9311.658987398667,8025.730100978438,8184.185164038849,-6898.2562776186205,6.998424643639282
33,53,73,9316.228660641966,8025.474782614821,8187.859432943028,-6897.105554915885,9.032533926356791
34,54,74,9316.011096984123,8018.064954473692,8193.567193101284,-6895.621050590853,8.280376982322196
35,55,75,9330.004654758857,7966.352848641518,8206.302610449726,-6842.6508043323865,10.333608065713634
36,56,76,9308.437156241245,7919.40309935235,8214.992118980492,-6825.958062091597,1.6493454614183065
37,57,77,9324.060917931442,7961.827194124006,8199.215366608229,-6836.981642800794,26.429732178947233
38,58,78,9339.676759648506,7983.164991240469,8194.104330018632,-6837.592561610594,26.765426403908805
39,59,79,9333.021519319029,8019.6780299996935,8154.52177423151,-6841.1782849121755,41.823718961335544
40,60,80,9344.662065024724,8037.287753077186,8148.468065289044,-6841.093753341505,39.54716972123606
41,61,81,9325.18122506002,8030.658772436763,8138.39518444457,-6843.872731821313,32.09523803871434
42,62,82,9316.865246570735,8027.323478846656,8140.123590648589,-6850.581822924511,25.971759501894667
43,63,83,9372.864097830088,8046.501941179922,8165.988716776192,-6839.626560126026,35.13673497906757
44,64,84,9374.892699679689,8084.668880536052,8143.366160475551,-6853.1423413319135,34.1823970888513
45,65,85,9373.674568562945,8082.498210792693,8145.752847145337,-6854.576489375084,34.44063151722639
46,66,86,9383.99413332568,8076.422715965104,8159.712765164874,-6852.1413478043,37.89950597670622
47,67,87,9383.821100730294,8093.900597891114,8170.437308937283,-6880.516806098103,38.07510970718795
48,68,88,9364.057600125865,8093.394868063329,8161.526237969059,-6890.863505906524,37.56915645945173
49,69,89,9369.168923455863,8170.510515782276,8117.586376169963,-6918.927968496375,15.635016032890235
50,70,90,9372.754832586026,8172.1890227171525,8123.030193456715,-6922.464383587841,18.885971021940804
51,71,91,9395.45998235582,8199.42656921482,8137.038177836945,-6941.004764695945,23.345528841192845
52,72,92,9402.444369930767,8184.185164038849,8162.447751263735,-6944.188545371817,29.456312638397776
53,73,93,9378.09712980127,8187.859432943028,8155.862450557592,-6965.624753699351,25.07026538236323
54,74,94,9405.730919695858,8193.567193101284,8177.572128059444,-6965.408401464871,27.00212511651216
55,75,95,9416.085307530862,8206.302610449726,8183.776625137254,-6973.993928056116,30.908965764591812
56,76,96,9432.663652236162,8214.992118980492,8193.685438220462,-6976.013904964791,27.653977932900034
57,77,97,9404.735764624878,8199.215366608229,8194.077748311347,-6988.557350294697,30.463120160542985
58,78,98,9392.161489793047,8194.104330018632,8199.845571608184,-7001.78841183377,28.554519060149687
59,79,99,9356.831931848938,8154.52177423151,8206.09313498327,-7003.782977365841,28.565615949428775
60,80,100,9343.687553410822,8148.468065289044,8187.937118842028,-6992.71763072025,35.69501676878963
61,81,101,9344.33506992928,8138.39518444457,8193.245550298025,-6987.305664813315,35.83028365644168
62,82,102,9369.632362612538,8140.123590648589,8218.193174496544,-6988.684402532595,42.824115569271726
63,83,103,9370.572306503242,8165.988716776192,8208.8750380191,-7004.29144829205,34.6269983619477
64,84,104,9352.897394191761,8143.366160475551,8208.595550110276,-6999.064316394066,35.22941400743275
65,85,105,9356.79440618402,8145.752847145337,8207.257495368338,-6996.215936329654,37.68969629092635
66,86,106,9347.150039322387,8159.712765164874,8186.1787716065255,-6998.741497449013,33.37331782743786
67,87,107,9346.977458873003,8170.437308937283,8181.9988504544835,-7005.458700518764,32.71690219107995
68,88,108,9353.385088953764,8161.526237969059,8192.333534801379,-7000.474683816674,35.05203674866607
69,89,109,9333.11884518003,8117.586376169963,8193.995411793672,-6978.462942783604,26.156480679133438
70,90,110,9336.677027511783,8123.030193456715,8207.528321138645,-6993.881487083576,27.503980341935858
71,91,111,9343.861130039782,8137.038177836945,8213.085179416821,-7006.262227213983,22.7855834481511
72,92,112,9350.672324418072,8162.447751263735,8196.546771092138,-7008.322197937801,26.439099879857167
73,93,113,9348.802827075018,8155.862450557592,8199.645627244197,-7006.705250726771,25.376898599499327
74,94,114,9361.14527269088,8177.572128059444,8196.902880018195,-7013.32973538676,26.591549818662315
75,95,115,9351.288458659423,8183.776625137254,8176.044101027682,-7008.532267505514,28.48519285092607
76,96,116,9359.034923397165,8193.685438220462,8186.584878486292,-7021.235393309589,25.561911875026908
77,97,117,9359.040033618516,8194.077748311347,8177.560881540466,-7012.598596233296,25.987371003543558
78,98,118,9355.632480540333,8199.845571608184,8156.378221826133,-7000.591312893985,34.07932486923755
79,99,119,9365.764816657727,8206.09313498327,8171.9830340487715,-7012.311352374314,28.099528554463177
80,100,120,9371.89441107551,8187.937118842028,8201.408815802577,-7017.451523569094,30.175352646691863
81,101,121,9380.295277241334,8193.245550298025,8210.747447286607,-7023.697720343298,29.89875382249602
82,102,122,9380.931571123978,8218.193174496544,8177.002943494109,-7014.264546866676,35.76985226723218
83,103,123,9368.596774891108,8208.8750380191,8173.5848146954195,-7013.863077823411,31.935137692460557
84,104,124,9368.838220550666,8208.595550110276,8176.0972565140355,-7015.854586073647,31.757054206568682
85,105,125,9379.536711874269,8207.257495368338,8176.3989532296955,-7004.1197367237655,32.08899140625135
86,106,126,9372.714588027182,8186.1787716065255,8189.625851803608,-7003.090035382953,30.612345137347347
87,107,127,9362.623751743558,8181.9988504544835,8186.72168499144,-7006.096783702365,31.139425203554765
88,108,128,9369.1191374059,8192.333534801379,8187.260817521037,-7010.475214916516,28.171981001893528
89,109,129,9366.644227552342,8193.995411793672,8180.4116381431795,-7007.7628223845095,27.91304569772001
90,110,130,9368.895117524504,8207.528321138645,8174.324544286938,-7012.957747901079,28.126688386225396
91,111,131,9369.6783353448,8213.085179416821,8171.495275067558,-7014.902119139577,20.0532053877796
92,112,132,9350.629594507318,8196.546771092138,8165.020144023299,-7010.937320608118,19.319798515793536
93,113,133,9348.784923755025,8199.645627244197,8170.190241362036,-7021.050944851209,17.336726621235357
94,114,134,9331.89914736319,8196.902880018195,8133.085781250147,-6998.089513905152,20.638851700023224
95,115,135,9320.563763549482,8176.044101027682,8132.625276437002,-6988.105613915202,15.067988721350503
96,116,136,9308.791479533334,8186.584878486292,8119.488645879141,-6997.282044832098,16.180238532741896
97,117,137,9299.43792997779,8177.560881540466,8118.106800068674,-6996.229751631348,21.53547208284317
98,118,138,9291.500223963381,8156.378221826133,8117.077296343497,-6981.955294206249,28.037806600737895
99,119,139,9287.073169457566,8171.9830340487715,8075.380320737032,-6960.290185328238,26.97720345840162
100,120,140,9294.506442507753,8201.408815802577,8050.603330883904,-6957.505704178728,38.72798298096495
101,121,141,9311.527303602852,8210.747447286607,8044.030446347264,-6943.250590031019,45.558364670618175
102,122,142,9302.25344505158,8177.002943494109,8065.681962519659,-6940.431460962189,38.429814378617266
103,123,143,9308.807618298526,8173.5848146954195,8073.446255912242,-6938.223452309136,37.12506913131256
104,124,144,9342.28957724428,8176.0972565140355,8108.134645000537,-6941.942324270292,41.03822057208163
105,125,145,9358.178531827776,8176.3989532296955,8111.055630311936,-6929.276051713856,40.4229260395623
106,126,146,9375.793273375857,8189.625851803608,8108.137890870921,-6921.9704692986725,42.99740938484865
107,127,147,9391.764559101808,8186.72168499144,8132.348392316431,-6927.305518206063,39.31371076564892
108,128,148,9388.777039850873,8187.260817521037,8129.776278251285,-6928.260055921448,37.03645190755378
109,129,149,9417.89255822648,8180.4116381431795,8162.78122017336,-6925.300300090059,37.65068514128234
110,130,150,9433.522178539823,8174.324544286938,8166.976866644916,-6907.779232392031,33.422244849164144
111,131,151,9432.686002936463,8171.495275067558,8131.935419243266,-6870.744691374361,43.483553407515046
112,132,152,9436.560345967187,8165.020144023299,8142.062096084018,-6870.521894140129,39.64894875915206
113,133,153,9453.00237144875,8170.190241362036,8132.119063471308,-6849.306933384594,47.889392170604424
114,134,154,9435.241133947644,8133.085781250147,8136.352052648846,-6834.19669995135,44.980682657650505
115,135,155,9449.03713728457,8132.625276437002,8148.714407384602,-6832.302546537034,44.113848448958834
116,136,156,9436.32910085455,8119.488645879141,8142.137959871016,-6825.297504895607,39.82391779994123
117,137,157,9428.590023355719,8118.106800068674,8164.991491799966,-6854.50826851292,36.87355425700798
118,138,158,9426.52437618696,8117.077296343497,8153.679413262975,-6844.232333419512,34.71135986761601
119,139,159,9409.208190366171,8075.380320737032,8174.109417836984,-6840.281548207844,32.367594378840295
120,140,160,9414.747688537644,8050.603330883904,8178.654766077164,-6814.510408423424,55.20530358545784
121,141,161,9468.870891455275,8044.030446347264,8210.953166594652,-6786.112721486641,81.79924976038228
122,142,162,9463.476533760033,8065.681962519659,8206.157208026716,-6808.362636786342,73.42347609486751
123,143,163,9467.880003113438,8073.446255912242,8206.498358565821,-6812.064611364625,72.79084441311579
124,144,164,9496.955615039738,8108.134645000537,8230.666045508564,-6841.845075469362,77.71962580458285
125,145,165,9485.08298223997,8111.055630311936,8215.282218202157,-6841.254866274123,75.60743245533422
126,146,166,9471.494867142626,8108.137890870921,8206.150494043259,-6842.7935177715535,69.71707827298087
127,147,167,9466.181005119674,8132.348392316431,8196.982824225075,-6863.150211421833,63.09867420368755
128,148,168,9456.450782240636,8129.776278251285,8193.46156449833,-6866.787060508979,64.73594197783268
129,149,169,9437.820042278661,8162.78122017336,8178.768935007876,-6903.730112902576,53.291728794578376
130,150,170,9414.031660871591,8166.976866644916,8160.519081754847,-6913.464287528172,42.20376219254467
131,151,171,9384.803450321193,8131.935419243266,8171.430078140725,-6918.562047062798,41.595051847911236
132,152,172,9383.031074831735,8142.062096084018,8167.845433552372,-6926.876454804655,37.45299237043491
133,153,173,9370.210224179495,8132.119063471308,8179.539643897259,-6941.448483189073,32.93609736877261
134,154,174,9380.214810865182,8136.352052648846,8183.422968891578,-6939.560210675243,38.37725341834357
135,155,175,9384.347113753985,8148.714407384602,8190.119120297023,-6954.48641392764,34.278079702321975
136,156,176,9379.664372178555,8142.137959871016,8197.082225045122,-6959.555812737584,38.55379819842983
137,157,177,9362.961947567768,8164.991491799966,8188.873985233906,-6990.903529466104,29.4471798560362
138,158,178,9336.849352947138,8153.679413262975,8175.046883881696,-6991.876944197533,22.70840940533344
139,159,179,9328.192118381998,8174.109417836984,8155.175462577195,-7001.092762032182,21.796749701607496
140,160,180,9315.68732782445,8178.654766077164,8138.494204671908,-7001.461642924623,25.94493873833926
141,161,181,9324.152001440598,8210.953166594652,8094.602850119767,-6981.404015273822,24.98971539902641
142,162,182,9327.325695508429,8206.157208026716,8109.145699314025,-6987.977211832313,29.898741653498746
143,163,183,9321.074889958349,8206.498358565821,8105.585485280668,-6991.00895388814,30.149742350368342
144,164,184,9324.423216830124,8230.666045508564,8072.016049075075,-6978.258877753515,34.60228965523493
145,165,185,9316.86530291459,8215.282218202157,8070.797661935912,-6969.21457722348,38.79492887504239
146,166,186,9323.832776741185,8206.150494043259,8082.0753851260415,-6964.3931024281155,43.14253081359129
147,167,187,9321.825968908928,8196.982824225075,8093.627312543912,-6968.78416786006,44.980795081721226
148,168,188,9321.09044594216,8193.46156449833,8097.588136351858,-6969.959254908028,42.31511550927917
149,169,189,9311.145619436165,8178.768935007876,8096.960255591914,-6964.583571163625,47.332307695350664
150,170,190,9303.57013033377,8160.519081754847,8094.914083200785,-6951.863034621863,45.03141777687506
151,171,191,9310.155818094632,8171.430078140725,8097.620682179473,-6958.894942225566,50.38503535640484
152,172,192,9305.035196661067,8167.845433552372,8090.800836361151,-6953.611073252456,49.19169611467942
153,173,193,9316.190800463153,8179.539643897259,8122.36236499459,-6985.711208428696,36.98904904342635
154,174,194,9314.26891667577,8183.422968891578,8100.784359829238,-6969.938412045047,47.92478009194474
155,175,195,9320.651001579377,8190.119120297023,8119.6087091311865,-6989.076827848832,33.6221980791388
156,176,196,9346.584698561903,8197.082225045122,8139.080786230482,-6989.5783127137,40.27357711685363
157,177,197,9347.378282829566,8188.873985233906,8145.56945179,-6987.065154194341,39.524477586272496
158,178,198,9342.242242767934,8175.046883881696,8152.6231950582605,-6985.427836172023,35.728344910849955
159,179,199,9332.827961941672,8155.175462577195,8155.079193961858,-6977.426694597381,34.1101566726029
160,180,200,9306.287286880937,8138.494204671908,8125.438071584318,-6957.644989375289,25.40938343436028
161,181,201,9282.116076558988,8094.602850119767,8128.900308510174,-6941.387082070953,27.520281009672544
162,182,202,9300.076472285476,8109.145699314025,8127.309187707139,-6936.378414735687,32.06692750530419
163,183,203,9316.639928847999,8105.585485280668,8152.4012928679385,-6941.346849300608,38.377071252566566
164,184,204,9298.158664800514,8072.016049075075,8149.377540755651,-6923.234925030212,42.96541799716442
165,185,205,9305.152534474077,8070.797661935912,8143.8922496309115,-6909.537377092747,47.47543900394521
166,186,206,9301.257437134576,8082.0753851260415,8138.143994847314,-6918.96194283878,46.28579280911845
167,187,207,9331.99038892992,8093.627312543912,8175.190240051953,-6936.827163665945,49.47153699267119
168,188,208,9329.664013559595,8097.588136351858,8179.058014976187,-6946.982137768449,46.38799594548527
169,189,209,9329.54196957303,8096.960255591914,8172.230599451692,-6939.648885470575,43.969988271057446
