Left,Mid,Right,Loss_likeli,Loss_AIC,Loss_BIC,Loss_eBIC
0,20,40,149.7401824705912,13.740182470591208,-8.91504539468383,-902.2607192998025
1,21,41,129.6588688963784,-56.34113110362159,-90.02672219654755,-1124.4442906172649
2,22,42,134.15046362961652,-63.849536370383476,-103.16294751435316,-1325.0351035151293
3,23,43,101.8593830917091,-80.1406169082909,-102.1306829262694,-1234.687035926534
4,24,44,134.14161879464314,-53.858381205356864,-77.79592327315754,-1514.7886327526935
5,25,45,101.45563613773447,-76.54436386226553,-94.46352379145651,-1341.4346933927382
6,26,46,133.7467113250359,-62.2532886749641,-65.58952282070277,-1354.707893541312
7,27,47,141.8970807002422,-48.10291929975779,-63.2308858772235,-1294.1983696175407
8,28,48,159.82861256860087,-28.171387431399125,-56.61438617283966,-1182.0541408323388
9,29,49,150.34534696495302,-5.654653035046977,-23.711112844103127,-1020.8507424469553
10,30,50,132.72553199923982,1.72553199923982,-6.656863112631072,-880.5966455334983
11,31,51,166.50411263480396,17.50411263480396,-6.424771154372365,-980.9243264375355
12,32,52,164.7048805948575,-21.295119405142486,-55.3327016993228,-1221.2888217575319
13,33,53,176.1892144803628,6.189214480362807,-26.808563820010477,-1109.6868125793562
14,34,54,157.393075231661,-14.606924768339013,-31.599901974567274,-1137.6880076262246
15,35,55,154.82515427239014,-3.1748457276098634,-14.055856591942074,-918.9673908544655
16,36,56,130.17274656828295,15.172746568282946,1.185966452953835,-618.4533146426947
17,37,57,119.76781090778832,14.767810907788316,-0.07818570355925658,-529.4026642846975
18,38,58,157.22732038873824,35.227320388738235,9.145010729941987,-600.3281515630288
19,39,59,142.89761664618686,10.897616646186862,-12.15472424241807,-669.1807718360988
20,40,60,139.30858125840587,7.308581258405866,-18.900359504240896,-764.8514702704119
21,41,61,211.85171842968634,53.85171842968634,13.311963749717734,-932.3332833852173
22,42,62,221.83685073229094,44.83685073229094,0.036243307759377785,-1038.4233583016526
23,43,63,184.44458547712475,42.44458547712475,14.716023242729534,-792.5734262769247
24,44,64,187.4243330107356,63.42433301073561,34.95999671726554,-802.6489524674844
25,45,65,219.56247459866904,69.56247459866904,37.493778858338146,-937.9518328539439
26,46,66,246.48714893157057,97.48714893157057,64.87143749179495,-788.873455160191
27,47,67,240.27651754730368,98.27651754730368,62.91696963884556,-807.0445072590232
28,48,68,265.3782539181825,115.37825391818251,70.48212076413279,-932.1496340552796
29,49,69,285.7920436936729,113.7920436936729,64.98382553960323,-935.7408611335841
30,50,70,275.38501242100756,106.38501242100756,53.53937342685708,-976.8655041140455
31,51,71,276.9198243026667,98.91982430266671,36.08803063851042,-1038.7013100282497
32,52,72,326.7064640592912,95.70646405929119,8.368250539750306,-1368.2874631033355
33,53,73,392.31378557970675,118.31378557970675,21.090738670251085,-1694.8646977987055
34,54,74,403.41754810091425,103.41754810091425,-11.631507494467087,-2057.4660773698483
35,55,75,426.6096032170692,122.6096032170692,9.207014824845373,-2057.82183515867
36,56,76,491.9662191544621,139.96621915446212,6.945443852145445,-2339.877951222331
37,57,77,499.3931011952136,162.3931011952136,31.002440080763336,-2283.4759289059657
38,58,78,531.7108454801144,175.71084548011436,35.55387494746083,-2431.099151500015
39,59,79,531.8897657906939,169.8897657906939,37.526817297579555,-2436.1762740023705
40,60,80,587.9464992844064,224.9464992844064,84.42362810683426,-2589.945252707694
41,61,81,544.6374710782381,247.63747107823815,139.9737649279473,-2236.9948682012937
42,62,82,487.1251744758547,199.1251744758547,94.90254278571706,-2069.75676119038
43,63,83,441.5600248036985,155.56002480369852,63.41678426929525,-2003.3716402585133
44,64,84,429.54803412993147,133.54803412993147,39.89856413733651,-2268.5967766668778
45,65,85,382.4737042899583,93.47370428995828,16.461766857222983,-2053.515215322106
46,66,86,406.5638607939868,169.5638607939868,95.23785875311569,-1855.605836066169
47,67,87,382.58570525706637,140.58570525706637,71.62725517801778,-1839.3548095901097
48,68,88,306.6367175526011,56.63671755260111,1.116786422488758,-1914.0370658902812
49,69,89,269.67928156709854,48.67928156709854,12.33884479075482,-1499.7662069634198
50,70,90,240.3239114975372,9.32391149753721,-33.493744323750434,-1634.1198268309577
51,71,91,199.52492057213954,-21.475079427860464,-62.73999177871133,-1563.1755763068836
52,72,92,167.36327612476975,-22.636723875230246,-51.08733965486317,-1332.6480939200237
53,73,93,143.5663188684009,-48.43368113159909,-74.33322888070347,-1167.0543928975212
54,74,94,156.39869116195928,-41.60130883804072,-76.75583689865084,-1356.681847066031
55,75,95,127.69765620019916,-65.30234379980084,-90.51729993318077,-1384.1107583918988
56,76,96,153.40283105143726,-70.59716894856274,-106.91271449585565,-1735.625884420917
57,77,97,110.30052561610773,-89.69947438389227,-107.13476084293757,-1609.5022165236787
58,78,98,101.90187315427693,-108.09812684572307,-131.2052218530987,-1649.8406637193684
59,79,99,89.11675580949054,-128.88324419050946,-154.586973930981,-1662.6836689071906
60,80,100,77.24606094040178,-131.75393905959822,-147.77826971487707,-1639.6008019299907
61,81,101,83.65750906886637,-119.34249093113363,-126.65166586840974,-1525.5685963617725
62,82,102,120.07387387285189,-100.92612612714811,-127.4303070973906,-1773.1257956394802
63,83,103,124.84840841807613,-105.15159158192387,-142.374892408199,-1807.0069264511285
64,84,104,225.35518995926782,-36.64481004073218,-94.65185750779074,-2114.0180720637286
65,85,105,233.247849799101,-31.752150200898996,-93.75687428047036,-1973.7867507154601
66,86,106,203.48437085958176,-53.51562914041824,-106.99468195097211,-2111.644898247491
67,87,107,205.22807641929353,-51.77192358070647,-104.86362523191997,-1977.4182956668483
68,88,108,264.5348714544514,0.5348714544513768,-57.77476110560133,-2178.9984656600245
69,89,109,207.82598653006448,-5.174013469935517,-46.51786518508584,-1771.6458232919022
70,90,110,222.0094642031586,-6.990535796841414,-60.69807641005832,-1748.1969160379585
71,91,111,170.70236880806624,-27.29763119193376,-63.49188002338383,-1557.9675841101607
72,92,112,137.4591934419841,-53.5408065580159,-87.9828603834269,-1592.898968145491
73,93,113,154.00576026900558,-18.994239730994423,-53.13904285141871,-1298.3384350815618
74,94,114,111.57847182646083,-31.421528173539173,-52.363215142053605,-1167.3360435025006
75,95,115,115.15475491612506,-26.845245083874943,-49.715081047572085,-1200.9467146973875
76,96,116,151.7718829110131,-2.2281170889868918,-39.736686451007245,-1143.320878514964
77,97,117,129.5797066621153,4.5797066621153135,-22.303054226452105,-811.8828648592635
78,98,118,125.37374723532594,-0.6262527646740637,-28.006879790018274,-798.4866026900772
79,99,119,131.63742615611704,6.637426156117044,-23.711070635249826,-747.8783862960072
80,100,120,123.1494364312116,-2.8505635687884023,-34.39007367749218,-830.1604738407455
81,101,121,130.11536702960257,4.115367029602567,-18.230448278960694,-792.831927796688
82,102,122,190.12413715978346,37.12413715978346,-4.39202273909973,-1260.271461403628
83,103,123,165.20259229952194,32.20259229952194,-8.900933072212183,-931.3545318530155
84,104,124,156.0296750080738,42.02967500807381,9.879660325374061,-788.9451442078077
85,105,125,123.32975081566701,12.329750815667012,-4.884570479845479,-761.411134226174
86,106,126,175.80806196257845,44.80806196257845,18.988235671394023,-849.8552720779667
87,107,127,168.12752772458407,58.12752772458407,32.474434262632485,-773.0124497446416
88,108,128,162.87797832088745,76.87797832088745,57.62849469710386,-661.484760622084
89,109,129,142.65292004881348,43.652920048813485,23.822927681688725,-700.9128968913924
90,110,130,147.03153190348849,36.031531903488485,13.69288179783939,-794.099024395724
91,111,131,118.14005404044792,30.14005404044792,15.093441997310038,-609.1827979474006
92,112,132,128.44433827220382,21.444338272203822,-5.141171911376659,-807.8442264801156
93,113,133,149.09298409833627,18.092984098336274,-13.163267972012818,-1009.8281320117621
94,114,134,152.5146124890514,29.514612489051387,2.2412895129180015,-971.7658198976146
95,115,135,160.66368859457066,35.66368859457066,5.661765393483847,-940.6963641146599
96,116,136,223.92537662590667,60.925376625906665,8.192230734214036,-1138.4206915458437
97,117,137,205.97031176877613,65.97031176877613,22.95521907155444,-890.9512191558467
98,118,138,169.43107199961196,32.43107199961196,-6.317833565038654,-833.7366981283869
99,119,139,189.17733939082586,50.177339390825864,14.245011045700949,-1035.4595315693864
100,120,140,153.58189371396497,35.58189371396497,2.480135254997549,-692.6346481879232
101,121,141,143.70538764338175,43.705387643381755,28.025712803217175,-503.98503408947545
102,122,142,172.5634863190578,87.5634863190578,64.9995593389715,-487.1642137857441
103,123,143,181.65385299387594,94.65385299387594,73.33300760136376,-549.8309559474051
104,124,144,196.11860042243188,105.11860042243188,85.45922765644355,-627.1587916985195
105,125,145,158.31489137219955,63.314891372199554,43.400710036662076,-498.5166415383892
106,126,146,224.8422581928928,125.84225819289281,98.2502226849424,-521.9182210700242
107,127,147,191.8991012214385,108.89910122143851,81.85864041811351,-476.4016906441184
108,128,148,204.73513904288825,119.73513904288825,93.35890256972266,-472.02185936226874
109,129,149,229.36647466987233,108.36647466987233,63.72048368245464,-658.2834842525158
110,130,150,222.63898379395437,97.63898379395437,54.2030687406168,-615.2444977701521
111,131,151,238.50631711304914,129.50631711304914,91.8345959392907,-475.8140238803453
112,132,152,244.89117922698597,136.89117922698597,102.66627657486879,-411.61949199471474
113,133,153,298.28052044636024,156.28052044636024,99.13985293565042,-706.9076408819692
114,134,154,272.7354090205506,138.7354090205506,83.08014384665898,-700.7467975132565
115,135,155,296.05151555045927,151.05151555045927,87.87183906507425,-847.3887787766614
116,136,156,344.5189999009642,171.51899990096422,85.57364631288237,-1105.4699869754725
117,137,157,362.18505069864227,167.18505069864227,88.78248621561556,-1035.4384230767378
118,138,158,355.2594303531039,161.25943035310388,79.68060901624517,-1056.7804214157488
119,139,159,430.581320288351,199.58132028835098,109.67202613769723,-1308.8270680829119
120,140,160,462.13489327605885,206.13489327605885,111.74283982479801,-1269.950991200066
121,141,161,414.8058864610184,181.80588646101842,84.39839043249049,-1149.787219412318
122,142,162,419.5125653599796,191.5125653599796,89.78258824434351,-1234.8097892530918
123,143,163,393.80185592316184,173.80185592316184,83.15264961004686,-1127.584164418014
124,144,164,305.7636440703134,154.76364407031338,111.0630337015848,-744.9709950187585
125,145,165,314.7652115544804,137.7652115544804,69.45449600123197,-683.5403195039924
126,146,166,315.4459142970161,142.4459142970161,78.16866490064353,-694.9453557047475
127,147,167,340.57911620967957,160.57911620967957,87.96151647029455,-794.7002141485104
128,148,168,288.280057508578,129.280057508578,72.80874756913931,-754.5063330074347
129,149,169,294.7701795723842,124.77017957238422,52.60958557037384,-981.7578276210879
130,150,170,249.4832359431325,98.48323594313251,36.90419747939359,-737.285734241493
131,151,171,277.3775870300383,93.37758703003828,20.791920729965113,-1005.8366456420217
132,152,172,269.2379215603953,87.2379215603953,18.78093639732765,-1038.4411415336203
133,153,173,257.60309848810175,85.60309848810175,21.02465185635242,-1048.716195653485
134,154,174,252.28586305862223,92.28586305862223,33.913410543803366,-955.3989042107876
135,155,175,289.2356289994484,109.23562899944841,37.98812466442769,-1191.8742283103068
136,156,176,238.9627556640428,81.96275566404279,23.50821752038246,-1013.7432699770663
137,157,177,238.74310476535925,75.74310476535925,28.751895257828437,-1011.3901716193743
138,158,178,211.51931060382321,56.519310603823214,32.63384570967287,-757.607871852676
139,159,179,168.5119455136064,58.099272463533,53.20379098590274,-475.660228761139
140,160,180,229.83011270901488,81.83011270901488,60.66443117693393,-538.8792694345814
141,161,181,227.92846822613637,90.92846822613637,49.94845885415202,-677.7786898642496
142,162,182,283.07467827352275,139.07467827352275,91.29553230695342,-778.6093736347061
143,163,183,244.07971998654057,99.07971998654057,61.38845139732325,-648.1775723886228
144,164,184,212.26092239871014,111.26092239871014,99.38509067443101,-313.0219473631255
145,165,185,168.10070530480925,51.10070530480925,29.644063881899456,-460.76899788683545
146,166,186,149.77654163194757,20.776541631947566,-2.4636002224274307,-561.6136933391458
147,167,187,159.42364724574577,29.42364724574577,6.913330025901132,-576.2823489506391
148,168,188,144.74872741577065,33.748727415770645,17.11737719450639,-499.5620902584333
149,169,189,187.31624447027002,49.31624447027002,17.83731363865536,-855.8968726685816
150,170,190,197.13298839856884,37.13298839856884,5.731098444959798,-894.7452249392481
151,171,191,185.4819783518435,24.48197835184351,-17.928965323796547,-988.2430203408908
152,172,192,144.5477758987745,13.54777589877449,-13.365596609627573,-986.9529824551937
153,173,193,132.7100616911946,-44.289938308805404,-87.83066537610625,-1169.012846402782
154,174,194,82.45642884717563,-96.54357115282437,-130.51136211225594,-1137.4182679840856
155,175,195,82.37543092358374,-73.62456907641626,-98.61250069107155,-1114.6849087201394
156,176,196,70.39584154011595,-78.60415845988405,-95.60157044346056,-1080.6982699125738
157,177,197,57.74376780428997,-87.25623219571003,-96.83317515166618,-978.9031267943346
158,178,198,69.48082486707699,-84.51917513292301,-83.77321457434573,-889.510575491996
159,179,199,129.98502554696347,-7.427647503109938,-12.3936295974745,-1075.42931392658
160,180,200,165.22976431883149,28.229764318831485,11.465324156462884,-880.4982373569364
161,181,201,179.0185765211761,44.0185765211761,22.8756254966479,-883.7067537685571
162,182,202,188.55936039392827,55.55936039392827,35.06619128224679,-951.2881722909688
163,183,203,112.98519899297435,-18.014801007025653,-36.42566433399156,-816.6864515412431
164,184,204,102.80751830660756,-39.19248169339244,-57.556860983449724,-1102.822734422397
165,185,205,100.17792840815741,-33.82207159184259,-52.708978461323795,-890.7459858364386
166,186,206,94.75914327165242,-41.24085672834758,-61.81664305194272,-858.8896633577097
167,187,207,89.10634977850259,-23.89365022149741,-32.67194180894171,-733.7848219472685
168,188,208,101.3865754940307,-24.613424505969306,-42.6365645937542,-834.0971781671747
169,189,209,169.84945553197645,1.8494555319764459,-31.04908938202925,-1230.419268914607
