Left,Mid,Right,Loss,Loss_left,Loss_right,gain,glasso
0,20,40,9336.924505428286,8164.403512320518,8141.184676585601,-6968.663683477833,36.51838606209276
1,21,41,9304.934477849158,8167.844906790097,8110.305553215185,-6973.215982156125,18.475596929728
2,22,42,9303.766046966157,8167.760916558969,8094.602717588598,-6958.597587181412,21.023035653990974
3,23,43,9307.223780040877,8164.572238650879,8094.382107691361,-6951.730566301363,18.069345432446426
4,24,44,9331.174360706513,8163.015419670059,8150.465422645493,-6982.306481609039,30.332206436916294
5,25,45,9343.222157112723,8169.702292456292,8154.41647996498,-6980.896615308549,42.51697471746502
6,26,46,9345.590115303705,8181.884602245212,8156.84482805557,-6993.139314997077,42.91941038397408
7,27,47,9351.609937868192,8170.63315823217,8163.361746076607,-6982.384966440584,42.20088407377716
8,28,48,9340.53902968115,8147.038659814034,8161.8581255232775,-6968.357755656161,45.18641043610887
9,29,49,9349.279235939513,8148.267870812387,8164.2108149478845,-6963.199449820757,50.18486928437278
10,30,50,9348.92012177762,8146.793282356301,8163.079218689445,-6960.952379268125,48.87876408545162
11,31,51,9341.045672296335,8129.366877983059,8165.025414999844,-6953.346620686567,54.079696114986746
12,32,52,9331.680405729761,8122.917073394586,8158.613964029608,-6949.850631694431,48.46668061865785
13,33,53,9325.146647195495,8130.990446340147,8159.751441257395,-6965.595240402046,50.61811544145394
14,34,54,9343.714004147358,8165.749268265153,8174.240476010571,-6996.275740128367,40.97233925513319
15,35,55,9340.523170277787,8175.775345360468,8146.768486155797,-6982.020661238477,42.404166364572575
16,36,56,9340.180724497295,8172.6759095948255,8142.891497922983,-6975.386683020513,44.69582790343702
17,37,57,9330.946037802356,8165.157424823792,8143.893233423272,-6978.104620444708,35.76662358092199
18,38,58,9326.723071163737,8166.201841489079,8139.07503307056,-6978.553803395902,35.22127400974841
19,39,59,9319.701699789815,8157.365408829044,8143.524350392698,-6981.188059431926,38.28579058570722
20,40,60,9326.382418936379,8141.184676585601,8169.319426997381,-6984.121684646603,44.93589425884329
21,41,61,9347.071827545267,8110.305553215185,8199.956736800214,-6963.190462470131,42.0571478547663
22,42,62,9360.485241755774,8094.602717588598,8208.51858966097,-6942.636065493793,35.637551114684356
23,43,63,9388.230385409614,8094.382107691361,8225.67474836536,-6931.826470647107,34.830837745747885
24,44,64,9401.16733735536,8150.465422645493,8223.962900541306,-6973.260985831439,35.94990989774851
25,45,65,9390.691968781817,8154.41647996498,8185.05551201224,-6948.7800231954025,44.449936466881354
26,46,66,9407.079919836884,8156.84482805557,8177.557069805872,-6927.321978024558,52.23342104601261
27,47,67,9425.889444237368,8163.361746076607,8172.952135670689,-6910.42443750993,49.223173157450674
28,48,68,9437.747957151587,8161.8581255232775,8194.393413388443,-6918.503581760135,50.170707864610904
29,49,69,9438.973908952561,8164.2108149478845,8185.022923883621,-6910.259829878945,51.777835781914746
30,50,70,9445.698099974972,8163.079218689445,8167.979613390768,-6885.3607321052405,56.479630949357215
31,51,71,9463.520733965543,8165.025414999844,8167.442157061674,-6868.946838095975,64.36195502331702
32,52,72,9480.16931695035,8158.613964029608,8177.535135487041,-6855.979782566299,68.78398126743468
33,53,73,9498.47384066995,8159.751441257395,8174.843064334525,-6836.120664921968,72.62119790525549
34,54,74,9471.3093023076,8174.240476010571,8145.568742484825,-6848.499916187797,61.86780854725657
35,55,75,9465.21722085516,8146.768486155797,8148.329519278433,-6829.880784579069,61.10699969704456
36,56,76,9475.180700713943,8142.891497922983,8154.918193762179,-6822.628990971218,62.99479840146341
37,57,77,9492.48293336738,8143.893233423272,8161.212997759982,-6812.623297815873,53.4460748828933
38,58,78,9504.61978123656,8139.07503307056,8178.920612326046,-6813.375864160043,67.12734727536008
39,59,79,9486.119464559742,8143.524350392698,8169.570386788571,-6826.9752726215265,65.02144227067402
40,60,80,9496.533709347457,8169.319426997381,8153.161036507801,-6825.946754157725,68.97593696005788
41,61,81,9523.312469435476,8199.956736800214,8160.021211173913,-6836.665478538651,75.65436459324474
42,62,82,9515.32443276389,8208.51858966097,8153.787463923718,-6846.981620820798,72.09212401882405
43,63,83,9509.242750207006,8225.67474836536,8136.588851708219,-6853.020849866574,76.70084223988033
44,64,84,9505.228913117633,8223.962900541306,8158.214929256259,-6876.948916679932,67.86030427010883
45,65,85,9469.04128800318,8185.05551201224,8157.526713321933,-6873.540937330992,58.20653665826649
46,66,86,9456.673336907807,8177.557069805872,8143.911885749874,-6864.795618647939,52.72332548438817
47,67,87,9440.05513274416,8172.952135670689,8140.852754467542,-6873.749757394071,41.93722138914154
48,68,88,9450.367944702493,8194.393413388443,8145.131041578494,-6889.156510264444,48.40355627110148
49,69,89,9436.811585919459,8185.022923883621,8141.570090047325,-6889.781428011487,46.16206746154694
50,70,90,9425.68224030564,8167.979613390768,8140.767144406764,-6883.064517491892,49.94155144801698
51,71,91,9406.186837685334,8167.442157061674,8137.670724388393,-6898.926043764732,46.56826595606117
52,72,92,9401.2788926077,8177.535135487041,8141.010838056596,-6917.267080935939,44.07729371269579
53,73,93,9399.921279043385,8174.843064334525,8171.328209932443,-6946.249995223583,49.85293710057749
54,74,94,9374.17451635036,8145.568742484825,8163.736069258815,-6935.130295393281,50.448388983998484
55,75,95,9373.932880073608,8148.329519278433,8166.410699079023,-6940.807338283848,51.82286603303555
56,76,96,9374.896181499873,8154.918193762179,8169.219205541502,-6949.241217803807,53.63526755042767
57,77,97,9360.86738633109,8161.212997759982,8177.213608456543,-6977.559219885434,66.32977225159038
58,78,98,9364.815280984038,8178.920612326046,8172.365013773153,-6986.47034511516,45.59884554746668
59,79,99,9362.559694151852,8169.570386788571,8188.806812812772,-6995.8175054494895,38.79264708172286
60,80,100,9322.786528259001,8153.161036507801,8172.328727176273,-7002.703235425073,30.22214927814457
61,81,101,9305.88515102731,8160.021211173913,8153.720487263918,-7007.85654741052,15.869572509923728
62,82,102,9307.762323727868,8153.787463923718,8166.702350167921,-7012.727490363772,13.56498211207554
63,83,103,9294.940064830844,8136.588851708219,8168.579327452995,-7010.22811433037,15.411305014866684
64,84,104,9290.15310002747,8158.214929256259,8142.888489115995,-7010.950318344785,13.04628824429983
65,85,105,9294.290098620342,8157.526713321933,8142.444097201099,-7005.680711902689,13.453230216607608
66,86,106,9285.058051181672,8143.911885749874,8127.848048875079,-6986.701883443282,11.804418862982857
67,87,107,9274.879510481966,8140.852754467542,8125.239968932046,-6991.2132129176225,9.05998799169356
68,88,108,9282.683698150566,8145.131041578494,8116.343775048433,-6978.791118476362,22.955150732851507
69,89,109,9274.404302078978,8141.570090047325,8086.265414573026,-6953.431202541373,31.154913881498942
70,90,110,9278.974821640419,8140.767144406764,8078.108836743835,-6939.90115951018,38.90526815803287
71,91,111,9268.390281180997,8137.670724388393,8061.290473621246,-6930.570916828641,42.42227660620483
72,92,112,9268.754446021305,8141.010838056596,8072.2755787778815,-6944.531970813174,38.98431055204583
73,93,113,9273.175168711205,8171.328209932443,8065.380158161572,-6963.533199382811,44.89800602066771
74,94,114,9261.971194066813,8163.736069258815,8053.916823678862,-6955.681698870863,44.9388776816686
75,95,115,9265.75512233915,8166.410699079023,8067.515844178255,-6968.17142091813,46.48853344249119
76,96,116,9271.92532856574,8169.219205541502,8057.68122485008,-6954.975101825843,49.02525366647251
77,97,117,9258.573556560472,8177.213608456543,8040.58815365092,-6959.22820554699,41.308452451935864
78,98,118,9260.539128473298,8172.365013773153,8040.0493514320315,-6951.875236731887,40.61377920605901
79,99,119,9260.399136549531,8188.806812812772,8024.947062042851,-6953.35473830609,37.763240264028354
80,100,120,9242.36755011054,8172.328727176273,8034.465165064389,-6964.42634213012,34.30143695680454
81,101,121,9233.385309768617,8153.720487263918,8048.395352102761,-6968.7305295980605,23.596125910417413
82,102,122,9239.224652678506,8166.702350167921,8044.931690098397,-6972.409387587813,21.12794384433664
83,103,123,9251.39419199728,8168.579327452995,8058.514941578859,-6975.700077034575,21.32254679500329
84,104,124,9239.767924123415,8142.888489115995,8072.679514350578,-6975.800079343158,20.991500916670248
85,105,125,9243.098135848984,8142.444097201099,8067.377583562343,-6966.723544914457,23.613276174872226
86,106,126,9246.177058633933,8127.848048875079,8077.2364375278685,-6958.907427769014,33.80864689771988
87,107,127,9241.191049158693,8125.239968932046,8065.659840832332,-6949.708760605685,37.8419908777787
88,108,128,9236.247412433262,8116.343775048433,8073.447263942732,-6953.543626557903,55.42891750506669
89,109,129,9224.95151311035,8086.265414573026,8085.4420727561055,-6946.7559742187805,50.31389875797959
90,110,130,9230.405852445532,8078.108836743835,8085.014761362623,-6932.717745660926,51.420246715544636
91,111,131,9211.667093256114,8061.290473621246,8079.208120103422,-6928.831500468554,45.26316335922593
92,112,132,9211.921284769549,8072.2755787778815,8074.112898831721,-6934.467192840053,32.6621382629246
93,113,133,9219.123606283874,8065.380158161572,8083.313608234157,-6929.570160111854,17.037502593755107
94,114,134,9228.496128342615,8053.916823678862,8243.565694910612,-7068.986390246859,20.60361222218671
95,115,135,9237.296556121528,8067.515844178255,8208.53542682693,-7038.754714883657,20.40704058617257
96,116,136,9225.618261797992,8057.68122485008,8109.43876030016,-6941.501723352247,1.6605352737124122
97,117,137,9227.262221911913,8040.58815365092,8127.482732708231,-6940.808664447237,4.539901261416162
98,118,138,9226.69528455278,8040.0493514320315,8122.8422346504585,-6936.19630152971,9.906139582031756
99,119,139,9197.276930008498,8024.947062042851,8119.928187176096,-6947.598319210449,3.1603844020705765
100,120,140,9226.868353430924,8034.465165064389,8154.714267009553,-6962.311078643019,25.727142754854867
101,121,141,9243.054018404931,8048.395352102761,8157.9019085538175,-6963.243242251647,27.58175780059537
102,122,142,9254.557991522048,8044.931690098397,8172.177711089031,-6962.551409665379,27.533056339706036
103,123,143,9263.29789459379,8058.514941578859,8177.281577391208,-6972.498624376276,17.93623904007063
104,124,144,9294.845905305192,8072.679514350578,8166.451698000186,-6944.285307045571,28.853905125843085
105,125,145,9299.61937599364,8067.377583562343,8174.3361524811935,-6942.094360049898,28.023348779502612
106,126,146,9338.371854913557,8077.2364375278685,8198.425313777787,-6937.289896392098,31.131766634503037
107,127,147,9354.321380292658,8065.659840832332,8200.67824828253,-6912.016708822202,35.67996165934801
108,128,148,9337.172242623934,8073.447263942732,8177.019632040563,-6913.294653359362,29.14917460810284
109,129,149,9382.328389709146,8085.4420727561055,8222.045450653506,-6925.159133700465,38.40504482363576
110,130,150,9396.37382544126,8085.014761362623,8228.707683369612,-6917.348619290975,38.56630082135507
111,131,151,9407.507528361675,8079.208120103422,8248.108061488303,-6919.8086532300495,36.41934788235449
112,132,152,9422.83282919052,8074.112898831721,8252.490917744146,-6903.770987385347,37.145486793530836
113,133,153,9417.123469255639,8083.313608234157,8240.159303682245,-6906.349442660763,18.92107583350844
114,134,154,9423.318369311222,8243.565694910612,8206.330790638292,-7026.578116237681,29.835397223530435
115,135,155,9411.864125082251,8208.53542682693,8184.100799859542,-6980.77210160422,43.05761565984858
116,136,156,9425.237677852801,8109.43876030016,8174.605896929579,-6858.806979376937,42.1880222981963
117,137,157,9439.148420993197,8127.482732708231,8164.550494706684,-6852.884806421718,44.38959695050835
118,138,158,9436.010903816647,8122.8422346504585,8162.046050069074,-6848.877380902886,52.95155739142183
119,139,159,9437.721549508404,8119.928187176096,8166.203607047496,-6848.410244715187,61.27523681601906
120,140,160,9451.970379000739,8154.714267009553,8102.453212750521,-6805.197100759335,66.63083845366464
121,141,161,9466.39649269746,8157.9019085538175,8129.386897324926,-6820.892313181283,68.97366875480748
122,142,162,9448.22159434602,8172.177711089031,8118.528843824817,-6842.484960567828,62.52112564094841
123,143,163,9441.646070367202,8177.281577391208,8118.6370645303905,-6854.272571554397,62.69988749526783
124,144,164,9418.635091103839,8166.451698000186,8113.385601784502,-6861.20220868085,55.768535808229444
125,145,165,9418.244872147829,8174.3361524811935,8108.26880852455,-6864.360088857915,53.43973848055248
126,146,166,9407.092566287662,8198.425313777787,8097.261551476147,-6888.594298966273,46.54218785415469
127,147,167,9389.004366420502,8200.67824828253,8089.657647171935,-6901.3315290339615,42.831642530897625
128,148,168,9360.053936606135,8177.019632040563,8091.998966676085,-6908.964662110513,33.82678253699669
129,149,169,9377.039659396307,8222.045450653506,8078.36285880118,-6923.368650058379,29.753627925525507
130,150,170,9375.307283437121,8228.707683369612,8076.226805882701,-6929.627205815192,32.919931933572116
131,151,171,9376.754506544654,8248.108061488303,8044.494180177696,-6915.847735121344,31.293389212266902
132,152,172,9374.196656638447,8252.490917744146,8031.745768266112,-6910.04002937181,34.34636414085344
133,153,173,9351.757133546043,8240.159303682245,8043.303831491579,-6931.706001627781,25.46377266587706
134,154,174,9327.451604230666,8206.330790638292,8057.133176742849,-6936.012363150476,18.178227047718337
135,155,175,9308.710366894798,8184.100799859542,8073.507763367131,-6948.898196331875,18.682163650933944
136,156,176,9268.098775872408,8174.605896929579,8036.961815075123,-6943.468936132294,20.887338608821665
137,157,177,9254.139883411415,8164.550494706684,8053.73836563684,-6964.148976932109,22.621025051964807
138,158,178,9252.608490446868,8162.046050069074,8047.412749247995,-6956.8503088702,6.927737301732122
139,159,179,9274.866113126713,8166.203607047496,8064.393363345169,-6955.730857265951,19.022396105479856
140,160,180,9212.914159891061,8102.453212750521,8053.8475379761485,-6943.386590835609,23.328710921587117
141,161,181,9210.871514512168,8129.386897324926,8040.639597128365,-6959.154979941122,14.09457242009421
142,162,182,9228.896852250082,8118.528843824817,8066.194074071001,-6955.826065645737,23.597049133788005
143,163,183,9228.046943889904,8118.6370645303905,8061.451429075934,-6952.041549716421,31.11198307270979
144,164,184,9221.586686349458,8113.385601784502,8057.695606869385,-6949.494522304429,31.734579543764994
145,165,185,9221.153815477079,8108.26880852455,8058.734020666981,-6945.849013714453,34.21522164997168
146,166,186,9216.406096834513,8097.261551476147,8066.032007835624,-6946.88746247726,29.06066830836653
147,167,187,9201.51368934882,8089.657647171935,8062.213945793156,-6950.357903616272,25.989025035374652
148,168,188,9220.462053447476,8091.998966676085,8080.896410559311,-6952.43332378792,31.291947999477543
149,169,189,9202.07181497356,8078.36285880118,8078.186779272048,-6954.477823099667,19.098940385787046
150,170,190,9207.303228912206,8076.226805882701,8085.47158074269,-6954.395157713185,18.841367653404177
151,171,191,9201.52895367589,8044.494180177696,8103.138341388787,-6946.103567890594,14.554256949614683
152,172,192,9178.196565908393,8031.745768266112,8093.711421941924,-6947.260624299643,9.840639212128735
153,173,193,9194.1726105786,8043.303831491579,8095.950104715403,-6945.081325628382,13.055987581552017
154,174,194,9193.759814550218,8057.133176742849,8092.538255842073,-6955.911618034705,10.907834999400166
155,175,195,9187.181649590839,8073.507763367131,8055.95259983981,-6942.278713616102,12.459078453089205
156,176,196,9163.210495981144,8036.961815075123,8041.124688892487,-6914.876007986466,5.057737575697047
157,177,197,9161.930401094081,8053.73836563684,8050.642155945801,-6942.45012048856,-3.8878558876804163
158,178,198,9209.481632905421,8047.412749247995,8098.720094960281,-6936.651211302855,10.377928942486506
159,179,199,9222.667773902083,8064.393363345169,8110.726091707342,-6952.451681150427,14.079043269116482
160,180,200,9213.654282921612,8053.8475379761485,8109.5893571921015,-6949.782612246638,14.667554879004456
161,181,201,9214.045357863684,8040.639597128365,8117.121463201993,-6943.715702466674,8.914592730965524
162,182,202,9230.323014104086,8066.194074071001,8120.229279861626,-6956.100339828541,16.311237538687692
163,183,203,9226.045733375078,8061.451429075934,8117.786714196304,-6953.192409897161,20.05765720869067
164,184,204,9225.688383635943,8057.695606869385,8119.027799521973,-6951.035022755415,19.099696282617515
165,185,205,9230.55197977306,8058.734020666981,8121.839704989387,-6950.02174588331,21.86113656026373
166,186,206,9232.287675257692,8066.032007835624,8130.076613316317,-6963.820945894249,19.35387767989232
167,187,207,9231.98157444863,8062.213945793156,8139.013518671988,-6969.245890016515,22.118992072637866
168,188,208,9239.34944362226,8080.896410559311,8134.206345927135,-6975.753312864184,21.799788211285886
169,189,209,9235.69965594033,8078.186779272048,8137.339549867142,-6979.826673198859,19.49652129379365
