Left,Mid,Right,Loss,Loss_left,Loss_right,gain,glasso
0,20,40,9326.480482172336,8126.098239130446,8139.786320557253,-6939.404077515364,22.25379804987915
1,21,41,9364.551033107271,8131.4939099945805,8177.654492933392,-6944.597369820702,25.783040861477275
2,22,42,9392.707815272403,8159.325433747713,8192.595892796526,-6959.213511271835,28.03042605445762
3,23,43,9355.242138138467,8140.472834199088,8175.820573742156,-6961.051269802778,25.10663149065749
4,24,44,9346.122899883083,8133.288405576821,8175.006414560909,-6962.1719202546465,18.69215705126635
5,25,45,9341.719596529569,8132.44712601699,8169.572158505926,-6960.299687993349,20.07529819019146
6,26,46,9342.110255123642,8123.152244197245,8168.956087074769,-6949.998076148373,17.789184693069274
7,27,47,9361.775365723133,8173.012395882804,8148.740778105939,-6959.97780826561,17.92607792181343
8,28,48,9373.91814541776,8163.345352487264,8165.352572496396,-6954.779779565899,23.792360660652776
9,29,49,9355.594310567936,8141.8029352417,8139.905449774945,-6926.114074448709,17.742220912346056
10,30,50,9360.466224344676,8154.902146806529,8140.5106364000785,-6934.946558861931,13.697811665771951
11,31,51,9386.610856704187,8171.646759164463,8161.711719898398,-6946.747622358675,15.90876845402181
12,32,52,9379.482360238844,8166.057119914834,8148.767499384379,-6935.3422590603695,11.51668540117953
13,33,53,9374.60938721388,8181.055733790913,8145.4249541590325,-6951.871300736064,10.18376489312459
14,34,54,9373.664741707982,8182.547284846998,8137.824370263954,-6946.70691340297,14.668874220429643
15,35,55,9364.166524390075,8182.4921498602525,8129.49750123332,-6947.823126703497,7.118081319923476
16,36,56,9346.612406281034,8172.370199173793,8112.771007538726,-6938.528800431484,7.716852012772051
17,37,57,9350.877831267997,8161.210413194678,8135.272665678544,-6945.605247605225,11.918757228231243
18,38,58,9361.933844574809,8145.110923262759,8153.494705086428,-6936.671783774378,24.22560980451908
19,39,59,9350.665315741016,8145.606901932086,8144.905399879324,-6939.8469860703935,21.680552017235186
20,40,60,9338.366522167235,8139.786320557253,8134.4176341872935,-6935.837432577311,22.959886550268493
21,41,61,9362.734944083957,8177.654492933392,8122.325099103352,-6937.244647952786,20.278009374718295
22,42,62,9361.330608777826,8192.595892796526,8096.432796766848,-6927.698080785547,21.880340847377738
23,43,63,9356.535898515576,8175.820573742156,8099.927705471141,-6919.2123806977215,22.251581549990078
24,44,64,9367.513012901181,8175.006414560909,8105.627140658857,-6913.120542318586,18.23587331571389
25,45,65,9371.121114395024,8169.572158505926,8122.792272796588,-6921.24331690749,16.444046965333655
26,46,66,9378.579545379123,8168.956087074769,8107.199104458801,-6897.575646154446,22.033775672970478
27,47,67,9346.555725115491,8148.740778105939,8071.813948205414,-6873.999001195862,15.926948331076801
28,48,68,9356.237881770603,8165.352572496396,8062.945418616802,-6872.060109342596,28.379185861561837
29,49,69,9345.416536632272,8139.905449774945,8070.96883258106,-6865.457745723734,19.718279291809267
30,50,70,9380.00346094833,8140.5106364000785,8102.92688885487,-6863.434064306619,18.939629420943675
31,51,71,9348.467805703838,8161.711719898398,8048.449881227528,-6861.693795422087,19.82371864933475
32,52,72,9358.58734840563,8148.767499384379,8065.78015274519,-6855.960303723939,15.784553888332084
33,53,73,9336.551262123234,8145.4249541590325,8046.340309459971,-6855.2140014957695,7.123874382137274
34,54,74,9359.173885733926,8137.824370263954,8084.067833793722,-6862.71831832375,11.588355242885882
35,55,75,9353.05990124113,8129.49750123332,8084.025040455555,-6860.462640447746,8.36239532547188
36,56,76,9340.097435383677,8112.771007538726,8088.383198862337,-6861.0567710173855,5.112308755243248
37,57,77,9367.565945815595,8135.272665678544,8087.737065516361,-6855.4437853793115,11.003670183587019
38,58,78,9369.80778569145,8153.494705086428,8052.656814442098,-6836.343733837077,18.57966629978955
39,59,79,9381.090463926867,8144.905399879324,8071.482508156343,-6835.297444108801,22.777952467385603
40,60,80,9376.281297400286,8134.4176341872935,8071.323722598225,-6829.460059385232,24.63762725686138
41,61,81,9340.331284343934,8122.325099103352,8066.568194480908,-6848.562009240326,17.546077758672254
42,62,82,9315.106958446775,8096.432796766848,8075.919457899816,-6857.2452962198895,12.468416144560706
43,63,83,9314.360634084402,8099.927705471141,8074.81875288079,-6860.385824267531,12.288028979392948
44,64,84,9353.20093522827,8105.627140658857,8098.085923523021,-6850.512128953607,16.21881343161931
45,65,85,9373.6545912537,8122.792272796588,8105.276246554327,-6854.413928097216,21.64732054157639
46,66,86,9367.920253153678,8107.199104458801,8125.195672214275,-6864.474523519399,22.908204530981493
47,67,87,9344.92171972961,8071.813948205414,8120.476036381726,-6847.36826485753,18.452171521425498
48,68,88,9313.406377904847,8062.945418616802,8110.797651941908,-6860.336692653864,13.673763286712074
49,69,89,9322.673019764465,8070.96883258106,8125.31384360333,-6873.609656419925,15.12132920907743
50,70,90,9350.051396464723,8102.92688885487,8116.999772371952,-6869.875264762099,17.319256509000297
51,71,91,9317.722984204825,8048.449881227528,8146.530124693366,-6877.257021716068,21.701891627295936
52,72,92,9308.663550730143,8065.78015274519,8128.214432664489,-6885.331034679537,17.154386650124252
53,73,93,9284.919545068733,8046.340309459971,8126.284088998258,-6887.704853389496,7.344220540408969
54,74,94,9287.950765933418,8084.067833793722,8103.037801855829,-6899.154869716132,3.6659554841944555
55,75,95,9286.61634074473,8084.025040455555,8111.222535729206,-6908.6312354400325,3.1163046534470595
56,76,96,9280.961428324566,8088.383198862337,8107.689738095466,-6915.1115086332375,2.3319358844255476
57,77,97,9267.050068908678,8087.737065516361,8091.153459451803,-6911.840456059486,-0.6960217214805198
58,78,98,9233.892991445915,8052.656814442098,8090.0348615780695,-6908.798684574253,-2.5005678257384716
59,79,99,9243.607222714787,8071.482508156343,8070.21184413215,-6898.087129573707,1.435242652918987
60,80,100,9247.771332895269,8071.323722598225,8085.263712577347,-6908.816102280303,4.1118048921857735
61,81,101,9253.968032858647,8066.568194480908,8094.399589146711,-6906.999750768971,5.777524330691904
62,82,102,9258.29042914987,8075.919457899816,8105.706037235841,-6923.335065985786,9.79277556093939
63,83,103,9260.204015743991,8074.81875288079,8103.100621557737,-6917.715358694535,8.232654729181377
64,84,104,9256.089805186806,8098.085923523021,8078.964388624989,-6920.960506961204,8.752142758258742
65,85,105,9235.518356899911,8105.276246554327,8045.970012340424,-6915.72790199484,11.822032806755942
66,86,106,9234.159908304673,8125.195672214275,8040.932507636086,-6931.9682715456875,2.0510182666857872
67,87,107,9228.466085462063,8120.476036381726,8020.356611541756,-6912.366562461419,7.0175468807856305
68,88,108,9230.181015775068,8110.797651941908,8035.269580611914,-6915.886216778754,10.500220838608584
69,89,109,9234.827128338104,8125.31384360333,8035.191067941268,-6925.6777832064945,6.881179344461543
70,90,110,9208.408544680336,8116.999772371952,8011.440557087713,-6920.0317847793285,-15.662943566770082
71,91,111,9208.642736092148,8146.530124693366,7976.293429157659,-6914.180817758877,-17.315558583280108
72,92,112,9219.604388071337,8128.214432664489,8027.564206376242,-6936.174250969394,-5.041865205014801
73,93,113,9293.5779546929,8126.284088998258,8111.606269712323,-6944.312404017681,6.475014973915222
74,94,114,9283.691125974296,8103.037801855829,8118.293564169453,-6937.640240050987,11.193975327827047
75,95,115,9303.087089269884,8111.222535729206,8127.9118500575205,-6936.047296516843,16.873374353756844
76,96,116,9312.692312129402,8107.689738095466,8141.071636516324,-6936.069062482387,15.795236821208164
77,97,117,9299.938183201006,8091.153459451803,8139.7249970929215,-6930.940273343718,16.09216037117585
78,98,118,9310.503523879444,8090.0348615780695,8149.32714781426,-6928.858485512885,19.427708943081598
79,99,119,9300.376510238408,8070.21184413215,8139.304692705304,-6909.140026599047,16.293191072365516
80,100,120,9302.63700583544,8085.263712577347,8132.8354135632,-6915.4621203051065,19.346380803706325
81,101,121,9313.383041981828,8094.399589146711,8122.336069942425,-6903.352617107308,11.742395172594115
82,102,122,9320.332833409451,8105.706037235841,8117.359825911084,-6902.733029737474,18.77199198301423
83,103,123,9340.690657308303,8103.100621557737,8120.990146716846,-6883.400110966279,29.407595606253835
84,104,124,9321.343837309696,8078.964388624989,8136.752179658439,-6894.372730973731,25.424417815646848
85,105,125,9303.189864189904,8045.970012340424,8140.244074658742,-6883.024222809261,30.3596225806682
86,106,126,9297.663792734691,8040.932507636086,8128.813381474567,-6872.082096375962,22.766825538095873
87,107,127,9273.004883074365,8020.356611541756,8130.664817094594,-6878.0165455619845,23.281194486354252
88,108,128,9274.761261606312,8035.269580611914,8107.223422508896,-6867.731741514497,31.90295704008031
89,109,129,9269.785205457838,8035.191067941268,8127.0086471967425,-6892.414509680171,26.17955286341021
90,110,130,9270.217819015856,8011.440557087713,8136.802976977269,-6878.025715049127,10.185649405993445
91,111,131,9245.283309346829,7976.293429157659,8149.12644234021,-6880.136562151041,-4.828741435580923
92,112,132,9261.159322498048,8027.564206376242,8145.461270408567,-6911.866154286761,9.432493403582612
93,113,133,9269.646456703198,8111.606269712323,8045.91753585185,-6887.877348860975,17.232257408884834
94,114,134,9300.361712447553,8118.293564169453,8085.227595723853,-6903.159447445752,17.173264358384586
95,115,135,9312.177097269903,8127.9118500575205,8093.2190101330025,-6908.953762920619,35.422929051415394
96,116,136,9316.839173358987,8141.071636516324,8088.63426072457,-6912.866723881907,34.273826343026485
97,117,137,9333.364175677616,8139.7249970929215,8133.528333808979,-6939.889155224286,27.948991164301333
98,118,138,9329.523884857867,8149.32714781426,8113.890437328544,-6933.693700284937,31.2944654827088
99,119,139,9340.343973771389,8139.304692705304,8133.818269835974,-6932.778988769889,27.415335796850286
100,120,140,9338.528017039895,8132.8354135632,8138.86851453974,-6933.175911063045,33.51505338741663
101,121,141,9345.686760249628,8122.336069942425,8151.696075177107,-6928.345384869903,27.81487507984093
102,122,142,9350.238296396072,8117.359825911084,8150.547937181394,-6917.669466696407,31.592617900680125
103,123,143,9341.490587038168,8120.990146716846,8131.137499533459,-6910.637059212137,31.308594444148184
104,124,144,9365.752456275748,8136.752179658439,8157.617900516397,-6928.6176238990865,28.82282661040108
105,125,145,9370.948148696523,8140.244074658742,8162.9722777119205,-6932.268203674139,28.019383872765957
106,126,146,9374.923853774557,8128.813381474567,8164.240428219024,-6918.129955919034,28.850812254481752
107,127,147,9379.904561047219,8130.664817094594,8170.458250178267,-6921.218506225641,31.778610873745038
108,128,148,9344.907692032244,8107.223422508896,8153.949313874607,-6916.2650443512575,24.193535183198037
109,129,149,9372.324997411974,8127.0086471967425,8173.2562697133635,-6927.939919498132,24.357106279646814
110,130,150,9368.131291985272,8136.802976977269,8142.825576395857,-6911.497261387854,30.333766264940095
111,131,151,9375.09168979202,8149.12644234021,8144.246399331381,-6918.281151879572,30.829179596866197
112,132,152,9367.300901803836,8145.461270408567,8125.164274096625,-6903.324642701356,30.57846585469224
113,133,153,9302.421431362533,8045.91753585185,8131.4704209938,-6874.966525483118,10.483258895895688
114,134,154,9299.358946171384,8085.227595723853,8107.314868580188,-6893.183518132657,-1.4214139210425856
115,135,155,9324.02174593189,8093.2190101330025,8114.628251417441,-6883.825515618553,13.49360881219718
116,136,156,9359.74913005688,8088.63426072457,8145.540458083318,-6874.425588751008,19.573570383014612
117,137,157,9359.474704350605,8133.528333808979,8089.000128368788,-6863.053757827163,15.779040276062005
118,138,158,9354.114770433342,8113.890437328544,8101.632340060368,-6861.408006955571,9.52562312130567
119,139,159,9356.690042117312,8133.818269835974,8085.075507232348,-6862.20373495101,7.061251896484009
120,140,160,9364.448264565446,8138.86851453974,8065.670486392288,-6840.090736366583,16.166408601015064
121,141,161,9370.99611592857,8151.696075177107,8074.043666752893,-6854.743626001429,15.187504367040674
122,142,162,9367.462069299403,8150.547937181394,8073.222354322789,-6856.3082222047815,24.43341743483188
123,143,163,9341.486250408292,8131.137499533459,8071.495405304515,-6861.146654429682,15.29432243544943
124,144,164,9369.55941980513,8157.617900516397,8095.937143951673,-6883.995624662941,15.546688801301116
125,145,165,9396.959695343267,8162.9722777119205,8134.044666598378,-6900.057248967032,25.219047324420444
126,146,166,9406.076947270016,8164.240428219024,8150.65514610174,-6908.818627050747,28.01328585610463
127,147,167,9423.995134943543,8170.458250178267,8172.9147306801915,-6919.377845914914,30.233317106504728
128,148,168,9417.352526167098,8153.949313874607,8189.601076202292,-6926.1978639098,27.60589766445446
129,149,169,9425.882193760273,8173.2562697133635,8176.522751001343,-6923.896826954433,27.60684893696498
130,150,170,9404.562462617843,8142.825576395857,8179.698879671805,-6917.961993449819,25.974006020365778
131,151,171,9421.271277943943,8144.246399331381,8189.218990509226,-6912.194111896664,33.78624333563948
132,152,172,9404.073787058038,8125.164274096625,8190.392990082409,-6911.483477120997,32.865556922057294
133,153,173,9411.087495595639,8131.4704209938,8194.13141861737,-6914.51434401553,32.48460903475552
134,154,174,9374.774622237648,8107.314868580188,8189.0821530335525,-6921.622399376092,22.797430828531105
135,155,175,9393.561063260919,8114.628251417441,8189.524851776923,-6910.5920399334445,32.30047120275458
136,156,176,9387.813153076042,8145.540458083318,8176.561157954115,-6934.288462961391,23.86070235144234
137,157,177,9346.208741684706,8089.000128368788,8188.876019764271,-6931.667406448352,15.97556032968896
138,158,178,9343.265297137372,8101.632340060368,8177.808823852695,-6936.175866775691,13.193801570864252
139,159,179,9327.423287093457,8085.075507232348,8162.055891922936,-6919.708112061828,16.947585701482694
140,160,180,9320.133398685613,8065.670486392288,8163.181858776275,-6908.718946482948,15.005550908146233
141,161,181,9318.395457533377,8074.043666752893,8163.371892242394,-6919.020101461909,14.104599954202968
142,162,182,9317.703310894964,8073.222354322789,8160.208856969828,-6915.727900397653,17.64651339959937
143,163,183,9318.066430834142,8071.495405304515,8156.965504697477,-6910.39447916785,14.307498870415202
144,164,184,9301.784737594928,8095.937143951673,8128.217611473295,-6922.370017830039,3.207621072364873
145,165,185,9300.36588735719,8134.044666598378,8091.9361270482805,-6925.614906289469,13.246715822681836
146,166,186,9316.373452361848,8150.65514610174,8106.241287827299,-6940.522981567192,17.038170115056346
147,167,187,9325.948029869893,8172.9147306801915,8099.536895013733,-6946.503595824031,14.062602465094642
148,168,188,9355.557464153233,8189.601076202292,8108.742516630884,-6942.786128679942,21.94994986944448
149,169,189,9367.137536548506,8176.522751001343,8138.2606485370125,-6947.64586298985,14.760694556906856
150,170,190,9391.582320035395,8179.698879671805,8162.752665632488,-6950.869225268898,22.086227263859655
151,171,191,9418.358634095974,8189.218990509226,8170.129085386661,-6940.989441799913,33.82064232376024
152,172,192,9417.394337378988,8190.392990082409,8153.106043266576,-6926.104695969996,36.754060092764576
153,173,193,9414.859509558719,8194.13141861737,8159.803039531231,-6939.074948589881,38.99192472675804
154,174,194,9410.771303748039,8189.0821530335525,8159.213310515228,-6937.5241598007415,37.160683221197814
155,175,195,9401.962845719261,8189.524851776923,8152.121429676975,-6939.683435734636,35.61302386172247
156,176,196,9412.749797382321,8176.561157954115,8215.755327044539,-6979.566687616332,26.542747508335196
157,177,197,9430.428779328442,8188.876019764271,8203.895357543899,-6962.342597979728,34.69837300281506
158,178,198,9429.9155629993,8177.808823852695,8211.589866520328,-6959.483127373722,35.81695300646243
159,179,199,9433.00411004154,8162.055891922936,8201.977418396242,-6931.029200277637,39.97765771211107
160,180,200,9426.76094991727,8163.181858776275,8198.141429378044,-6934.562338237049,39.51215781146175
161,181,201,9431.166179084576,8163.371892242394,8196.808371738176,-6929.0140848959945,47.315268236404336
162,182,202,9433.306245133517,8160.208856969828,8216.348862058634,-6943.251473894945,43.15655491173948
163,183,203,9439.178048708829,8156.965504697477,8239.085803936632,-6956.87325992528,41.327665182297096
164,184,204,9424.374811329435,8128.217611473295,8249.917333200983,-6953.760133344844,34.42001672063179
165,185,205,9407.222012843582,8091.9361270482805,8245.947978378492,-6930.66209258319,37.59457280264314
166,186,206,9419.772605680664,8106.241287827299,8253.00298634219,-6939.471668488824,38.2772884765177
167,187,207,9416.883742395741,8099.536895013733,8248.918221988277,-6931.571374606268,34.49728577099131
168,188,208,9412.036490954135,8108.742516630884,8244.234146468783,-6940.940172145532,37.35768564995715
169,189,209,9410.813258059348,8138.2606485370125,8223.721742149131,-6951.1691326267955,20.11427281709075
