Left,Mid,Right,Loss_likeli,Loss_AIC,Loss_BIC,Loss_eBIC
0,20,40,197.1092007955317,81.1092007955317,84.13230363720481,-611.6173862152764
1,21,41,198.58783916818174,70.58783916818174,73.83972049172098,-691.4317606644613
2,22,42,198.08518087984453,94.96562037828926,104.13677653615514,-550.0277104846855
3,23,43,187.9219313376061,56.92193133760611,41.14239465139008,-856.9187796308202
4,24,44,176.37566751839017,49.37566751839017,39.735947916085934,-780.9504997197018
5,25,45,141.7011101929013,18.701110192901297,6.921220764652162,-691.3613877802436
6,26,46,179.74435911556338,62.744359115563384,50.9724928627445,-649.9174675728432
7,27,47,171.87591825770915,51.875918257709145,48.94826989256444,-589.1599274134992
8,28,48,147.88502636116323,13.885026361163227,-2.654741990784487,-921.1189046221143
9,29,49,133.6260331016024,17.62603310160239,10.819879006626934,-826.8447278077347
10,30,50,145.26194792454135,7.261947924541346,-11.426281371621599,-777.4280884381992
11,31,51,128.69537303003926,18.695373030039264,14.183268575165584,-817.25364810466
12,32,52,132.96313893609795,16.96313893609795,11.833881490956628,-698.4041963900004
13,33,53,144.03213735556642,-8.96786264443358,-31.76904866819814,-981.869049324177
14,34,54,165.28191597952855,19.28191597952855,-4.812980322811654,-904.1662896810385
15,35,55,178.2782832088949,30.27828320889489,5.2018078263695315,-936.0844725584179
16,36,56,197.9970079420425,56.9970079420425,25.267551177562837,-803.2471778930139
17,37,57,197.42982834635654,67.42982834635654,42.93737240701307,-778.0635073186731
18,38,58,241.12319293247515,88.12319293247515,64.29542810814723,-933.560287343737
19,39,59,273.1915707901062,113.1915707901062,73.33708745652098,-1069.4314992261552
20,40,60,236.21280830395654,85.21280830395654,60.69931423447656,-935.9841829976485
21,41,61,251.43071730795373,100.43071730795373,73.59749070586395,-942.4447475420843
22,42,62,258.3598950051378,116.35989500513779,90.19069694553536,-889.5358205936141
23,43,63,264.433057937242,106.43305793724198,60.53287477489289,-953.3221626698564
24,44,64,257.22675255257786,106.22675255257786,59.121426711929416,-847.3518958651944
25,45,65,220.78527190394516,90.78527190394516,70.76767222720241,-626.5676707074585
26,46,66,244.9528500522324,116.9528500522324,101.26853561555413,-567.303962724915
27,47,67,261.82102860203236,139.82102860203236,116.27730438131812,-639.7472287472629
28,48,68,330.2185840498996,176.21858404989962,125.54021825724021,-900.1976211960468
29,49,69,313.08748674055323,164.08748674055323,117.75281084014023,-839.8738875654608
30,50,70,308.5811000761539,124.58110007615392,88.64994512179055,-955.4083848156947
31,51,71,344.24530434995813,155.24530434995813,103.41084860571073,-1131.0505025131997
32,52,72,306.81033785631325,140.81033785631325,103.02263862389395,-1035.913427767934
33,53,73,321.97288141120043,135.97288141120043,74.16306777849786,-1144.7369594118259
34,54,74,339.7284625454208,143.72846254542083,73.5483599113827,-1149.3482657246955
35,55,75,351.8851141524933,159.88511415249354,89.14474118470275,-1250.0053013902548
36,56,76,361.3259346289558,153.3259346289558,84.44635768703483,-1150.5818860772015
37,57,77,357.9740733391959,160.9740733391959,95.33404374083739,-1083.9798447438138
38,58,78,385.59006900000827,163.59006900000827,80.69952711637143,-1204.3817966373413
39,59,79,398.90791485520526,154.90791485520526,86.1805879155404,-1228.729715174511
40,60,80,390.12193241216005,182.12193241216005,103.69009874494918,-1076.6403222736644
41,61,81,398.1173496275369,184.1173496275369,100.5886885796665,-1238.3092179715268
42,62,82,377.1885869713183,163.18858697131827,93.06049112070173,-1100.0474073998525
43,63,83,378.9210657576273,158.92106575762728,71.80570005163372,-1172.7622466649063
44,64,84,368.02385748787196,155.02385748787196,67.53444345143794,-1161.5886563999459
45,65,85,346.6558207315827,139.6558207315827,71.59846799517186,-1170.3229896123926
46,66,86,365.7271722088658,132.7271722088658,69.420991145269,-1254.691861257259
47,67,87,373.0523426818165,131.05234268181653,55.68735653003773,-1555.8137397085488
48,68,88,394.42698758386564,177.42698758386564,100.8155985487706,-1355.3525138500322
49,69,89,377.72829599096485,157.72829599096485,99.47728332777046,-1297.876107176171
50,70,90,280.5903234481905,87.59032344819047,62.935263440038625,-937.6525792065531
51,71,91,282.23109230594196,90.23109230594196,49.0863513978436,-1062.8124065513348
52,72,92,251.0047494179032,89.00474941790321,45.98644063827851,-940.8052287928558
53,73,93,225.7754809929911,90.7754809929911,55.39371247990266,-837.657514007718
54,74,94,211.02974456212291,68.02974456212291,32.05884228451123,-888.4704737958155
55,75,95,234.57214862699948,73.57214862699948,44.82619611743144,-1005.0508568881073
56,76,96,219.3295306382622,54.32953063826221,40.756789957632236,-968.9793881123032
57,77,97,196.8655635396035,37.8655635396035,38.956962394171114,-941.5669098606863
58,78,98,181.0637541413098,30.0637541413098,28.384488876885143,-754.056712059757
59,79,99,172.34929174801232,2.3492917480123197,13.492002547621496,-795.8895518648278
60,80,100,169.79538764782433,42.79538764782433,30.885981691204506,-764.8407288510316
61,81,101,169.92311122677802,41.92311122677802,32.478884505927454,-809.2169221755476
62,82,102,145.0549958045426,42.054995804542614,47.81808274607647,-469.0899909776699
63,83,103,124.57951241838714,21.57951241838714,38.208164237641995,-603.646613480958
64,84,104,115.54267945486345,-0.45732054513655385,30.128777184037972,-567.8865147038359
65,85,105,151.24586456962697,15.245864569626974,-3.8310321742967517,-801.8326161811715
66,86,106,165.55164443550575,15.55164443550575,-2.8347333946617255,-796.3533033546028
67,87,107,188.77576570878773,28.77576570878773,2.4409986333198503,-1012.4139082832025
68,88,108,209.47793640860368,52.47793640860368,39.29967082308258,-1009.7009542649744
69,89,109,182.1628789072504,-2.837121092749612,-7.575758302371696,-1125.7465715323783
70,90,110,176.15322082742819,33.153220827428186,31.406160566953076,-811.1601103777739
71,91,111,187.97829244253785,46.97829244253785,17.19767988358899,-873.208212763227
72,92,112,187.9233776018932,58.92337760189321,30.395725756497995,-794.6258694050512
73,93,113,179.04223469745352,49.04223469745352,30.982388507396536,-758.8264220877018
74,94,114,176.7856490686895,18.78564906868951,-21.849560721218495,-965.2321613699414
75,95,115,187.4652665474075,35.46526654740751,8.044157356895766,-944.0206854251473
76,96,116,219.0826589047831,59.0826589047831,27.532186601823014,-1102.0739148764105
77,97,117,182.6517543685029,39.65175436850291,28.08051950350091,-1026.3872424337005
78,98,118,188.294435396258,58.294435396257995,42.32796729873553,-761.6810729854142
79,99,119,188.13002327364848,41.130023273648476,21.39547575238953,-938.5772137979557
80,100,120,190.69369453939657,67.69369453939657,44.92582823690327,-834.4387002556791
81,101,121,143.85696119385966,33.85696119385966,30.296048281712046,-666.5327410136288
82,102,122,150.18040875162524,50.18040875162524,33.01906040147014,-591.6410091902626
83,103,123,165.67109241891285,62.67109241891285,55.57440984967002,-611.9150028507011
84,104,124,149.68835214818546,34.68835214818546,32.49599916489433,-691.7159684793478
85,105,125,150.46645985461691,52.466459854616915,40.17840064841994,-595.5249708641845
86,106,126,140.81871281643726,53.818712816437255,44.46857076427614,-514.2896131211032
87,107,127,167.82847455758474,95.82847455758474,87.94108528448601,-324.1331205609854
88,108,128,190.04602759245108,114.04602759245108,115.10066017662007,-215.85469109388805
89,109,129,193.351564803796,90.35156480379601,74.65205586112552,-480.33818473435986
90,110,130,212.48104389347623,116.48104389347623,103.16642818878108,-545.4239788979239
91,111,131,191.30427616072848,115.30427616072848,107.61835212003484,-539.4771977951809
92,112,132,202.29011171929938,127.29011171929938,118.7157594542623,-528.6736377293175
93,113,133,188.693407510651,116.69340751065101,119.33871054012752,-379.22787752125237
94,114,134,208.96069936631193,132.96069936631193,121.71358431287831,-449.98761531817445
95,115,135,252.43621832010172,189.43621832010172,174.95634245129781,-301.3054418422664
96,116,136,260.16033505445375,194.16033505445375,174.57212905482447,-319.73351234523307
97,117,137,244.71825027127556,187.71825027127556,169.98620172825417,-188.996032694316
98,118,138,234.5455285283531,173.5455285283531,157.5959696614434,-150.0077428397492
99,119,139,225.5846656540175,171.5846656540175,159.63564404269255,-211.31436127833126
100,120,140,234.21983641130737,184.47045407711494,176.52625176253036,-209.38975280139084
101,121,141,254.34267173452758,187.34267173452758,173.69872244095086,-255.74106630164874
102,122,142,273.0666854829308,204.06668548293078,187.74056821771114,-322.44777674947113
103,123,143,245.24119698042955,184.8094626008201,171.4837491777473,-243.92510451206658
104,124,144,207.48427982919338,148.48427982919338,134.89246947281913,-288.5675209072217
105,125,145,239.22978133785978,167.22978133785978,142.82034796915514,-370.5339596740805
106,126,146,245.73089201775156,175.73089201775156,150.01946313296799,-373.0503409807584
107,127,147,240.0871611220557,165.0871611220557,140.11036187602735,-294.01842450952677
108,128,148,262.1880722170058,200.1880722170058,182.64834751289345,-143.75685413835754
109,129,149,211.98625029085838,159.98625029085838,143.4546981160138,-155.3623843346636
110,130,150,218.28878982402648,171.28878982402648,160.1563469567336,-72.67647133694368
111,131,151,228.66695058587106,159.95343061970152,140.54198567340632,-196.799888507197
112,132,152,236.75738062641722,158.75738062641722,134.5703462102424,-242.11035863741358
113,133,153,200.69603553473735,127.81098695400874,106.03222933436882,-225.81554166864134
114,134,154,186.6431385876965,128.81400013436837,118.60420905306523,-115.19803256043747
115,135,155,227.29765643463065,149.29765643463065,130.89840624289332,-163.83248566034445
116,136,156,277.04595721650367,176.04595721650367,136.00183273744074,-342.93586660532105
117,137,157,287.3832979831277,184.80230125355183,136.23389804590784,-407.17618390068696
118,138,158,317.2844895396752,182.28448953967518,126.94280705575329,-556.5205104678948
119,139,159,361.25068986017413,214.90679321632888,153.92173889419746,-656.0662903605962
120,140,160,342.88952473996346,193.14014240577103,126.36738422464714,-801.780063677973
121,141,161,333.5729894291212,190.97021941711205,116.12474972516225,-717.922192014445
122,142,162,351.4351857574841,195.43518575748408,121.85748878043364,-754.886140343682
123,143,163,345.34327770565096,203.91154332604128,139.3521452479058,-751.7965427107445
124,144,164,316.8196235368248,176.8196235368248,131.96774826655724,-719.3029868717597
125,145,165,318.6870354011003,184.68703540110027,132.61187144740734,-790.1265679169474
126,146,166,341.05967623889796,188.05967623889796,127.13539528433671,-867.1942600501857
127,147,167,304.37257309376014,176.37257309376014,128.16140717392818,-635.1255930834513
128,148,168,339.3366422479287,208.3366422479287,168.6981292736416,-638.2899503682406
129,149,169,315.7434177618775,189.74341776187748,151.06134371517578,-577.9799148826842
130,150,170,276.3598888005238,170.35988880052378,145.0886305745969,-491.4069860151094
131,151,171,308.391430454099,157.67791048792924,128.71474506473282,-786.6663789091363
132,152,172,293.9451888450394,145.9451888450394,117.65158463796342,-774.2702482539703
133,153,173,263.35271195937867,121.46766337865029,101.94336077365278,-797.5031410111778
134,154,174,255.39428360534998,108.56514515202184,83.15132123113881,-775.8036932998616
135,155,175,282.8651230044111,99.53844049758095,87.5034298166704,-944.4644048454652
136,156,176,277.69369088901203,92.69369088901203,56.18332169467226,-1130.2658821941777
137,157,177,274.05554580694024,85.05554580694024,38.92441078546108,-1100.7751729519864
138,158,178,263.0631376495867,75.06313764958668,31.024113220580148,-1070.8745462720121
139,159,179,280.0385335984238,56.03853359842378,7.701716612090877,-1455.601915475811
140,160,180,253.7857122180037,11.78571221800371,-51.55230836709893,-1912.6993382173778
141,161,181,234.21414775709263,6.214147757092633,-52.79584536076891,-1609.7678283569535
142,162,182,226.4522898368466,3.452289836846603,-39.33086612678039,-1535.4234764934313
143,163,183,242.37779017287812,23.37779017287812,-15.40351262313925,-1822.2343762958744
144,164,184,167.5351184373426,29.53511843734259,32.1482676708456,-1042.4646288346767
145,165,185,156.48148411189322,25.481484111893224,29.913440648112328,-1135.3223937245675
146,166,186,127.38432404373998,-24.61567595626002,-28.690415767501918,-1096.7693032832376
147,167,187,139.11052023437583,6.1105202343758265,3.3367430847424657,-904.5186960867286
148,168,188,157.07818303156182,-4.921816968438179,-21.87108525201529,-1015.4937545222751
149,169,189,139.7964071447659,-16.203592855234092,-17.873733308337705,-996.531947728492
150,170,190,175.76736519069163,13.767365190691635,2.8249327149858345,-935.9492072481153
151,171,191,187.25853780125362,54.258537801253624,62.54791859659667,-729.9838928467625
152,172,192,265.0920934431965,127.09209344319652,121.47638664652368,-620.4707089912099
153,173,193,234.94906522087172,96.94906522087172,95.06920296155522,-683.7224615643026
154,174,194,198.54833156563768,60.624595735362846,61.02563913240101,-735.8282899324176
155,175,195,227.5599277809356,51.342437706205146,65.61728095699982,-890.6036498913677
156,176,196,250.98077863297976,83.98077863297976,69.24224183708543,-978.0613424327221
157,177,197,255.96219559485303,77.96219559485303,41.03942614601169,-1133.1863554113806
158,178,198,209.87565507674594,65.87565507674594,39.48404517914946,-907.3007235832943
159,179,199,213.83641092852054,53.836410928520536,26.53176886511892,-1149.7920861699395
160,180,200,264.2221976998096,65.22219769980961,6.930485058972863,-1570.6126526319954
161,181,201,274.90104568067295,82.90104568067295,36.914583105789006,-1379.3943152093143
162,182,202,328.6758244852681,145.6758244852681,99.94901555569913,-1289.3477693192713
163,183,203,314.90608740554626,131.90608740554626,85.23688561229369,-1352.3647808268606
164,184,204,275.2788216615636,179.2788216615636,162.89798346528937,-517.5393924381483
165,185,205,269.1844617043089,178.0131509398543,173.44268743131693,-463.1274203031876
166,186,206,263.8450135259675,148.8450135259675,128.27442651765773,-506.65977134441437
167,187,207,247.36949854816203,143.36949854816203,140.03538657799163,-540.2049509167277
168,188,208,235.66190676749488,140.66190676749488,127.3288356211176,-647.8934339503248
169,189,209,249.75324091817447,157.75324091817447,160.27688595462223,-483.97842318194944
