Left,Mid,Right,Loss_likeli,Loss_AIC,Loss_BIC,Loss_eBIC
0,20,40,243.16279488084456,74.16279488084456,47.17531369100334,-985.5751655066961
1,21,41,224.1862370929939,61.186237092993906,36.854196610334384,-1027.1971985064965
2,22,42,222.62037995474338,47.620379954743385,19.95537941046382,-1210.8118831730794
3,23,43,229.07860415527966,50.07860415527966,8.802214141613604,-1340.2950821243062
4,24,44,226.4094850050235,53.4094850050235,20.797126715877994,-1214.755963683875
5,25,45,167.00454305657377,24.004543056573766,19.254429577806604,-840.3764654486445
6,26,46,193.51510333418742,57.515103334187415,47.33348401156377,-764.0075144071507
7,27,47,183.2190333781059,59.219033378105905,63.34561584416747,-612.1214067257747
8,28,48,278.10622158687806,120.10622158687806,82.91323995265543,-1052.0747252639858
9,29,49,247.93967949938246,104.93967949938246,74.64050559330872,-936.5910741692196
10,30,50,216.33064212996692,94.33064212996692,75.87295145733015,-835.2015427747156
11,31,51,225.38142341764978,111.38142341764978,111.29871043789217,-724.8741648164137
12,32,52,249.1071733323929,134.1071733323929,122.8453175233119,-726.4175653900065
13,33,53,240.7370456795743,144.7370456795743,142.22751516776134,-672.1769095984132
14,34,54,265.1079439605753,169.1079439605753,161.4738230966184,-724.3300541410194
15,35,55,231.51891321661492,118.51891321661492,94.77893345117923,-719.6026343255244
16,36,56,173.4343863474985,95.4343863474985,86.05958285269048,-466.5691284727923
17,37,57,177.6078426939671,74.60784269396709,62.77835995572195,-436.51723384218394
18,38,58,219.30126320000386,99.30126320000386,67.51524102359667,-594.245737600404
19,39,59,205.68324004939154,89.68324004939154,68.24051747839326,-640.8915568927277
20,40,60,222.7933331824861,98.7933331824861,83.10277275011686,-566.0052543191737
21,41,61,219.86370498548263,98.86370498548263,89.29972487935242,-547.3914583744145
22,42,62,257.32870521931227,129.32870521931227,92.44760302324153,-798.1221999369936
23,43,63,265.589769181757,140.81220893577597,109.46264548284739,-766.1051527551926
24,44,64,281.48700691653903,143.6275267943679,102.7305297481048,-818.1095611156861
25,45,65,308.04543762429375,181.14784763182865,151.87281458714097,-703.70846605715
26,46,66,306.64121082165366,190.76787131993115,159.374653573964,-599.3910794728054
27,47,67,297.8128582658321,184.48910237102564,149.2825303517816,-701.8633880348873
28,48,68,291.92748983219394,187.93885006606956,157.65911209423734,-725.3316592532547
29,49,69,299.1247590964149,198.98351587361412,167.70915076549772,-655.0899910335102
30,50,70,301.31937210273327,200.69533495506766,169.9262802454807,-642.6763044188397
31,51,71,307.32062537285947,181.06754944657473,152.34301255100172,-792.7570282119636
32,52,72,323.89900214115187,198.31512775939154,161.82886058114673,-720.9188843883853
33,53,73,305.37911053288235,204.37911053288235,167.55856554183129,-600.9258871076049
34,54,74,294.64938259992846,188.64938259992846,159.771644289267,-580.516001748563
35,55,75,321.6064910521834,198.6064910521834,147.30272535046925,-633.4766931827482
36,56,76,287.2311172868315,186.23111728683148,141.26609176783222,-453.0502490490903
37,57,77,267.8347874925855,166.83478749258552,124.15104327076165,-420.3208909967443
38,58,78,252.7874287608779,153.7874287608779,108.0959510754567,-367.8139135072995
39,59,79,236.79731329086667,151.79731329086667,111.70942046623395,-309.45465482882196
40,60,80,221.74683886749153,145.74683886749153,113.88398588631753,-186.55175709306945
41,61,81,228.42611836666333,143.42611836666333,115.66545705152384,-235.6741360352603
42,62,82,201.8073652646592,134.8073652646592,107.31008994543481,-169.36698889739887
43,63,83,168.91991377887098,114.14235353288996,95.80928346671294,-124.98593151899422
44,64,84,185.23419758041996,118.37471745824882,96.23565618141856,-184.84073770332816
45,65,85,173.2195931486492,117.32200315618411,97.49533467967603,-129.01152948516074
46,66,86,163.7207672445861,112.8474277428636,95.21544714702691,-113.87483881621165
47,67,87,189.2765063885554,131.95275049374868,107.95997650669096,-140.47273864784984
48,68,88,187.98003236183968,130.9913925957153,111.31303490665641,-105.10407216656836
49,69,89,197.2144807436714,145.0732375208704,131.6676126944801,-70.22239415290778
50,70,90,157.86238619686446,114.23834904919886,100.24693188604283,-48.26305280853694
51,71,91,184.9869527996957,117.73387687341096,92.72488502903025,-206.30712849798033
52,72,92,193.00649092888943,129.4226165471291,108.62502110340347,-174.93378614519474
53,73,93,209.72567519478253,152.72567519478253,122.06594051382058,-282.22425490900196
54,74,94,200.68296033459023,151.78020627527258,126.63302857135659,-242.37633997278067
55,75,95,219.48267337664265,163.48267337664265,134.2333795959098,-205.43221906796498
56,76,96,243.25848177644139,169.93295135750031,132.39777779326096,-266.68409199271355
57,77,97,184.7970447395694,130.7970447395694,109.06748235611394,-169.49944533515895
58,78,98,154.2195809281277,89.2195809281277,70.4298829283548,-207.6910082451791
59,79,99,177.66550303059762,120.66550303059762,105.15924757841549,-118.89222106142506
60,80,100,172.4531845109534,109.4531845109534,86.05881047044227,-183.1039072231158
61,81,101,169.4303931659697,99.43039316596969,85.71014430528544,-217.43747298034327
62,82,102,157.72807112065402,95.73975326254276,85.38156476683594,-142.40881203292133
63,83,103,149.40782128254114,80.40782128254114,67.41536601143548,-226.42640759411256
64,84,104,162.74105104194177,88.74105104194177,78.87380882524167,-240.56230627216337
65,85,105,166.52279768610697,83.52279768610697,69.76399001694745,-345.0380861024971
66,86,106,164.32705563497552,88.32705563497552,83.2353519350695,-300.40538566105374
67,87,107,173.17818165097742,86.17818165097742,69.76359367927967,-388.00038552857245
68,88,108,166.06329801757147,73.06329801757147,58.087790320415934,-431.9242847644002
69,89,109,162.64416953513955,96.64416953513955,94.25696241963487,-309.8209472444364
70,90,110,172.40330097229548,84.40330097229548,82.72136004791514,-370.470555283385
71,91,111,175.88731814109428,77.88731814109428,67.09724508184058,-322.0399948075892
72,92,112,169.91177362766757,74.91177362766757,62.895804126582334,-417.88883931277405
73,93,113,164.2888735720826,75.2888735720826,66.90934933020026,-474.9983992317141
74,94,114,163.66115964441565,79.66115964441565,74.41576580208266,-401.3097253561068
75,95,115,184.85293814328315,82.85293814328315,73.77143061526067,-504.6254472421631
76,96,116,179.14819945155932,57.14819945155932,46.34552699136543,-501.2131042550777
77,97,117,162.60137660443138,70.60137660443138,59.1635581570215,-452.61609024547397
78,98,118,141.46514682738302,58.46514682738302,57.384961667925836,-280.56437720904205
79,99,119,161.89223313660477,81.89223313660477,81.88618870932646,-264.12671868694633
80,100,120,144.13170448525648,66.13170448525648,57.20707283296406,-353.43324276186354
81,101,121,140.43696691921787,65.43696691921787,57.03965410992464,-415.0765493653894
82,102,122,144.12955423927087,74.14123638115939,73.50808086190796,-321.59771337449524
83,103,123,199.4957050419248,112.4957050419248,106.13747087143224,-383.20715498483696
84,104,124,192.61550782605673,104.61550782605673,95.35778628893377,-339.2307609233512
85,105,125,183.52110840576665,98.52110840576665,105.03648054407563,-302.0226446397728
86,106,126,179.2306501500516,86.23065015005159,80.99298829165582,-355.81368892744786
87,107,127,154.44543635523996,71.44543635523996,73.32018376900623,-357.88409043615957
88,108,128,188.28203738673983,90.28203738673983,77.40788143893337,-501.60509293641053
89,109,129,180.1587010963126,112.1587010963126,104.86871018366833,-371.0074929252005
90,110,130,205.47926097481627,90.47926097481627,87.23239809026995,-585.6905102271753
91,111,131,236.29902248812573,103.29902248812573,89.5676812616241,-748.1175628004826
92,112,132,282.8820236243173,141.8820236243173,132.23945036017903,-777.3899702517565
93,113,133,342.24025960244444,184.24025960244444,150.17231167994873,-913.5654842341282
94,114,134,329.0511398842268,156.0511398842268,130.4960221499141,-902.5591308755284
95,115,135,316.4420260237166,153.4420260237166,140.2815622251337,-880.8450400967317
96,116,136,320.12077652964945,150.12077652964945,141.1574102014547,-921.1895363383483
97,117,137,300.2789368334736,151.2789368334736,131.4777330175748,-912.2177673398733
98,118,138,295.4073552239654,154.4073552239654,135.9641656935703,-811.7058126778425
99,119,139,279.28676385424296,125.28676385424296,116.64318161148208,-905.8218067444786
100,120,140,249.49346984813155,113.49346984813155,98.56645922125153,-910.0113038443724
101,121,141,263.6344528616751,111.63445286167507,87.81899105873163,-944.5369459145509
102,122,142,260.76633923018517,128.76633923018517,104.98341359949859,-997.35576765834
103,123,143,205.78357883593617,101.78357883593617,89.87117675259105,-620.8664049439203
104,124,144,191.99476698041985,81.99476698041985,67.27741843891772,-636.3733396223852
105,125,145,199.0440251398379,90.22660457315715,85.37887677672188,-617.7672863640778
106,126,146,210.1704712448693,110.1704712448693,86.33320193892973,-653.4957165282781
107,127,147,219.73096659428688,100.73096659428688,83.88905310126916,-724.5195122940904
108,128,148,228.8863254309474,107.88632543094741,76.07214203776198,-671.4371662975518
109,129,149,232.29085833779118,97.40367775144932,71.516017460498,-743.7437240821519
110,130,150,271.8861447276904,120.60906394819881,101.76827729922843,-695.8720899229838
111,131,151,283.5270032412209,99.52700324122088,52.47400064253998,-975.9902081682608
112,132,152,237.13143812234716,86.82407715566296,62.558539672961615,-652.6517833455341
113,133,153,238.61847700452972,92.90080877116588,49.28424209194827,-766.8124433956432
114,134,154,253.94998980388596,95.94998980388596,62.834727418212424,-758.313862778476
115,135,155,271.07114760728336,128.5127156022138,91.63988857797494,-813.4423676585961
116,136,156,282.1985211114186,128.1985211114186,81.27176134447382,-904.2346584569777
117,137,157,311.10245935127296,156.10245935127296,91.97412551163143,-889.008170367505
118,138,158,312.28471231979415,158.28471231979415,95.29124806567893,-900.7684253060486
119,139,159,331.43613158241874,150.43613158241874,82.09854030167048,-1013.949598851364
120,140,160,376.8290813419603,170.82908134196032,77.8290693523993,-1212.105960798472
121,141,161,388.63525500107266,169.63525500107266,82.53287546485512,-1239.3885824214344
122,142,162,387.0255903219604,180.0255903219604,103.22428519180903,-1178.5640470246517
123,143,163,376.6527276033164,178.6527276033164,103.34510771726445,-1001.6664191961049
124,144,164,401.9897819684886,190.98978196848861,119.16760442199211,-1197.9110687706025
125,145,165,334.78353104587995,163.96611047919941,117.29487904088,-902.2491557933076
126,146,166,339.6549738599158,170.6549738599158,104.27901760063082,-937.316825880888
127,147,167,301.86409176700886,144.86409176700886,102.41505297884692,-845.8338650573344
128,148,168,286.49596808876663,130.49596808876663,83.47153671517503,-845.1527330239601
129,149,169,255.0055997738766,126.1184191875343,96.37740662645888,-612.8188020157074
130,150,170,273.2465225535177,165.96944177402588,149.8191979278813,-357.4476543716439
131,151,171,244.86114184454254,125.86114184454254,88.72703627222154,-565.2071301380877
132,152,172,161.0474642885506,91.07666858724792,90.0696041347046,-177.0302666526045
133,153,173,165.66976951343304,88.9521012800692,86.26794586876122,-226.8836267784293
134,154,174,187.81740413437842,110.81740413437842,102.79644017539613,-293.24819581957945
135,155,175,168.1159299336466,93.55749792857682,90.65728366063854,-218.64111621275538
136,156,176,181.94984311508438,116.94984311508438,120.20336407416676,-165.226455492995
137,157,177,191.76271064671596,123.76271064671596,111.81353140784245,-296.2125765309929
138,158,178,188.38754791164592,125.38754791164592,123.77966536731424,-208.36808693679313
139,159,179,176.32337765579973,98.32337765579973,90.17939889539048,-487.51605004790713
140,160,180,190.1224700171333,99.12247001713331,81.73009707075562,-504.2673736244069
141,161,181,211.44808215680087,105.44808215680087,80.45187280618075,-557.0553588641253
142,162,182,209.54565056361935,101.54565056361935,83.04400632166971,-564.8347161357858
143,163,183,201.37508485728472,81.37508485728472,67.00888838022047,-519.2245687334653
144,164,184,221.71753866898507,101.71753866898507,74.08805991567374,-639.5160516312744
145,165,185,213.76572781263417,119.76572781263417,97.89602624802683,-404.1071883723025
146,166,186,219.83411458714818,121.83411458714818,97.1279830359124,-426.27355532815864
147,167,187,233.30221502856443,133.30221502856443,113.22076048005215,-445.96558482490855
148,168,188,234.51631665881882,146.51631665881882,127.14705132410427,-431.9036179820148
149,169,189,220.5930086248593,173.5930086248593,164.63602492510563,-69.02704677290444
150,170,190,239.78991695232162,194.78991695232162,188.97082808060577,13.727480109381304
151,171,191,188.13088295775879,165.13088295775879,166.33645463458606,81.78426959069611
152,172,192,213.5155247277787,184.85208999316,190.23536864735934,139.03220297852022
153,173,193,232.7756881402779,161.7756881402779,169.88349363715565,-106.42671752213005
154,174,194,211.97450223395595,134.97450223395595,132.083424719714,-182.77717671059145
155,175,195,181.87328161216692,94.87328161216692,91.07325435867438,-292.4600479430444
156,176,196,197.87054265126358,116.87054265126358,118.76465062882107,-213.860421855793
157,177,197,211.95252882436785,130.95252882436785,125.19365566140414,-270.78098518487604
158,178,198,210.7070614781046,116.7070614781046,112.45302142670948,-278.1783136629974
159,179,199,223.3128179863147,124.37822736503358,110.30268615280306,-487.82249602182674
160,180,200,243.5410122351002,142.8339163373937,125.87848235371234,-517.4227344797705
161,181,201,211.60696444948826,114.57127585668377,99.73988904988846,-409.0373857892482
162,182,202,216.53901600290465,128.53901600290465,106.5609321541674,-489.00989444957577
163,183,203,185.04791570048474,133.04791570048474,136.27003255473664,-78.66200870117927
164,184,204,187.02724185397847,152.02724185397847,152.20096479376775,-19.39736842315324
165,185,205,215.7330374013709,185.7330374013709,188.53182198369905,-53.306178187705655
166,186,206,223.73095144906983,162.73095144906983,159.08661302983592,-154.54866889353661
167,187,207,211.40856837322576,141.40856837322576,136.2987981458591,-367.225340278419
168,188,208,206.80458125143946,134.80458125143946,118.75212629210023,-448.44927343315067
169,189,209,188.88407578888564,111.88407578888564,93.59961832708564,-391.7243745489461
