Left,Mid,Right,Loss,Loss_left,Loss_right,gain,glasso
0,20,40,9437.152729030644,8235.228902855448,8138.525723068011,-6936.601896892815,29.204961128101786
1,21,41,9400.92352715227,8221.623106311768,8124.441072914984,-6945.140652074482,14.62444177353791
2,22,42,9392.531543768913,8229.966138474765,8106.0341809322545,-6943.468775638106,16.08799311939265
3,23,43,9389.868410404792,8238.476185653888,8085.476202541377,-6934.083977790473,11.019578678853577
4,24,44,9370.100639959932,8217.280568479091,8054.683731087139,-6901.863659606297,8.803777864021413
5,25,45,9379.101784846007,8235.87034590766,8043.193417654078,-6899.961978715732,8.919783744994675
6,26,46,9396.462252725689,8248.26565770799,8035.3911816549025,-6887.194586637204,9.812241706839814
7,27,47,9388.740824918925,8260.225531211912,8026.354211743676,-6897.838918036665,3.8641018506164073
8,28,48,9389.775659690898,8248.271568399341,8051.698417003845,-6910.1943257122875,1.4160958722331998
9,29,49,9393.73983085795,8259.636975014735,8041.808194827152,-6907.705338983937,3.613434498328388
10,30,50,9360.0801004013,8217.981824126498,8079.387553186515,-6937.289276911715,-5.320908841142227
11,31,51,9363.673579867742,8225.159500787011,8083.718890689168,-6945.204811608437,-11.68758804473191
12,32,52,9358.616972383143,8244.204937715795,8064.360862737314,-6949.948828069966,-22.670576427457036
13,33,53,9379.13126771877,8246.597697196385,8087.654932542461,-6955.121362020076,-16.54714814848421
14,34,54,9368.452621650718,8217.285149958321,8086.236843250726,-6935.069371558329,10.915125777028152
15,35,55,9371.347474367083,8211.011634909588,8089.4064130041825,-6929.070573546687,15.75311035242612
16,36,56,9361.521007537878,8201.468555220139,8079.453537847883,-6919.401085530144,22.219934275862215
17,37,57,9361.200796939658,8203.235416697902,8090.897078283369,-6932.931698041613,17.022841818015877
18,38,58,9347.049688306352,8183.872515715768,8093.875883389013,-6930.69871079843,20.36952185512837
19,39,59,9320.968030934346,8150.081750455606,8093.725213813354,-6922.838933334613,16.840510334372084
20,40,60,9306.776678916734,8138.525723068011,8094.115410075506,-6925.864454226781,15.765620155415945
21,41,61,9310.758272674155,8124.441072914984,8102.495238350357,-6916.178038591186,13.816668378586655
22,42,62,9310.927659996772,8106.0341809322545,8124.893140351529,-6919.999661287011,8.76357868553987
23,43,63,9324.028303199431,8085.476202541377,8146.8507535440785,-6908.298652886024,7.328462485490036
24,44,64,9327.508781881661,8054.683731087139,8190.906932151443,-6918.08188135692,1.8838132839905484
25,45,65,9353.802910411803,8043.193417654078,8207.586469069458,-6896.976976311733,6.074218869065135
26,46,66,9376.359261307225,8035.3911816549025,8184.844204997302,-6843.876125344979,19.47967533819474
27,47,67,9357.491834575052,8026.354211743676,8161.384084067471,-6830.246461236096,3.491571161522188
28,48,68,9370.689111566378,8051.698417003845,8154.967648472175,-6835.976953909641,14.204572790740258
29,49,69,9391.665558556477,8041.808194827152,8194.678455099627,-6844.821091370302,17.04823899549183
30,50,70,9399.434333271001,8079.387553186515,8171.4393224968735,-6851.392542412388,16.327391355384407
31,51,71,9410.621086212153,8083.718890689168,8171.200622673432,-6844.2984271504465,18.101412628422622
32,52,72,9396.252111040576,8064.360862737314,8177.755801217271,-6845.8645529140085,5.058349182388156
33,53,73,9400.874220201888,8087.654932542461,8167.103897805381,-6853.884610145955,5.611783803758499
34,54,74,9375.08366466553,8086.236843250726,8122.131378678629,-6833.284557263825,25.043938508702013
35,55,75,9390.894520420712,8089.4064130041825,8122.9402728145,-6821.45216539797,34.407834253461715
36,56,76,9398.305610626627,8079.453537847883,8131.516135532755,-6812.664062754011,34.64563573869418
37,57,77,9425.227951462053,8090.897078283369,8127.78888618821,-6793.458013009527,42.054107541407575
38,58,78,9427.834035087268,8093.875883389013,8126.070289442431,-6792.112137744178,46.69398401793842
39,59,79,9433.616776949246,8093.725213813354,8121.717432969304,-6781.825869833412,42.30413459055035
40,60,80,9442.866220119031,8094.115410075506,8140.8965845905595,-6792.145774547034,45.20041195223439
41,61,81,9450.912280003002,8102.495238350357,8155.824073106147,-6807.407031453502,40.5889658338192
42,62,82,9485.872798015936,8124.893140351529,8177.520829934929,-6816.541172270521,49.15789050110834
43,63,83,9483.421671267335,8146.8507535440785,8171.450469743265,-6834.879552020009,44.32820558543199
44,64,84,9503.693013049597,8190.906932151443,8143.520988209706,-6830.734907311551,47.53111535217204
45,65,85,9502.792104513044,8207.586469069458,8138.778108953053,-6843.572473509466,40.601248730718
46,66,86,9449.542140828615,8184.844204997302,8103.857309576254,-6839.159373744942,31.678311624578328
47,67,87,9485.982004964193,8161.384084067471,8147.117348352738,-6822.519427456016,33.69665470142945
48,68,88,9473.201797497426,8154.967648472175,8140.700699273621,-6822.4665502483695,36.68038084467071
49,69,89,9482.021430018729,8194.678455099627,8118.789460211872,-6831.44648529277,33.296749420056585
50,70,90,9442.018663238925,8171.4393224968735,8135.256326256573,-6864.676985514521,20.58891557304605
51,71,91,9418.697061994577,8171.200622673432,8128.2164420799745,-6880.72000275883,21.466698724963862
52,72,92,9441.36454849801,8177.755801217271,8160.722002179997,-6897.113254899259,20.48133705785949
53,73,93,9413.175292695338,8167.103897805381,8174.8267900268,-6928.755395136843,16.839805293386235
54,74,94,9370.926703062287,8122.131378678629,8189.043270408878,-6940.24794602522,9.918480376843036
55,75,95,9383.767761374813,8122.9402728145,8200.7770301,-6939.949541539687,11.755104377307362
56,76,96,9385.995896088596,8131.516135532755,8200.356970247834,-6945.877209691993,14.78845280453288
57,77,97,9406.673073579275,8127.78888618821,8218.428987677338,-6939.544800286274,34.50626235242953
58,78,98,9391.25433529698,8126.070289442431,8207.018231505865,-6941.834185651314,32.822737253970445
59,79,99,9373.158128541541,8121.717432969304,8197.111740444807,-6945.67104487257,28.45794236761276
60,80,100,9386.981369625797,8140.8965845905595,8193.497824200556,-6947.413039165318,30.430699671735056
61,81,101,9383.833419271568,8155.824073106147,8186.526716094853,-6958.517369929432,25.778900141149734
62,82,102,9410.191234003734,8177.520829934929,8221.492482797517,-6988.82207872871,21.90547361576455
63,83,103,9416.77563706683,8171.450469743265,8231.269539902487,-6985.944372578922,17.718822919067406
64,84,104,9409.967943271331,8143.520988209706,8238.009260396582,-6971.562305334957,18.47300377388956
65,85,105,9415.19653695697,8138.778108953053,8242.251670550431,-6965.833242546514,19.770277084714053
66,86,106,9412.588871187301,8103.857309576254,8257.235046646696,-6948.50348503565,20.954649101160612
67,87,107,9410.743984334666,8147.117348352738,8218.563182882914,-6954.936546900986,26.622836322997955
68,88,108,9404.149318023312,8140.700699273621,8197.139035372948,-6933.690416623256,19.84103856463298
69,89,109,9374.70316237357,8118.789460211872,8190.201793789028,-6934.28809162733,2.188557078452959
70,90,110,9369.43285812316,8135.256326256573,8168.80981094621,-6934.633279079622,8.234136794460937
71,91,111,9374.868018004692,8128.2164420799745,8164.533110209828,-6917.88153428511,11.666477492974536
72,92,112,9377.265266894448,8160.722002179997,8149.1671273337615,-6932.62386261931,7.581706659600968
73,93,113,9378.03045827959,8174.8267900268,8134.925395711529,-6931.721727458738,14.289683857817181
74,94,114,9378.72374914182,8189.043270408878,8123.609693124955,-6933.929214392014,20.511718190625743
75,95,115,9383.951177899111,8200.7770301,8128.751767931268,-6945.577620132157,17.39511437639976
76,96,116,9370.264840182557,8200.356970247834,8139.468799199312,-6969.5609292645895,11.371499127634706
77,97,117,9375.130973939802,8218.428987677338,8103.313053229972,-6946.611066967507,30.221115221965192
78,98,118,9386.372657094818,8207.018231505865,8127.384137654981,-6948.029712066027,29.87320320311528
79,99,119,9394.03721406687,8197.111740444807,8145.808755576448,-6948.883281954386,35.29658157572658
80,100,120,9379.485863044913,8193.497824200556,8132.96529920208,-6946.977260357724,39.78006827225545
81,101,121,9372.674940457282,8186.526716094853,8111.966451012675,-6925.818226650246,39.10176826541101
82,102,122,9359.507825990162,8221.492482797517,8084.682558155142,-6946.667214962497,27.0068554425161
83,103,123,9357.344777080596,8231.269539902487,8063.6684634092535,-6937.593226231145,23.498473841167197
84,104,124,9338.571753827411,8238.009260396582,8021.943147544883,-6921.380654114055,18.70976052406195
85,105,125,9334.370189010548,8242.251670550431,8001.605131702005,-6909.486613241888,15.450710462977895
86,106,126,9336.337325265165,8257.235046646696,7967.1036340161345,-6888.001355397664,8.639391239552424
87,107,127,9318.169885798821,8218.563182882914,7986.847854699889,-6887.241151783981,20.384129686941833
88,108,128,9305.76997228431,8197.139035372948,8007.77168398069,-6899.140747069327,13.791902524634224
89,109,129,9305.730941690319,8190.201793789028,8041.419334390864,-6925.890186489572,-1.2923033395441053
90,110,130,9299.011764308469,8168.80981094621,8052.949318998819,-6922.74736563656,1.9739604779756519
91,111,131,9311.903468750525,8164.533110209828,8065.797833452511,-6918.427474911814,6.523848155720316
92,112,132,9286.165113622295,8149.1671273337615,8057.145535373814,-6920.147549085281,0.8672004903619381
93,113,133,9278.559371686506,8134.925395711529,8061.081274436417,-6917.447298461439,4.294281158253398
94,114,134,9278.39422822012,8123.609693124955,8076.09424472854,-6921.309709633373,14.826189818102648
95,115,135,9284.871283830278,8128.751767931268,8074.837317026124,-6918.7178011271135,19.945206383531968
96,116,136,9294.257547528381,8139.468799199312,8084.53094325115,-6929.742194922081,16.68481678911803
97,117,137,9249.750865900198,8103.313053229972,8080.073539278343,-6933.635726608118,5.614307807285513
98,118,138,9277.673636972291,8127.384137654981,8103.31229994318,-6953.022800625869,6.390211964202081
99,119,139,9296.262034822397,8145.808755576448,8104.256591872421,-6953.803312626471,11.309095630275351
100,120,140,9280.002252511624,8132.96529920208,8136.688753171807,-6989.651799862264,10.768197615771442
101,121,141,9292.177251573898,8111.966451012675,8133.215634543463,-6953.004833982241,13.272183174530255
102,122,142,9256.238663773667,8084.682558155142,8125.687279346338,-6954.131173727812,1.2399392380602876
103,123,143,9240.53552333943,8063.6684634092535,8130.688777998252,-6953.821718068077,-1.273059152938913
104,124,144,9235.276158323564,8021.943147544883,8151.575642912515,-6938.2426321338335,-5.018184932429904
105,125,145,9252.56895841595,8001.605131702005,8166.507462560969,-6915.543635847023,-10.123674136827049
106,126,146,9271.674488468676,7967.1036340161345,8189.165807131305,-6884.5949526787645,-18.69300876895568
107,127,147,9284.43944329783,7986.847854699889,8167.877160368547,-6870.285571770606,-0.5272428323223721
108,128,148,9302.727168592166,8007.77168398069,8169.758158598289,-6874.802673986813,-13.594228614374515
109,129,149,9308.028072317848,8041.419334390864,8149.4436830732775,-6882.834945146293,-17.824986423262544
110,130,150,9325.560295854335,8052.949318998819,8157.675786671773,-6885.0648098162565,-7.072650811688163
111,131,151,9326.953941475105,8065.797833452511,8135.974238416414,-6874.81813039382,-5.116779580130697
112,132,152,9323.644654492478,8057.145535373814,8141.803601290252,-6875.304482171587,-8.922402620302364
113,133,153,9349.208008870031,8061.081274436417,8154.479089040258,-6866.352354606643,0.16062272460249005
114,134,154,9362.05590594574,8076.09424472854,8142.8054136032215,-6856.843752386021,15.311892488477042
115,135,155,9352.502375977027,8074.837317026124,8124.435985301203,-6846.7709263503,19.060737047397197
116,136,156,9362.985905633872,8084.53094325115,8122.589598418926,-6844.134636036204,20.313041432151294
117,137,157,9374.180787524852,8080.073539278343,8152.041011452104,-6857.933763205594,7.509026740877744
118,138,158,9374.612394740927,8103.31229994318,8136.512318903084,-6865.212224105337,13.687668527491951
119,139,159,9346.950424989469,8104.256591872421,8112.953067900963,-6870.2592347839145,7.319865862986717
120,140,160,9354.16350713085,8136.688753171807,8081.9415451782625,-6864.466791219218,13.49821467554375
121,141,161,9344.879263625855,8133.215634543463,8083.897412139317,-6872.233783056925,15.344411035522626
122,142,162,9363.643819643214,8125.687279346338,8106.059311021523,-6868.102770724647,12.377011885327192
123,143,163,9400.481516882792,8130.688777998252,8136.272591434924,-6866.479852550383,21.786040730753484
124,144,164,9420.486299976905,8151.575642912515,8144.175959743476,-6875.265302679085,28.36788125905605
125,145,165,9449.532201820304,8166.507462560969,8146.378144324941,-6863.353405065605,27.533258143978856
126,146,166,9446.825082102208,8189.165807131305,8139.495992351653,-6881.836717380749,21.76205048466727
127,147,167,9448.943221493622,8167.877160368547,8168.821044374541,-6887.754983249466,24.73013832296374
128,148,168,9453.726413746635,8169.758158598289,8172.024181852178,-6888.055926703832,13.956697528491532
129,149,169,9459.280791326684,8149.4436830732775,8211.903021574028,-6902.065913320621,17.626434356262052
130,150,170,9461.426013673503,8157.675786671773,8214.514773917146,-6910.764546915416,25.39707349958462
131,151,171,9440.096239606675,8135.974238416414,8216.753536637738,-6912.6315354474755,21.21366281899782
132,152,172,9446.51885219895,8141.803601290252,8231.214171448977,-6926.49892054028,22.275874084984935
133,153,173,9441.262914162617,8154.479089040258,8217.27200505695,-6930.488179934591,21.53063423646836
134,154,174,9429.946442222827,8142.8054136032215,8204.209907474236,-6917.068878854632,27.816091439277443
135,155,175,9472.206576248696,8124.435985301203,8254.545504490816,-6906.774913543322,40.62136985948382
136,156,176,9453.596792993992,8122.589598418926,8252.80018196534,-6921.792987390274,34.742179084803865
137,157,177,9439.495798487977,8152.041011452104,8244.81768025273,-6957.362893216858,22.872395154977767
138,158,178,9419.403843977332,8136.512318903084,8230.314987164575,-6947.423462090326,24.257263549330673
139,159,179,9394.706376994176,8112.953067900963,8245.786233889281,-6964.032924796067,17.74444999720299
140,160,180,9361.780072312275,8081.9415451782625,8227.632020586141,-6947.793493452129,19.015738520245577
141,161,181,9388.059224816865,8083.897412139317,8250.800003355418,-6946.63819067787,29.204772529420552
142,162,182,9406.250432023437,8106.059311021523,8252.681380301405,-6952.490259299491,36.724625069759895
143,163,183,9414.717598207457,8136.272591434924,8247.081653277794,-6968.6366465052615,32.21359248110366
144,164,184,9431.59568248962,8144.175959743476,8246.686491234352,-6959.266768488207,34.751899967583086
145,165,185,9419.313980143244,8146.378144324941,8225.752851198922,-6952.817015380619,33.15342706551564
146,166,186,9416.38603852041,8139.495992351653,8217.013890720787,-6940.12384455203,38.90922883440135
147,167,187,9429.130334964679,8168.821044374541,8227.590658535397,-6967.281367945257,33.64841541421674
148,168,188,9430.134982186166,8172.024181852178,8224.733001493238,-6966.622201159251,37.556504903867335
149,169,189,9427.196767777888,8211.903021574028,8169.407216603182,-6954.113470399321,16.563164758289986
150,170,190,9416.724195686757,8214.514773917146,8170.9986738227035,-6968.789252053093,14.542391843947371
151,171,191,9415.321600720514,8216.753536637738,8161.819519129829,-6963.251455047053,13.41434585832667
152,172,192,9413.244034540785,8231.214171448977,8140.183237099932,-6958.153374008125,10.69762798942611
153,173,193,9398.474012431929,8217.27200505695,8146.3512268599625,-6965.149219484983,28.768634164821833
154,174,194,9402.394823966788,8204.209907474236,8163.100110186249,-6964.915193693698,30.878370787897893
155,175,195,9403.490262358158,8254.545504490816,8113.157112986479,-6964.212355119136,17.964581175156127
156,176,196,9401.981698756705,8252.80018196534,8126.7120755636515,-6977.530558772287,19.403938720521182
157,177,197,9395.263054329958,8244.81768025273,8135.525061783216,-6985.079687705989,20.004801145959846
158,178,198,9408.723396202224,8230.314987164575,8161.658883938457,-6983.250474900806,27.22546443632882
159,179,199,9415.662367601528,8245.786233889281,8158.835480777475,-6988.959347065227,23.331893074649088
160,180,200,9411.924536310757,8227.632020586141,8170.108308390694,-6985.815792666077,26.536651791192526
161,181,201,9414.945374034465,8250.800003355418,8137.25724568586,-6973.111875006813,25.459991545953926
162,182,202,9427.802627574005,8252.681380301405,8151.784717309152,-6976.663470036554,36.520232624203345
163,183,203,9414.759029761914,8247.081653277794,8149.223727083189,-6981.54635059907,27.431118492051155
164,184,204,9409.046832888367,8246.686491234352,8115.4367838525795,-6953.076442198564,37.062346551946575
165,185,205,9396.215491338473,8225.752851198922,8131.417326787559,-6960.954686648009,32.37383219552203
166,186,206,9384.174576341384,8217.013890720787,8111.987455689095,-6944.826770068499,30.235472007640055
167,187,207,9362.893707429132,8227.590658535397,8081.113471674478,-6945.8104227807435,14.59024873685621
168,188,208,9359.442364940853,8224.733001493238,8084.775919642128,-6950.066556194513,19.094011937270352
169,189,209,9307.206222138015,8169.407216603182,8080.656656340196,-6942.857650805363,-11.29710903004434
