Left,Mid,Right,Loss,Loss_left,Loss_right,gain,glasso
0,20,40,9296.538085421365,8207.279632956304,8018.371005960109,-6929.112553495048,2.6260896670055445
1,21,41,9289.757589188459,8185.9419610358855,8020.551341972095,-6916.735713819522,-0.10148914191722724
2,22,42,9287.460970063396,8154.864742201105,8058.774049511965,-6926.177821649675,1.174597641751916
3,23,43,9274.597167940878,8154.58839944711,8022.894427668003,-6902.885659174235,5.534775403858021
4,24,44,9270.510218394375,8148.627908197829,8041.465142313515,-6919.582832116968,-7.4573103139914565
5,25,45,9244.498785380762,8119.977973768636,8049.15010688802,-6924.629295275894,-11.732984809122172
6,26,46,9251.987755154852,8083.416134179774,8089.556350771532,-6920.984729796455,-7.191694102458314
7,27,47,9224.522745437374,8054.708009404503,8099.382956860069,-6929.568220827197,-19.215367135677297
8,28,48,9257.162422746991,8038.2051131242015,8150.308846358343,-6931.351536735554,-10.925989783865134
9,29,49,9250.344598146114,8069.0956212834835,8134.133251640363,-6952.884274777733,-8.906354236686184
10,30,50,9248.903869023032,8026.9875136669,8148.075388657003,-6926.15903330087,-10.995761436145585
11,31,51,9244.928015529607,8013.195069657096,8160.401426420287,-6928.668480547774,-10.794039737869753
12,32,52,9236.203649597503,8006.3704029533255,8152.183714448569,-6922.350467804392,-7.064132412973777
13,33,53,9248.389338427603,8010.20932271195,8166.770224630443,-6928.590208914791,0.6838953416768163
14,34,54,9277.194589404833,8046.257162310591,8175.325580048296,-6944.388152954054,13.614475895607029
15,35,55,9280.491294074693,8033.26102541653,8173.814253789116,-6926.583985130954,18.27104752548621
16,36,56,9288.117689910232,8055.122602424973,8168.591875753086,-6935.596788267827,13.334774707985616
17,37,57,9300.69029120152,8082.351770879017,8164.315389360119,-6945.976869037617,9.990351167779409
18,38,58,9324.44824848331,8066.429432448551,8205.672269410656,-6947.653453375897,14.491658471187748
19,39,59,9312.069805777604,8044.447271069743,8200.050678205835,-6932.428143497973,27.003007891513334
20,40,60,9294.628332468621,8018.371005960109,8191.359614567947,-6915.102288059434,24.793831138291353
21,41,61,9305.248509064935,8020.551341972095,8190.950438405071,-6906.253271312231,21.672546804377816
22,42,62,9352.548814090136,8058.774049511965,8225.484451225686,-6931.709686647515,19.68390510186873
23,43,63,9343.060477364914,8022.894427668003,8239.120237226718,-6918.954187529807,18.768391508669538
24,44,64,9365.64826034694,8041.465142313515,8226.324574999842,-6902.1414569664175,21.662646423420483
25,45,65,9426.596157521268,8049.15010688802,8264.334518857166,-6886.888468223919,28.67065540013664
26,46,66,9450.688710802488,8089.556350771532,8267.669943246661,-6906.537583215706,30.992362858736215
27,47,67,9506.212181989995,8099.382956860069,8292.56606779547,-6885.736842665541,41.082431683272716
28,48,68,9523.159170656832,8150.308846358343,8247.84115431678,-6874.990830018291,51.006842286084066
29,49,69,9505.147171378632,8134.133251640363,8246.084458866988,-6875.070539128717,49.9624624000121
30,50,70,9493.939694930428,8148.075388657003,8221.226490617217,-6875.36218434379,51.149120262992255
31,51,71,9529.631757932939,8160.401426420287,8246.732810323898,-6877.502478811244,58.26148871731402
32,52,72,9525.71943032519,8152.183714448569,8245.801474784264,-6872.2657589076425,54.03676196739798
33,53,73,9554.68784958777,8166.770224630443,8248.995856409882,-6861.078231452555,59.385407037505956
34,54,74,9548.694535427603,8175.325580048296,8208.341644821354,-6834.9726894420455,65.6161922435108
35,55,75,9588.36698506077,8173.814253789116,8242.482684444254,-6827.929953172599,71.58537938910058
36,56,76,9585.149805447647,8168.591875753086,8243.83001029324,-6827.272080598679,71.6184335244152
37,57,77,9577.233860189826,8164.315389360119,8228.270030151123,-6815.351559321414,73.81327270291968
38,58,78,9597.237165779286,8205.672269410656,8187.181989682826,-6795.617093314195,77.4211099656577
39,59,79,9572.353941794561,8200.050678205835,8167.500249715875,-6795.196986127148,72.09489868097171
40,60,80,9550.826218895796,8191.359614567947,8141.104114295016,-6781.637509967168,85.1747159665133
41,61,81,9548.840464429897,8190.950438405071,8149.165565705211,-6791.275539680384,83.42745180015118
42,62,82,9547.049330036283,8225.484451225686,8133.316012979662,-6811.751134169066,69.66076655408642
43,63,83,9554.814104202738,8239.120237226718,8152.227644734288,-6836.533777758268,65.65041790527675
44,64,84,9534.579804061603,8226.324574999842,8148.978348728552,-6840.723119666793,62.56981587744167
45,65,85,9535.02535282321,8264.334518857166,8155.4237865043815,-6884.732952538336,42.05701888568274
46,66,86,9540.187645813156,8267.669943246661,8159.447876765377,-6886.930174198882,31.120767518478715
47,67,87,9530.635750045278,8292.56606779547,8135.018026144961,-6896.948343895152,23.102033191948976
48,68,88,9497.239816205252,8247.84115431678,8158.425195425368,-6909.026533536897,26.75423298248552
49,69,89,9501.839304051116,8246.084458866988,8163.9282821611105,-6908.173436976982,29.822320740802297
50,70,90,9485.92225631212,8221.226490617217,8167.2700495923145,-6902.574283897413,28.204082234418365
51,71,91,9484.369876191478,8246.732810323898,8157.531255102664,-6919.894189235085,25.355981654628522
52,72,92,9503.200214475954,8245.801474784264,8178.1694467025345,-6920.7707070108445,25.6928574161675
53,73,93,9494.592455845843,8248.995856409882,8180.939302521573,-6935.342703085611,25.972083552107506
54,74,94,9455.418768033429,8208.341644821354,8165.416968457517,-6918.339845245442,30.05174462256582
55,75,95,9460.010162416575,8242.482684444254,8130.090669539399,-6912.563191567078,26.866007957249167
56,76,96,9455.726839489751,8243.83001029324,8125.696555739723,-6913.799726543213,33.270073274826245
57,77,97,9446.706723036588,8228.270030151123,8134.411336478096,-6915.97464359263,33.02396152075289
58,78,98,9417.521322087521,8187.181989682826,8150.269054425477,-6919.929722020783,32.5009620915298
59,79,99,9399.161419470556,8167.500249715875,8133.243212780458,-6901.582043025775,28.53568433062992
60,80,100,9382.02569587823,8141.104114295016,8156.89468545602,-6915.973103872806,33.06095986925948
61,81,101,9414.485953609326,8149.165565705211,8171.7077955910345,-6906.38740768692,48.082836156787835
62,82,102,9400.821043384301,8133.316012979662,8185.061764707071,-6917.556734302432,39.17424337289822
63,83,103,9414.706295576972,8152.227644734288,8176.522375850555,-6914.043725007872,38.8030784056773
64,84,104,9408.873127752588,8148.978348728552,8160.63290348731,-6900.738124463274,46.041806106490185
65,85,105,9393.09186267896,8155.4237865043815,8149.3858199647675,-6911.717743790188,36.84632809317918
66,86,106,9395.235265896003,8159.447876765377,8127.602066123615,-6891.81467699299,38.92833958614665
67,87,107,9359.766983416439,8135.018026144961,8134.73845617971,-6909.989498908233,24.386258422292485
68,88,108,9372.659441222751,8158.425195425368,8153.996623006152,-6939.762377208768,27.502220407472123
69,89,109,9404.632536037341,8163.9282821611105,8189.3062098820765,-6948.601956005845,28.051923377160165
70,90,110,9420.219807468857,8167.2700495923145,8203.139383058271,-6950.189625181729,37.679471525076224
71,91,111,9414.865812450076,8157.531255102664,8213.973925715156,-6956.639368367743,35.33671440593389
72,92,112,9428.241626934343,8178.1694467025345,8221.761484015205,-6971.689303783396,37.23839478739319
73,93,113,9425.983715910235,8180.939302521573,8225.199217369667,-6980.154803981004,31.040119377788415
74,94,114,9412.843803184911,8165.416968457517,8217.350315070758,-6969.923480343365,30.88573427336496
75,95,115,9377.717735604529,8130.090669539399,8201.531879192487,-6953.904813127358,23.153936143179635
76,96,116,9379.102651330126,8125.696555739723,8199.160733671444,-6945.754638081042,31.855789815550906
77,97,117,9385.027814556328,8134.411336478096,8166.594768483329,-6915.978290405097,9.7804099781697
78,98,118,9382.496249238422,8150.269054425477,8153.141866772919,-6920.914671959974,19.56470534619848
79,99,119,9380.090049525152,8133.243212780458,8157.439777589971,-6910.592940845276,26.225481080991358
80,100,120,9409.24421263338,8156.89468545602,8178.0987866252835,-6925.749259447923,23.453167532500174
81,101,121,9409.816596147932,8171.7077955910345,8173.2536005595075,-6935.14480000261,19.239035249380777
82,102,122,9405.084519941425,8185.061764707071,8175.589642202947,-6955.566886968594,11.449778730191156
83,103,123,9411.173865144583,8176.522375850555,8168.576766573897,-6933.92527727987,16.274609643955955
84,104,124,9442.243987667849,8160.63290348731,8206.64047716317,-6925.029392982631,42.18643566865103
85,105,125,9430.079704911053,8149.3858199647675,8200.081354894211,-6919.387469947926,45.07863283623601
86,106,126,9423.037783464822,8127.602066123615,8187.178057803085,-6891.742340461877,60.772469627379905
87,107,127,9425.67353215452,8134.73845617971,8172.659559461017,-6881.724483486207,70.71395688896564
88,108,128,9421.647257767794,8153.996623006152,8166.522425183788,-6898.871790422147,67.50614151249329
89,109,129,9416.044941926313,8189.3062098820765,8153.358641612495,-6926.619909568259,57.063860524880965
90,110,130,9409.753553749533,8203.139383058271,8153.068991734398,-6946.454821043137,41.60820024174291
91,111,131,9404.893194365506,8213.973925715156,8120.5385394691175,-6929.619270818768,44.05516383831218
92,112,132,9392.865562870265,8221.761484015205,8133.950061650532,-6962.845982795472,37.40555721360124
93,113,133,9409.352875960441,8225.199217369667,8153.117527907494,-6968.96386931672,34.523924841648295
94,114,134,9405.115580383817,8217.350315070758,8159.884560731036,-6972.119295417977,32.268346546135035
95,115,135,9439.689557740563,8201.531879192487,8211.592868964945,-6973.435190416869,34.28275797886363
96,116,136,9442.158203681418,8199.160733671444,8223.251296031109,-6980.253826021133,34.72022050949681
97,117,137,9407.839864438543,8166.594768483329,8197.764133946814,-6956.5190379916,7.226901904797614
98,118,138,9389.410942614111,8153.141866772919,8189.021627061638,-6952.752551220445,14.128303235597286
99,119,139,9410.380472029838,8157.439777589971,8205.050223939943,-6952.109529500076,21.8134307834639
100,120,140,9412.177196132769,8178.0987866252835,8185.811122112603,-6951.732712605117,23.772838862365916
101,121,141,9426.709256759392,8173.2536005595075,8219.183442645312,-6965.727786445428,19.763092960545237
102,122,142,9428.642313466049,8175.589642202947,8219.17578545821,-6966.123114195108,17.875865358002557
103,123,143,9448.063459077179,8168.576766573897,8218.108211149534,-6938.621518646252,26.452851026338976
104,124,144,9493.543013596132,8206.64047716317,8220.448571244304,-6933.546034811341,42.44242820425325
105,125,145,9550.829121959696,8200.081354894211,8254.882047843494,-6904.134280778007,56.17218624210409
106,126,146,9536.500172123187,8187.178057803085,8242.567954717983,-6893.24584039788,61.985677309035054
107,127,147,9533.45855869575,8172.659559461017,8247.99052206577,-6887.191522831037,66.50795827283036
108,128,148,9539.019912454496,8166.522425183788,8240.71070700017,-6868.213219729463,75.53545416115549
109,129,149,9541.413037169259,8153.358641612495,8276.3072754366,-6888.252879879838,68.32283637434375
110,130,150,9554.798008144206,8153.068991734398,8292.776694320297,-6891.047677910488,58.831793986669254
111,131,151,9532.23313841525,8120.5385394691175,8306.747507418184,-6895.052908472051,58.81175403910129
112,132,152,9548.319911279164,8133.950061650532,8303.646063156086,-6889.276213527452,62.65030971719261
113,133,153,9550.991364739912,8153.117527907494,8278.130093217926,-6880.256256385506,59.029214162026165
114,134,154,9567.495427248112,8159.884560731036,8293.29642626074,-6885.685559743666,60.14160292099223
115,135,155,9581.149968040434,8211.592868964945,8265.339167871698,-6895.7820687962085,53.51522115102898
116,136,156,9589.67289009614,8223.251296031109,8250.294682675823,-6883.873088610793,57.08575652583295
117,137,157,9607.061304572737,8197.764133946814,8284.5477722279,-6875.250601601976,57.33318394295793
118,138,158,9587.850588859914,8189.021627061638,8278.838411834864,-6880.0094500365885,60.228484344690514
119,139,159,9592.652715881384,8205.050223939943,8247.357513427385,-6859.755021485944,66.4660339457896
120,140,160,9575.99052808224,8185.811122112603,8228.40557619362,-6838.226170223983,78.104181084836
121,141,161,9566.237019924607,8219.183442645312,8185.754577337904,-6838.701000058609,81.61418557532897
122,142,162,9609.62567832021,8219.17578545821,8249.716177291197,-6859.266284429197,82.2805560521465
123,143,163,9596.25153171553,8218.108211149534,8213.869680270218,-6835.726359704222,82.05455387461961
124,144,164,9552.5178259489,8220.448571244304,8204.45528222656,-6872.386027521963,61.43632656124555
125,145,165,9548.96041651392,8254.882047843494,8175.3834711737145,-6881.305102503287,59.85494367785486
126,146,166,9524.886356080142,8242.567954717983,8164.346471307418,-6882.028069945258,59.20822603110173
127,147,167,9526.954603650029,8247.99052206577,8183.64255388807,-6904.678472303811,49.75057887141611
128,148,168,9533.578714406583,8240.71070700017,8193.222815632147,-6900.354808225733,50.29532429775281
129,149,169,9567.34267116629,8276.3072754366,8191.592729731877,-6900.557334002187,57.91487495010597
130,150,170,9588.818555061262,8292.776694320297,8199.067057940518,-6903.025197199553,58.269814625974504
131,151,171,9598.919547786243,8306.747507418184,8203.341729394699,-6911.169689026641,58.72445318986911
132,152,172,9590.199084964914,8303.646063156086,8214.564463898432,-6928.011442089604,48.887249016711394
133,153,173,9554.449162266168,8278.130093217926,8206.000363449217,-6929.681294400974,48.87534420559314
134,154,174,9566.933397575209,8293.29642626074,8214.36454807988,-6940.727576765414,49.1201902491016
135,155,175,9544.483252038775,8265.339167871698,8216.41395279138,-6937.269868624302,46.711772108069454
136,156,176,9521.254665981869,8250.294682675823,8209.816126748912,-6938.856143442867,38.791634328015334
137,157,177,9539.575132335134,8284.5477722279,8206.024134409,-6950.996774301764,32.413564150690036
138,158,178,9532.91695000553,8278.838411834864,8206.426827294174,-6952.348289123509,32.21246670928622
139,159,179,9500.18811655666,8247.357513427385,8207.318432318003,-6954.487829188729,33.355673066846975
140,160,180,9463.42326699876,8228.40557619362,8212.074414336214,-6977.0567235310755,32.820677716928
141,161,181,9464.392972190153,8185.754577337904,8244.995044704227,-6966.356649851978,40.43162192489035
142,162,182,9460.777515475502,8249.716177291197,8193.021711443389,-6981.960373259082,36.097210346862084
143,163,183,9432.842542900018,8213.869680270218,8192.201731049849,-6973.2288684200485,39.847412771131076
144,164,184,9405.761112626124,8204.45528222656,8166.2094363032775,-6964.9036059037135,31.86635729125146
145,165,185,9387.38207388874,8175.3834711737145,8179.530760648885,-6967.53215793386,27.643268603233082
146,166,186,9393.00022393543,8164.346471307418,8196.795234555899,-6968.141481927885,28.26016440098965
147,167,187,9433.230215058804,8183.64255388807,8225.601368222897,-6976.013707052163,31.243807626894522
148,168,188,9427.985158243275,8193.222815632147,8208.597478510395,-6973.835135899266,17.485116594603824
149,169,189,9425.904324351159,8191.592729731877,8197.24857181476,-6962.936977195477,31.940272200254185
150,170,190,9422.344791889485,8199.067057940518,8184.900081745096,-6961.622347796128,32.61742857255058
151,171,191,9440.310665297748,8203.341729394699,8200.97469072511,-6964.005754822061,33.458428487423134
152,172,192,9460.859555771813,8214.564463898432,8215.549010644248,-6969.25391877087,34.91719011301484
153,173,193,9451.67078963569,8206.000363449217,8214.784538051526,-6969.114111865056,35.24683719510767
154,174,194,9453.551187672427,8214.36454807988,8201.637715853461,-6962.451076260913,44.74188236165173
155,175,195,9462.062868356728,8216.41395279138,8223.540994359899,-6977.892078794552,46.38700714324386
156,176,196,9460.083335338095,8209.816126748912,8230.4376538297,-6980.170445240517,43.28045991842737
157,177,197,9451.67158295108,8206.024134409,8215.791349546105,-6970.143901004027,38.82760857571702
158,178,198,9451.338531516045,8206.426827294174,8211.087478113192,-6966.175773891318,38.59060380481651
159,179,199,9444.530379572465,8207.318432318003,8211.656495345629,-6974.444548091167,39.28785223306113
160,180,200,9448.65741209622,8212.074414336214,8209.440956578264,-6972.85795881826,37.86546299168913
161,181,201,9435.566394291032,8244.995044704227,8183.177948041312,-6992.606598454506,29.910418150428086
162,182,202,9405.5865598563,8193.021711443389,8190.678191204692,-6978.113342791781,25.845631442851754
163,183,203,9417.040169832988,8192.201731049849,8205.411788980531,-6980.573350197392,31.777165736438292
164,184,204,9416.298761664106,8166.2094363032775,8224.595580433566,-6974.506255072736,29.13719017425001
165,185,205,9421.650550302958,8179.530760648885,8212.73129762075,-6970.611507966678,24.625423746211254
166,186,206,9419.058951340574,8196.795234555899,8205.162757529453,-6982.899040744776,25.420264518465956
167,187,207,9426.077919954696,8225.601368222897,8172.888969045131,-6972.412417313331,24.06271797980662
168,188,208,9424.359799243643,8208.597478510395,8184.868676781538,-6969.106356048293,10.452803172737276
169,189,209,9432.698741942335,8197.24857181476,8196.297227898498,-6960.847057770923,28.964566589622336
