Left,Mid,Right,Loss_likeli,Loss_AIC,Loss_BIC,Loss_eBIC
0,20,40,174.575665438535,4.5756654385349975,-40.850238881189625,-914.0882274283722
1,21,41,133.04347502941596,-59.95652497058404,-105.09837159738822,-1193.82077228234
2,22,42,104.14373969175881,-58.85626030824119,-83.78569980408656,-813.9265332743485
3,23,43,98.93684806798319,-71.06315193201681,-93.13549827344923,-923.6160802445611
4,24,44,100.9756040163254,-75.0243959836746,-102.44092164640483,-990.3975008553921
5,25,45,106.58444605357226,-62.415553946427735,-93.87574533918405,-1161.6028608626525
6,26,46,109.97131180664974,-53.02868819335026,-80.46196199460474,-1077.3855970750901
7,27,47,117.0763871843319,-50.92361281566809,-81.53936448136756,-1152.5932100252744
8,28,48,100.40826278000259,-50.59173721999741,-76.55607405356773,-897.0354789445487
9,29,49,137.05207257401298,-40.94792742598702,-69.35635983970724,-1002.2762133948154
10,30,50,155.6419431405859,-37.35805685941409,-74.11560349550109,-1253.522579668244
11,31,51,153.08218652995515,-36.91781347004485,-81.60578245735792,-1290.2587581981566
12,32,52,151.6489690775163,-36.35103092248369,-75.88438455288292,-1355.3865789474685
13,33,53,179.35919270286377,-11.640807297136234,-51.97461215730664,-1296.839920205763
14,34,54,141.74241950648957,-62.25758049351043,-101.09245255534233,-1592.9971183841267
15,35,55,123.59116583267792,-70.40883416732208,-98.02672023634477,-1542.7997338459363
16,36,56,138.45213395659812,-50.54786604340188,-83.30104041469872,-1429.6920805903046
17,37,57,142.19712756319427,-51.80287243680573,-91.20426057534746,-1464.1093326248938
18,38,58,122.76873222503218,-70.23126777496782,-101.85674438085312,-1476.0327186344052
19,39,59,106.12125609277655,-63.87874390722345,-91.67791835339722,-1236.6461120126914
20,40,60,82.86738549463416,-52.13261450536584,-55.52647912801763,-1037.7839908461756
21,41,61,101.96579106061768,-51.034208939382324,-66.2107759769874,-1048.1324182439425
22,42,62,102.89212230749604,-47.10787769250396,-57.94043842408928,-907.3655868197548
23,43,63,132.14604096993548,-23.853959030064516,-43.80820972053857,-866.3758587821749
24,44,64,149.47519643810392,-15.524803561896078,-44.39627352567868,-964.1867745307859
25,45,65,192.32294559701677,20.32294559701677,-19.215742421390132,-1181.8405097737937
26,46,66,148.2830050792918,12.283005079291797,-11.239213656409447,-886.127814197021
27,47,67,152.9277463175165,21.927746317516494,-2.0504603569529536,-906.5136054356626
28,48,68,154.75169079498096,28.75169079498096,12.365958175055312,-810.428361130525
29,49,69,184.6978901101727,29.697890110172693,9.150806147323692,-920.8992570192363
30,50,70,185.24953846575318,-5.750461534246824,-43.53307106767261,-1142.7355462086957
31,51,71,216.75319279937844,23.75319279937844,-21.67170826806978,-1293.8889740497457
32,52,72,229.72796056564016,32.72796056564016,-14.73251538126624,-1418.5981959472324
33,53,73,256.4796150814093,59.47961508140929,21.650932168439113,-1185.9753996213049
34,54,74,272.1995510574038,61.19955105740382,6.927989640831129,-1490.231671915271
35,55,75,324.393369961158,82.39336996115799,10.979219272313912,-1706.2296603646023
36,56,76,353.7784657402558,110.7784657402558,40.05016509404186,-1784.875169089003
37,57,77,351.3956212212679,99.3956212212679,14.135891225942032,-1830.2919833861706
38,58,78,375.0725939202025,95.07259392020251,11.14881164900271,-1961.2104138582731
39,59,79,411.8385513400251,124.8385513400251,16.95490270330447,-2120.633467656098
40,60,80,427.50229625177826,160.50229625177826,54.18329749809368,-1853.5308945788533
41,61,81,382.98976154306683,139.98976154306683,35.99039622997566,-1561.264146056793
42,62,82,384.133639170027,143.13363917002698,38.79776387685047,-1615.4134855923862
43,63,83,344.1830894880138,139.18308948801382,49.59718069880887,-1163.308816797237
44,64,84,325.2031174971132,111.20311749711323,21.29529656027512,-1297.8574172049389
45,65,85,313.2585067535831,106.2585067535831,19.489175183903853,-1226.353093902413
46,66,86,317.80862098112493,118.80862098112493,37.581242767195135,-1232.789479286495
47,67,87,264.37810464254335,91.37810464254335,19.80335377188203,-1064.9911568487041
48,68,88,293.83274124902755,96.83274124902755,19.105493646937475,-1202.6444954574959
49,69,89,223.1303005695204,70.13030056952039,14.280786676958769,-943.6450202154979
50,70,90,207.3909862121393,68.3909862121393,24.892685251642433,-900.505167179258
51,71,91,188.93132467083592,55.93132467083592,13.69222535844915,-661.4676301892882
52,72,92,169.78874386388134,37.788743863881336,4.649225665607446,-549.6618090351162
53,73,93,172.48981557909383,53.48981557909383,36.20433017407936,-423.4164612900854
54,74,94,161.330776828657,37.33077682865701,7.4221321796703705,-569.7445413099435
55,75,95,132.7558978921984,28.75589789219839,5.1586567389558695,-512.7421968669846
56,76,96,115.77244102177701,14.772441021777013,-1.1342970144496576,-481.87287786128127
57,77,97,114.50281707350928,25.502817073509277,14.294637478363484,-373.5998022112135
58,78,98,106.25925503056988,9.259255030569875,11.392178985510554,-373.4027670124774
59,79,99,98.04912485329623,-35.950875146703765,-55.48743094460315,-769.4955934234026
60,80,100,89.77187527298429,-45.22812472701571,-67.46039314129848,-863.1655923114422
61,81,101,92.8267828908372,-52.173217109162806,-80.9449524381705,-950.1180346398978
62,82,102,101.41713102353833,-31.58286897646167,-53.784219202245595,-836.3536286156391
63,83,103,118.78938116305653,-38.21061883694347,-70.2813148036953,-1063.5874559952417
64,84,104,113.36576609597296,-33.63423390402704,-56.567385419649554,-1082.8923635548454
65,85,105,111.02920316269842,-42.97079683730158,-66.61642258812299,-961.3275075631095
66,86,106,107.58941620999076,-52.41058379000924,-70.37906660449335,-1229.864068769501
67,87,107,102.3552075778507,-33.644792422149294,-41.39735590538544,-1150.0308211615275
68,88,108,130.8636839541216,-32.1363160458784,-54.37098599293358,-1382.7307437262098
69,89,109,114.6054067957507,-12.394593204249304,-21.558112491251904,-994.171181503853
70,90,110,83.66160738282451,-26.338392617175487,-22.87930449560963,-1003.7200232513051
71,91,111,92.965296187577,-19.034703812423004,-18.99736309637092,-889.899725287733
72,92,112,64.36934421985052,-55.63065578014948,-46.7715357652678,-883.0729549394414
73,93,113,50.5383333213631,-57.4616666786369,-48.07677689540901,-790.4881282877755
74,94,114,61.721769971821914,-72.27823002817809,-75.45921500167469,-1055.975291325794
75,95,115,86.67022340643894,-27.329776593561064,-29.075517254448414,-1012.789850452562
76,96,116,123.03233984320013,-19.967660156799866,-34.60406615974193,-1103.1462647783137
77,97,117,112.09986602920367,-26.900133970796333,-39.088042675473616,-1053.693634254108
78,98,118,127.21904816991446,-25.78095183008554,-44.62402131062072,-1164.8669197536988
79,99,119,103.68249402425909,-34.317505975740914,-43.368877070669214,-976.4974627284187
80,100,120,75.54001485896947,-62.45998514103053,-75.36716398118051,-1006.882301329847
81,101,121,73.50325106777518,-67.49674893222482,-83.18666482516528,-1064.73329432817
82,102,122,75.37836433730081,-49.62163566269919,-55.36340754418802,-884.0574065922006
83,103,123,50.43764193065181,-102.56235806934819,-122.59095537087319,-1186.7894868435378
84,104,124,52.23385570290293,-94.76614429709707,-116.31300145159958,-1189.1025793445956
85,105,125,32.980344436002724,-109.01965556399728,-127.73060844433462,-1025.543737020108
86,106,126,50.92049167243658,-102.07950832756342,-125.22726794160803,-1226.1009368557584
87,107,127,73.77867475870812,-74.22132524129188,-85.17569364361202,-1328.634424345175
88,108,128,100.50126233508695,-59.49873766491305,-76.77407329883727,-1394.862507045531
89,109,129,105.69596682837482,-58.30403317162518,-83.80915797769671,-1363.1514113527228
90,110,130,133.74654114036616,-20.253458859633838,-39.39362793681585,-1455.2128628076625
91,111,131,122.15628231823416,-34.84371768176584,-57.55692671095858,-1416.0583302354194
92,112,132,139.9707051301666,-25.029294869833393,-54.151448125201796,-1473.0751878513165
93,113,133,185.36666299795093,23.366662997950925,-0.7961559442869657,-1568.8160010090614
94,114,134,171.5119336558207,17.511933655820712,-4.054250553321026,-1532.9509067072408
95,115,135,167.33081372926563,5.330813729265628,-21.258020344931765,-1564.853647657249
96,116,136,172.86532145206525,-12.134678547934755,-51.907301719402994,-1633.2272003904
97,117,137,165.1933128816288,-31.8066871183712,-74.08796802836332,-1577.568641279755
98,118,138,174.5723852539502,-20.427614746049812,-59.98029543108851,-1529.6149269073685
99,119,139,196.26152939800022,44.26152939800022,10.52128103177347,-1079.9893262377868
100,120,140,193.12268155799416,26.122681557994156,-8.847234234847974,-1118.1090161398943
101,121,141,199.43374885606136,28.433748856061356,-14.765956108928094,-1173.1146298052981
102,122,142,249.23901421158484,65.23901421158484,13.487607926814462,-1349.0257190165803
103,123,143,273.8485192221681,91.84851922216808,39.013403669272066,-1304.7386084005911
104,124,144,269.06126663308896,97.06126663308896,48.165091677122746,-1241.1333797619227
105,125,145,258.57033765645906,89.57033765645906,35.236289305224545,-1009.9319770161906
106,126,146,255.69500026919854,88.69500026919854,32.965035844057866,-926.0822771321314
107,127,147,266.0504405874708,120.0504405874708,77.6482102502473,-767.7299779035916
108,128,148,258.39035823365043,108.39035823365043,57.379845441624866,-913.2153728975031
109,129,149,287.26567974999625,120.26567974999625,59.649318276436134,-1085.0029850713618
110,130,150,270.40832484883094,113.40832484883094,57.50681217753595,-1003.0936999575815
111,131,151,255.19806060863357,95.19806060863357,30.788716696633173,-957.8875298028561
112,132,152,292.38162212174075,108.38162212174075,35.83580042017206,-1107.0621329071782
113,133,153,350.4091994255498,145.4091994255498,62.75476244194442,-1287.3254173960036
114,134,154,324.77969105910483,148.77969105910483,80.21679845175208,-1126.148760635902
115,135,155,319.7636089347752,146.76360893477522,82.37198733782066,-1009.3766936500251
116,136,156,357.26842548463765,168.26842548463765,92.88669950890403,-1243.7803348833127
117,137,157,357.4284562266703,174.42845622667028,102.38050066187839,-1289.593152042578
118,138,158,374.76075713483783,182.76075713483783,107.27172710989339,-1102.5053352636587
119,139,159,370.634473649543,202.634473649543,135.97506859472628,-942.3450076096633
120,140,160,379.94963516613757,199.94963516613757,125.92954210887706,-1132.081258887748
121,141,161,354.87197929724994,186.87197929724994,124.5266059347473,-1092.3322272036344
122,142,162,333.06998883574647,165.06998883574647,101.52974609344983,-1089.935297756861
123,143,163,332.4845405188955,181.48454051889553,123.63543337956798,-916.9008890108116
124,144,164,307.32460267079887,156.32460267079887,98.4754955314711,-957.3280217423421
125,145,165,311.65057616715467,151.65057616715467,90.70696815795418,-1008.0331004939544
126,146,166,281.86917402995323,115.86917402995323,60.94667375856102,-937.6067932317474
127,147,167,216.3062001928381,83.3062001928381,44.257067321195564,-687.1648864974768
128,148,168,188.7986319397064,61.79863193970641,20.852745932431844,-717.2762687147529
129,149,169,186.02346209170673,57.02346209170673,18.098602537912257,-799.9962896313091
130,150,170,173.14825234712794,44.148252347127936,9.465036901468238,-805.1457809635594
131,151,171,167.704071662645,34.70407166264499,-3.0930901257377172,-873.3271994202737
132,152,172,196.01819498187388,56.018194981873876,13.349675874932473,-822.0767104330048
133,153,173,201.73134998364003,53.73134998364003,8.119622553322642,-885.773805665026
134,154,174,194.4419470734597,55.44194707345969,14.657588464415312,-884.0390887114363
135,155,175,149.0293534749021,23.02935347490211,-6.179057624014831,-772.138949826649
136,156,176,146.26355561345486,23.263555613454855,-5.742635314077916,-803.0405620144129
137,157,177,121.50823018370852,10.50823018370852,-13.909861463620246,-755.6553573909027
138,158,178,135.9771599412884,26.97715994128839,5.980815699473396,-547.913694288708
139,159,179,103.42992297973865,1.4299229797386488,-13.63055866856871,-573.5512217971946
140,160,180,78.11316692539094,0.1131669253909422,-8.568489388857188,-506.31844141750526
141,161,181,95.32058045637973,6.32058045637973,-3.5235716701010915,-480.1763339488257
142,162,182,99.23026281612147,20.230262816121467,10.357593184536427,-498.17592731585364
143,163,183,132.37938893041792,21.379388930417917,-5.464717848870805,-633.0345760722071
144,164,184,174.92988845101127,32.929888451011266,-3.4563175336047607,-1017.0886160656737
145,165,185,165.25028130215105,27.250281302151052,-5.7581657742371135,-1161.7227226727236
146,166,186,174.95426311195592,15.954263111955925,-24.42718609753797,-1126.8359384728224
147,167,187,181.85562575015751,35.855625750157515,-2.1754711912867606,-1101.1089004915407
148,168,188,164.30752595785725,23.30752595785725,-10.50137234830163,-946.3244876901863
149,169,189,150.73388856266365,30.73388856266365,5.9938847677012745,-871.8516902705887
150,170,190,162.31588163557308,38.31588163557308,13.317281244902688,-875.6570497248917
151,171,191,124.61983401805173,-5.380165981948267,-28.16735933908103,-805.7208406695277
152,172,192,157.11310261243102,42.11310261243102,22.288444633313247,-672.6216369463687
153,173,193,171.38626532988997,53.386265329889966,31.37486175988147,-762.6696408466464
154,174,194,152.8116057194975,27.811605719497493,5.43430150456993,-897.0410277993415
155,175,195,115.57224727134349,6.572247271343485,-4.373462852352532,-775.552152220514
156,176,196,97.98418964193957,-32.015810358060435,-50.6441206318334,-890.3064708966772
157,177,197,105.86215620278585,-31.137843797214146,-46.66631881310673,-1174.8623687106
158,178,198,109.7252744638065,-19.2747255361935,-32.89971299955005,-920.791220577682
159,179,199,107.66063181149525,-45.33936818850475,-66.03632816648064,-1292.7820407209106
160,180,200,112.30511416272543,-33.69488583727457,-55.090450445279885,-1257.463246144835
161,181,201,70.39863474659819,-68.60136525340181,-85.47214613312826,-924.5481447367983
162,182,202,50.53659020447071,-100.46340979552929,-123.65515790685981,-1111.8776884236327
163,183,203,45.08924645381535,-122.91075354618465,-151.10049007992438,-1242.739638175743
164,184,204,47.0517600807766,-118.9482399192234,-145.4490969988492,-1225.0317582109283
165,185,205,52.380565881478105,-126.6194341185219,-160.63227174708845,-1411.6618324120618
166,186,206,72.06630145272334,-89.93369854727666,-116.86910621175457,-1336.4027755961652
167,187,207,96.89836466330007,-67.10163533669993,-91.22046578165168,-1305.8009746354192
168,188,208,93.15896242520535,-79.84103757479465,-108.78723684101942,-1316.338680259536
169,189,209,106.51225390359036,-56.48774609640964,-85.65388784906372,-1251.7998822124387
