Left,Mid,Right,Loss_likeli,Loss_AIC,Loss_BIC,Loss_eBIC
0,20,40,96.77897133899592,-26.221028661004084,-38.11170265317082,-687.892255959789
1,21,41,114.68529646726984,-20.314703532730164,-30.96201048609896,-650.0644867433048
2,22,42,108.4088802590461,-41.5911197409539,-57.276120655573095,-798.6383224647402
3,23,43,75.72932559756805,-30.27067440243195,-35.91047662271717,-601.4481480936365
4,24,44,91.45213188244088,-37.54786811755912,-44.09198494035127,-864.9464874889691
5,25,45,71.93515689652327,-43.06484310347673,-44.88875910713182,-504.6005558991974
6,26,46,78.36174351918044,-10.638256480819564,6.268788119306009,-328.14598045024195
7,27,47,112.40123936221221,-19.59876063778779,-39.91595036567469,-716.8756344416402
8,28,48,81.20083717597117,-68.79916282402883,-89.41360325690243,-1019.6301647396895
9,29,49,80.41440283382099,-78.58559716617901,-98.94326113086663,-1113.0981003181396
10,30,50,86.2096831342476,-80.7903168657524,-103.8648722912119,-1045.060413799983
11,31,51,99.92919237524984,-79.07080762475016,-114.4699396144365,-1204.1788114745568
12,32,52,129.03230297741152,-45.96769702258848,-77.98907010404719,-1344.74299082178
13,33,53,121.25299736150191,-54.74700263849809,-90.02294675395137,-1159.3860650876459
14,34,54,124.6290948597748,-53.370905140225204,-90.69818612509425,-1192.906614767665
15,35,55,144.38375481852313,-5.61624518147687,-39.053908454709244,-965.0282316327985
16,36,56,176.38380067352273,35.38380067352273,8.159800582683147,-951.96949240397
17,37,57,180.26734465717027,19.26734465717027,-17.567404578929427,-1079.304844486081
18,38,58,174.9414526737978,33.94145267379781,7.064026173238062,-1096.5734061111948
19,39,59,155.10860417176605,34.108604171766046,9.688789323842911,-689.2459899404575
20,40,60,147.7254994740017,57.72549947400171,48.961200553188974,-453.61961191306
21,41,61,162.5316796961822,72.53167969618221,60.99479205313014,-415.6320653523567
22,42,62,157.87069204314457,52.87069204314457,32.47951798731742,-626.1839573126149
23,43,63,146.4043678408193,55.404367840819305,42.10134418970688,-489.5070852625522
24,44,64,168.03167734285194,94.03167734285194,91.5717755677415,-473.04239324557966
25,45,65,249.1673969939245,145.1673969939245,128.0172477689989,-597.8984485290048
26,46,66,252.06127171826984,160.00881695238513,147.88075178997656,-521.2368022472997
27,47,67,217.39595586877067,111.39595586877067,81.49600232888747,-653.4246411009849
28,48,68,270.5765655589096,60.57656555890958,5.175787560959861,-1221.6624730522299
29,49,69,304.5832790807867,108.58327908078672,48.100769129044465,-1218.6558975998323
30,50,70,337.34704878757,124.34704878756997,53.02692129838397,-1248.9553637107115
31,51,71,348.9888029077388,117.98880290773877,27.917258675626954,-1367.0945345770247
32,52,72,357.639113552852,136.639113552852,43.93937683913464,-1434.803833461864
33,53,73,357.48897524597214,131.48897524597214,36.9930550289298,-1343.7122394172256
34,54,74,383.0385977219703,142.0385977219703,41.22923830120453,-1399.5997479014009
35,55,75,364.8690940844069,137.86909408440692,45.74331901429309,-1343.481906829366
36,56,76,398.45284505128893,150.45284505128893,47.183480319345335,-1480.085633406218
37,57,77,441.3889876518058,165.3889876518058,41.84087751255424,-1769.0459304879978
38,58,78,408.9687950307018,166.9687950307018,56.5358240487883,-1462.9169487219926
39,59,79,445.5594550224703,193.55945502247027,80.3521721177226,-1629.5349736732653
40,60,80,447.6564453328406,212.65644533284058,104.66881653752603,-1492.0506396062456
41,61,81,438.2894202760335,200.28942027603352,94.46952430627653,-1563.5824593768248
42,62,82,443.45342404535586,207.45342404535586,102.43366501606397,-1560.0792601981705
43,63,83,428.06286179510107,206.06286179510107,110.55726830248364,-1502.471314055375
44,64,84,445.85013986760623,231.85013986760623,140.62743147831816,-1462.8443226414026
45,65,85,432.3979447776155,246.39794477761552,170.98989338199294,-1149.1158059592942
46,66,86,386.1182035931158,216.06574882723112,150.20146061417813,-975.9371129064511
47,67,87,236.65505500511267,129.65505500511267,88.74978621527976,-488.7127505213175
48,68,88,337.2314466580874,184.2314466580874,140.9200797132678,-740.6343535737071
49,69,89,311.2417434413121,169.2417434413121,122.47420844488875,-639.4219284383239
50,70,90,253.73381384364006,147.73381384364006,120.32787605203316,-521.624270325148
51,71,91,259.38045144279045,151.38045144279045,122.82304920351567,-663.3711349752382
52,72,92,231.97594963951087,135.97594963951087,108.50311581858614,-582.0491692844969
53,73,93,260.15839669613706,136.15839669613706,96.13493251267732,-716.9791553603802
54,74,94,248.13414200955276,122.13414200955276,85.22576938483462,-723.4102002989389
55,75,95,247.763488791011,114.76348879101101,76.32536015673122,-758.7331097789861
56,76,96,238.41918453750304,92.41918453750304,47.90335833325253,-891.5992473519934
57,77,97,219.04415548996394,74.04415548996394,30.785935056942662,-951.5673991898652
58,78,98,179.97411818911132,41.97411818911132,-0.3918158248363852,-888.9097514285554
59,79,99,200.84170091937722,46.84170091937722,1.3619389809175573,-1132.8306376923374
60,80,100,195.77112209903908,40.771122099039076,0.0023724388590835588,-1132.181419684799
61,81,101,239.11706334915925,77.11706334915925,36.928717147301995,-1225.4576491766697
62,82,102,226.89474608865225,60.894746088652255,11.952795382954491,-1224.0276761999871
63,83,103,218.12745877166117,61.12745877166117,16.23353996455012,-1226.225878278572
64,84,104,219.98753842342512,70.98753842342512,31.809416661930072,-1285.4770754948204
65,85,105,200.3031362483439,60.30313624834389,24.566088947001617,-1103.9337649935396
66,86,106,195.7303708229847,32.730370822984696,-13.740691248799976,-1077.9141740656723
67,87,107,148.92108175572457,48.92108175572457,27.46693467810678,-483.2720782555707
68,88,108,167.12289165556217,93.12289165556217,72.56975627722318,-424.47813702179906
69,89,109,175.65683255461772,86.65683255461772,57.249410763503874,-408.80527088477675
70,90,110,126.41753639455646,68.41753639455646,53.750817662969666,-347.3108715703272
71,91,111,125.60197982660861,75.60197982660861,72.47284275438346,-241.81558124356116
72,92,112,98.49867185487619,52.49867185487619,50.265718463081384,-140.19233357035137
73,93,113,95.40605718571919,43.40605718571919,39.22895485020331,-173.19564918921105
74,94,114,88.25655969936201,43.256559699362015,40.322187451449736,-120.75849463389932
75,95,115,103.14336868730538,48.14336868730538,41.16533076428618,-166.22940344845279
76,96,116,114.277951496593,59.277951496593005,50.26371425869684,-262.7323038675306
77,97,117,95.52393581339402,42.52393581339402,44.20003994811668,-87.15793925393336
78,98,118,69.5315128339887,25.5315128339887,34.11133963914358,1.5403070925806333
79,99,119,90.03564210748073,42.035642107480726,38.64808534019994,-133.53197347632545
80,100,120,98.12147384888158,21.12147384888158,5.323339246108162,-280.39739083486484
81,101,121,118.18138080981589,18.18138080981589,-6.9306718075552,-533.9745029648675
82,102,122,162.92373289433453,33.923732894334535,-8.7272464104135,-847.8753954393399
83,103,123,145.12252009920326,38.12252009920326,6.338406061423257,-685.253162544213
84,104,124,135.25467068413627,40.25467068413627,12.712082336279991,-589.9497793754908
85,105,125,153.18407198333807,61.18407198333807,37.13399500778496,-414.3646681588857
86,106,126,155.2107689281811,53.210768928181096,26.019186310833902,-404.5863217284905
87,107,127,142.9779330722688,42.9779330722688,19.864114808633985,-407.81941719778683
88,108,128,138.0549462116776,45.05494621167759,20.627155936747158,-394.5790009337161
89,109,129,126.1862368079137,33.1862368079137,7.487765078653183,-431.19124787355145
90,110,130,150.91725645131442,65.91725645131442,42.66018229066822,-440.85201417620283
91,111,131,176.56815138658044,76.56815138658044,48.61567389651918,-585.1148888647931
92,112,132,167.47483644911927,65.47483644911927,35.48690591466402,-591.5086144007619
93,113,133,166.32869249582086,48.32869249582086,17.999522759093225,-692.2750094911271
94,114,134,198.8994069963951,62.8994069963951,23.95522038796139,-831.8099721558401
95,115,135,164.8953662948743,44.89536629487429,12.877317104032727,-634.5401070045305
96,116,136,200.56185776655366,46.56185776655366,0.3889486475338799,-906.5109273694984
97,117,137,185.69978029941603,44.699780299416034,25.245005791417498,-748.7965665875781
98,118,138,155.29235258874542,38.292352588745416,24.737468610658652,-564.245565553193
99,119,139,123.45663856201895,9.456638562018952,-13.620286801904513,-551.9409523110075
100,120,140,166.71935830284906,43.71935830284906,11.247431472516382,-604.0474307878276
101,121,141,188.3807200131937,54.380720013193695,15.739118497754362,-731.6513957041157
102,122,142,212.62798718564227,69.62798718564227,25.119296078089974,-905.6100054330327
103,123,143,198.05271988644267,90.05271988644267,57.077592531325536,-692.9497165015046
104,124,144,155.6484057726359,59.6484057726359,34.03396641996255,-597.8086819687624
105,125,145,165.83198988539357,72.83198988539357,43.1120304512699,-441.26462948743915
106,126,146,141.8406023341829,61.840602334182904,34.16675820568116,-299.5500802494746
107,127,147,135.16609286402218,51.166092864022175,27.568153373202904,-300.3181304454024
108,128,148,174.4666157131487,83.46661571314871,57.726586313789994,-402.57336010628273
109,129,149,189.67786467476003,102.67786467476003,78.72473114634545,-356.0110887710682
110,130,150,192.38422408212955,116.38422408212955,88.37866950490411,-363.0654524326317
111,131,151,228.62235021221886,132.5596618319214,96.77048154062868,-493.9872580795868
112,132,152,256.099824108298,155.09982410829798,115.50059734809088,-517.4603517893311
113,133,153,325.7850555263544,188.5956240076266,132.2745233248852,-729.1412957472717
114,134,154,362.4365506139993,200.25789585875737,130.90854468826547,-902.7183880540181
115,135,155,313.56616995156946,172.56616995156946,108.15110129705545,-666.6186920481953
116,136,156,344.85633843081837,179.85633843081837,103.94675048765339,-900.9703116810517
117,137,157,338.7533803791823,180.75338037918232,117.62712058391253,-877.077144679507
118,138,158,352.1355968868338,201.1355968868338,130.40541440872812,-901.0479472417646
119,139,159,360.65159360016673,188.65159360016673,110.29666347040302,-1021.4419293113408
120,140,160,331.7052042692894,185.70520426928942,120.29479369572778,-754.6853331919574
121,141,161,339.1792218302294,174.17922183022938,105.00986081085716,-795.6862866157342
122,142,162,275.6399769539389,138.6399769539389,77.44597244212218,-619.1172383746468
123,143,163,234.37677817889016,118.37677817889016,64.78318939611836,-624.0998475571469
124,144,164,213.40120771509555,101.40120771509555,50.49223065999172,-627.3509613257079
125,145,165,161.42004014031818,62.42004014031818,23.901661430480544,-613.5629583101033
126,146,166,169.4330360841575,69.4330360841575,30.762148449276083,-621.8806837305567
127,147,167,173.78353224374814,79.78353224374814,43.59568343649221,-560.0120244080329
128,148,168,167.67910698830792,78.67910698830792,50.429449702011425,-545.0819348648906
129,149,169,143.50421643686445,67.50421643686445,46.4463581165553,-361.79007387827846
130,150,170,153.86760812178,79.86760812178,58.749536852868005,-610.4594378935667
131,151,171,153.57542545660772,86.51273707631026,71.74657296686973,-515.6429651038184
132,152,172,179.31160442158648,112.31160442158648,98.65073965907641,-507.0255443017352
133,153,173,169.45942843347711,99.26999691474907,85.31684074334589,-453.7784716756107
134,154,174,175.75551857834785,101.5768638231059,87.82323475850876,-560.395879474976
135,155,175,155.44587921614448,84.44587921614448,72.55669324029896,-568.5713617414735
136,156,176,143.81399134020467,66.81399134020467,51.00558217657431,-610.8886173393271
137,157,177,134.87732213369304,61.87732213369304,47.367230336610874,-528.8401662108115
138,158,178,119.43881765547235,28.43881765547235,15.710401940474867,-575.9628872877192
139,159,179,111.53291080586177,28.532910805861775,18.748218168849007,-510.4912215632262
140,160,180,133.27307110538482,61.273071105384815,60.777215465998324,-383.1596920830839
141,161,181,135.20870655286262,13.208706552862623,-1.974493098781295,-629.2552997880721
142,162,182,161.48307528932196,38.48307528932196,21.611628265536638,-565.9682736094678
143,163,183,176.82331603644025,36.82331603644025,17.721801068536706,-1054.8049840643066
144,164,184,168.45884303661137,29.45884303661137,9.468899844365296,-1063.8455595891564
145,165,185,135.40670157967634,-3.593298420323663,-25.316109563969803,-992.2916499878297
146,166,186,133.5073495576794,18.50734955767939,11.852488009201124,-954.7517603311394
147,167,187,132.6997707338328,17.699770733832793,15.896939449273987,-877.5871969790355
148,168,188,135.2580349734635,22.25803497346351,18.678347240218955,-1080.165403320685
149,169,189,162.92742366835523,34.92742366835523,22.493449522335595,-1038.8053263864444
150,170,190,167.63970466426122,26.639704664261217,8.654594125903259,-1091.3304710453967
151,171,191,162.8144854404402,5.814485440440194,-2.132971655398933,-1061.609001785724
152,172,192,136.7722355831911,-8.227764416808895,-22.59127518989385,-985.4679974526662
153,173,193,147.2379886372819,-17.762011362718113,-46.191017437526625,-1122.8784141371361
154,174,194,130.16311482283572,-23.836885177164277,-42.630480664066,-1263.8488546335211
155,175,195,156.56794152500015,-26.43205847499985,-56.89118320619491,-1478.2604153299571
156,176,196,136.8700492408202,-44.12995075917979,-71.86047526542097,-1437.1930289423472
157,177,197,96.60587685708197,-58.39412314291803,-70.40753937071759,-1309.7157954450831
158,178,198,100.96989408467084,-49.03010591532916,-57.16789709812383,-1291.3715706897528
159,179,199,89.81067067165691,-66.18932932834309,-82.51292118599918,-1158.2586875946345
160,180,200,94.04209287747108,-45.95790712252892,-54.31564079175314,-1137.7878469498664
161,181,201,100.83597651060131,-62.16402348939869,-83.01239907533363,-1202.2380165312106
162,182,202,117.76889534221277,-43.23110465778723,-61.69745360904835,-1322.3523916706558
163,183,203,107.3306569527133,-53.6693430472867,-73.52198635966761,-1261.2814019115094
164,184,204,104.2011309476884,-51.7988690523116,-69.16218168080763,-1153.340939394654
165,185,205,125.9963150747949,-37.00368492520511,-63.0506643653398,-1141.8901159097054
166,186,206,93.14699299384961,-42.85300700615039,-58.576763065825844,-1035.5692316336222
167,187,207,124.35581842126658,-11.644181578733424,-27.367937638409103,-965.1809794858705
168,188,208,108.76670325906366,-30.23329674093634,-48.49037198178303,-940.3479194083602
169,189,209,107.91487631761242,-23.085123682387575,-35.279828287338205,-1007.6935409748639
