Left,Mid,Right,Loss_likeli,Loss_AIC,Loss_BIC,Loss_eBIC
0,20,40,206.46624693166837,70.46624693166837,59.66217356958646,-1009.7038974173033
1,21,41,201.32196205238165,61.32196205238165,42.22044708447834,-949.1261272234633
2,22,42,192.78360177766126,95.78360177766126,105.82167521790188,-636.9353710804912
3,23,43,174.40329356705706,71.40329356705706,82.17941170224071,-686.2862660412566
4,24,44,148.31828365088245,65.31828365088245,85.08618420719881,-472.9980048834527
5,25,45,151.7303729550813,52.73037295508129,53.69479600475461,-480.6184966439623
6,26,46,161.37265311112333,45.37265311112333,41.6607599120523,-474.378155571972
7,27,47,159.88757246579348,38.88757246579348,36.708158511677766,-796.5178598733264
8,28,48,159.27948772484456,33.27948772484456,38.013086408380104,-863.4294165385331
9,29,49,147.53127843180437,24.531278431804367,13.176119234782163,-767.0423701994796
10,30,50,159.88863226230524,26.888632262305237,12.580186701361981,-811.2624900476594
11,31,51,163.90149685733672,28.901496857336724,10.050370442712165,-860.0225403694776
12,32,52,156.84211520292092,7.8421152029209225,-16.77041451632499,-869.3272239519174
13,33,53,143.2241559116285,-0.7758440883715139,3.0829381288433524,-645.1671831489311
14,34,54,192.6698389636017,29.669838963601705,5.56968962874862,-1007.9952627693447
15,35,55,218.65038031939025,43.65038031939025,5.390682612892078,-1180.6316493452573
16,36,56,226.24065973053507,53.24065973053507,31.126539999543866,-1088.4767839943365
17,37,57,233.5949930628119,50.59499306281191,30.543859930159442,-1172.808373830415
18,38,58,231.79367926414852,73.79367926414852,47.44920397293345,-1136.9367473391703
19,39,59,270.98162170440696,102.98162170440696,57.463205656668606,-1239.9682549725758
20,40,60,240.28812627815,79.28812627815,53.26853685956962,-1193.94830365282
21,41,61,250.01380863730628,95.01380863730628,73.31287486504925,-1079.9097109850036
22,42,62,216.82229818036194,77.82229818036194,64.58245506615003,-896.9827947426757
23,43,63,222.74747951588438,85.74747951588438,70.9976898988914,-889.0954591970153
24,44,64,207.038522600325,86.91416008434203,75.32894845322426,-746.0894651227964
25,45,65,231.27152401231456,103.27152401231456,95.87076586111971,-648.5530761571558
26,46,66,223.2504141159293,91.25041411592929,61.63319755523662,-828.415277126473
27,47,67,220.06352611074885,86.06352611074885,61.2732977835974,-838.8926452150986
28,48,68,223.45553367786556,65.45553367786556,41.35762817187174,-831.9935853267334
29,49,69,217.75333476384048,50.97164671166115,20.206885992490243,-922.2747980130134
30,50,70,230.55210525306848,89.55210525306848,52.90316093425963,-780.4559962731696
31,51,71,243.71636801128102,120.71636801128102,77.31606122845778,-659.5252610938396
32,52,72,249.62697467660564,126.62697467660564,82.5780706299563,-740.5610986661845
33,53,73,245.64893855689843,127.64893855689843,93.41888908930082,-632.0538304407246
34,54,74,258.27602335965116,138.27602335965116,102.223490504756,-658.9912311384435
35,55,75,318.64778001931654,179.64778001931654,125.00047779907345,-841.1977905579733
36,56,76,334.34478890053515,186.34478890053515,138.00837015677985,-829.8470448790963
37,57,77,328.78689664813714,195.78689664813714,153.56749619902348,-633.9295036761591
38,58,78,351.05826334401763,205.05826334401763,148.2355645714124,-788.236116142152
39,59,79,362.02810021607525,222.02810021607525,164.58273077635613,-749.6382853377411
40,60,80,371.8724365457099,215.8724365457099,155.605377241337,-826.1982185310856
41,61,81,356.38042048632497,218.38042048632497,167.36668969875973,-688.1984576775967
42,62,82,370.326112564954,193.32611256495397,128.9360123571787,-993.6608444384851
43,63,83,355.2594418423487,200.25944184234868,146.74273299929223,-808.0561692935019
44,64,84,370.60657812965565,215.48221561367268,164.35751112528897,-912.7215178872402
45,65,85,337.27980909119697,190.27980909119697,152.97175251472095,-785.3553770175813
46,66,86,351.38378194196684,182.38378194196684,128.48376635952695,-913.8236899636354
47,67,87,334.0822017134042,183.08220171340417,140.28616310433904,-919.0925657167659
48,68,88,328.4289739913552,146.42897399135518,94.9035878272723,-1222.858989505151
49,69,89,288.83021491388126,103.04852686170216,66.13707254947349,-1130.466865647893
50,70,90,307.7315523456514,122.73155234565138,78.80084967796438,-1234.2199623807774
51,71,91,300.7505132563442,143.75051325634422,109.49549138794214,-1261.5345874860213
52,72,92,304.93814107789467,145.93814107789467,106.65337519093941,-1184.129599884026
53,73,93,280.2933053324248,139.29330533242478,102.55463494810283,-1102.397901585659
54,74,94,267.77332718355296,117.77332718355296,82.02373159706349,-1053.4344600526974
55,75,95,287.2902373120785,151.2902373120785,116.15836019672452,-1008.4562415898599
56,76,96,239.36127215321676,109.36127215321676,90.02466040166587,-894.3355467790975
57,77,97,206.00005808730407,103.00005808730407,93.30867683287033,-751.5346434814091
58,78,98,205.63193860696765,85.63193860696765,76.77085134125309,-841.3456446654582
59,79,99,189.50644543403723,56.50644543403723,46.82659257949672,-974.5393911505353
60,80,100,206.86401210193526,61.86401210193526,37.154004137627226,-1082.9723693008673
61,81,101,205.0621111804926,60.06211118049259,36.04525039674468,-1108.8667048701159
62,82,102,262.05322934688184,85.05322934688184,42.33206346402994,-1433.7870435574537
63,83,103,235.60053592489203,57.60053592489203,20.273254940022753,-1363.3809131012854
64,84,104,189.16004451296521,58.160044512965214,48.391355039974314,-949.7639670218455
65,85,105,193.63080843255102,49.63080843255102,22.992651473060278,-1009.4940698912633
66,86,106,196.37398758527934,41.37398758527934,26.320282476211105,-892.8258409227806
67,87,107,212.3374751665749,96.3374751665749,83.98614362711987,-709.3867145182321
68,88,108,167.59900697685612,30.599006976856117,4.326750662284439,-819.4188972645934
69,89,109,156.38250995113822,31.382509951138218,22.96792341132823,-705.109630735235
70,90,110,179.09072886431522,35.090728864315224,26.064794683847367,-830.9678836932712
71,91,111,173.9849042026267,46.984904202626694,32.92008695455115,-974.6733079471119
72,92,112,141.83142743975077,-7.168572560249231,-20.205050704903442,-1020.7646503543224
73,93,113,144.86641786950304,4.866417869503039,-19.78027454287985,-977.6530060297982
74,94,114,152.78841976992862,5.788419769928623,-17.96084776550788,-842.2473946847849
75,95,115,142.84751916942673,7.847519169426732,4.57407271620923,-723.8584624057848
76,96,116,134.61319502905076,32.61319502905076,29.961585277712402,-771.6659487268107
77,97,117,121.04106885913507,15.041068859135066,16.323159305289437,-740.3278182365848
78,98,118,139.74026471777984,25.740264717779837,35.76734603089608,-688.0073902645477
79,99,119,172.5467732754862,55.5467732754862,46.24349212992047,-734.9937318867892
80,100,120,172.62848273125246,23.62848273125246,18.147393768349048,-989.0447418418726
81,101,121,177.0502373394304,17.050237339430396,1.5355146374595279,-1139.0962678498709
82,102,122,170.46686407784136,19.466864077841365,-0.9522953112493724,-1087.98038661391
83,103,123,196.43950178172076,34.439501781720764,9.930109249203042,-1132.0803021261568
84,104,124,180.41737718534114,23.417377185341138,15.8640869406006,-902.2712465936715
85,105,125,188.35231343392866,21.352313433928657,13.01391420040136,-1079.8224589865404
86,106,126,188.19882868623063,53.19882868623063,39.27399228042236,-834.6195965500401
87,107,127,203.3898399550087,83.38983995500871,68.04995394532784,-750.0439208993703
88,108,128,174.26592615365325,48.265926153653254,44.64753748141129,-717.1160748493412
89,109,129,170.688602049383,60.68860204938301,58.408156007162006,-735.463725638665
90,110,130,198.75750203012808,96.75750203012808,91.28972818353941,-464.9914357074208
91,111,131,226.1582214518828,121.15822145188281,103.6477689183339,-533.2117425918823
92,112,132,145.7776361608153,54.77763616081529,56.42841942953055,-489.8614736062477
93,113,133,158.64324460100352,50.643244601003516,37.54951119116595,-570.1860036327312
94,114,134,181.0205464180831,55.020546418083086,38.04555575461927,-583.3357638483371
95,115,135,181.43818981172922,68.43818981172922,65.37401706892638,-389.545883360433
96,116,136,153.42033718572702,61.42033718572702,55.083049045159214,-454.15403571115485
97,117,137,160.4196465652476,57.419646565247604,50.14470130361383,-494.94160685042425
98,118,138,159.56890119012064,51.56890119012064,45.58510048213134,-472.65698810099
99,119,139,174.29575034922254,64.29575034922254,46.19179242725181,-540.5993984082952
100,120,140,201.66517513036388,78.66517513036388,67.76020543882373,-842.6328594412744
101,121,141,206.56963837161766,53.56963837161766,29.443289167350486,-834.2385631152761
102,122,142,188.95633633533657,68.95633633533657,44.90947972093454,-831.6167854011055
103,123,143,204.60842083854823,87.60842083854823,61.63439913975435,-740.5123497879563
104,124,144,200.19844321689106,52.198443216891064,36.92731734856875,-706.5516596950438
105,125,145,207.99133287720338,42.99133287720338,28.24844751708065,-788.020183724248
106,126,146,213.6200235645499,91.62002356454991,73.42854372867373,-613.1149231757281
107,127,147,226.4042585151201,92.40425851512009,66.77743236457536,-764.0600795073428
108,128,148,245.43808014421847,92.43808014421847,81.89659483424452,-779.4471645552035
109,129,149,220.95171517141375,90.5054592354661,73.32409215529674,-767.0755500592145
110,130,150,234.42583190752134,123.42583190752134,113.88843396617767,-607.9933586936031
111,131,151,258.3698911174092,125.36989111740922,102.20926971020913,-704.581153111465
112,132,152,237.1234254545077,124.1234254545077,91.73877159382346,-656.3646667719213
113,133,153,263.55567812228696,126.55567812228696,84.67028008096304,-751.8681551355849
114,134,154,293.99905666320274,147.99905666320274,111.03058354371024,-755.6191221183426
115,135,155,300.9035422183747,170.9035422183747,128.52478027087682,-627.6913199282685
116,136,156,319.92186877912627,174.92186877912627,115.2079281965407,-707.372939140796
117,137,157,314.09924978645836,169.09924978645836,106.49050776964577,-702.6507513424526
118,138,158,319.37466651531304,159.37466651531304,91.84720459888013,-834.078413006509
119,139,159,322.34079074344754,161.34079074344754,98.11963306041093,-776.8627022773264
120,140,160,416.87067057968034,229.87067057968034,154.63240492939713,-1123.1337928806145
121,141,161,407.99808165882746,222.99808165882746,150.48701123797514,-931.9340571433911
122,142,162,389.3586696406678,227.3586696406678,148.54294768310547,-969.4159817554967
123,143,163,400.32063583575587,232.32063583575587,158.92706598403333,-914.8126218604882
124,144,164,362.6633975463674,200.66339754636738,139.58969211556905,-768.4361012582569
125,145,165,352.59844455760935,187.59844455760935,125.60118830043075,-830.6871587804626
126,146,166,330.9751989283136,188.9751989283136,139.5220546079738,-716.6474708080964
127,147,167,321.63428456755673,192.63428456755673,151.5652737388882,-562.9339480659028
128,148,168,339.21861893203527,198.21861893203527,162.90181939818967,-613.113723200283
129,149,169,276.54851459255497,146.10225865660732,116.52386219633195,-601.8826868178105
130,150,170,262.18479064381813,153.18479064381813,126.06362778648963,-507.16968086808174
131,151,171,231.55633720408036,133.94552331924115,112.04372651909944,-486.6283976593527
132,152,172,217.0293910453529,135.0293910453529,107.26674547404787,-408.5123153566185
133,153,173,168.59012424653974,96.59012424653974,81.39414835191997,-369.25297212042756
134,154,174,151.4145384505423,85.4145384505423,77.64110056065215,-311.8863580733505
135,155,175,146.6173361768124,80.61733617681239,78.25187890884672,-239.61925784540358
136,156,176,137.35690604122942,80.35690604122942,70.34693652977921,-258.0089284359724
137,157,177,147.64078101123914,89.64078101123914,81.9055340852517,-199.4065301429764
138,158,178,150.250344702049,105.250344702049,119.96533626341147,-59.54297451656839
139,159,179,150.25394363042096,71.25394363042096,80.24043408875787,-217.97021185067842
140,160,180,121.46048793657565,12.460487936575646,18.07445028949519,-499.83646446457806
141,161,181,182.87109751383468,90.87109751383468,86.68615331369142,-299.573194654296
142,162,182,173.09170168695505,92.09170168695505,90.61119182029915,-410.57184770481626
143,163,183,161.67333161188117,74.67333161188117,72.75387447409753,-420.1697439479526
144,164,184,183.59827810614456,91.59827810614456,86.17049239695893,-482.2356674928128
145,165,185,147.00809833880317,48.008098338803165,41.10434601205907,-525.305780702578
146,166,186,157.73758943721919,58.737589437219185,51.34695259213959,-604.756794194238
147,167,187,194.18174604084857,82.18174604084857,66.75621737457413,-547.3712170310514
148,168,188,208.00488761553243,99.00488761553243,79.68541361862344,-554.2449831282793
149,169,189,146.5379435213738,36.53794352137379,18.68493006106337,-539.4455110342087
150,170,190,145.20894188602574,27.20894188602574,17.09803862310332,-807.3402835116171
151,171,191,165.16438540868353,50.55357152384431,48.35560044136673,-729.7137689625233
152,172,192,155.27132656093704,36.27132656093704,30.69461329691103,-804.6643216026582
153,173,193,190.98708163368133,44.98708163368133,12.154588546437026,-1059.124857603243
154,174,194,226.4342738513053,47.434273851305306,10.217743374021666,-1207.7011508918522
155,175,195,177.068365671533,9.068365671533002,-20.01146609045327,-1152.5427743694145
156,176,196,181.561483908456,0.5614839084560117,-34.25122347161914,-1298.6375649506626
157,177,197,150.3644489235462,-19.635551076453794,-53.69947482998782,-1129.5269508359738
158,178,198,156.57429851060124,-2.4257014893987616,-11.934652045991015,-860.0113573892468
159,179,199,111.51438242154836,-43.48561757845164,-57.26899138148292,-915.8577715755364
160,180,200,152.34861212357714,20.34861212357714,13.237747267947725,-743.3683518790217
161,181,201,145.00529622513363,20.005296225133634,37.103506938837654,-628.2798340357458
162,182,202,133.2063567474911,33.2063567474911,41.731270031356644,-615.3810566789157
163,183,203,146.81311095618048,28.81311095618048,30.867924633988423,-784.3844901730913
164,184,204,188.40206505070364,68.40206505070364,62.655928256788684,-782.8190207561515
165,185,205,184.36394117041755,46.36394117041755,26.525290524668435,-907.6212401565199
166,186,206,197.69641195127906,51.69641195127906,27.401893062160752,-972.234466960339
167,187,207,175.38453155536445,30.384531555364447,4.134094171859488,-822.9383281293531
168,188,208,167.88777812362923,27.887778123629232,3.952342918325485,-837.6232867024096
169,189,209,158.14010498919242,40.14010498919242,20.554716551143883,-800.3147233866944
