Left,Mid,Right,Loss,Loss_left,Loss_right,gain,glasso
0,20,40,9436.567125332145,8205.402511137348,8235.752339612833,-7004.587725418034,23.55915381253635
1,21,41,9438.057449129003,8206.649561039148,8231.175079482702,-6999.76719139285,24.997857564617334
2,22,42,9431.769316370015,8200.186206586883,8230.887563180022,-6999.304453396888,25.34951790369996
3,23,43,9413.152256333633,8205.983984512071,8183.690047569956,-6976.521775748395,21.037922146977053
4,24,44,9412.226204678236,8216.196080222424,8176.178111277388,-6980.147986821574,21.05650118090307
5,25,45,9415.62364989612,8239.382338236512,8175.205323246983,-6998.964011587375,20.460540940457577
6,26,46,9407.798140877707,8243.603822928513,8160.015632116263,-6995.821314167069,18.09448326494885
7,27,47,9395.872746014596,8238.480138566034,8148.019530009569,-6990.6269225610085,21.32678695630875
8,28,48,9412.767618409565,8254.328989666894,8160.242659378842,-7001.804030636169,19.790497203031464
9,29,49,9416.135455151463,8239.853360078876,8178.862653568627,-7002.58055849604,21.725878593196285
10,30,50,9417.931124068216,8227.361469667643,8165.644541749276,-6975.074887348701,21.236009886005377
11,31,51,9408.566767759798,8231.264357870961,8170.171623045744,-6992.86921315691,22.944741941394568
12,32,52,9389.553955830634,8216.77577264427,8142.274355127658,-6969.496171941295,20.344329363463203
13,33,53,9342.379007147047,8173.549714824012,8112.57504533913,-6943.7457530160955,18.01313961719461
14,34,54,9345.334605924345,8149.015993889726,8123.2883825678255,-6926.969770533207,19.089190196715208
15,35,55,9349.00607803053,8139.881782113569,8135.307045157068,-6926.182749240108,12.689031286644877
16,36,56,9348.177930744285,8169.969444464101,8070.139323367513,-6891.93083708733,22.43751691010948
17,37,57,9369.33516202931,8213.468745942491,8039.70466131551,-6883.83824522869,32.33215320630825
18,38,58,9371.404047444357,8218.420991945468,8037.296138383818,-6884.313082884928,31.297611550893635
19,39,59,9393.968399965728,8240.47811961242,8049.608600359773,-6896.118320006466,30.981852890412483
20,40,60,9392.424616803735,8235.752339612833,8067.504300941293,-6910.83202375039,20.037521246109918
21,41,61,9386.470967313006,8231.175079482702,8046.0080198331125,-6890.712132002809,5.845241105987952
22,42,62,9391.414368844147,8230.887563180022,8053.746700996189,-6893.219895332064,25.266671998998845
23,43,63,9377.451194670746,8183.690047569956,8082.284877377335,-6888.523730276545,21.277241951107044
24,44,64,9393.70168824031,8176.178111277388,8088.6450501299605,-6871.121473167039,14.955351303522548
25,45,65,9369.17505767299,8175.205323246983,8063.957752182243,-6869.988017756237,8.55814204509079
26,46,66,9380.632849782738,8160.015632116263,8097.961992494843,-6877.344774828369,20.15805360115928
27,47,67,9407.631142775565,8148.019530009569,8123.188538725726,-6863.576925959731,33.39968672790383
28,48,68,9431.011410572839,8160.242659378842,8134.376382034965,-6863.607630840968,41.931084268874656
29,49,69,9455.301443775454,8178.862653568627,8183.703435311867,-6907.2646451050405,37.00950721467234
30,50,70,9440.687426782333,8165.644541749276,8151.283971386943,-6876.241086353886,23.346809739046876
31,51,71,9466.166131981867,8170.171623045744,8199.30355484781,-6903.309045911687,19.33900236013369
32,52,72,9508.853807268426,8142.274355127658,8236.178360560905,-6869.598908420137,39.63211838670804
33,53,73,9506.074191008036,8112.57504533913,8254.742751267295,-6861.243605598389,39.062648528179125
34,54,74,9507.30242844335,8123.2883825678255,8247.304886572525,-6863.290840697,33.82832875409895
35,55,75,9554.60648147984,8135.307045157068,8270.081278320287,-6850.781841997517,28.758288436849853
36,56,76,9499.949248176275,8070.139323367513,8276.548874583965,-6846.738949775201,21.37694417304465
37,57,77,9458.435252773726,8039.70466131551,8250.367339290391,-6831.636747832175,18.25380339746198
38,58,78,9443.420090370793,8037.296138383818,8224.913807480982,-6818.7898554940075,20.608032444865785
39,59,79,9412.379539802265,8049.608600359773,8168.970673677958,-6806.199734235466,20.55703923786905
40,60,80,9433.440921987127,8067.504300941293,8151.599253122074,-6785.662632076241,19.732560500792715
41,61,81,9418.740349052494,8046.0080198331125,8157.220459026978,-6784.488129807596,-1.317550110423781
42,62,82,9441.255072293921,8053.746700996189,8167.220345901602,-6779.71197460387,26.21200270655754
43,63,83,9436.995318444864,8082.284877377335,8156.0829140457645,-6801.372472978235,29.650206915240688
44,64,84,9424.794175869163,8088.6450501299605,8147.222230383843,-6811.073104644642,16.825059094973767
45,65,85,9393.035514122967,8063.957752182243,8136.131325809525,-6807.053563868802,14.331487358616414
46,66,86,9406.155355107821,8097.961992494843,8117.42099636055,-6809.2276337475705,29.96842680812506
47,67,87,9412.120246329954,8123.188538725726,8108.762591491916,-6819.830883887689,32.020275121794384
48,68,88,9418.452013441722,8134.376382034965,8130.927980101274,-6846.852348694518,40.61196027094138
49,69,89,9390.684656741278,8183.703435311867,8096.505261504255,-6889.524040074844,25.778588021767973
50,70,90,9401.75080415494,8151.283971386943,8122.080611338386,-6871.613778570389,27.181131720974918
51,71,91,9412.267198263497,8199.30355484781,8109.882199666342,-6896.918556250654,18.34643510942078
52,72,92,9443.002900563653,8236.178360560905,8111.39289880498,-6904.568358802233,22.136020696929336
53,73,93,9457.867249899438,8254.742751267295,8116.901743692071,-6913.777245059928,24.177898830150752
54,74,94,9446.190649788143,8247.304886572525,8112.526465777666,-6913.640702562048,21.729918088834893
55,75,95,9447.361278985687,8270.081278320287,8099.013363705221,-6921.7333630398225,23.546188484470804
56,76,96,9481.695011043965,8276.548874583965,8132.247661319783,-6927.101524859783,29.976297931268164
57,77,97,9442.850435271575,8250.367339290391,8146.706636991445,-6954.2235410102585,22.748363919101394
58,78,98,9426.166090379778,8224.913807480982,8152.0005693513385,-6950.748286452541,27.118046983077875
59,79,99,9401.617036667194,8168.970673677958,8155.7422059299,-6923.095842940664,36.03726693571525
60,80,100,9379.031318725725,8151.599253122074,8142.227954612741,-6914.79588900909,38.70055568282396
61,81,101,9387.470437407908,8157.220459026978,8148.088431182743,-6917.838452801812,37.86148385070419
62,82,102,9411.504019789681,8167.220345901602,8160.38061740519,-6916.09694351711,36.71044447823215
63,83,103,9400.330804513884,8156.0829140457645,8152.1565236490405,-6907.908633180921,32.20959479322937
64,84,104,9399.016850864913,8147.222230383843,8169.4262567521455,-6917.631636271077,43.49651554709635
65,85,105,9395.510928731768,8136.131325809525,8163.1288657157,-6903.749262793457,42.05379481335194
66,86,106,9375.957635449433,8117.42099636055,8155.942794091473,-6897.406155002589,45.781012259705676
67,87,107,9390.783673305861,8108.762591491916,8198.349044123228,-6916.327962309282,27.76772756885839
68,88,108,9376.624276979344,8130.927980101274,8190.516683563588,-6944.820386685518,11.492045715322547
69,89,109,9370.101779032784,8096.505261504255,8206.844806683894,-6933.248289155365,17.239652314427985
70,90,110,9362.749662515698,8122.080611338386,8192.433867029134,-6951.764815851822,16.522875598125665
71,91,111,9356.974591964892,8109.882199666342,8192.71106096206,-6945.618668663508,13.272990115644006
72,92,112,9322.471036887324,8111.39289880498,8175.642019310784,-6964.5638812284415,1.2599634345906452
73,93,113,9313.023739290626,8116.901743692071,8151.073555515085,-6954.95155991653,6.567363836019467
74,94,114,9329.48853018829,8112.526465777666,8166.673979285808,-6949.711914875184,17.84800075697831
75,95,115,9308.460811472216,8099.013363705221,8150.810352018159,-6941.362904251166,19.096939538451807
76,96,116,9324.077621460936,8132.247661319783,8121.075281177068,-6929.245321035916,30.119105111126373
77,97,117,9329.02437927864,8146.706636991445,8113.851249534689,-6931.533507247494,22.216819864566787
78,98,118,9356.995379269201,8152.0005693513385,8147.1016271014905,-6942.106817183629,25.255231935670963
79,99,119,9365.94856419836,8155.7422059299,8127.7013688158495,-6917.495010547391,36.55240465680072
80,100,120,9370.98641373187,8142.227954612741,8153.952976488005,-6925.194517368876,39.01043554783064
81,101,121,9388.847153992181,8148.088431182743,8150.189668657626,-6909.430945848188,45.81032946810319
82,102,122,9369.747151643336,8160.38061740519,8122.158573315381,-6912.792039077234,34.64757040051245
83,103,123,9353.137104921214,8152.1565236490405,8108.130582137519,-6907.150000865346,32.715148878055516
84,104,124,9369.29461356487,8169.4262567521455,8123.356898873602,-6923.488542060877,40.988959808810705
85,105,125,9391.737629560103,8163.1288657157,8169.387166842249,-6940.778402997847,35.336193629345416
86,106,126,9392.276784587633,8155.942794091473,8167.921891843802,-6931.587901347641,36.61045443803869
87,107,127,9393.470602116577,8198.349044123228,8134.334868105281,-6939.2133101119325,20.649007673278447
88,108,128,9388.154407135149,8190.516683563588,8140.3126650615495,-6942.67494148999,2.5613182381844126
89,109,129,9396.910807910303,8206.844806683894,8139.42201903302,-6949.356017806611,8.882392493266707
90,110,130,9398.460726806277,8192.433867029134,8155.227532418476,-6949.200672641333,13.869365155793275
91,111,131,9401.584129720477,8192.71106096206,8156.466354800458,-6947.593286042042,11.356414238131947
92,112,132,9385.674334735835,8175.642019310784,8168.90803571233,-6958.87572028728,12.924850981875807
93,113,133,9378.618249481933,8151.073555515085,8181.108858107971,-6953.564164141124,15.423882824237808
94,114,134,9389.933062405775,8166.673979285808,8166.444020349167,-6943.1849372292,22.00225335810046
95,115,135,9401.41155214043,8150.810352018159,8196.743455440288,-6946.142255318018,29.540057851331767
96,116,136,9382.980921613052,8121.075281177068,8188.224402761431,-6926.318762325445,42.39663670589289
97,117,137,9385.876178497765,8113.851249534689,8189.071928045686,-6917.04699908261,35.628948867824874
98,118,138,9397.440916775768,8147.1016271014905,8183.18243663917,-6932.843146964893,35.529024671183834
99,119,139,9358.541037716213,8127.7013688158495,8163.294745403854,-6932.455076503489,27.429703282600258
100,120,140,9364.492710474738,8153.952976488005,8151.9567146955005,-6941.416980708767,24.771256222710235
101,121,141,9350.908888493672,8150.189668657626,8150.090257217611,-6949.371037381565,26.138994634125083
102,122,142,9354.060275020134,8122.158573315381,8174.972958443627,-6943.071256738875,23.251339268342235
103,123,143,9368.990226802616,8108.130582137519,8194.910032844593,-6934.050388179496,22.407639342555285
104,124,144,9367.007131211758,8123.356898873602,8179.687160571369,-6936.036928233214,20.354946682617992
105,125,145,9416.318393799069,8169.387166842249,8186.59971979924,-6939.66849284242,27.23634479843986
106,126,146,9427.918105775832,8167.921891843802,8203.682337732254,-6943.686123800224,26.292200748195228
107,127,147,9418.931258609087,8134.334868105281,8212.276936018805,-6927.680545514999,23.798229057614208
108,128,148,9438.530532121964,8140.3126650615495,8228.14585518241,-6929.927988121995,25.614826783998524
109,129,149,9467.392252836426,8139.42201903302,8258.460034297903,-6930.489800494497,25.71113943701812
110,130,150,9491.911264442304,8155.227532418476,8245.348220026157,-6908.664488002327,26.019391238675325
111,131,151,9534.007199132853,8156.466354800458,8262.935947971891,-6885.395103639496,40.58929830970692
112,132,152,9532.633471906332,8168.90803571233,8260.429545258849,-6896.704109064847,36.274132853915035
113,133,153,9572.398695204212,8181.108858107971,8276.855690755252,-6885.565853659011,44.70265607176634
114,134,154,9540.554149148486,8166.444020349167,8252.377881015716,-6878.2677522163995,39.65668152352646
115,135,155,9566.695277503772,8196.743455440288,8203.24499634483,-6833.293174281345,56.523253349805145
116,136,156,9549.747608561385,8188.224402761431,8182.545341471216,-6821.022135671261,55.15747398051508
117,137,157,9563.674413580959,8189.071928045686,8191.49145264975,-6816.888967114477,55.148923416519665
118,138,158,9557.746291602454,8183.18243663917,8181.472788751953,-6806.908933788669,56.89842340431778
119,139,159,9512.04716925117,8163.294745403854,8156.018291823917,-6807.265867976601,44.0161472526961
120,140,160,9509.045991521049,8151.9567146955005,8165.393318974408,-6808.30404214886,41.583893791656465
121,141,161,9495.147902987781,8150.090257217611,8160.752959067946,-6815.695313297776,34.78958632046579
122,142,162,9520.242525529515,8174.972958443627,8159.639177075972,-6814.369609990084,35.21188870164042
123,143,163,9531.50018104087,8194.910032844593,8153.379960190624,-6816.7898119943475,33.804771982470356
124,144,164,9534.517240285171,8179.687160571369,8179.305431370348,-6824.475351656545,39.26403333427197
125,145,165,9493.063799208752,8186.59971979924,8146.943920185222,-6840.47984077571,39.05730540074546
126,146,166,9532.998184275355,8203.682337732254,8168.969215656391,-6839.65336911329,40.93994436012008
127,147,167,9546.233639200915,8212.276936018805,8175.202289519683,-6841.245586337574,35.6036777096956
128,148,168,9552.523063326578,8228.14585518241,8182.756189151196,-6858.378981007027,42.23790824904472
129,149,169,9540.587587225225,8258.460034297903,8171.493243970255,-6889.365691042931,33.749445754199314
130,150,170,9523.480820820077,8245.348220026157,8164.045854080256,-6885.913253286337,28.380774763765658
131,151,171,9506.697767824244,8262.935947971891,8142.618575534887,-6898.856755682533,27.051666402065166
132,152,172,9496.550368534285,8260.429545258849,8141.939768450469,-6905.818945175033,26.988577790952604
133,153,173,9520.524755647653,8276.855690755252,8135.723510043125,-6892.054445150723,33.303538281328656
134,154,174,9497.33923484919,8252.377881015716,8134.758671432604,-6889.797317599128,29.25276305256739
135,155,175,9436.609565002853,8203.24499634483,8141.599263743396,-6908.2346950853735,13.792406547380779
136,156,176,9411.148477746197,8182.545341471216,8139.561118456342,-6910.95798218136,9.177036087262877
137,157,177,9403.736623821613,8191.49145264975,8131.034133286543,-6918.788962114679,11.566645172409608
138,158,178,9386.83038870795,8181.472788751953,8135.20900336747,-6929.851403411474,7.583771358240028
139,159,179,9364.25635797528,8156.018291823917,8139.056883414758,-6930.8188172633945,6.511901924994163
140,160,180,9347.968437516067,8165.393318974408,8109.755508378696,-6927.180389837036,12.154796252635151
141,161,181,9356.401725390133,8160.752959067946,8122.830119480979,-6927.181353158792,11.74142542288746
142,162,182,9352.35590737251,8159.639177075972,8130.911302669705,-6938.194572373168,4.721143356414359
143,163,183,9338.792417882887,8153.379960190624,8126.970059092539,-6941.557601400276,2.4683486363151133
144,164,184,9343.986680542128,8179.305431370348,8105.470594182392,-6940.789345010611,11.937634896404688
145,165,185,9313.953022938862,8146.943920185222,8115.157912151337,-6948.148809397697,12.151385623878923
146,166,186,9313.394860455908,8168.969215656391,8071.794951751455,-6927.369306951938,6.186594549233632
147,167,187,9312.57524491413,8175.202289519683,8072.72202108356,-6935.349065689115,5.065803420277916
148,168,188,9303.864774619597,8182.756189151196,8069.295127770688,-6948.186542302286,7.371991289494417
149,169,189,9299.953187747411,8171.493243970255,8075.44055835542,-6946.980614578264,5.625724642085061
150,170,190,9291.193840947053,8164.045854080256,8045.401406929584,-6918.253420062785,8.41059487804796
151,171,191,9269.78839190314,8142.618575534887,8034.995248830617,-6907.825432462365,1.548538314608777
152,172,192,9277.613007731503,8141.939768450469,8052.773489573948,-6917.100250292915,-0.343887409657782
153,173,193,9263.811921609129,8135.723510043125,8032.006229432234,-6903.91781786623,-3.847206395992089
154,174,194,9286.55769720302,8134.758671432604,8073.323737855074,-6921.52471208466,-8.13247489522655
155,175,195,9273.528100295733,8141.599263743396,8061.450729258398,-6929.521892706061,-18.192231624167107
156,176,196,9268.945295289292,8139.561118456342,8063.866504133998,-6934.48232730105,-24.421545606988275
157,177,197,9273.322864230478,8131.034133286543,8081.8237239682585,-6939.534993024323,-20.96711331778397
158,178,198,9256.048161192202,8135.20900336747,8046.369220790798,-6925.530062966065,-26.691533642779632
159,179,199,9295.784438273782,8139.056883414758,8100.237893704925,-6943.510338845901,-7.625533733390512
160,180,200,9305.687396956077,8109.755508378696,8142.772675542812,-6946.840786965431,-2.7409526694759734
161,181,201,9330.340738546736,8122.830119480979,8154.1117081809225,-6946.601089115165,-2.481903384410998
162,182,202,9315.894673363802,8130.911302669705,8138.5468564468265,-6953.563485752729,-6.463487314387294
163,183,203,9327.741422005893,8126.970059092539,8140.256337633061,-6939.484974719708,1.3948519654300071
164,184,204,9318.510006006129,8105.470594182392,8165.097420247037,-6952.058008423301,-3.5470888737418136
165,185,205,9344.272226686531,8115.157912151337,8177.8015951534,-6948.6872806182055,1.5745406215410185
166,186,206,9314.349594415018,8071.794951751455,8181.966216694999,-6939.4115740314355,-12.009356930770991
167,187,207,9300.17110661391,8072.72202108356,8156.172607743421,-6928.723522213071,-10.762404751793383
168,188,208,9315.133624101662,8069.295127770688,8180.036409206237,-6934.197912875265,-6.166083830263233
169,189,209,9317.553630411756,8075.44055835542,8181.045580737538,-6938.932508681202,0.9043894392775655
