Left,Mid,Right,Loss,Loss_left,Loss_right,gain,glasso
0,20,40,9368.138245439166,8132.618679836085,8211.443464470745,-6975.923898867664,3.0579397156070627
1,21,41,9378.475227441302,8151.626840116448,8207.099374828194,-6980.250987503341,11.797048244106008
2,22,42,9369.872437992475,8130.097452280479,8210.490472490117,-6970.715486778121,2.6941617146762837
3,23,43,9352.382171518375,8152.704816869426,8195.160038780139,-6995.48268413119,31.633003472195014
4,24,44,9368.689843744834,8160.063458091747,8211.166981989685,-7002.540596336597,14.449287916884714
5,25,45,9385.623144054462,8156.967114874085,8218.344541434708,-6989.688512254332,14.339618288606289
6,26,46,9431.665452144627,8163.791613549285,8245.643651649847,-6977.769813054505,27.708622160152117
7,27,47,9442.08480733915,8164.4123489119775,8245.203794746883,-6967.531336319709,28.397692168156482
8,28,48,9447.934163790045,8169.570115273873,8245.06313561104,-6966.69908709487,31.60135909483688
9,29,49,9444.507703205685,8157.508641413202,8254.620972771289,-6967.621910978805,32.03730100616849
10,30,50,9454.574875796443,8155.452789008789,8249.834872383723,-6950.712785596068,40.00566883561896
11,31,51,9442.530025913318,8167.952276933065,8244.90322078215,-6970.325471801898,24.92713230451045
12,32,52,9452.322688247084,8197.994585972167,8243.79832786386,-6989.470225588942,27.5834397236149
13,33,53,9443.499515064153,8205.437285182381,8232.1199074476,-6994.057677565828,26.574306190155767
14,34,54,9418.57187848146,8189.700141012125,8217.321117947833,-6988.449380478498,28.43348332997448
15,35,55,9405.74972741952,8178.520991651831,8201.015572877426,-6973.7868371097375,26.025980960827837
16,36,56,9414.788700023815,8190.2466351232,8196.91739873339,-6972.375333832777,30.003011508745658
17,37,57,9423.002348782446,8209.274161065316,8188.264168725686,-6974.535981008556,29.70746207778575
18,38,58,9422.592993600427,8206.019543942557,8192.324486372205,-6975.751036714335,34.81736636479809
19,39,59,9423.36184874742,8206.026654809955,8186.571450697056,-6969.236256759592,37.683868499406344
20,40,60,9427.174171288045,8211.443464470745,8193.689586629822,-6977.9588798125205,36.50286550841747
21,41,61,9459.969428447605,8207.099374828194,8213.687945374706,-6960.817891755296,43.24876252285321
22,42,62,9470.913788977943,8210.490472490117,8221.7256395165,-6961.302323028673,42.37769668643159
23,43,63,9462.37114711359,8195.160038780139,8224.05377243007,-6956.842664096621,18.659679110576235
24,44,64,9479.314993742322,8211.166981989685,8212.330947541393,-6944.182935788755,42.145018238431476
25,45,65,9487.094276321288,8218.344541434708,8197.246478187737,-6928.496743301155,43.55112591300258
26,46,66,9496.814432735191,8245.643651649847,8171.274520117028,-6920.103739031685,28.56538947654053
27,47,67,9500.818241647661,8245.203794746883,8166.9511812915825,-6911.336734390805,31.558447945283206
28,48,68,9487.277098679066,8245.06313561104,8146.747202534786,-6904.533239466762,28.82327349224397
29,49,69,9455.697787378936,8254.620972771289,8126.024853773564,-6924.948039165916,41.0593412262474
30,50,70,9465.721127386609,8249.834872383723,8115.253361677373,-6899.367106674486,16.255246902293038
31,51,71,9465.573698998232,8244.90322078215,8134.014838977802,-6913.344360761719,26.48398058816656
32,52,72,9462.704451565649,8243.79832786386,8124.824644910975,-6905.918521209187,11.946235192321637
33,53,73,9455.31597986484,8232.1199074476,8123.128501966417,-6899.932429549179,9.861134579011832
34,54,74,9427.632617763942,8217.321117947833,8133.178765342838,-6922.867265526729,10.557963182423464
35,55,75,9417.653293288,8201.015572877426,8136.15540232395,-6919.517681913376,8.868508779166405
36,56,76,9412.823933395468,8196.91739873339,8134.522700755924,-6918.616166093847,10.691926198712281
37,57,77,9373.165544805452,8188.264168725686,8108.506899854696,-6923.6055237749315,-1.1157129435910065
38,58,78,9376.946588669476,8192.324486372205,8111.943872982525,-6927.321770685254,6.509812703033276
39,59,79,9376.662163479072,8186.571450697056,8106.9460119953455,-6916.85529921333,13.335250220161925
40,60,80,9375.913096907798,8193.689586629822,8088.610677959256,-6906.38716768128,7.591997834574158
41,61,81,9377.054037104692,8213.687945374706,8075.380929949451,-6912.014838219464,9.125293213661735
42,62,82,9374.2283403007,8221.7256395165,8066.049815958582,-6913.547115174382,4.278869819339889
43,63,83,9392.703706869539,8224.05377243007,8092.978724830806,-6924.328790391337,9.880719291646528
44,64,84,9363.73385934922,8212.330947541393,8076.307634421262,-6924.904722613435,-3.175509420691469
45,65,85,9351.287670618052,8197.246478187737,8056.797583182018,-6902.7563907517015,9.502920324866864
46,66,86,9314.825646779258,8171.274520117028,8055.567946856033,-6912.016820193803,13.277140007404341
47,67,87,9326.10653525135,8166.9511812915825,8072.051530064223,-6912.896176104456,14.683358838669847
48,68,88,9308.616595119895,8146.747202534786,8069.888750691156,-6908.019358106047,10.864478603842144
49,69,89,9311.13826303903,8126.024853773564,8079.174259271738,-6894.060850006272,-9.692280776018379
50,70,90,9289.024569254167,8115.253361677373,8076.988218420197,-6903.217010843402,-5.165888180294587
51,71,91,9302.680981680174,8134.014838977802,8079.759645703373,-6911.093503001002,-11.652220417461649
52,72,92,9331.213719446234,8124.824644910975,8131.784141957835,-6925.395067422576,-10.643382282753464
53,73,93,9323.70803194775,8123.128501966417,8131.983234870622,-6931.40370488929,-8.932944309196046
54,74,94,9341.309343609382,8133.178765342838,8144.9242789837,-6936.793700717155,-0.09743486867137108
55,75,95,9365.315588493422,8136.15540232395,8162.799595206195,-6933.639409036723,6.578953035791528
56,76,96,9353.112551431263,8134.522700755924,8159.4727174591835,-6940.882866783846,10.975804663442432
57,77,97,9353.433636764748,8108.506899854696,8175.181888850204,-6930.255151940151,15.040229207313132
58,78,98,9351.61385680968,8111.943872982525,8160.673724480251,-6921.003740653097,10.211447494097229
59,79,99,9331.608665388625,8106.9460119953455,8156.271519500055,-6931.608866106775,12.153337037188976
60,80,100,9350.858547181006,8088.610677959256,8175.121740375197,-6912.873871153448,22.629267267498562
61,81,101,9330.635857693982,8075.380929949451,8164.031732263937,-6908.776804519406,29.136587276320824
62,82,102,9314.65984091763,8066.049815958582,8145.062794221208,-6896.45276926216,19.39602867910571
63,83,103,9302.948520179674,8092.978724830806,8128.972529595712,-6919.002734246844,13.102179026745034
64,84,104,9288.272877909585,8076.307634421262,8134.1505531369585,-6922.185309648636,23.352142419336815
65,85,105,9285.444980001823,8056.797583182018,8138.51717612854,-6909.869779308734,15.470179782783816
66,86,106,9288.492168068,8055.567946856033,8131.501529824847,-6898.577308612881,2.3908487468306703
67,87,107,9293.521138963673,8072.051530064223,8129.725469364446,-6908.255860464995,-4.5787552293109
68,88,108,9319.373529122184,8069.888750691156,8149.977947293147,-6900.49316886212,18.799811185353065
69,89,109,9318.003697654469,8079.174259271738,8146.3738964284075,-6907.544458045677,17.628584632875118
70,90,110,9319.341138276275,8076.988218420197,8156.619843912499,-6914.266924056421,15.814704372502547
71,91,111,9305.53108983424,8079.759645703373,8155.663232821935,-6929.891788691068,12.611225568290592
72,92,112,9319.544599003944,8131.784141957835,8134.401785923257,-6946.641328877147,18.045220379569855
73,93,113,9322.732341579387,8131.983234870622,8134.328823661815,-6943.579716953049,11.956417301944839
74,94,114,9328.839029210576,8144.9242789837,8137.400456444001,-6953.485706217125,11.950672726597531
75,95,115,9337.700744911876,8162.799595206195,8134.8594928486345,-6959.958343142953,11.086215501265542
76,96,116,9359.365897556809,8159.4727174591835,8156.041558904847,-6956.148378807222,23.108852332318293
77,97,117,9355.14182421381,8175.181888850204,8151.806950007437,-6971.84701464383,10.240682474219739
78,98,118,9352.702866875916,8160.673724480251,8176.056800887248,-6984.027658491583,25.55839047171594
79,99,119,9353.047142918907,8156.271519500055,8182.317908808682,-6985.542285389829,21.711308222598745
80,100,120,9351.654609968045,8175.121740375197,8138.7526955470385,-6962.219825954191,27.41339035159308
81,101,121,9345.006193653331,8164.031732263937,8140.721136467142,-6959.746675077748,26.199299819467797
82,102,122,9346.155738186202,8145.062794221208,8152.494120873798,-6951.401176908805,23.57306165155751
83,103,123,9346.655677719042,8128.972529595712,8180.875610185336,-6963.192462062007,19.602600139684
84,104,124,9349.238320945547,8134.1505531369585,8169.598913187263,-6954.511145378674,25.301422803976948
85,105,125,9354.053973646276,8138.51717612854,8188.119666541212,-6972.582869023476,16.135037991920854
86,106,126,9346.748656755004,8131.501529824847,8188.999342493851,-6973.752215563694,29.26694629588883
87,107,127,9334.80027993013,8129.725469364446,8187.26182524007,-6982.187014674386,16.651160074346535
88,108,128,9325.678598815024,8149.977947293147,8191.119723713316,-7015.419072191438,18.56144170169364
89,109,129,9330.520099325955,8146.3738964284075,8209.443091244158,-7025.296888346611,16.8491534861505
90,110,130,9332.259704233582,8156.619843912499,8194.722803922514,-7019.08294360143,15.68864229112296
91,111,131,9321.794393723547,8155.663232821935,8196.754039119349,-7030.622878217737,19.82487828450803
92,112,132,9295.461132672533,8134.401785923257,8185.025110390034,-7023.965763640757,17.231601505035542
93,113,133,9307.265011018419,8134.328823661815,8189.987117532148,-7017.050930175545,22.64469015421446
94,114,134,9310.176342162296,8137.400456444001,8178.079424824391,-7005.303539106095,27.72270484399951
95,115,135,9299.524681859068,8134.8594928486345,8171.286223108863,-7006.621034098429,21.47778229666801
96,116,136,9320.224816482729,8156.041558904847,8147.717424855886,-6983.534167278005,35.95597232463615
97,117,137,9316.144079396108,8151.806950007437,8146.960502922039,-6982.623373533368,44.853372589427636
98,118,138,9365.96582536227,8176.056800887248,8154.826396548611,-6964.917372073589,31.441481794544416
99,119,139,9374.032459808825,8182.317908808682,8161.515420468562,-6969.8008694684195,28.952335987373772
100,120,140,9341.928261578152,8138.7526955470385,8155.358986333504,-6952.18342030239,28.59610719796001
101,121,141,9366.49824061152,8140.721136467142,8175.804392863385,-6950.027288719008,29.48895774808443
102,122,142,9384.803118237394,8152.494120873798,8178.032136925329,-6945.723139561733,24.543777588663033
103,123,143,9393.845892867119,8180.875610185336,8171.89406571988,-6958.923783038097,24.298173576999034
104,124,144,9387.999677450352,8169.598913187263,8178.70463529807,-6960.303871034979,17.50540262580671
105,125,145,9427.16598928621,8188.119666541212,8195.904996317602,-6956.858673572604,16.259944011982498
106,126,146,9437.668905898607,8188.999342493851,8212.881065665679,-6964.211502260923,16.167470640115425
107,127,147,9462.915144858187,8187.26182524007,8236.85044665812,-6961.197127040003,22.888270386689783
108,128,148,9473.430037635191,8191.119723713316,8235.736722684955,-6953.426408763078,20.36405390429036
109,129,149,9502.618424509388,8209.443091244158,8245.299845926216,-6952.124512660988,20.848963597809416
110,130,150,9492.407139284885,8194.722803922514,8247.664270102938,-6949.979934740564,21.406587151845088
111,131,151,9497.997342805222,8196.754039119349,8235.518913645637,-6934.275609959765,14.22991161867003
112,132,152,9508.21128353012,8185.025110390034,8235.896992579186,-6912.7108194391,23.866540611034452
113,133,153,9516.220959424063,8189.987117532148,8242.160178312719,-6915.926336420802,27.1509498378814
114,134,154,9516.23243754569,8178.079424824391,8233.425486246524,-6895.272473525225,32.1368733161662
115,135,155,9512.68824080062,8171.286223108863,8224.561168784008,-6883.159151092252,39.69122793605402
116,136,156,9487.507528781412,8147.717424855886,8200.353780005533,-6860.563676080006,43.62693684709757
117,137,157,9488.999419271362,8146.960502922039,8184.937197041792,-6842.8982806924705,44.14349210313594
118,138,158,9479.989126238841,8154.826396548611,8160.280615912998,-6835.117886222768,43.54710133736262
119,139,159,9489.435008352846,8161.515420468562,8171.544546081719,-6843.624958197435,41.40788801075041
120,140,160,9503.88951770787,8155.358986333504,8189.345582424999,-6840.815051050631,48.381855858724066
121,141,161,9498.92159305939,8175.804392863385,8174.870701371581,-6851.753501175577,49.69225625011404
122,142,162,9471.836591677546,8178.032136925329,8156.576303741529,-6862.771848989312,123.06071068450592
123,143,163,9452.079648814568,8171.89406571988,8147.167124015414,-6866.981540920726,63.07789523681413
124,144,164,9444.472002276716,8178.70463529807,8140.245002364256,-6874.477635385609,73.89203850948661
125,145,165,9419.259817012546,8195.904996317602,8127.080579474413,-6903.72575877947,65.75890148475764
126,146,166,9420.459868522494,8212.881065665679,8126.279846725532,-6918.701043868716,21.584469037622057
127,147,167,9437.279750005586,8236.85044665812,8120.777006945282,-6920.347703597816,19.926536950287755
128,148,168,9427.871671353223,8235.736722684955,8118.742934304776,-6926.607985636507,15.531320477849476
129,149,169,9424.103148645729,8245.299845926216,8115.187398946803,-6936.384096227292,10.148929611013955
130,150,170,9418.909019523287,8247.664270102938,8110.465241032311,-6939.220491611961,7.698874965602499
131,151,171,9414.18222544346,8235.518913645637,8112.828759325914,-6934.165447528092,9.35937815486568
132,152,172,9430.174633670867,8235.896992579186,8132.990216929736,-6938.712575838053,10.339580590901733
133,153,173,9417.665185419184,8242.160178312719,8140.195510782838,-6964.690503676373,8.517589498753296
134,154,174,9403.513331565235,8233.425486246524,8134.428832493173,-6964.3409871744625,8.255996057393077
135,155,175,9378.433314831096,8224.561168784008,8123.819583455413,-6969.947437408324,4.68176713774028
136,156,176,9347.264958012904,8200.353780005533,8121.302972770196,-6974.391794762825,1.851480815996183
137,157,177,9343.923241461262,8184.937197041792,8123.928406674506,-6964.942362255037,7.687250045054498
138,158,178,9329.666684471526,8160.280615912998,8118.041876012394,-6948.655807453866,22.001199922004616
139,159,179,9337.244410290847,8171.544546081719,8118.151594229644,-6952.451730020517,26.996214554058497
140,160,180,9333.247041840641,8189.345582424999,8090.733494710348,-6946.832035294705,31.255822556757266
141,161,181,9310.609592162531,8174.870701371581,8085.418567197364,-6949.679676406413,31.52542228428956
142,162,182,9309.876267592324,8156.576303741529,8125.619030702064,-6972.319066851269,-56.37166719875813
143,163,183,9316.53827488533,8147.167124015414,8128.167205041181,-6958.796054171264,-7.1470046573977015
144,164,184,9315.168476533669,8140.245002364256,8137.120699666014,-6962.197225496602,-19.720503385989105
145,165,185,9307.172847362282,8127.080579474413,8144.277040823522,-6964.184772935652,-28.51291220918438
146,166,186,9338.379445384095,8126.279846725532,8166.388516500931,-6954.288917842367,26.564592135714065
147,167,187,9339.670440749614,8120.777006945282,8167.176934610091,-6948.283500805759,24.63024766925173
148,168,188,9339.588653450344,8118.742934304776,8164.212533212255,-6943.366814066687,26.795296194668026
149,169,189,9349.94981788087,8115.187398946803,8168.479245609966,-6933.716826675898,27.82822385970576
150,170,190,9354.837604817154,8110.465241032311,8166.732072861265,-6922.3597090764215,27.48602954461512
151,171,191,9346.738554089388,8112.828759325914,8166.516069412428,-6932.606274648953,29.924550216700936
152,172,192,9336.420761799336,8132.990216929736,8167.332103834005,-6963.901558964404,16.41727165377688
153,173,193,9341.651319662893,8140.195510782838,8175.551401263422,-6974.095592383366,17.242656009706934
154,174,194,9344.60435950192,8134.428832493173,8181.488383418898,-6971.312856410152,17.174633169099707
155,175,195,9341.309935772122,8123.819583455413,8185.124757999394,-6967.634405682686,15.527559598844164
156,176,196,9342.60381889412,8121.302972770196,8193.51924528232,-6972.218399158395,10.103510074769474
157,177,197,9333.311625369048,8123.928406674506,8195.47658330761,-6986.093364613069,10.047543196808874
158,178,198,9325.735891943496,8118.041876012394,8190.530306238619,-6982.836290307518,8.960319222747785
159,179,199,9323.731163310464,8118.151594229644,8198.847073382165,-6993.267504301346,11.165085671443194
160,180,200,9318.055841642905,8090.733494710348,8196.82680106562,-6969.504454133063,14.466066424933615
161,181,201,9330.171821993747,8085.418567197364,8200.379201215423,-6955.625946419041,22.438334712278447
162,182,202,9341.863354190225,8125.619030702064,8181.025816342333,-6964.781492854172,22.86626225517648
163,183,203,9346.591322036596,8128.167205041181,8191.737394074022,-6973.313277078605,17.954389043495212
164,184,204,9372.079470781373,8137.120699666014,8216.400005476691,-6981.441234361333,14.173950667068311
165,185,205,9366.927676521002,8144.277040823522,8205.909353290124,-6983.258717592646,12.004766049211867
166,186,206,9360.578948220586,8166.388516500931,8177.656434759894,-6983.466003040239,18.856304101392652
167,187,207,9369.942297676176,8167.176934610091,8174.351932240585,-6971.5865691745,22.706627274433686
168,188,208,9379.747624819145,8164.212533212255,8192.476859474831,-6976.941767867942,20.05958760302883
169,189,209,9372.828188429292,8168.479245609966,8167.006175470314,-6962.657232650989,23.896596206627237
