Left,Mid,Right,Loss_likeli,Loss_AIC,Loss_BIC,Loss_eBIC
0,20,40,244.3465551265499,121.3465551265499,106.97742200210723,-926.118640256162
1,21,41,223.77056064488966,118.77056064488966,103.85245858797475,-536.442216583368
2,22,42,221.15090223659877,99.15090223659877,83.95939264631897,-581.9493448370167
3,23,43,228.10739620079153,117.10739620079153,87.83727428954307,-583.157970904273
4,24,44,189.57068462483676,75.57068462483676,55.55074560193634,-578.6822777891311
5,25,45,218.47205328535392,90.47205328535392,77.6722852625071,-700.4856373367979
6,26,46,195.93925576370543,79.93925576370543,72.54649470523555,-688.0529676026003
7,27,47,209.14902833104748,80.14902833104748,65.07625981570868,-778.8471413319053
8,28,48,258.3922544888562,146.39225448885622,139.88418915085663,-685.113743824927
9,29,49,267.50871583307685,137.50871583307685,120.11658077819379,-865.458333368616
10,30,50,254.74520789161306,122.74520789161306,105.20060688596573,-825.8989181259526
11,31,51,269.92306822953424,187.92306822953424,193.885479701617,-596.5533276359533
12,32,52,297.8392984154782,209.8392984154782,210.28193641256735,-529.1087022211623
13,33,53,261.3140291532952,168.31402915329522,163.60130926663123,-648.7296137396288
14,34,54,192.2845745936279,112.2845745936279,124.49107501451454,-436.1654156138038
15,35,55,249.1282612808675,140.1282612808675,141.6969856414837,-708.0808105478827
16,36,56,302.94015991822084,180.94015991822084,171.1163517052919,-797.9608055709537
17,37,57,294.84921867424873,156.84921867424873,146.51327787138825,-856.8525356246555
18,38,58,291.96564406248103,161.96564406248103,143.0317780106518,-809.5149603897416
19,39,59,281.0873887874409,159.0873887874409,146.75034866145256,-745.23958928188
20,40,60,328.11438585570704,186.11438585570704,159.37181630467603,-1148.8377791851285
21,41,61,343.18814040918755,195.18814040918755,165.93073013896128,-943.7328214229824
22,42,62,329.1664901976517,171.16649019765168,133.81494402778458,-926.7020900235584
23,43,63,333.33004329443474,171.33004329443474,121.34852273559181,-951.7213735299019
24,44,64,272.40419938793775,107.40419938793775,59.06123662158302,-964.6896068082542
25,45,65,302.79949609097025,139.79949609097025,90.62170887884986,-968.1909091926491
26,46,66,321.50717343930387,157.50717343930387,104.73501299101827,-1086.6927284766957
27,47,67,363.2608787925551,174.2608787925551,119.4058939666536,-1123.1497489320882
28,48,68,356.8469208602842,173.84692086028417,131.4701595427705,-1045.3941869883474
29,49,69,364.9726662710393,172.97266627103932,104.34665096768595,-1276.3855965687658
30,50,70,385.9192359364995,177.9192359364995,110.5196161252311,-1215.160752962794
31,51,71,408.0238181566076,207.0238181566076,141.9303015870198,-1286.0053916251827
32,52,72,401.59545904550146,212.59545904550146,153.89290465338513,-1037.2265120586626
33,53,73,408.6878480156911,200.6878480156911,140.41133514329863,-1108.0230240501355
34,54,74,330.7159999674782,178.71599996747818,130.3515032187736,-624.8964072832732
35,55,75,355.88600347318925,182.88600347318925,134.56509699993785,-792.9362802124822
36,56,76,375.9472390338228,190.94723903382283,127.4537348125275,-867.5997666471899
37,57,77,378.61482273161664,172.61482273161664,111.3986520156343,-971.8465767772891
38,58,78,392.1687617462144,196.1687617462144,130.97226191265122,-1001.169732372357
39,59,79,392.71377120106536,196.71377120106536,119.80874973118148,-1056.9339281616735
40,60,80,416.95634619379075,213.95634619379075,127.38518712556538,-1223.320748600091
41,61,81,432.53246341628574,187.53246341628574,97.75411012137761,-1369.760186998581
42,62,82,398.1643752685784,160.1643752685784,80.91999051474158,-1334.6101511871661
43,63,83,411.8235476774871,180.8235476774871,88.51807110459231,-1331.6885283007705
44,64,84,396.5519984597365,172.55199845973652,88.25003540821967,-1345.5208806640585
45,65,85,382.5245891046875,180.5245891046875,101.80563272696372,-1150.3719279577422
46,66,86,389.5050093885459,198.5050093885459,129.49188520088796,-1025.8295900799972
47,67,87,363.5260395421144,188.5260395421144,134.810916287194,-878.8785924085582
48,68,88,333.7579724417533,164.75797244175328,125.96146935157822,-778.5449960219494
49,69,89,365.2853433156597,165.2853433156597,113.67691780647624,-1086.2818187313246
50,70,90,367.6118589112448,178.61185891124478,135.22778649049815,-1118.615502051101
51,71,91,357.4512159109429,167.4512159109429,119.96430250570097,-1121.1474200423377
52,72,92,319.90560095359706,156.90560095359706,123.24477119216249,-838.1113160909872
53,73,93,285.32944485877624,115.32944485877624,98.29536160763746,-788.0723133196379
54,74,94,269.08286298347866,146.08286298347866,138.12202475274853,-518.471315421456
55,75,95,270.4029845197256,137.40298451972558,128.94500638820637,-673.0249798212367
56,76,96,260.44657016734664,103.44657016734664,78.70994343829011,-863.0331609411282
57,77,97,265.21399960039344,85.21399960039344,70.03234257523513,-974.2603681511014
58,78,98,256.8738051197183,94.87380511971833,72.45756879099872,-972.4211876038571
59,79,99,225.47610942989286,67.47610942989286,41.7097531536358,-1008.7421870551389
60,80,100,185.29508325990219,71.29508325990219,58.00633401890764,-788.5283860724389
61,81,101,177.29046631379833,54.29046631379833,43.68640851167561,-679.8970358865108
62,82,102,170.4421578298518,40.442157829851794,37.306093489445175,-596.5298169292632
63,83,103,184.90977111225789,58.909771112257886,48.613695517072074,-549.2063982722716
64,84,104,177.64683473476407,63.64683473476407,44.07572882970999,-575.1352730832914
65,85,105,175.71526554455522,53.71526554455522,39.236790843189965,-607.2318547312761
66,86,106,234.23538432550276,124.23538432550276,111.19573017212065,-519.2673664800013
67,87,107,228.22471322862611,138.22471322862611,133.83776286280954,-446.5898825550821
68,88,108,242.99573936435695,166.99573936435695,155.12069289013152,-379.1694504026591
69,89,109,324.4888544114706,207.5150548854308,194.67250527600754,-589.3641367346663
70,90,110,340.7778928248906,226.21330324109385,204.69443141985516,-675.2537050715141
71,91,111,342.30077797250556,237.30077797250556,214.49965637182504,-647.9554598856043
72,92,112,313.03459276100057,216.02518092716355,199.54828602561975,-439.9874558740935
73,93,113,262.3488434663518,150.3488434663518,129.98283338750753,-500.6664930088059
74,94,114,273.0492638656831,174.0492638656831,156.82688881014496,-403.83552706943055
75,95,115,274.0607944241842,164.06079442418422,137.07265581039292,-524.3311486600533
76,96,116,299.72457700432096,173.72457700432096,135.9467422705775,-748.681539150452
77,97,117,317.0158840865763,168.0158840865763,137.82129422083494,-754.200673388948
78,98,118,356.72622348562663,213.72622348562663,163.80775468293996,-857.0634286808538
79,99,119,343.25516355943,210.25516355943,172.32873579271973,-736.3788194993331
80,100,120,281.74385454398566,180.74385454398566,152.7863760740131,-628.6352694423604
81,101,121,261.8331656038931,170.83316560389312,141.9503722978386,-444.65526934553804
82,102,122,268.560601700495,169.560601700495,144.2966367502595,-435.5923499267444
83,103,123,267.22985630463745,172.22985630463745,160.73209861609985,-379.11206016202664
84,104,124,253.1422820784801,156.1422820784801,141.9671848567118,-375.33366025706596
85,105,125,254.1505592883484,154.1505592883484,141.77187033116797,-371.75811389096816
86,106,126,263.88417474667403,167.19955698331796,156.0587362718229,-346.1693336853093
87,107,127,270.41865951096725,184.41865951096725,182.13145605819386,-209.52476036358712
88,108,128,277.2904048293319,206.29040482933192,203.37556833060125,-254.86558464814107
89,109,129,295.6982918012675,217.72449227522793,197.69471463595391,-370.68082731382765
90,110,130,316.9344813788166,244.36989179502007,234.72490335084012,-179.18342470257426
91,111,131,313.3614148874158,247.70708905897254,244.24876246465442,-149.81825892850202
92,112,132,277.14743209488233,222.13802026104509,217.35422536064266,-185.287720408518
93,113,133,270.69327304335775,232.69327304335775,240.91497343986316,31.990334886479104
94,114,134,281.22377330262566,226.22377330262566,228.16384713285015,-48.08578392930849
95,115,135,276.478939539918,195.47893953991797,184.08110883073732,-186.55103881452874
96,116,136,259.53590427226413,174.53590427226413,159.86775787403144,-179.79748479277964
97,117,137,262.8779658205269,167.87796582052692,150.14055661951852,-273.0398731952637
98,118,138,266.20091979781955,169.20091979781955,147.91843998359172,-303.34238289572863
99,119,139,237.9558563756757,162.9558563756757,143.90613452541197,-207.3632411732333
100,120,140,283.1419405158813,169.1419405158813,139.10831122943887,-635.4760645371207
101,121,141,297.76941351842856,182.76941351842856,148.4691215446071,-731.9813745462125
102,122,142,287.23013115366894,165.23013115366894,124.98838918180763,-703.4368841055104
103,123,143,249.5298587531563,143.5298587531563,108.43130135907336,-628.665205369773
104,124,144,315.7304891686274,183.7304891686274,149.85535762774794,-640.8244949253108
105,125,145,312.67049001133046,180.67049001133046,146.77668464085627,-651.4149695686199
106,126,146,288.0022672128491,148.31764944949282,118.51376548122744,-696.8398346186464
107,127,147,330.93367739864357,186.93367739864357,151.4570443495552,-665.4562125952091
108,128,148,296.01200332501594,169.01200332501594,140.56833279512648,-585.6914903207128
109,129,149,295.0818800507536,157.08188005075363,109.03680498135941,-796.0670526238746
110,130,150,289.97136539605094,152.97136539605094,128.09786735045486,-579.9947498374968
111,131,151,305.79565757703017,169.14133174858694,141.3209741756841,-608.6731000570039
112,132,152,350.627218694171,183.770945669894,145.1244084483742,-849.5278436448934
113,133,153,365.76289346650924,214.76289346650924,162.33718273562545,-731.9933455286969
114,134,154,365.4508793357006,227.45087933570062,179.82153191469888,-602.3905925776758
115,135,155,368.147534110527,245.7728501254894,219.20477212122796,-390.8990790719058
116,136,156,378.03997614196624,245.80730285354048,226.1165065902519,-408.9521123765171
117,137,157,392.11354822633007,231.11354822633007,190.78098614655596,-658.7565857458703
118,138,158,395.98101082707535,257.98101082707535,217.81665851258663,-578.4984639769114
119,139,159,420.23448199881,270.23448199881,210.92901670570132,-567.7426377759593
120,140,160,482.6581102528053,308.6581102528053,247.6415615559497,-774.6993224908606
121,141,161,504.27353843729634,301.27353843729634,234.8436126826805,-971.5496653739283
122,142,162,475.7730574003392,273.7730574003392,203.50635338633606,-982.8821974656621
123,143,163,455.0711411364773,279.0711411364773,218.74904339548948,-827.3041137693044
124,144,164,444.62030870870626,288.62030870870626,231.49794686629366,-717.3379633010368
125,145,165,425.67364351344713,267.67364351344713,223.4648794455543,-642.3071155202069
126,146,166,377.6633809675643,217.6633809675643,177.29021738846473,-716.9001434881832
127,147,167,370.53515975038454,211.53515975038454,166.27439437776934,-666.5745188358417
128,148,168,329.61984408787134,190.61984408787134,148.8594991141522,-563.062285468957
129,149,169,298.47846826085697,165.47846826085697,119.08659643187661,-615.0439565461274
130,150,170,295.8597156299327,165.85971562993268,129.13481795919006,-583.6951523505147
131,151,171,329.27274207205346,198.27274207205346,155.67372805154469,-590.363842078526
132,152,172,338.8375683190152,193.98129529473795,157.05028957462014,-644.2493227873078
133,153,173,303.8507651288146,171.8507651288146,126.62554872692726,-652.6696497547002
134,154,174,246.93166333537965,148.46116077018405,123.38466353036438,-392.11753023535675
135,155,175,198.9536388466422,132.57895486160442,121.85368642427011,-211.9399536095782
136,156,176,242.96441570757224,179.73174241914649,175.5780887365704,-180.2944314316453
137,157,177,209.80536570589516,150.80536570589516,149.91995309530535,-197.37336625325725
138,158,178,231.9116829126565,170.9116829126565,165.1456957783389,-216.03268101545996
139,159,179,256.98588735395924,191.98588735395924,178.5878537714052,-283.8800010747166
140,160,180,253.77786961381275,223.8736208760797,233.16255371817192,51.1542198570844
141,161,181,256.06005001750873,183.44969574932702,180.29494367218513,-183.77372047951167
142,162,182,262.621286343355,174.8900707758428,161.80322616013382,-279.23459991093614
143,163,183,257.501726684854,190.33883040378146,186.96875329915406,-228.07599843425055
144,164,184,273.2566142485987,196.25661424859868,177.97171727815817,-244.4899095172791
145,165,185,254.4491975452288,181.36916165436605,176.39120422533483,-183.84099239803936
146,166,186,232.61831956347623,166.61831956347623,169.479039303935,-160.79568337190926
147,167,187,232.10864807431835,174.10864807431835,169.62534493944304,-159.1517728739991
148,168,188,223.4864334642548,164.4864334642548,162.306757681127,-168.22493598513643
149,169,189,216.02022353296798,161.02022353296798,155.22035016369796,-185.42928425769355
150,170,190,214.6420412224602,164.18921403197805,164.43780804099015,-154.707221983743
151,171,191,243.71491423159364,186.71491423159364,174.43798500698858,-164.26864158412286
152,172,192,236.2418547239679,190.2418547239679,179.11463501023763,-30.77187824605994
153,173,193,223.59050486717138,183.59050486717138,183.16124058499122,22.59806657516333
154,174,194,199.12399275588973,167.6534901906939,170.23818443289088,40.358571348112946
155,175,195,203.35881574081805,153.35881574081805,144.28289478609895,-62.415634209153495
156,176,196,247.57156060455213,186.05024544462594,173.45881156140467,-86.55433910267561
157,177,197,184.76864400650743,133.76864400650743,127.18610393372,-53.68793340186289
158,178,198,253.81700599440865,163.81700599440865,144.265618759242,-285.7637962137985
159,179,199,277.7850071425146,162.7850071425146,128.1043903843647,-527.8863774774775
160,180,200,276.680630030618,167.77638129288493,133.09983451816288,-531.0965449152179
161,181,201,279.8099938451544,156.1996395769727,115.3094906862566,-704.4696287563561
162,182,202,264.78103153369784,152.04981596618563,123.51772028398227,-620.3260082790841
163,183,203,270.85630259263417,156.6934063115616,125.76616421968129,-624.3607994630788
164,184,204,296.2448911737388,180.24489117373878,145.03986701534654,-610.2080434867007
165,185,205,286.1140851489729,180.03404925811014,149.41682051966632,-523.317579544186
166,186,206,242.64182183928733,156.64182183928733,128.32050157903814,-429.95990593216925
167,187,207,248.51270403158128,158.51270403158128,129.53322096530815,-498.5333907553827
168,188,208,231.87204775593113,160.87204775593113,137.6898611364602,-423.51964156802796
169,189,209,229.62848139522248,148.62848139522248,124.24971188593304,-480.21312265329016
