Left,Mid,Right,Loss_likeli,Loss_AIC,Loss_BIC,Loss_eBIC
0,20,40,196.1780157774915,63.17801577749151,45.13554863506715,-927.9464603728097
1,21,41,193.21975508790774,48.21975508790774,32.45139983674744,-903.5450800903923
2,22,42,214.16132349203463,77.16132349203463,69.84075169341486,-956.7437883919401
3,23,43,209.46847000332832,62.46847000332832,36.70463261112832,-968.4644233243484
4,24,44,227.61471475367648,80.61471475367648,70.93600026966851,-983.5969598177489
5,25,45,190.7668893304019,39.76688933040191,29.39055299761253,-1029.3158989686845
6,26,46,189.3202656289825,24.320265628982497,-3.069019674986066,-1227.8426129448512
7,27,47,195.37641276396266,24.376412763962662,-12.93154116626738,-1278.872577183136
8,28,48,160.97611589549047,11.976115895490466,-7.321593896096147,-983.2087417173893
9,29,49,184.737842710241,42.73784271024101,41.14739511612265,-793.1383910179725
10,30,50,188.25975612574166,52.576948456230866,67.99738291748304,-652.9054000719466
11,31,51,216.95380259106014,113.95380259106014,105.30214210746612,-741.0924931543359
12,32,52,214.52046667652758,101.52046667652758,93.62868932121046,-834.0336846449932
13,33,53,215.94839997192776,68.94839997192776,53.180561887557815,-950.7374538472491
14,34,54,247.06393525084286,94.06393525084286,74.81554164768545,-874.5956632786219
15,35,55,317.3743450140714,163.37434501407142,135.32829113734715,-904.9248703771677
16,36,56,282.86956326210907,137.86956326210907,118.50762597030894,-855.9725683963125
17,37,57,257.2954610831821,138.2954610831821,123.50902851353885,-613.5258871873666
18,38,58,242.79885632068613,127.79885632068613,113.55751963866487,-631.094018449186
19,39,59,236.74037178698154,115.74037178698154,102.37011649081728,-766.6916429079547
20,40,60,239.54535851153014,115.54535851153014,90.89333171113981,-837.5811848844282
21,41,61,233.2976218343249,107.2976218343249,97.26712389022305,-742.6430013334311
22,42,62,255.75287805263474,128.75287805263474,111.50830323974628,-710.9907973275658
23,43,63,256.98833478843767,117.98833478843767,87.36508873832099,-880.8392672626592
24,44,64,271.8723140680793,126.87231406807928,107.6471166776812,-778.5077073020057
25,45,65,233.81978585810998,87.10656344867812,80.53884938978649,-679.5564546945129
26,46,66,245.4463665761516,99.4463665761516,82.07586179046643,-741.4189367294312
27,47,67,260.1184220535813,104.1184220535813,70.01970581723026,-922.8269029893422
28,48,68,248.97286355890355,113.97286355890355,101.04894853786618,-634.2736896074157
29,49,69,247.82837649049134,146.82837649049134,139.72975882704714,-517.8720794104584
30,50,70,259.11709654518154,153.11709654518154,139.55731491477354,-648.1570442979214
31,51,71,278.704726604544,166.70472660454402,146.40532955597382,-706.9385774424909
32,52,72,285.82501169388865,178.82501169388865,157.66724495842914,-717.6871604324992
33,53,73,337.9171147721777,195.91711477217768,148.78712748888256,-996.9714802415729
34,54,74,377.75663277180547,204.75663277180547,153.83501013040882,-1063.053123401187
35,55,75,409.6629656638879,223.66296566388792,163.00625527940065,-1151.7100536834405
36,56,76,396.908786694481,209.90878669448102,141.99203135232733,-1166.9628455816282
37,57,77,346.1982416722117,187.19824167221168,130.36406103762374,-797.0548827283874
38,58,78,371.58419011699743,207.58419011699743,146.9148525798223,-894.4344647961436
39,59,79,375.9180499610179,220.9180499610179,155.5323008301027,-890.7022049512709
40,60,80,383.1829355217176,201.18293552171758,130.85323182142565,-1010.9768487156339
41,61,81,370.47128683815185,193.47128683815185,131.34662362054678,-925.693218838107
42,62,82,326.0867110668012,190.08671106680117,138.04549775549617,-736.696376612517
43,63,83,318.8213353157057,160.8213353157057,108.52089617742581,-872.906185059478
44,64,84,313.09865476509367,163.09865476509367,116.6435612144096,-911.4441369186231
45,65,85,297.78053473215414,140.06731232272227,99.61184741814395,-860.2421580953478
46,66,86,235.0518247177879,111.0518247177879,92.92085647587692,-478.2386641978137
47,67,87,241.5361025532361,123.5361025532361,94.30924479783448,-581.2078204257127
48,68,88,256.8100110724936,111.81001107249358,88.7078255600768,-595.0797564119321
49,69,89,214.4388995410909,109.4388995410909,85.27597041996978,-349.7209554269375
50,70,90,197.41658252103366,105.41658252103366,79.36759258350844,-428.19658033933865
51,71,91,202.38146368220396,76.38146368220396,52.66449064459607,-514.2141923787553
52,72,92,213.89269550040444,77.89269550040444,51.301483997120386,-749.094507422557
53,73,93,228.22066795647152,103.22066795647152,67.32699372062484,-742.1408071011188
54,74,94,242.11108162753567,106.11108162753567,85.24753797065114,-696.0603060908938
55,75,95,242.3570438723084,98.3570438723084,86.61373768988278,-668.919346730283
56,76,96,223.3363367825582,81.33633678255819,42.177542075702604,-846.9267365817213
57,77,97,230.22755438896047,69.22755438896047,39.468756629732525,-806.322831587885
58,78,98,232.0391101959667,73.03911019596671,45.599691564811565,-1017.9999486876113
59,79,99,219.73662484254032,66.73662484254032,35.24950282237296,-947.4144791757126
60,80,100,186.8673046185586,70.86730461855859,71.97347502873504,-576.1750569278324
61,81,101,160.81648332826512,86.81648332826512,106.6401598892835,-335.9305052151408
62,82,102,151.88459434185188,73.88459434185188,75.4857533139566,-385.0121258178224
63,83,103,120.11450298958925,15.114502989589255,17.451427908301184,-772.9393398349225
64,84,104,112.60324237061877,7.603242370618773,13.702329013431154,-737.3548312291141
65,85,105,144.9595914587885,-2.040408541211491,-11.949875376683849,-875.5338465787636
66,86,106,135.24114845977442,-11.758851540225578,-25.49405717864238,-846.6976454852665
67,87,107,169.51895240638692,38.518952406386916,19.91933457104642,-775.4968669022983
68,88,108,195.74970622656542,65.74970622656542,42.5665310967172,-621.825865534076
69,89,109,197.95416495543964,50.95416495543964,27.550625623503493,-765.3631666988495
70,90,110,177.98860899351507,62.98860899351507,50.278598746683656,-738.6012565636429
71,91,111,129.16598967057553,17.165989670575527,11.398393374908437,-522.4379454029563
72,92,112,162.33415070015462,27.334150700154623,7.943137545325271,-756.7779556003702
73,93,113,187.2477962747521,51.24779627475209,25.883862907593993,-762.6968101442503
74,94,114,197.14921531720665,54.149215317206654,40.37031596984434,-746.7980684448894
75,95,115,241.28144287745226,83.28144287745226,69.77005338044819,-854.5655472710755
76,96,116,237.37089695718942,53.370896957189416,10.283830429418686,-1228.8110836960896
77,97,117,221.1537682884384,30.153768288438414,-4.008512007442505,-1202.4504968206343
78,98,118,233.21236916360385,26.212369163603853,-18.72601929498137,-1474.9743591410474
79,99,119,209.39531958238172,-2.604680417618283,-49.602960896429295,-1414.0065268009776
80,100,120,205.463458832171,27.463458832171,0.2938525275305892,-1204.7250556711897
81,101,121,201.11935310434933,76.11935310434933,70.98451676047148,-913.4163566366074
82,102,122,198.30663173427138,56.30663173427138,41.567399787479644,-901.115952808459
83,103,123,219.56301414824338,69.56301414824338,42.017101909770645,-1185.5154381926732
84,104,124,206.65511031144115,64.65511031144115,37.62639126438444,-1034.763851649283
85,105,125,195.76536946972033,59.765369469720326,43.04735384209471,-810.8694742656694
86,106,126,217.59337331275606,77.59337331275606,55.83631854833993,-970.6391640469224
87,107,127,207.73202546135553,86.73202546135553,68.7897234255231,-854.6109142711903
88,108,128,207.47361367268218,87.47361367268218,64.0715013258141,-776.2803189227607
89,109,129,222.2472804241729,94.24728042417291,70.17111744766908,-815.7744800150176
90,110,130,242.7086367581437,114.70863675814371,82.10222620595209,-881.5123076786249
91,111,131,212.35733613001184,112.35733613001184,96.30570701845954,-554.2085443467404
92,112,132,189.26534832053653,90.26534832053653,71.39211085850707,-496.4641701866294
93,113,133,191.34013319181508,93.64034352191948,86.12265296307328,-491.01085960694627
94,114,134,196.11968303728918,111.11968303728918,94.10093350168268,-507.8762525792549
95,115,135,214.78099294308367,140.78099294308367,130.2784916828639,-546.4213581361323
96,116,136,272.00361557459746,166.00361557459746,136.79680921527392,-763.6688977072438
97,117,137,258.80620119771584,154.80620119771584,134.91823091446804,-733.9704256587011
98,118,138,278.3645024938778,161.3645024938778,135.2288773065925,-736.6322986723485
99,119,139,266.72187940070376,149.975453216922,123.88780917011854,-735.9733790739588
100,120,140,344.2895606860109,209.28956068601087,167.41964933762551,-919.2253763585172
101,121,141,332.73260915830383,213.73260915830383,177.36039584031937,-883.7844050947667
102,122,142,369.6078809320661,234.9956461921945,187.2239936606104,-850.6701760191638
103,123,143,280.0109280066572,185.0109280066572,150.8834414434814,-599.2429160371685
104,124,144,279.43830126644525,190.66316911746458,161.23108588370405,-450.6405788864804
105,125,145,232.8406027109088,187.8406027109088,170.27944659169543,-129.30217247377755
106,126,146,254.2052054561443,199.2052054561443,176.67372825945586,-196.15459003818955
107,127,147,239.27601867887142,190.27601867887142,169.71060143174236,-169.3856884078548
108,128,148,223.47978244665774,165.6322350653761,146.15805432310276,-238.45560797678127
109,129,149,185.7025908319804,135.7025908319804,108.81934560766445,-200.1300096020368
110,130,150,173.88982935043555,119.88982935043555,94.2226131734194,-223.9853483279469
111,131,151,151.30303379589418,100.30303379589418,82.62218307858461,-168.78747522656727
112,132,152,158.2594837063648,106.28382932326986,96.77283299022542,-96.64431482127452
113,133,153,152.58014625903752,102.77747363569779,97.51793482986022,-74.48038063459853
114,134,154,162.75462746029007,119.75462746029007,101.11897230111913,-88.79941628215352
115,135,155,154.58187680236801,109.58187680236801,89.95048936964304,-163.92566533275658
116,136,156,127.25354922087831,97.76852232614169,88.42913202195496,-95.75882636260053
117,137,157,148.0024120586902,107.23848086979206,99.15869226498012,-101.19265254360448
118,138,158,145.66831426477574,108.00565469783123,95.27511839805334,-61.3006679255418
119,139,159,155.26497820587815,118.49504153434418,106.54625425169615,-62.352527308740946
120,140,160,179.0803557767556,133.0803557767556,118.75356342776513,-97.61259552390516
121,141,161,180.44473047110932,138.44473047110932,121.7393868342981,-53.89085963971797
122,142,162,194.5288577633387,151.91662302346708,138.4934265356162,-25.55691164699283
123,143,163,250.149533363126,185.149533363126,156.4084100870873,-141.71544402873383
124,144,164,247.60470672092833,183.82957457194766,160.55805331324882,-112.45333763635108
125,145,165,203.32784964303983,163.32784964303983,146.29278108189396,-30.31809602880753
126,146,166,229.32455087758217,181.32455087758217,162.2128333263379,-58.119937723609155
127,147,167,218.839615498003,187.839615498003,175.2182261653311,19.548100624456083
128,148,168,199.7245335096377,170.87698612835607,164.42658854421074,58.402472627284624
129,149,169,185.93409256379505,154.93409256379505,143.1543294952137,0.31460143064145996
130,150,170,172.40447750636986,138.77183291244046,129.09776821525543,-45.52258261337715
131,151,171,139.11783432361472,114.11783432361472,101.48900355612,-49.29751558381031
132,152,172,180.3085216146858,141.33286723159085,132.03685829337633,-24.135379633177763
133,153,173,257.0539087901536,172.9510258367095,141.43680381213562,-414.6893731412363
134,154,174,241.5349800815327,159.5349800815327,132.1397029840182,-398.6150840918792
135,155,175,248.15820730761038,153.15820730761038,125.59511077222623,-453.502878293845
136,156,176,244.36283065230305,156.8778037575662,130.2966236842392,-461.40600381036893
137,157,177,194.91053652177652,110.14660533287838,95.86001859547468,-359.2819653273723
138,158,178,207.0855371798209,129.0855371798209,110.77126603974853,-301.36713356692735
139,159,179,224.28115208794725,142.28497345681308,128.29682038118722,-260.40354962130664
140,160,180,211.20689548569385,135.20689548569385,122.78144056536462,-202.3502036466855
141,161,181,194.80805068436098,123.80805068436098,101.75995334427876,-271.73367668620745
142,162,182,199.20714492165575,120.20714492165575,101.0730665848414,-300.6634889812851
143,163,183,235.279917367935,148.279917367935,119.6725493535514,-235.83484035451306
144,164,184,193.90242639956705,126.90242639956705,104.30053532493321,-165.26079355308684
145,165,185,170.40100032825467,112.40100032825467,100.0720313082652,-114.33522433203166
146,166,186,179.76027121709922,125.76027121709922,107.87470776646205,-129.8511130831837
147,167,187,162.9261983468316,117.9261983468316,110.86363445249913,-72.90463105365552
148,168,188,172.60197964693953,123.60197964693953,112.48473544992407,-149.0663883197799
149,169,189,207.52984259344476,146.52984259344476,126.55721595844716,-191.96391664015368
150,170,190,206.4391259364379,143.80648134250873,127.31891766495005,-157.68710163951278
151,171,191,207.2623938482866,140.2623938482866,128.19530437034837,-244.73393205189404
152,172,192,221.87615534620136,143.87615534620136,133.04490825088396,-238.57198509035288
153,173,193,262.43364332495753,155.43364332495753,125.76281751640477,-550.0863965967721
154,174,194,281.00962373894026,158.00962373894026,128.11738379165195,-600.9937492783977
155,175,195,288.95639411644447,139.95639411644447,104.88802977119508,-801.8436812187347
156,176,196,251.94054071478695,113.94054071478695,78.58439294463233,-784.5838014528244
157,177,197,222.59899104570945,74.59899104570945,48.31630463775491,-919.4953356825395
158,178,198,193.6674807900638,57.66748079006379,49.119228425948904,-904.5695598892903
159,179,199,198.18522137304467,60.18522137304467,57.460053284904916,-833.3285026285121
160,180,200,191.70700042601402,60.70700042601402,58.57195067198745,-763.8049881928464
161,181,201,192.9573607878915,53.9573607878915,37.77972708872494,-902.243029030712
162,182,202,182.1481495036153,48.14814950361529,40.417308755207614,-954.1035530991444
163,183,203,214.54067348536296,67.54067348536296,44.257403761250316,-810.0063741146714
164,184,204,254.68862391745847,80.68862391745847,46.10508027032688,-1123.0737900564482
165,185,205,259.6287283426864,77.62872834268637,48.53232004191841,-1219.381336740009
166,186,206,295.4468979228411,119.44689792284112,93.84742509824628,-1360.5044864021625
167,187,207,263.13164566948944,84.13164566948922,55.716287588541036,-1127.3977057354055
168,188,208,235.13381612466947,60.133816124669465,36.67015881005955,-1145.3614693214222
169,189,209,227.00310858672174,77.00310858672174,57.42838892468785,-929.5845244315383
