Left,Mid,Right,Loss_likeli,Loss_AIC,Loss_BIC,Loss_eBIC
0,20,40,128.8225043835953,46.82250438359529,34.06994198055918,-402.61426162444377
1,21,41,127.30153416766757,40.30153416766757,32.62348043515817,-400.3253678415076
2,22,42,118.55839449927498,9.558394499274982,-0.029169697037787046,-475.29472227719634
3,23,43,158.30929704432924,13.309297044329242,-20.808902480424422,-875.1423010766221
4,24,44,174.70215815067718,25.702158150677178,-11.500746599306012,-1025.6083966725564
5,25,45,149.85964440297494,1.8596444029749364,-40.63292071482283,-867.0623652145105
6,26,46,145.28561727174065,-10.714382728259352,-53.62435803479775,-870.1958566451053
7,27,47,166.5155937115378,6.515593711537804,-26.76931381868758,-1043.9936767979616
8,28,48,152.11210322632724,30.112103226327235,-1.1688102866685313,-760.5018885348718
9,29,49,159.11423459705202,42.11423459705202,15.055519719341191,-792.4177067897363
10,30,50,160.34537222115796,25.34537222115796,-5.560391223355737,-908.7362475685677
11,31,51,129.8969607845338,8.896960784533803,-18.766924279165096,-621.1065319573204
12,32,52,117.1951412940939,18.1951412940939,0.09801687836898054,-607.4153747577711
13,33,53,117.87802492246328,20.878024922463283,7.935515863651972,-695.058914480353
14,34,54,124.85795714218807,27.85795714218807,12.836006541696861,-676.1421057723628
15,35,55,123.82931055095378,23.829310550953778,4.54117281789172,-653.6217037363635
16,36,56,141.48116235150064,20.481162351500643,-7.182722712198483,-769.64477868015
17,37,57,177.73408701697304,39.734087016973035,1.1804624961055197,-726.1313893523502
18,38,58,123.27899821823166,21.278998218231663,1.584876507984518,-584.0891429213452
19,39,59,101.39918901206624,-11.600810987933755,-38.40092926993657,-570.8601054050446
20,40,60,93.05161154160874,-17.948388458391264,-34.381278760803525,-475.52091135132514
21,41,61,68.35427123016916,-25.64572876983084,-45.065831994750624,-415.3666446118691
22,42,62,80.22583548351986,-12.774164516480141,-20.63419514940051,-388.6104987925846
23,43,63,104.29235132352983,17.29235132352983,1.6349858887983828,-387.32518471305366
24,44,64,114.5392062354315,50.53920623543149,34.86050769469489,-259.8717859880928
25,45,65,109.71426436787533,51.71426436787533,50.05794590681853,-136.74056197720756
26,46,66,115.00889370648474,67.00889370648474,56.62768916210803,-209.4289628821516
27,47,67,122.73728233504266,73.73728233504266,62.5116380636091,-257.7829309163669
28,48,68,156.10108942089278,93.10108942089278,74.64331666123849,-261.46620662453734
29,49,69,159.0328281859263,110.32484847655974,97.42965180565102,-235.96354630925975
30,50,70,163.3461276094647,94.78953734682796,73.66988589177936,-430.0972731961367
31,51,71,161.61557348959332,88.61557348959332,62.88734044376133,-361.0135969201956
32,52,72,176.1171303123051,92.11713031230511,66.963603511482,-403.74653573286696
33,53,73,210.8402737877168,101.8402737877168,62.78791506363632,-574.3907119367641
34,54,74,255.93804908631273,109.93804908631273,61.338662902540136,-761.9429068795162
35,55,75,263.3943508203083,111.39435082030832,45.18020575173978,-760.4039089248238
36,56,76,291.20494731441136,159.20494731441136,103.19067778768726,-725.9743814265694
37,57,77,310.06428244924723,146.06428244924723,74.53255724843598,-872.0543963763951
38,58,78,323.9230013164863,152.9230013164863,87.55075001854766,-999.8364757014174
39,59,79,377.25714342601236,177.25714342601236,96.26104535164018,-1057.8041468934678
40,60,80,415.5041256780853,201.5041256780853,125.56329201745848,-1100.6230515436505
41,61,81,373.7389663772642,176.7389663772642,90.44283950171507,-1084.4906804621223
42,62,82,354.7368091588453,151.7368091588453,63.789790895504666,-1117.582238285851
43,63,83,317.61794493855837,129.61794493855837,52.240412464705514,-1126.430693955668
44,64,84,287.8154943619893,127.8154943619893,56.142277207239204,-932.4183203970908
45,65,85,270.95716952625344,122.95716952625344,68.8682797691074,-746.624751597642
46,66,86,325.8408252422414,116.84082524224141,44.526712287218515,-1484.9914428863826
47,67,87,319.7753620264359,101.77536202643591,19.809469619608763,-1545.8151065758302
48,68,88,331.6132779559971,121.61327795599709,42.79240593048348,-1588.5391758245678
49,69,89,282.4112809468427,120.70330123747613,62.98615959000631,-1225.3844775604302
50,70,90,302.44140017221616,127.88480990957919,66.46799720624813,-1305.913240851061
51,71,91,293.268755407571,129.268755407571,74.9485477836779,-1030.0808025956412
52,72,92,272.5048567223723,104.50485672237232,64.35492788997317,-895.4192978218312
53,73,93,249.3352314338474,98.33523143384741,53.97981681073952,-1153.243533235196
54,74,94,232.60227662040734,67.60227662040734,29.298128483830396,-1052.6791439458661
55,75,95,225.12196925510102,59.12196925510102,14.010159084332372,-1074.8965046120466
56,76,96,246.1796541836586,90.17965418365861,46.82332228416453,-1055.220000303836
57,77,97,207.64410287851388,45.64410287851388,12.384678521798378,-965.4511036871736
58,78,98,198.8471395641643,43.84713956416431,12.883738200127027,-1136.0732949662884
59,79,99,171.89271883280117,9.892718832801165,-13.656774475010025,-924.9623515092699
60,80,100,176.6036384401027,17.603638440102714,-9.399701312090883,-1049.3489550355634
61,81,101,138.40121893407422,3.4012189340742225,-18.756142794423567,-895.1387772990715
62,82,102,141.1060059390029,-10.893994060997102,-38.04443900453862,-734.8144269232557
63,83,103,150.39204112861216,16.392041128612163,-7.08251246141208,-776.1610528206343
64,84,104,141.9263473238998,12.92634732389979,-11.252430663472069,-812.5877187953774
65,85,105,104.01226261550528,-30.98773738449472,-46.41662047918953,-768.6162647123483
66,86,106,201.1279295463146,36.12792954631459,17.520045142665367,-1252.807926585328
67,87,107,214.8994387755056,28.899438775505587,-19.806057740458982,-1463.575024823252
68,88,108,217.8203315209946,28.820331520994614,-19.337378234112748,-1543.752285073626
69,89,109,154.54866251432122,11.548662514321222,-18.739070495583974,-1140.9300548899164
70,90,110,176.17625065771858,6.176250657718583,-42.10803431718796,-1230.371940477126
71,91,111,128.68930687088664,-26.31069312911336,-58.49848618190617,-853.507558297802
72,92,112,156.92519710741044,-1.0748028925895596,-30.959416147166166,-774.3446554526467
73,93,113,180.3935268249677,20.393526824967694,-22.018009444908557,-1030.5904746641063
74,94,114,135.45066571436678,-5.549334285633222,-40.10282637447267,-890.9060418931763
75,95,115,144.8020041247628,2.8020041247627887,-26.883636554167424,-840.2543031402024
76,96,116,161.54508339643598,14.545083396435984,-20.824543979083273,-821.9279955600887
77,97,117,182.40184840003917,42.40184840003917,14.593310725973879,-711.6880249377182
78,98,118,186.29316657946606,60.29316657946606,26.327641338802323,-804.1736800731942
79,99,119,138.47164161344426,9.471641613444262,-16.91854564231312,-696.1086750431054
80,100,120,141.4504783053901,12.450478305390106,-21.541048427667192,-814.7048135130603
81,101,121,132.6997024884547,25.699702488454705,1.1936338465541212,-689.3483272494068
82,102,122,118.22412406851504,16.22412406851504,-4.004851802485518,-501.6241834126324
83,103,123,75.8264375614815,1.826437561481498,-0.7578536303572037,-314.9156755682559
84,104,124,77.98403128350083,-3.0159687164991738,-8.981790223841017,-319.5959342409967
85,105,125,117.16462015303023,1.1646201530302278,-15.548587641580752,-706.6816297796427
86,106,126,143.63138426110208,57.631384261102085,39.68354322586697,-539.5927767922401
87,107,127,153.35242202410336,60.35242202410336,38.157743493313774,-432.4073562083747
88,108,128,153.96552576867543,63.965525768675434,37.71724992237296,-413.9165717035248
89,109,129,95.34862610544542,32.34862610544542,24.87801332328013,-334.87593272079357
90,110,130,102.49045920509639,44.490459205096386,31.829920298821662,-282.73033771121663
91,111,131,82.68217290843995,10.682172908439952,-2.8406926470768212,-370.455514006248
92,112,132,74.7528351894507,9.752835189450707,-3.278339095606725,-235.6272712047355
93,113,133,98.89511794664554,21.89511794664554,-0.849622283210465,-354.25544871400257
94,114,134,104.07806700786637,28.078067007866366,18.044819103938835,-268.77099195848496
95,115,135,116.13664191518001,27.136641915180007,16.944622247005782,-339.40047771344416
96,116,136,135.85398302420776,47.853983024207764,21.757189482292688,-367.1736280278917
97,117,137,171.93074328441276,56.930743284412756,28.18083579106201,-488.4765239820299
98,118,138,202.1101115924955,103.11011159249551,72.05485688655676,-410.32673964889455
99,119,139,179.12201673097434,56.12201673097434,14.347323065956743,-650.9342511638683
100,120,140,167.64538667066995,52.64538667066995,16.1851963581139,-592.3902412748942
101,121,141,159.1743202910618,65.1743202910618,39.16931885082272,-448.01301070976456
102,122,142,152.06509985635444,90.06509985635444,79.99181479297908,-338.5910518824935
103,123,143,166.70185803721415,95.70185803721415,77.68197373206885,-294.2728462485884
104,124,144,148.6859698053945,72.6859698053945,78.68883211619891,-174.93375962755044
105,125,145,193.4271539250874,90.4271539250874,52.663311857975714,-619.5898375443653
106,126,146,198.57675178758223,81.57675178758223,35.45648944447271,-695.6334942940134
107,127,147,217.7624879625323,78.7624879625323,40.76070348434746,-674.2883443142803
108,128,148,234.21124356134624,95.21124356134624,42.13913125658064,-722.7335566664729
109,129,149,226.8889045321912,128.8889045321912,98.78293221246304,-518.7236453934115
110,130,150,225.01732189795598,126.01732189795598,90.7340107757368,-526.9837219148226
111,131,151,271.94618241591616,149.94618241591616,96.13798553472202,-618.5795529915417
112,132,152,258.5670879778611,142.5670879778611,93.57332876157056,-558.4674875557766
113,133,153,243.7426822810355,114.74268228103551,62.65221942663288,-675.8609373438605
114,134,154,255.21457619960688,133.21457619960688,94.09260798101809,-662.1535501076332
115,135,155,264.31905604099325,107.31905604099325,53.798985044057645,-933.1045077945719
116,136,156,284.6107433038453,120.61074330384531,51.090772532217215,-971.2943606740685
117,137,157,308.21293318109474,116.21293318109474,46.49351271431283,-1055.0759523105176
118,138,158,343.3339900001222,149.33399000012218,70.98145230036903,-1120.8041854665867
119,139,159,353.815653758013,155.815653758013,70.8092487999611,-1113.2181246887935
120,140,160,398.6670315545855,179.6670315545855,82.4178496699426,-1293.2369310447946
121,141,161,344.33981213468337,151.33981213468337,68.07487057708227,-1058.097844245346
122,142,162,318.37714107514944,150.37714107514944,80.94514729809316,-1002.912569318773
123,143,163,291.0241344367496,122.02413443674959,59.149607186133835,-1036.2090989741937
124,144,164,276.7940604100977,101.7940604100977,52.06271760544587,-962.9895583103621
125,145,165,232.52085650625986,99.52085650625986,53.05935496087773,-861.6969538886128
126,146,166,223.16367027990304,84.16367027990304,33.675251143019295,-814.0830697492033
127,147,167,201.14004820386708,65.14004820386708,23.23996382166115,-763.4469293168981
128,148,168,217.90604180194373,72.90604180194373,21.35218935015564,-806.5558765325945
129,149,169,201.64791991377024,87.64791991377024,56.34818128460233,-761.622461199132
130,150,170,188.50754451478156,77.50754451478156,54.4791548057417,-770.9946221377427
131,151,171,230.932681606801,96.932681606801,57.59793291080132,-840.2987419608953
132,152,172,202.94877251484422,79.94877251484422,49.87352398287385,-736.0089464676639
133,153,173,177.72557802857682,72.72557802857682,64.30031996313642,-671.8863910014848
134,154,174,199.52807918497638,95.52807918497638,90.23513725265752,-555.8596644428253
135,155,175,153.76647422055044,54.766474220550435,49.66294896013824,-582.750541678638
136,156,176,110.36739442510043,21.36739442510043,18.646139085544746,-549.4643363605701
137,157,177,124.74380338480478,-43.25619661519522,-75.00877813084458,-1100.040897856417
138,158,178,115.02604688565543,-53.97395311434457,-87.51358604878078,-1046.2237987044714
139,159,179,150.854136504586,-42.145863495414005,-86.94113653193835,-1278.404587138038
140,160,180,141.97409937757993,-59.02590062242007,-104.33836685036044,-1464.273800453841
141,161,181,127.80279508148737,-53.197204918512625,-81.6208766053137,-1468.0156031481074
142,162,182,74.19575731242503,-91.80424268757497,-100.28327307264226,-1461.1092244658648
143,163,183,93.8476261087867,-61.1523738912133,-66.92746549397316,-1274.9810336588876
144,164,184,100.70164514815747,-46.29835485184253,-51.20967967290608,-1197.8004791023886
145,165,185,95.80883401921096,-62.19116598078904,-66.85055147965386,-1243.9501217833258
146,166,186,119.12328171258696,-47.87671828741304,-61.70564507317704,-1274.5798929897055
147,167,187,115.00541324416508,-21.994586755834916,-24.006691750808386,-1091.09935792961
148,168,188,121.59627363053573,-32.403726369464266,-43.57270287020674,-1212.588322619496
149,169,189,112.76585066862708,-35.23414933137292,-42.912226548201716,-1257.229390303958
150,170,190,63.23947128247323,-70.76052871752677,-58.79897847492134,-1125.221170884152
151,171,191,47.965264546901835,-109.03473545309816,-110.95352906549238,-1229.9666063237264
152,172,192,47.09834024778047,-111.90165975221953,-115.53866965232555,-1199.3341882480217
153,173,193,12.33416515549743,-158.66583484450257,-162.34646044185047,-1221.1687485736293
154,174,194,-19.821501303513287,-160.8215013035133,-148.49183690746395,-896.0720441839094
155,175,195,-24.71933487501542,-154.71933487501542,-144.7582344308771,-961.0763381549059
156,176,196,3.8470499179243234,-131.15295008207568,-129.7433076715356,-987.4316478069477
157,177,197,25.327600529377833,-165.67239947062217,-187.637804045954,-1396.7997794287876
158,178,198,20.62525774512983,-162.37474225487017,-183.47638004850614,-1246.7214065603966
159,179,199,44.12708789667113,-163.87291210332887,-193.26232023302964,-1439.1822953374958
160,180,200,38.262065363235024,-152.73793463676498,-176.7827807537767,-1362.639721363243
161,181,201,33.145470915283795,-144.8545290847162,-159.6545267013871,-1477.762656835686
162,182,202,39.33512679086607,-117.66487320913393,-121.31653477292821,-1318.307024526045
163,183,203,61.51645179853381,-92.48354820146619,-99.84021520912893,-1219.4022528807545
164,184,204,85.07315602762196,-47.92684397237804,-46.561190059123874,-1251.480000598216
165,185,205,90.18181552254418,-63.818184477455816,-70.99156210285241,-1125.107378485961
166,186,206,114.61311417095794,-47.38688582904206,-61.499070653160516,-1259.9966743832724
167,187,207,82.3463044900268,-72.6536955099732,-80.16165506413313,-1142.6767099704211
168,188,208,101.60971970832315,-65.39028029167685,-73.67402963296081,-1275.1524200524086
169,189,209,104.10195604511227,-52.898043954887726,-57.242852699241894,-1335.8384478016287
