Left,Mid,Right,Loss_likeli,Loss_AIC,Loss_BIC,Loss_eBIC
0,20,40,132.01428516403485,13.014285164034845,-15.04216533853787,-621.44082243414
1,21,41,131.8007501051759,20.800750105175894,-2.873470812654432,-528.3439860806561
2,22,42,130.6660867752139,25.6660867752139,-2.6962798570525592,-566.186361124724
3,23,43,93.11671317325909,-19.883286826740914,-41.3147463381963,-530.3729919145665
4,24,44,94.23787423223712,2.237874232237118,-19.160762156927376,-484.0476481971623
5,25,45,107.26167028971918,11.261670289719177,-4.3950583773983,-511.1992178461089
6,26,46,125.10328514870866,7.103285148708665,-28.623253684328574,-642.9942045012726
7,27,47,114.38401013721614,13.384010137216137,-12.640318357662181,-608.3913677187072
8,28,48,118.76655609550062,15.766556095500619,-12.639799034051748,-557.7010708050664
9,29,49,125.4845853028246,20.4845853028246,-9.650916787419419,-574.3807076357177
10,30,50,114.52218063114833,27.52218063114833,11.900651358091864,-536.1647017442758
11,31,51,117.2450959398384,29.245095939838393,13.550527828728946,-478.81742402414284
12,32,52,99.45359161067222,36.45359161067222,21.876042108356387,-216.11523282072653
13,33,53,145.06911049767382,71.06911049767382,52.493258618329946,-302.346523402977
14,34,54,158.37607746818048,69.37607746818048,49.43180884093363,-320.8910760132171
15,35,55,187.11223302680196,95.11223302680196,62.673786794031,-364.21190378466235
16,36,56,149.07533487979708,73.07533487979708,56.440445292815866,-194.0591066043246
17,37,57,138.1473258360379,73.14732583603791,60.357628800795055,-257.6980959324783
18,38,58,133.29889023169312,70.29889023169312,56.3947555608263,-281.4102627349055
19,39,59,118.22712502663558,57.227125026635576,43.49282301667745,-267.26450707004733
20,40,60,139.44655915274825,57.44655915274825,41.57283108588513,-335.3900521888097
21,41,61,137.57740203043454,44.57740203043454,22.586726178710933,-317.6259289550776
22,42,62,134.58569644960312,51.58569644960312,26.551765840271173,-309.87948689423547
23,43,63,161.73127406179492,67.73127406179492,52.9866824268629,-299.1907995929655
24,44,64,193.42702404294846,80.42702404294846,45.80061005922721,-379.94057707376714
25,45,65,210.82474160672564,87.82474160672564,60.01742297478495,-488.74132786881796
26,46,66,233.7541628082172,71.75416280821719,23.335315897678583,-646.7705704134187
27,47,67,278.16191527412207,112.16191527412207,65.93966548236472,-917.2156582012412
28,48,68,290.7159247035854,110.71592470358542,63.558760401024074,-918.6503495893148
29,49,69,267.5350948611399,86.5350948611399,44.66377600349438,-786.4014359953671
30,50,70,278.196856947239,96.19685694723898,48.38638756706291,-853.1742545725751
31,51,71,291.0043206315024,110.00432063150242,58.545153281804915,-886.9272512637417
32,52,72,323.8214319675744,134.82143196757443,73.08178595494405,-954.427775747853
33,53,73,335.2441538609298,149.24415386092983,82.9007333632178,-940.8810037777837
34,54,74,353.8181049579423,158.8181049579423,77.5274713881679,-1057.39461696628
35,55,75,392.24312000433724,189.24312000433724,105.53217905880342,-1051.5939820200433
36,56,76,395.3319504023159,177.3319504023159,78.84776670305018,-1240.2949261602075
37,57,77,369.7623627481771,187.7623627481771,112.05339023680267,-1138.9188849346629
38,58,78,381.26411403339534,204.26411403339534,133.47048733786573,-1121.904783075623
39,59,79,423.11594553717396,203.11594553717396,114.72638445331336,-1458.5581474351384
40,60,80,447.0714447659104,218.07144476591043,125.89423563161654,-1524.191710694894
41,61,81,424.6926858209699,183.69268582096993,87.96709817731198,-1553.0537827616872
42,62,82,357.2623759822675,135.26237598226749,48.303097756812576,-1517.9699692751124
43,63,83,307.7240293862292,111.72402938622918,37.709270716976334,-1273.6123430930006
44,64,84,286.19632768808833,111.19632768808833,46.59703712031228,-1174.4659940057181
45,65,85,254.25641829104552,74.25641829104552,25.365233098310227,-891.7194735954404
46,66,86,291.61107468379373,81.61107468379373,28.090799566070928,-1028.6055012795255
47,67,87,287.5314017048795,52.5314017048795,-18.686124586931328,-1323.4917287402377
48,68,88,253.44582227780938,27.445822277809384,-24.610785245493616,-1109.7030681079955
49,69,89,240.87483026535483,45.87483026535483,20.294083548167237,-1087.7764152305285
50,70,90,248.03128814800493,54.03128814800493,20.38075595859891,-1150.7770368117326
51,71,91,250.29555288742768,30.295552887427675,-14.285992047883155,-1305.4140060759846
52,72,92,235.03831728809632,16.038317288096323,-18.395073642905572,-1221.7910213144696
53,73,93,233.84431861795406,26.84431861795406,-12.177769411557847,-1160.8438719865458
54,74,94,209.12016375634335,7.120163756343345,-33.52814062612788,-1336.7857756570893
55,75,95,206.27924257486757,-7.720757425132433,-48.73449682629712,-1314.6974316870806
56,76,96,152.74433207064158,-53.255667929358424,-100.36431766062378,-1244.1047439913332
57,77,97,137.2779744774134,-32.72202552258659,-65.71980382296033,-983.1101038335328
58,78,98,119.63858298365221,-24.361417016347787,-44.76124935079906,-907.2739065681644
59,79,99,137.50541276758736,-33.49458723241264,-64.21764294732316,-1017.0144449647087
60,80,100,128.76854125906902,-38.231458740930975,-64.53703477677391,-1052.259457009598
61,81,101,160.77111111654835,-22.228888883451646,-58.57976464940634,-1083.1977359601178
62,82,102,145.95037503033723,-30.049624969662773,-63.638865113970496,-1220.1547171173943
63,83,103,121.65700514109153,-35.34299485890847,-62.84027633248843,-1037.086105999536
64,84,104,129.8572226588501,2.8572226588501053,-16.01035715599187,-1059.0521874589645
65,85,105,121.45998733817783,-28.540012661822175,-35.890315864528475,-896.1822332778083
66,86,106,138.04685275895963,-37.95314724104037,-67.47081690587265,-1101.1332822873524
67,87,107,112.25799931715278,-32.74200068284722,-57.105435056875194,-847.1561622954937
68,88,108,134.50543712449576,-27.494562875504243,-56.162838491381535,-867.7166349041713
69,89,109,128.09746047129374,8.097460471293743,-3.4727468930293526,-819.5539621814896
70,90,110,127.62733762021821,10.627337620218213,-4.301301597693737,-805.2137333950641
71,91,111,124.04983003420443,-12.950169965795567,-38.529279099807354,-843.9416901416957
72,92,112,95.9577281148172,-40.0422718851828,-66.8563828338174,-777.9037439473873
73,93,113,112.73930335466503,-23.260696645334974,-46.6090716911699,-772.0117793170825
74,94,114,72.90626514437736,-54.09373485562264,-72.65394564011467,-730.2907141607411
75,95,115,77.12130622313862,-60.87869377686138,-85.91594827681001,-754.2524767309242
76,96,116,94.28130009539063,-30.718699904609366,-52.40285693897704,-807.3547575835646
77,97,117,91.25771740571713,-38.74228259428287,-64.99521185421509,-692.362694036372
78,98,118,117.55410510411775,-13.445894895882248,-37.077527980071864,-700.327656473984
79,99,119,150.0701123575377,41.07011235753771,24.579224789362115,-583.1300762776773
80,100,120,180.84124905538602,63.841249055386015,48.759995072771744,-650.3244285191759
81,101,121,217.73721162322408,78.73721162322408,45.92404559061879,-778.5902604309736
82,102,122,196.78034514553474,45.78034514553474,9.041946858053052,-915.2996398915307
83,103,123,196.1719249431858,57.171924943185786,33.008619525134236,-794.4774537232456
84,104,124,182.1631243792158,38.16312437921579,7.712657926645306,-882.2461269390351
85,105,125,176.2341392770668,16.234139277066788,-16.812775117259207,-858.3965710882285
86,106,126,198.45343344515936,36.45343344515936,-11.276389636116392,-1006.8638002224047
87,107,127,184.3071713507518,67.30717135075179,37.12929416052111,-674.8666438261089
88,108,128,187.49024214417568,40.49024214417568,2.654426246514504,-975.1248293060066
89,109,129,188.69249066151224,54.69249066151224,19.516625048872584,-981.1613430483026
90,110,130,170.47145822805942,39.47145822805942,5.096043845190707,-819.508830100784
91,111,131,152.7564998972507,34.756499897250706,7.5464924730429175,-809.9098497275627
92,112,132,168.29827736130892,51.29827736130892,25.625856844717873,-794.3749718061567
93,113,133,110.62136750828336,3.621367508283356,-13.36961463110697,-641.9253743855829
94,114,134,92.56221451774945,-2.437785482250547,-17.19635554967772,-569.4961717651308
95,115,135,89.26451337323147,-8.735486626768534,-26.33474490571666,-626.621094442864
96,116,136,90.09074721114098,-2.909252788859021,-19.40547474504183,-588.7843916510733
97,117,137,104.85024480668903,-1.1497551933109662,-21.34564820535502,-579.0300847079889
98,118,138,179.02448228061212,65.02448228061212,45.33887917097695,-729.9843816166926
99,119,139,157.67467328537214,61.67467328537214,45.07114727997805,-629.8753111486922
100,120,140,195.52824866946185,76.52824866946185,52.48006983685423,-739.0328525876171
101,121,141,185.16842399048096,57.16842399048096,28.352613869603374,-654.6021739192879
102,122,142,191.46648557129902,65.46648557129902,40.524951200000714,-736.739444975507
103,123,143,179.5054699784523,63.50546997845231,42.60495881783322,-646.9151466385188
104,124,144,190.75899952979762,71.75899952979762,43.998573981801655,-737.6646970086667
105,125,145,210.3290087024227,89.3290087024227,45.984624972929396,-730.6784156123422
106,126,146,214.64290823345755,89.64290823345755,53.55814663627484,-703.0211582738295
107,127,147,222.78421886318915,111.78421886318915,77.34847162654842,-659.4182247663389
108,128,148,216.84732385663847,101.84732385663847,55.01112695209372,-912.6830512152844
109,129,149,183.40552085306604,66.40552085306604,19.161816914783003,-781.0033629949191
110,130,150,169.99556643289975,55.99556643289975,8.52080716028513,-677.3530735455763
111,131,151,199.53545180635638,85.53545180635638,36.27989258435832,-806.3568011774412
112,132,152,218.48320337080008,102.8871063489994,60.75506782115599,-695.1178251797971
113,133,153,204.5661007578483,103.56610075784829,61.07316869929355,-498.6041131994832
114,134,154,208.73542884443236,105.73542884443236,63.479238543913425,-557.4905417523689
115,135,155,212.81761018365796,107.71713855586813,65.94032036562089,-600.2221376935888
116,136,156,222.57032081608668,111.57032081608668,59.83667535455402,-563.1573920948756
117,137,157,242.84126305779955,106.84126305779955,48.38250392317036,-563.3476062182119
118,138,158,199.1414815308117,89.14148153081169,43.028308565326824,-416.6491619192368
119,139,159,231.5124520574816,112.5124520574816,55.69239691297889,-508.70882126580614
120,140,160,237.42171543455152,120.42171543455152,65.29053974416274,-539.0042001094366
121,141,161,246.58038014969497,123.58038014969497,73.23049725888472,-439.3812504670175
122,142,162,216.56406510110992,100.56406510110992,54.26159923630371,-500.10159437318475
123,143,163,215.14089960847286,100.14089960847286,51.73831803758526,-615.6766520241781
124,144,164,212.84702119605527,112.84702119605527,72.7786483608354,-599.5770513465748
125,145,165,233.52081881916547,131.52081881916547,92.27895254520604,-633.2159505025854
126,146,166,217.34256542996263,95.34256542996263,52.23299418074339,-594.2023630351189
127,147,167,209.62323326317573,98.62323326317573,55.176572679255514,-646.0696111088585
128,148,168,212.27404154078226,115.27404154078226,82.2514972042593,-478.9531127665837
129,149,169,209.4310395277439,111.4310395277439,84.86579532041333,-390.4485936126405
130,150,170,191.04348607735233,107.04348607735233,89.70438946449872,-332.9990319753781
131,151,171,171.6218644988587,110.62186449885871,93.99153515108083,-337.45860097702007
132,152,172,137.12171630734633,78.52561928554564,69.97055440819076,-328.03269951706534
133,153,173,134.48820744020622,76.48820744020622,64.7176143504837,-331.0366245959933
134,154,174,137.7599489908771,84.75994899087709,77.79427323760729,-280.6564320819141
135,155,175,125.05990823033198,65.95943660254238,60.94740431523587,-311.9172112953727
136,156,176,130.47753653331597,55.47753653331597,36.77715428737383,-351.5466563180571
137,157,177,103.93724541981624,25.937245419816236,9.87109223917173,-262.6274384962203
138,158,178,98.96386013697293,34.963860136972926,23.201695619483644,-302.22870847770037
139,159,179,93.39110412029027,34.391104120290265,30.2265835793894,-303.63261120614743
140,160,180,83.55016382849954,28.550163828499535,21.961941722563324,-282.6693020494513
141,161,181,92.78837893011973,38.788378930119734,35.49497369019491,-215.83804163698073
142,162,182,103.77109306027455,37.77109306027455,25.394425544880505,-380.03332132656624
143,163,183,132.59164860473038,53.59164860473038,30.8957561327868,-465.23653570985175
144,164,184,127.89776079554895,44.89776079554895,25.40900763069635,-613.6394763285298
145,165,185,114.29931107745006,42.29931107745006,32.79254209078431,-623.9302016173156
146,166,186,140.13826570650053,39.13826570650053,9.794133003454363,-542.6205743367959
147,167,187,182.24130044817366,77.24130044817366,42.64060919086796,-537.9460207591901
148,168,188,177.44542510084534,69.44542510084534,42.30178525299152,-405.45587246694595
149,169,189,183.1064775059274,64.10647750592739,31.444806084062975,-447.35719739168826
150,170,190,205.80587870379395,94.80587870379395,68.95193327947732,-486.2682538811332
151,171,191,192.80687551808978,106.80687551808978,80.62592008870683,-386.7700135217583
152,172,192,188.82915396669978,98.82915396669978,73.08274912216848,-477.94682846567866
153,173,193,188.20928029944162,94.20928029944162,67.51343739742106,-436.6240881376548
154,174,194,184.14886131670892,94.14886131670892,69.09560365273774,-364.24524229559665
155,175,195,187.83822557740268,104.83822557740268,83.27003087087064,-384.55962479000164
156,176,196,183.32872707966658,84.32872707966658,54.794674184702444,-401.7440517792493
157,177,197,154.25433302652527,72.25433302652527,52.57029881788981,-345.344671107267
158,178,198,142.50450801357397,66.50450801357397,51.19396498672063,-326.4205175380239
159,179,199,203.73194746512922,94.73194746512922,63.94125213397865,-563.3609305235977
160,180,200,213.37402972823588,90.37402972823588,53.39664622426358,-777.937152694727
161,181,201,214.48382876103915,92.48382876103915,52.538575491044185,-779.229419926714
162,182,202,206.30947037119768,86.30947037119768,52.59320891432526,-773.6948224085263
163,183,203,159.07167918718505,49.071679187185055,17.180261100194002,-621.3907946062291
164,184,204,118.87366385220344,18.873663852203435,-4.573356964218419,-540.6862162674252
165,185,205,120.1660104832963,25.166010483296304,4.208320350759777,-509.9326443269356
166,186,206,124.91019140879575,28.910191408795754,6.068340778362199,-451.65438578135945
167,187,207,97.37151341089952,12.371513410899524,-5.686956895547155,-423.54575008784695
168,188,208,132.88806819461183,35.88806819461183,16.972311615017816,-513.7400987273336
169,189,209,112.05737055025816,30.057370550258156,13.145925063862478,-371.0377418617386
