Left,Mid,Right,Loss_likeli,Loss_AIC,Loss_BIC,Loss_eBIC
0,20,40,124.17955808625197,-55.82044191374803,-78.89421719985239,-1150.6087663341214
1,21,41,99.11051180139657,-69.88948819860343,-89.56617752184093,-1191.9110919123468
2,22,42,125.489788547525,-48.510211452475005,-71.49341046982272,-1176.541857218785
3,23,43,73.29677726177488,-94.70322273822512,-123.23953286224446,-984.0217808709185
4,24,44,87.23565518761825,-96.76434481238175,-130.14735081231356,-1301.6976835401306
5,25,45,88.98723644892743,-84.01276355107257,-107.04361231593612,-1180.5994500969987
6,26,46,149.17976904686316,-56.82023095313684,-87.98649553152359,-1685.8732545576695
7,27,47,143.99331326215906,-63.00668673784094,-93.46327393484012,-1559.0069911965634
8,28,48,138.3557170306217,-61.64428296937831,-86.70418841458331,-1512.0285395126512
9,29,49,149.2348283957283,-57.7651716042717,-87.45610303926605,-1474.9437416936821
10,30,50,186.75042692697184,-27.24957307302816,-66.21107623871058,-1819.8230709914087
11,31,51,173.71039876899977,-36.28960123100023,-81.57740601629371,-1446.4398556090528
12,32,52,126.04930636094878,-43.950693639051224,-66.89783782130553,-1169.0713297512293
13,33,53,108.48697909406633,-54.51302090593367,-73.28195495018895,-1030.0877206905734
14,34,54,149.88045487478485,-17.119545125215154,-46.89085706385754,-1156.1954757663666
15,35,55,150.75386036183795,-15.246139638162049,-41.765069026604124,-1225.8832464243692
16,36,56,157.24666918958974,0.24666918958973838,-23.50626061044295,-1211.5867312100836
17,37,57,174.37114968993933,-15.62885031006067,-53.654385397147735,-1413.5104816212493
18,38,58,171.44594149374325,-23.55405850625675,-62.0670184204555,-1578.4051650529655
19,39,59,180.07371234025845,-19.926287659741547,-63.354593389784895,-1524.4839229018312
20,40,60,169.16919119999307,-34.830808800006935,-78.86428471603836,-1492.670266347904
21,41,61,185.15162298451173,5.151622984511732,-24.853624107192218,-1359.5817757600512
22,42,62,175.4892341771506,-25.510765822849407,-60.23060417372062,-1406.3253982684278
23,43,63,193.161396648753,7.161396648752998,-28.700471541337038,-1212.8171957370769
24,44,64,225.534696070059,38.534696070059,-7.368382503526391,-1331.1835793892255
25,45,65,270.6918293225665,93.69182932256649,49.95454213547646,-1156.3523789185833
26,46,66,328.13222317087025,103.13222317087025,34.56461661418848,-1707.1089842793126
27,47,67,355.6440803268292,118.64408032682923,48.21791415094458,-1645.1284461652772
28,48,68,337.83957230237365,113.83957230237365,44.82020188403817,-1353.0787868484763
29,49,69,325.4192229516575,70.4192229516575,-19.26978683156517,-1602.3903558677107
30,50,70,407.35894131394775,135.35894131394775,36.64942029493136,-1915.7163370677727
31,51,71,394.43000203031033,126.43000203031033,21.07433818675372,-1837.9896015637105
32,52,72,328.98703490944627,141.98703490944627,70.37362992950648,-1110.0339596167846
33,53,73,296.57049272978884,129.57049272978884,66.88810580505833,-848.2377872016109
34,54,74,252.15470413638604,95.15470413638604,36.397841718076506,-840.2223200279946
35,55,75,234.85661878544875,88.85661878544875,37.637653104549145,-819.3371663935704
36,56,76,224.29112396636629,94.29112396636629,50.201558508358175,-748.857070531169
37,57,77,191.1179971813849,74.11799718138491,33.196338692475365,-644.9373992846822
38,58,78,190.81259710264317,80.81259710264317,44.41572234201226,-665.9808674853773
39,59,79,206.18079261973935,91.18079261973935,50.90829281410356,-721.2931786553386
40,60,80,238.20795313524218,106.20795313524218,57.125155414117444,-761.5079372260479
41,61,81,214.90270622309163,89.90270622309163,41.878956327446076,-761.5918800053566
42,62,82,240.28548102929153,109.28548102929153,62.40629580439895,-891.198323606779
43,63,83,219.84931464329725,81.84931464329725,37.30710353218569,-899.0143211403783
44,64,84,194.13816961556472,87.13816961556472,49.526185268661266,-721.7385657693164
45,65,85,209.9411793071074,116.9411793071074,84.84914578832559,-622.0346525300233
46,66,86,169.45425080275663,90.61796599421882,67.33484033221384,-449.70478165609893
47,67,87,192.68113544315793,101.68113544315793,69.97921338927745,-468.521757377516
48,68,88,171.94768909905088,94.94768909905088,64.77762591640703,-371.62770341077476
49,69,89,174.2590737517246,113.2590737517246,86.8845072538636,-245.1787364715899
50,70,90,150.01310411640725,86.01310411640725,67.781729659431,-265.718580210588
51,71,91,169.54631854166064,96.54631854166064,66.40049477775301,-394.6478863180964
52,72,92,179.52492730593963,104.52492730593963,72.73014449214475,-382.30348703890945
53,73,93,155.58506754363952,86.58506754363952,57.79089764101582,-346.13380355742834
54,74,94,161.69747753396746,85.69747753396746,53.40482858339533,-379.1893129396217
55,75,95,166.10758815604777,75.10758815604777,37.07981510522086,-458.07427790072416
56,76,96,157.33723672617157,74.33723672617157,44.98303993968284,-378.5694929309875
57,77,97,195.68111262050297,107.68111262050297,78.42498337588631,-558.9622891428469
58,78,98,197.2836123197078,104.2836123197078,70.8052844398062,-438.4616464572407
59,79,99,181.50955702200167,103.50955702200167,78.88551555487493,-476.39912160911126
60,80,100,295.4867220065869,134.4867220065869,74.43154222172893,-1082.8752446884037
61,81,101,290.7323087989587,125.73230879895868,60.56650215447303,-1054.5918785108954
62,82,102,329.62277974585595,156.62277974585595,87.12747041687453,-1119.857359424621
63,83,103,260.5069043618414,116.5069043618414,62.836007360512895,-835.4751527426829
64,84,104,289.5022466081323,122.50224660813228,56.34070769009236,-1126.2907764532931
65,85,105,288.99543907803877,120.99543907803877,54.33603402322228,-1127.1521350543333
66,86,106,298.5861555130896,135.74987070455154,78.48660669657306,-1124.0512560790526
67,87,107,286.0934649601709,128.09346496017088,68.49216281480403,-966.627202931174
68,88,108,307.1428104856627,150.14281048566272,92.42566883819268,-1062.34571316763
69,89,109,295.048381409307,144.048381409307,90.94453968989001,-972.8330653310409
70,90,110,277.4480196011393,129.44801960113932,81.20612410976514,-898.7835339821272
71,91,111,254.91069069696528,100.91069069696528,54.799829669853125,-1028.0566380395353
72,92,112,194.10637569579922,94.10637569579922,70.31278128909753,-653.6758836476051
73,93,113,204.7651267164406,95.76512671644059,66.79758989818606,-803.1340845048535
74,94,114,167.9954207795554,53.99542077955539,26.350862770495496,-924.5099216178446
75,95,115,132.7672062245415,10.767206224541496,-21.553428059293992,-779.0729317865266
76,96,116,176.35366149050537,31.353661490505374,-5.486422133601991,-908.5990823258085
77,97,117,171.3503466896875,-5.6496533103124875,-54.26257022792379,-1364.0409294896644
78,98,118,165.2193085312515,-9.7806914687485,-53.58556661972602,-1359.9298567236146
79,99,119,142.3312248968498,-25.66877510315021,-62.869424984168745,-1346.4529262500932
80,100,120,235.72421778471744,4.724217784717439,-63.841998713251996,-1889.7311088875258
81,101,121,255.47396216890547,14.473962168905473,-60.45721005795417,-1890.4460685957233
82,102,122,285.75353415456993,31.753534154569934,-51.729339392070415,-1827.0721679337958
83,103,123,230.93542077801362,25.935420778013622,-31.072570524873754,-1485.521538229017
84,104,124,232.06718176837558,1.0671817683755762,-65.07301959763436,-1813.074082868753
85,105,125,206.5482235833531,-4.451776416646908,-58.55521350543722,-1767.1565567084026
86,106,126,203.18446983307604,-15.815530166923963,-74.24846994021004,-1830.1624538908509
87,107,127,189.652221066332,-18.347778933667996,-75.11650069548682,-1545.6789955574504
88,108,128,101.21203894049836,-73.78796105950164,-108.58192286320013,-1424.5714515012264
89,109,129,94.87971217313338,-88.12028782686662,-128.97662026646094,-1401.3408651100071
90,110,130,70.51758525080777,-92.48241474919223,-120.95540932128665,-1177.530266924688
91,111,131,63.852019425461094,-112.1479805745389,-143.6471848316853,-1366.6674979809632
92,112,132,65.67415660604911,-55.32584339395089,-74.67196229093065,-1006.3200611424127
93,113,133,94.53106764304175,-51.46893235695825,-79.41268677880521,-1148.5214070583602
94,114,134,126.52524751074498,-22.474752489255025,-52.22419669524811,-1187.2774234988392
95,115,135,110.4532302411867,-26.546769758813298,-39.980854650111496,-1005.568765461865
96,116,136,140.92549801542077,-9.074501984579229,-38.0067085841722,-1174.6608611629308
97,117,137,156.07062834403155,-19.929371655968453,-55.118523414183755,-1413.8149559171752
98,118,138,165.4720441905547,1.4720441905546977,-22.300212664117225,-1561.2188691128604
99,119,139,139.26423964635387,-5.735760353646128,-16.42845811245911,-1232.5400986246136
100,120,140,197.21522865469956,15.215228654699558,-33.28849842754653,-1241.728659797091
101,121,141,195.88800133649306,17.888001336493062,-15.903121707900254,-1257.770754087574
102,122,142,208.37769410559486,21.377694105594856,-25.587022768577754,-1228.321160776844
103,123,143,183.43852353857983,36.43852353857983,6.573900217358187,-1098.1550121879736
104,124,144,177.6621390576172,23.662139057617196,-13.846430304403157,-1070.1792406107506
105,125,145,215.05988738322003,42.05988738322003,4.088160221031103,-1214.368009679849
106,126,146,229.82307202964375,46.823072029643754,-4.266765181875144,-1288.88737520397
107,127,147,244.48676736875018,63.48676736875018,7.337208459551448,-1218.157636111981
108,128,148,245.02689255986115,69.02689255986115,10.045162107785927,-1130.8201772146922
109,129,149,246.51776964964574,75.51776964964574,18.10854748317729,-1128.8214088170812
110,130,150,255.04218767918474,86.04218767918474,27.202682654310593,-1041.7491355284842
111,131,151,270.1913864998585,97.19138649985848,35.66726974731637,-1089.6026014222425
112,132,152,297.9479656842984,116.94796568429842,55.946376511180006,-1316.143584511216
113,133,153,295.98196758925565,102.98196758925565,32.23038368321136,-1198.9343573903857
114,134,154,327.17399199136935,113.17399199136935,34.31669279776929,-1380.5408566233928
115,135,155,342.4706673200253,130.4706673200253,62.02136906617329,-1279.5473494887437
116,136,156,356.0958283852178,150.09582838521783,67.29009885511528,-1411.5114743487857
117,137,157,386.16962004802167,168.16962004802167,83.99762973249494,-1409.463796707671
118,138,158,390.4747789780188,185.47477897801878,108.0189458486127,-1485.7362264970648
119,139,159,364.40573459188977,166.40573459188977,93.47600312985469,-1227.86836113884
120,140,160,402.80662910537103,176.80662910537103,95.99958429653793,-1651.5300676759903
121,141,161,389.8333600699964,181.8333600699964,117.85701494997488,-1343.1009663814807
122,142,162,347.42150558986737,141.42150558986737,71.827535686293,-1499.4855302692413
123,143,163,342.82885057480394,153.82885057480394,88.1511851269097,-1423.6642159067733
124,144,164,309.1294433100254,139.1294433100254,81.52494009977431,-1192.282333220554
125,145,165,230.04568504974736,70.04568504974736,26.303523043623272,-882.1633837533395
126,146,166,229.4500075747569,70.45000757475691,20.565176347206943,-847.3108349216309
127,147,167,239.64223245406924,78.64223245406924,25.5185244748111,-900.0120476338975
128,148,168,204.18559918847404,46.18559918847404,-3.4879672113354445,-800.4952888389812
129,149,169,187.24581941365886,38.245819413658865,-6.130906202035703,-788.3827626914363
130,150,170,155.79528068212016,35.795280682120165,9.668982526038008,-688.3061873742035
131,151,171,143.4375883787677,16.437588378767714,-12.134051963913635,-752.1383070876391
132,152,172,138.4980264756698,-3.5019735243301966,-35.729296425586654,-921.5740062574114
133,153,173,118.04490546202942,-16.95509453797058,-45.35078089150829,-904.3654091439803
134,154,174,98.97082521893867,-45.02917478106133,-70.10004142945468,-932.5107417538716
135,155,175,68.08690967388043,-49.91309032611957,-66.03274286136843,-871.5482375949869
136,156,176,75.0091558646593,-54.990844135340694,-77.43146390219317,-883.6450230678065
137,157,177,103.51255792120264,-39.48744207879736,-63.89486495011147,-1028.937786523505
138,158,178,137.0565068117046,-23.943493188295406,-58.07786114189366,-1144.642468098024
139,159,179,113.4396982973567,-18.5603017026433,-33.385895603170184,-833.1988969520062
140,160,180,131.43825594832583,7.438255948325832,-5.460183874396307,-987.7408732746203
141,161,181,124.6233638797762,13.623363879776207,-1.0906672397131842,-829.2510679344746
142,162,182,120.69478515130913,-2.3052148486908663,-4.226840306373333,-1083.9789993283466
143,163,183,134.6323110823132,3.6323110823132083,-11.33498224487721,-1148.4870168563148
144,164,184,128.56962565077492,-12.430374349225076,-24.115338756856545,-1200.5876324751325
145,165,185,128.11632661871909,2.1163266187190857,-17.263188938267604,-921.3603671949741
146,166,186,78.35439690674912,-39.645603093250884,-40.862591246460624,-1068.253791701456
147,167,187,126.78874113648067,-27.211258863519333,-51.89660538518069,-1061.2014936422838
148,168,188,112.95836583772461,-39.041634162275386,-62.384674820102646,-1024.4214526547134
149,169,189,122.34137663234333,-20.658623367656674,-36.055132891691756,-847.1137459944589
150,170,190,130.16381988022476,7.163819880224764,1.7246330917300838,-910.4220730990623
151,171,191,114.21781148455602,-9.782188515443977,-15.026094260156015,-860.8691199440254
152,172,192,105.74297543451212,-24.25702456548788,-37.68673098506133,-847.4135698575292
153,173,193,99.75785847399766,-43.24214152600234,-63.144107723676825,-938.542033767163
154,174,194,109.05574127278874,-31.944258727211263,-50.90504652797085,-909.5636144682289
155,175,195,132.03407746718153,9.034077467181532,-3.6831547171927923,-900.2836241796213
156,176,196,123.39899592182701,-2.6010040781729913,-12.65295158951858,-715.7394589165474
157,177,197,108.25160865736552,-29.748391342634477,-43.00214377306406,-791.5571520860608
158,178,198,130.70355161108296,-41.29644838891704,-72.93615127062276,-955.4202575801501
159,179,199,87.31243049511068,-45.687569504889325,-59.47168652586947,-803.4752438743008
160,180,200,105.76603922061236,-15.233960779387644,-32.530553226538586,-598.9302325726626
161,181,201,125.20412225141763,2.2041222514176297,-18.147167497224018,-522.7980123020006
162,182,202,113.92798589421045,-21.07201410578955,-39.71181450347535,-655.9633477295488
163,183,203,97.56535119122941,-26.43464880877059,-44.501777393841394,-806.0607109757161
164,184,204,115.10923596217253,-40.890764037827466,-64.20260358047358,-790.3490193148846
165,185,205,108.27245018447911,-47.72754981552089,-77.77154743022083,-904.0052339392632
166,186,206,87.47045402647223,-47.529545973527775,-68.82222298663237,-1094.906542190381
167,187,207,94.80053517162355,-56.19946482837645,-81.12408089110681,-1112.4067271710678
168,188,208,68.02013507424817,-82.97986492575183,-103.7455979051224,-1086.6639525972396
169,189,209,98.32889399633473,-42.67110600366527,-59.15132479582621,-946.3128428259397
