Left,Mid,Right,Loss,Loss_left,Loss_right,gain,glasso
0,20,40,9409.868206168043,8177.38949387171,8201.267311726275,-6968.788599429941,27.495754559448415
1,21,41,9413.04774907037,8185.67270172111,8191.629730702054,-6964.254683352792,25.6653177164726
2,22,42,9429.92281597144,8170.750620135066,8214.472134670303,-6955.29993883393,33.17432747240218
3,23,43,9437.996986699178,8187.127813758489,8222.680753722048,-6971.811580781359,28.178531417860086
4,24,44,9447.683236340217,8194.637462160179,8221.008128943851,-6967.962354763815,25.094532407595125
5,25,45,9439.963703088712,8202.603321314562,8207.52614143999,-6970.165759665839,24.02511471403477
6,26,46,9433.473256471076,8214.774405387356,8190.153890719143,-6971.455039635424,18.345343869365934
7,27,47,9443.477672380654,8220.88016012632,8198.051884342225,-6975.45437208789,17.13410961889622
8,28,48,9439.59562811896,8224.965759639437,8192.709190932792,-6978.07932245327,14.912883294216954
9,29,49,9432.39270397106,8218.859380330128,8188.945631487923,-6975.412307846991,20.31065401497517
10,30,50,9433.55605488192,8209.286878433197,8204.0311529351,-6979.7619764863775,21.36734544054434
11,31,51,9426.685643932826,8213.835899709647,8193.295247557411,-6980.445503334231,19.087851350857363
12,32,52,9419.869214348282,8222.149184340815,8174.77916038274,-6977.059130375272,14.956136839708051
13,33,53,9429.302151837359,8215.28899429185,8187.052111733801,-6973.038954188292,9.35188286534185
14,34,54,9404.832845178775,8212.10439673661,8157.777363913006,-6965.048915470841,11.161244187971988
15,35,55,9389.934196148246,8207.302902453917,8136.662910594763,-6954.0316169004345,21.331720716600557
16,36,56,9383.230218318555,8215.697363578305,8121.350259874538,-6953.8174051342885,15.202124869637828
17,37,57,9391.398002845955,8212.874187290907,8127.621697824244,-6949.097882269194,19.20156409325955
18,38,58,9380.324819140247,8197.339423933396,8131.731558638075,-6948.746163431222,20.252079760191464
19,39,59,9364.568465625603,8203.09074013299,8123.443732607171,-6961.966007114557,23.624822842195044
20,40,60,9376.78243688598,8201.267311726275,8130.092226320065,-6954.577101160359,26.968003902622513
21,41,61,9398.25761070491,8191.629730702054,8145.243137051904,-6938.6152570490485,32.441563653655066
22,42,62,9421.287644996382,8214.472134670303,8156.294600698178,-6949.479090372099,27.368619859853425
23,43,63,9423.006851724742,8222.680753722048,8146.942157616273,-6946.61605961358,26.50996729126655
24,44,64,9434.56974488018,8221.008128943851,8157.2418111523,-6943.680195215971,23.705407096850195
25,45,65,9443.60687320604,8207.52614143999,8181.194803263043,-6945.114071496993,25.376439600254344
26,46,66,9448.176352851044,8190.153890719143,8211.596560259391,-6953.574098127492,17.902948203872256
27,47,67,9466.882396930865,8198.051884342225,8215.176620846541,-6946.3461082579015,23.1380740784075
28,48,68,9487.218871096286,8192.709190932792,8239.766745412011,-6945.257065248517,23.273067597302543
29,49,69,9499.68281363709,8188.945631487923,8257.671336661271,-6946.934154512106,24.96343087163723
30,50,70,9510.18265609758,8204.0311529351,8248.73918572246,-6942.587682559979,27.462883839362803
31,51,71,9532.7566123535,8193.295247557411,8269.834683770818,-6930.373318974729,31.31033764680751
32,52,72,9517.173027105178,8174.77916038274,8266.806124966657,-6924.412258244218,28.861082475686544
33,53,73,9532.412411134952,8187.052111733801,8275.451779753772,-6930.091480352621,28.153119064937528
34,54,74,9505.749191682984,8157.777363913006,8260.144199468343,-6912.172371698367,22.20669751361129
35,55,75,9491.738436387903,8136.662910594763,8233.824672885565,-6878.749147092425,36.2785191743651
36,56,76,9511.55057856515,8121.350259874538,8261.462488290817,-6871.262169600206,31.074908580942974
37,57,77,9503.32677112617,8127.621697824244,8239.208130771893,-6863.503057469965,29.879098493783204
38,58,78,9503.41494567328,8131.731558638075,8240.846752130677,-6869.163365095474,31.067129915901205
39,59,79,9505.127443365662,8123.443732607171,8238.596367721622,-6856.912656963132,34.40319214359306
40,60,80,9518.776973499927,8130.092226320065,8221.280480394216,-6832.5957332143535,35.711150811816424
41,61,81,9529.20451956135,8145.243137051904,8215.957712725143,-6831.9963302156975,40.59732976634905
42,62,82,9510.998758192665,8156.294600698178,8213.934706847032,-6859.2305493525455,38.39753243422183
43,63,83,9504.875805050795,8146.942157616273,8219.507089287254,-6861.573441852732,39.4431483418266
44,64,84,9518.570051367567,8157.2418111523,8231.76618744118,-6870.437947225912,46.12907907613135
45,65,85,9509.566267778344,8181.194803263043,8210.856186431845,-6882.484721916542,46.18426088971546
46,66,86,9517.571485448616,8211.596560259391,8211.639772330049,-6905.664847140824,38.10698431152014
47,67,87,9524.199977164064,8215.176620846541,8225.10724205984,-6916.083885742317,35.96687736745025
48,68,88,9514.330873949802,8239.766745412011,8199.332723554378,-6924.768595016587,37.12950675280172
49,69,89,9520.940897607645,8257.671336661271,8202.584288388276,-6939.3147274419025,35.21785817685395
50,70,90,9512.184709770361,8248.73918572246,8211.059087000529,-6947.613562952629,32.25984608867748
51,71,91,9528.827943272856,8269.834683770818,8203.109731527336,-6944.116472025296,34.40351146811781
52,72,92,9513.455830385567,8266.806124966657,8192.494602406137,-6945.844896987226,37.34605281977201
53,73,93,9511.298999912035,8275.451779753772,8189.701453513962,-6953.8542333557,34.70487120474672
54,74,94,9504.203708771816,8260.144199468343,8199.766578784978,-6955.707069481505,32.802296906435004
55,75,95,9464.050951231815,8233.824672885565,8190.028225079112,-6959.801946732861,33.40703988448968
56,76,96,9492.726605677271,8261.462488290817,8191.713616897759,-6960.4494995113055,32.71488623822688
57,77,97,9463.158742746116,8239.208130771893,8184.712509758567,-6960.761897784341,32.83502945884584
58,78,98,9469.268178853083,8240.846752130677,8199.019828724828,-6970.5984020024225,33.282082010391605
59,79,99,9448.673452400179,8238.596367721622,8190.021872798543,-6979.944788119987,31.1162977527365
60,80,100,9446.875103252256,8221.280480394216,8190.494714365432,-6964.900091507392,35.512125239443776
61,81,101,9447.284569023086,8215.957712725143,8206.268138418829,-6974.941282120886,31.31120005801222
62,82,102,9441.93070510067,8213.934706847032,8203.26282964464,-6975.266831391002,30.98681427713791
63,83,103,9450.211380620778,8219.507089287254,8204.075383787365,-6973.371092453839,33.13037933713167
64,84,104,9439.363934701094,8231.76618744118,8194.78872921135,-6987.190981951437,33.535906136413814
65,85,105,9427.429513146692,8210.856186431845,8196.328367444043,-6979.755040729195,30.262395699195167
66,86,106,9426.696167681048,8211.639772330049,8205.958828267274,-6990.902432916277,23.52835354026729
67,87,107,9410.28869071876,8225.10724205984,8181.038815267863,-6995.857366608943,20.495629466009177
68,88,108,9384.012542093675,8199.332723554378,8183.947852375285,-6999.26803383599,29.56128749989648
69,89,109,9387.561807910231,8202.584288388276,8178.6733082383325,-6993.695788716377,18.118606508774064
70,90,110,9393.852025169728,8211.059087000529,8185.098402115193,-7002.305463945993,21.49938711659206
71,91,111,9397.975714865048,8203.109731527336,8187.042420183978,-6992.176436846266,15.61448675539259
72,92,112,9409.99360319806,8192.494602406137,8217.343290156872,-6999.84428936495,17.71002074230273
73,93,113,9382.113372764165,8189.701453513962,8200.943685573726,-7008.5317663235255,34.04841088352714
74,94,114,9374.152357205667,8199.766578784978,8187.176616406442,-7012.790837985753,38.18715426527069
75,95,115,9378.495165885624,8190.028225079112,8194.466568582848,-7005.999627776337,44.984194293890596
76,96,116,9409.559520668832,8191.713616897759,8212.373080825622,-6994.52717705455,15.887524129353551
77,97,117,9409.88478566127,8184.712509758567,8211.24732338677,-6986.075047484068,17.222110946698194
78,98,118,9414.864925203321,8199.019828724828,8202.025783153214,-6986.180686674721,18.48094812889758
79,99,119,9400.203083225095,8190.021872798543,8197.05950953844,-6986.878299111888,27.141923611547554
80,100,120,9413.664746763514,8190.494714365432,8204.416945802563,-6981.246913404479,28.567060630317883
81,101,121,9413.187030149882,8206.268138418829,8193.275789949903,-6986.356898218848,27.275612711221584
82,102,122,9433.828684254728,8203.26282964464,8224.498964082686,-6993.933109472597,17.990904816183047
83,103,123,9430.031976326021,8204.075383787365,8214.797962522844,-6988.841369984189,21.93133349296386
84,104,124,9441.643455623922,8194.78872921135,8241.952239815782,-6995.097513403209,23.32961826052133
85,105,125,9424.82098481422,8196.328367444043,8231.846028598306,-7003.353411228129,19.070336814975235
86,106,126,9446.24234451471,8205.958828267274,8241.209260631029,-7000.925744383592,24.184718791535943
87,107,127,9434.580080381016,8181.038815267863,8245.23793916645,-6991.696674053299,23.256518432956454
88,108,128,9440.907770375028,8183.947852375285,8234.857025900888,-6977.897107901144,5.019166251992829
89,109,129,9434.884574088897,8178.6733082383325,8231.708318684472,-6975.497052833907,20.780105986195395
90,110,130,9430.408312974765,8185.098402115193,8217.823638832668,-6972.513727973093,22.851303636596185
91,111,131,9443.583120488647,8187.042420183978,8225.103918049623,-6968.563217744953,33.227547684127785
92,112,132,9457.436365330715,8217.343290156872,8214.712979862623,-6974.619904688778,32.60322771995925
93,113,133,9457.665356968364,8200.943685573726,8215.46545200655,-6958.743780611911,17.046339298598923
94,114,134,9462.51891942074,8187.176616406442,8223.033875703637,-6947.69157268934,16.255532378708722
95,115,135,9462.88044693442,8194.466568582848,8211.670598402687,-6943.256720051117,12.840708065219587
96,116,136,9464.32902885474,8212.373080825622,8219.426812284926,-6967.470864255807,33.089179123356644
97,117,137,9465.742613559916,8211.24732338677,8204.435721594189,-6949.940431421041,35.25242650480868
98,118,138,9455.780999124981,8202.025783153214,8210.651550538803,-6956.8963345670345,30.741872338034227
99,119,139,9443.650454956894,8197.05950953844,8204.622211491376,-6958.031266072923,16.838421151441707
100,120,140,9429.433935775654,8204.416945802563,8188.474433780901,-6963.457443807809,22.467260373264253
101,121,141,9455.021460143022,8193.275789949903,8211.574067855781,-6949.828397662661,27.598314289986774
102,122,142,9464.9897472253,8224.498964082686,8204.318142194214,-6963.8273590516,24.56972674173221
103,123,143,9457.989913646474,8214.797962522844,8209.157724180943,-6965.965773057313,24.4331845966517
104,124,144,9489.757949672277,8241.952239815782,8220.796468823752,-6972.990758967257,27.224332053987382
105,125,145,9499.25699090953,8231.846028598306,8240.881174799788,-6973.4702124885625,26.275432946726596
106,126,146,9508.4401834003,8241.209260631029,8237.200299613305,-6969.969376844034,21.821920149825928
107,127,147,9551.464153383897,8245.23793916645,8259.504089666021,-6953.277875448575,30.89269450029269
108,128,148,9558.043465921439,8234.857025900888,8258.391663131699,-6935.20522311115,31.777859767030805
109,129,149,9546.446025945586,8231.708318684472,8255.183905382133,-6940.446198121021,31.90950417507338
110,130,150,9537.965640226928,8217.823638832668,8239.494956878376,-6919.352955484115,33.34625974289975
111,131,151,9543.343730161912,8225.103918049623,8235.484645336788,-6917.244833224497,35.41632557422736
112,132,152,9532.312762125151,8214.712979862623,8229.199145855264,-6911.599363592733,30.409874855890394
113,133,153,9539.316364826023,8215.46545200655,8224.540287384641,-6900.689374565169,33.10680364669861
114,134,154,9545.26341719602,8223.033875703637,8200.475051694104,-6878.245510201723,45.51922514785747
115,135,155,9536.209251368757,8211.670598402687,8185.4599690636405,-6860.9213160975705,45.47302739082215
116,136,156,9525.357228748897,8219.426812284926,8169.1293933486195,-6863.198976884651,42.05335140984607
117,137,157,9510.402696141593,8204.435721594189,8162.7540884617465,-6856.787113914343,43.024314635030805
118,138,158,9510.171469050907,8210.651550538803,8144.439434357537,-6844.919515845433,45.26417875743982
119,139,159,9511.188592611774,8204.622211491376,8134.405841505195,-6827.839460384797,43.86627794359856
120,140,160,9490.834860834126,8188.474433780901,8108.403707786695,-6806.043280733469,43.33063331504445
121,141,161,9483.220295487523,8211.574067855781,8084.707345847857,-6813.061118216116,40.25504548716799
122,142,162,9455.153470815809,8204.318142194214,8082.385776349756,-6831.550447728161,30.1334625285358
123,143,163,9474.413278766937,8209.157724180943,8095.705397770435,-6830.44984318444,31.726031982345376
124,144,164,9461.895479745235,8220.796468823752,8093.533750675639,-6852.434739754155,27.331163179571377
125,145,165,9465.735947900015,8240.881174799788,8092.798078361099,-6867.943305260873,33.31185763189069
126,146,166,9440.016686709776,8237.200299613305,8083.307009421182,-6880.490622324711,26.899879725502615
127,147,167,9449.853414254922,8259.504089666021,8081.14256532085,-6890.7932407319495,14.041779919720284
128,148,168,9432.635405356677,8258.391663131699,8069.905873797,-6895.66213157202,11.941647165895574
129,149,169,9461.949579725315,8255.183905382133,8114.607675150578,-6907.842000807395,17.44043959190458
130,150,170,9441.139312996194,8239.494956878376,8112.333613852014,-6910.689257734197,16.218878220507577
131,151,171,9427.392418554637,8235.484645336788,8109.078562954775,-6917.170789736927,5.866905524067988
132,152,172,9421.552908856753,8229.199145855264,8105.608181971904,-6913.254418970415,4.876198620836476
133,153,173,9409.434031637702,8224.540287384641,8108.990603589749,-6924.096859336689,1.6743508914146332
134,154,174,9385.09134818106,8200.475051694104,8124.21715112848,-6939.600854641523,0.8384956959721421
135,155,175,9405.260742729104,8185.4599690636405,8161.816026309587,-6942.015252644123,8.190184834435513
136,156,176,9389.29846998225,8169.1293933486195,8166.072081651309,-6945.903005017679,8.191298797020863
137,157,177,9382.111167684223,8162.7540884617465,8168.631932883293,-6949.274853660816,6.119979980437165
138,158,178,9361.188626822937,8144.439434357537,8161.911841539311,-6945.162649073911,13.837043758161599
139,159,179,9367.60244609145,8134.405841505195,8183.599185157597,-6950.402580571341,17.187846534187884
140,160,180,9360.755162164925,8108.403707786695,8212.802266969251,-6960.4508125910215,17.809335018203
141,161,181,9344.38250552824,8084.707345847857,8198.825501539242,-6939.15034185886,18.02942796014304
142,162,182,9338.918441846905,8082.385776349756,8188.118383442016,-6931.5857179448685,15.111620197063985
143,163,183,9328.934989164183,8095.705397770435,8186.552239666399,-6953.322648272651,12.487728644014169
144,164,184,9309.984192371729,8093.533750675639,8173.734144217597,-6957.283702521507,14.924368100743777
145,165,185,9321.35959882665,8092.798078361099,8197.082989117564,-6968.521468652012,11.976500332042178
146,166,186,9325.728491382393,8083.307009421182,8207.389537657818,-6964.968055696607,7.794492677657217
147,167,187,9321.737439862525,8081.14256532085,8204.799355291916,-6964.204480750241,12.805075444933664
148,168,188,9316.38285076497,8069.905873797,8205.784800621355,-6959.307823653384,11.877510349351269
149,169,189,9323.788055349673,8114.607675150578,8198.799892267578,-6989.619512068482,7.7565968895978585
150,170,190,9337.559275291858,8112.333613852014,8211.161551407382,-6985.935889967537,12.4722139122523
151,171,191,9347.228777145387,8109.078562954775,8213.034433478217,-6974.884219287605,13.775962327320485
152,172,192,9339.968158778971,8105.608181971904,8216.87464216933,-6982.514665362263,18.863392680721518
153,173,193,9341.697831094456,8108.990603589749,8220.24125864548,-6987.534031140773,15.33281116587068
154,174,194,9355.014575642846,8124.21715112848,8222.829084352334,-6992.031659837967,21.588389941633977
155,175,195,9367.569330966948,8161.816026309587,8212.224054871112,-7006.470750213752,13.444947078584846
156,176,196,9383.795219007205,8166.072081651309,8212.846303454402,-6995.123166098507,14.404593477710932
157,177,197,9399.70924731209,8168.631932883293,8227.788503071351,-6996.7111886425555,18.419415107566692
158,178,198,9395.26910236896,8161.911841539311,8221.70901116708,-6988.351750337431,21.608611272132293
159,179,199,9399.625401332316,8183.599185157597,8216.23579568507,-7000.209579510352,17.860245068355198
160,180,200,9398.76502041033,8212.802266969251,8185.669019056235,-6999.7062656151575,22.591426712451266
161,181,201,9407.666393709877,8198.825501539242,8200.810158798142,-6991.96926662751,23.95507158392411
162,182,202,9402.209901283757,8188.118383442016,8202.080146828108,-6987.988628986368,25.998710522347665
163,183,203,9417.82408290104,8186.552239666399,8216.60488199515,-6985.333038760509,27.723160474186443
164,184,204,9407.648267367453,8173.734144217597,8205.568501849886,-6971.65437870003,33.78945003944045
165,185,205,9402.700278633502,8197.082989117564,8188.466872964209,-6982.849583448273,30.165151112556032
166,186,206,9397.966477479742,8207.389537657818,8182.300727999242,-6991.723788177318,26.558661833384576
167,187,207,9382.10536649028,8204.799355291916,8167.76841087305,-6990.462399674687,24.935580796852264
168,188,208,9376.062284232512,8205.784800621355,8162.836546624221,-6992.559063013065,21.215643481893494
169,189,209,9362.653824677822,8198.799892267578,8161.221117277653,-6997.367184867409,19.048191653401318
