Left,Mid,Right,Loss,Loss_left,Loss_right,gain,glasso
0,20,40,9350.033075522795,8141.363605567842,8185.448896985842,-6976.779427030888,12.132985371819814
1,21,41,9336.083941799989,8128.409120388875,8183.587486937304,-6975.91266552619,8.045056084785756
2,22,42,9329.402043940096,8122.855111357787,8180.720383714626,-6974.1734511323175,4.019600514002832
3,23,43,9310.05768464805,8129.3678689918,8172.165106563651,-6991.4752909073995,32.05983576930976
4,24,44,9313.706180451285,8122.661537739682,8182.319213045141,-6991.274570333539,19.835610796887522
5,25,45,9315.482029699953,8132.370235376948,8163.588164806045,-6980.47637048304,11.18623859326226
6,26,46,9320.09034406188,8120.495009645234,8185.593492927743,-6985.998158511096,9.02638842359329
7,27,47,9326.885631179159,8114.960113546897,8198.907198140998,-6986.981680508738,6.649060710089543
8,28,48,9330.46538857797,8113.913271633108,8210.39695092318,-6993.844833978317,-2.6638695340229788
9,29,49,9326.14673283917,8139.321081100079,8181.150253177796,-6994.324601438704,7.097501171682779
10,30,50,9328.6701087347,8147.381621939459,8168.033590637078,-6986.7451038418385,6.41149721376496
11,31,51,9332.601838617375,8157.702632438857,8153.205809935715,-6978.306603757197,12.852447109686636
12,32,52,9314.317383244466,8144.973149764214,8139.261098242971,-6969.916864762719,19.189636242125744
13,33,53,9302.69501929212,8167.977692790488,8112.129248351922,-6977.411921850291,20.220824653280033
14,34,54,9301.707836982067,8199.736850013871,8083.031621302575,-6981.060634334379,17.802313673362733
15,35,55,9306.78432300313,8205.181330985086,8065.399423090463,-6963.796431072418,16.536938629976703
16,36,56,9313.592824720035,8190.097105987421,8099.591095704082,-6976.095376971469,14.098161305584654
17,37,57,9324.747552607949,8181.490207492174,8130.732260692788,-6987.474915577013,16.665922562880496
18,38,58,9331.526890700361,8176.110689411891,8130.254162136319,-6974.837960847848,13.825131896028324
19,39,59,9332.809223513388,8180.83681483579,8132.855311991641,-6980.882903314043,13.618050566049533
20,40,60,9362.994469764653,8185.448896985842,8149.690722379879,-6972.145149601067,19.222279998054546
21,41,61,9376.661255192748,8183.587486937304,8173.97845669928,-6980.904688443836,15.935576629460684
22,42,62,9410.866240714586,8180.720383714626,8207.578619469657,-6977.4327624697,16.752737305781466
23,43,63,9429.836175738408,8172.165106563651,8234.410529272245,-6976.739460097488,-8.933041680374117
24,44,64,9467.007331443661,8182.319213045141,8247.97334482744,-6963.2852264289195,7.57714898655513
25,45,65,9472.032917933264,8163.588164806045,8267.373387395957,-6958.928634268739,21.412254970273807
26,46,66,9486.35519631141,8185.593492927743,8257.866837835485,-6957.105134451818,26.4065231279792
27,47,67,9505.414648784132,8198.907198140998,8248.548331124013,-6942.040880480879,30.262612310809345
28,48,68,9508.364057871448,8210.39695092318,8246.701894174688,-6948.734787226422,30.445533111721943
29,49,69,9506.197873745881,8181.150253177796,8265.863549611591,-6940.815929043507,34.91731706490282
30,50,70,9516.18527366774,8168.033590637078,8284.454201814102,-6936.302518783443,37.4678623502341
31,51,71,9491.581448183668,8153.205809935715,8268.1918872617,-6929.816249013747,33.52446260625538
32,52,72,9498.592551575162,8139.261098242971,8278.458034297975,-6919.126580965782,38.41301964834793
33,53,73,9473.699284716924,8112.129248351922,8275.711393834898,-6914.141357469896,35.15659910595514
34,54,74,9458.535352606728,8083.031621302575,8273.203023845897,-6897.699292541745,41.903915585888626
35,55,75,9451.558940858822,8065.399423090463,8258.615281759648,-6872.455763991289,33.840194581589
36,56,76,9479.738153010203,8099.591095704082,8272.977016057133,-6892.829958751012,38.82950617889719
37,57,77,9496.328635145683,8130.732260692788,8264.610954724809,-6899.014580271914,38.525480689196684
38,58,78,9527.5191792272,8130.254162136319,8258.981535904648,-6861.716518813768,52.677465056096935
39,59,79,9534.701314098043,8132.855311991641,8254.46492781677,-6852.618925710367,57.9668676599822
40,60,80,9532.405996252646,8149.690722379879,8229.148372331427,-6846.4330984586595,55.69698299600395
41,61,81,9531.725708776237,8173.97845669928,8225.633010641452,-6867.885758564495,51.05368067219706
42,62,82,9521.409650676484,8207.578619469657,8212.615056790597,-6898.784025583773,37.680689741463084
43,63,83,9519.751222711515,8234.410529272245,8193.020127894544,-6907.679434455276,36.03825707765645
44,64,84,9523.782157819003,8247.97334482744,8179.596529381735,-6903.787716390174,36.305636923796555
45,65,85,9519.392689804488,8267.373387395957,8169.364443034525,-6917.345140625992,34.656040070253766
46,66,86,9497.280357467298,8257.866837835485,8153.472685640981,-6914.059166009167,40.12548854823672
47,67,87,9493.19401548835,8248.548331124013,8169.173259029435,-6924.527574665097,15.693206849325179
48,68,88,9481.785455921094,8246.701894174688,8172.393133994226,-6937.309572247821,31.82475963399702
49,69,89,9486.269799423115,8265.863549611591,8151.971008684185,-6931.564758872662,38.078679393729544
50,70,90,9493.156808090438,8284.454201814102,8136.498291403163,-6927.795685126826,35.33993987600161
51,71,91,9477.690370084072,8268.1918872617,8152.77565151207,-6943.277168689698,33.906245491081336
52,72,92,9476.525091436668,8278.458034297975,8152.013879587516,-6953.946822448825,31.88253993714261
53,73,93,9478.274138912711,8275.711393834898,8154.058485177736,-6951.495740099923,30.84034114646647
54,74,94,9501.95068966261,8273.203023845897,8198.281904265461,-6969.534238448747,35.218870840970794
55,75,95,9477.299893592963,8258.615281759648,8197.273892205565,-6978.589280372251,30.57474349013546
56,76,96,9470.838753748718,8272.977016057133,8187.513096044669,-6989.651358353083,24.42059683706202
57,77,97,9452.745634996067,8264.610954724809,8169.256733950275,-6981.122053679017,20.20045174957886
58,78,98,9442.865394587956,8258.981535904648,8159.2482168993865,-6975.36435821608,15.875990387589809
59,79,99,9432.475113669836,8254.46492781677,8150.724027556536,-6972.713841703469,22.42181418896962
60,80,100,9409.6253589679,8229.148372331427,8155.318378983055,-6974.841392346581,22.64900699475038
61,81,101,9396.256560177264,8225.633010641452,8134.845558140885,-6964.222008605073,24.1632633126942
62,82,102,9395.941364836872,8212.615056790597,8154.787785161792,-6971.4614771155175,20.991436128696023
63,83,103,9369.74057767351,8193.020127894544,8150.522692405176,-6973.8022426262105,17.28157488787383
64,84,104,9353.116657712755,8179.596529381735,8146.031909168074,-6972.511780837054,14.219379576694337
65,85,105,9370.425159071652,8169.364443034525,8167.505012737998,-6966.444296700871,23.24287910079147
66,86,106,9363.859931287881,8153.472685640981,8175.824145383903,-6965.436899737002,31.31508555380833
67,87,107,9369.239671404019,8169.173259029435,8166.309117467077,-6966.2427050924925,49.20674555680171
68,88,108,9402.290247428498,8172.393133994226,8185.460613863556,-6955.5635004292835,29.10882619500171
69,89,109,9390.6502800313,8151.971008684185,8184.288238116016,-6945.608966768901,31.902355059691217
70,90,110,9382.443699264692,8136.498291403163,8195.20598513129,-6949.260577269761,24.421558776965867
71,91,111,9378.416239977256,8152.77565151207,8186.428439877161,-6960.787851411975,24.687439819266274
72,92,112,9369.794098238568,8152.013879587516,8195.044910241959,-6977.264691590908,16.557603090306657
73,93,113,9383.342550042873,8154.058485177736,8198.222537509517,-6968.93847264438,21.43042079605857
74,94,114,9383.272229370998,8198.281904265461,8173.6658904392825,-6988.675565333746,17.224318154669163
75,95,115,9382.81798518771,8197.273892205565,8178.570273667561,-6993.026180685416,11.001411541093603
76,96,116,9373.627518190424,8187.513096044669,8180.611682293886,-6994.497260148131,5.032855730119081
77,97,117,9378.93341267093,8169.256733950275,8199.373354495121,-6989.696675774467,6.396008057296058
78,98,118,9389.806677401142,8159.2482168993865,8207.03411610191,-6976.475655600154,19.621355515044343
79,99,119,9377.485351899664,8150.724027556536,8199.084657286516,-6972.323332943388,15.961749110110759
80,100,120,9376.676240063687,8155.318378983055,8182.195596112126,-6960.837735031493,25.88404658669242
81,101,121,9382.99897785305,8134.845558140885,8196.77360974118,-6948.620190029014,31.78804236394535
82,102,122,9395.598969405986,8154.787785161792,8201.341310041069,-6960.530125796875,34.09073740174199
83,103,123,9398.95908030903,8150.522692405176,8195.451206946109,-6947.014819042253,36.575676589572595
84,104,124,9385.924955947052,8146.031909168074,8206.567305252449,-6966.674258473471,32.88787268087253
85,105,125,9381.262707168698,8167.505012737998,8190.05459541938,-6976.29690098868,26.18203287428105
86,106,126,9366.629159940476,8175.824145383903,8174.275548322668,-6983.470533766096,24.39870105119462
87,107,127,9356.875427704366,8166.309117467077,8169.612490763719,-6979.046180526429,22.054017451485834
88,108,128,9394.941609663452,8185.460613863556,8180.852834354744,-6971.371838554849,29.382152563591262
89,109,129,9390.45669266689,8184.288238116016,8181.178929141288,-6975.010474590414,20.00833017166633
90,110,130,9379.263239763455,8195.20598513129,8180.908686602559,-6996.851431970394,14.262894444033009
91,111,131,9369.849763712771,8186.428439877161,8176.90782797998,-6993.486504144368,15.200550298644885
92,112,132,9375.884991741237,8195.044910241959,8181.102180569186,-7000.262099069907,12.617439214392107
93,113,133,9358.294660271642,8198.222537509517,8167.129984309387,-7007.0578615472605,35.72245561235832
94,114,134,9342.854635237445,8173.6658904392825,8166.437494354059,-6997.248749555896,20.49424293409038
95,115,135,9351.879613393523,8178.570273667561,8170.776325912168,-6997.466986186208,22.219663095725082
96,116,136,9354.631213153276,8180.611682293886,8170.063169833946,-6996.0436389745555,20.189993043033155
97,117,137,9362.669465826108,8199.373354495121,8161.471463013243,-6998.175351682257,19.206799451044844
98,118,138,9368.223192533933,8207.03411610191,8122.510775686957,-6961.321699254933,28.763651709612986
99,119,139,9366.501329025943,8199.084657286516,8134.320619609155,-6966.903947869729,27.093193965055434
100,120,140,9363.949571810906,8182.195596112126,8141.455677195225,-6959.701701496444,25.54574509407348
101,121,141,9382.827279950947,8196.77360974118,8148.8819486267475,-6962.8282784169805,18.545266932431787
102,122,142,9396.460343057432,8201.341310041069,8157.813982552195,-6962.694949535831,20.96974258759701
103,123,143,9418.589472395026,8195.451206946109,8185.735271070838,-6962.597005621921,19.238424787140502
104,124,144,9415.402146914554,8206.567305252449,8167.501100887103,-6958.666259224998,29.079530594652624
105,125,145,9411.704726500846,8190.05459541938,8176.343581233415,-6954.693450151948,23.798875941110964
106,126,146,9429.467209457262,8174.275548322668,8197.351464335667,-6942.159803201073,15.368231258109063
107,127,147,9434.62355843874,8169.612490763719,8197.305832661925,-6932.294764986904,17.623023579089477
108,128,148,9400.10440749279,8180.852834354744,8149.569853308184,-6930.318280170139,41.221150068842235
109,129,149,9409.040327861178,8181.178929141288,8164.118458186537,-6936.257059466647,30.12077008976121
110,130,150,9410.056551544227,8180.908686602559,8168.396342142005,-6939.248477200337,16.60268442626193
111,131,151,9446.827872617507,8176.90782797998,8191.810070088524,-6921.890025450997,25.37585535506605
112,132,152,9476.300739097609,8181.102180569186,8209.331184892482,-6914.1326263640585,24.421778871836977
113,133,153,9444.504222825075,8167.129984309387,8183.1385337373795,-6905.764295221692,-8.496664131042962
114,134,154,9440.132353896373,8166.437494354059,8178.849838504724,-6905.15497896241,3.358209001684827
115,135,155,9448.082242854227,8170.776325912168,8175.714159130635,-6898.408242188576,4.499280937729054
116,136,156,9450.062320861582,8170.063169833946,8170.95609162883,-6890.956940601194,4.2390652395370125
117,137,157,9470.854464463337,8161.471463013243,8179.690114896806,-6870.307113446714,18.093047469276826
118,138,158,9405.350855565637,8122.510775686957,8169.4745898775145,-6886.634509998834,-2.856491532645123
119,139,159,9425.929503910429,8134.320619609155,8177.118006035018,-6885.509121733743,-1.0620930200439034
120,140,160,9424.123955091438,8141.455677195225,8162.340634636354,-6879.6723567401405,0.36957273242160227
121,141,161,9435.58460833038,8148.8819486267475,8168.626344411709,-6881.923684708076,11.007074609633037
122,142,162,9414.219600826938,8157.813982552195,8163.890536127273,-6907.484917852529,5.8339347433552575
123,143,163,9410.450993441884,8185.735271070838,8138.5890313925975,-6913.873309021552,11.857285028896058
124,144,164,9415.140573001063,8167.501100887103,8157.887301673642,-6910.247829559681,7.050412945938206
125,145,165,9414.670176930611,8176.343581233415,8142.290676520543,-6903.964080823347,8.744511100650016
126,146,166,9422.098602671766,8197.351464335667,8144.734127799417,-6919.986989463319,16.42988015428
127,147,167,9400.276694006787,8197.305832661925,8134.9108829167935,-6931.940021571931,16.244198868016156
128,148,168,9374.627837588623,8149.569853308184,8147.552139329636,-6922.494155049197,-20.810873417803577
129,149,169,9394.796055813371,8164.118458186537,8163.413332988337,-6932.735735361504,-16.989947118651344
130,150,170,9399.833349876477,8168.396342142005,8161.452446018797,-6930.015438284325,0.26373555516556735
131,151,171,9409.841023877134,8191.810070088524,8147.1334178401685,-6929.102464051559,3.5501477457573856
132,152,172,9401.801322902194,8209.331184892482,8138.462842274012,-6945.992704264299,10.601420169516132
133,153,173,9386.105535106199,8183.1385337373795,8144.518558233502,-6941.551556864682,10.59577774452464
134,154,174,9381.929044540906,8178.849838504724,8147.129011751359,-6944.049805715178,9.267330510925149
135,155,175,9398.296019520312,8175.714159130635,8166.663528107106,-6944.08166771743,16.178437578696958
136,156,176,9388.038696743704,8170.95609162883,8171.574261168433,-6954.4916560535585,8.676263019975522
137,157,177,9370.761701845266,8179.690114896806,8160.616497397414,-6969.544910448954,3.8013518149923584
138,158,178,9360.168444944598,8169.4745898775145,8160.870944482098,-6970.177089415014,8.69377042869337
139,159,179,9350.62282790762,8177.118006035018,8149.158848183139,-6975.654026310536,8.974095316831608
140,160,180,9334.765670770386,8162.340634636354,8153.141107296959,-6980.716071162926,8.278784856909624
141,161,181,9326.967384316882,8168.626344411709,8128.148572554348,-6969.807532649174,13.700259380477291
142,162,182,9318.90530057915,8163.890536127273,8125.6272490145475,-6970.612484562669,10.38269957922057
143,163,183,9323.6887220469,8138.5890313925975,8142.397855232943,-6957.29816457864,11.900660537289696
144,164,184,9349.651689893024,8157.887301673642,8157.506016458565,-6965.741628239182,11.287783203850722
145,165,185,9342.162922860123,8142.290676520543,8156.332410943183,-6956.460164603603,9.659244147730533
146,166,186,9325.577349269503,8144.734127799417,8135.350295062483,-6954.507073592398,5.168888116423204
147,167,187,9335.40647105475,8134.9108829167935,8133.215953469309,-6932.720365331352,3.75154248689023
148,168,188,9335.085583854996,8147.552139329636,8121.210392913908,-6933.676948388549,0.24582905711167768
149,169,189,9348.342824536083,8163.413332988337,8134.055534927428,-6949.126043379683,11.642168670959563
150,170,190,9358.040843186054,8161.452446018797,8138.772373908501,-6942.183976741244,12.26512547558832
151,171,191,9343.321491207247,8147.1334178401685,8123.746763644631,-6927.558690277552,8.311847606760239
152,172,192,9342.487281882244,8138.462842274012,8139.409018777198,-6935.3845791689655,1.338359436081646
153,173,193,9356.624267252502,8144.518558233502,8145.224953923224,-6933.119244904223,2.7843838381136266
154,174,194,9359.464394095978,8147.129011751359,8144.0789067112,-6931.7435243665805,6.73307288035403
155,175,195,9349.50041663914,8166.663528107106,8114.807286363362,-6931.970397831326,14.183896342084608
156,176,196,9361.395742431636,8171.574261168433,8135.092289291131,-6945.270808027928,16.222759719641545
157,177,197,9357.145583307525,8160.616497397414,8145.4718002817035,-6948.942714371593,10.718499757563677
158,178,198,9363.358314111261,8160.870944482098,8150.334633092894,-6947.847263463731,16.673270705059167
159,179,199,9367.708433027266,8149.158848183139,8157.830834035831,-6939.281249191703,20.497945729086496
160,180,200,9378.620745700906,8153.141107296959,8167.339809610956,-6941.8601712070085,20.057242564967964
161,181,201,9356.563649130967,8128.148572554348,8170.513068607956,-6942.097992031337,16.79610545649848
162,182,202,9352.896135275801,8125.6272490145475,8168.637797189645,-6941.368910928391,16.578530194407904
163,183,203,9353.743351658693,8142.397855232943,8175.882283225681,-6964.53678679993,15.537393735226942
164,184,204,9347.640238422606,8157.506016458565,8156.386235372969,-6966.252013408928,16.589945836492006
165,185,205,9323.49474685765,8156.332410943183,8131.073113108172,-6963.910777193705,16.388196897063153
166,186,206,9306.950124837686,8135.350295062483,8130.104650516636,-6958.504820741435,12.072962528395692
167,187,207,9296.654867240086,8133.215953469309,8117.544387091843,-6954.105473321066,6.630494035954143
168,188,208,9304.47954939333,8121.210392913908,8144.946747867097,-6961.677591387674,11.616140468630874
169,189,209,9302.942088560452,8134.055534927428,8138.225288132431,-6969.338734499408,14.086961489888381
