Left,Mid,Right,Loss_likeli,Loss_AIC,Loss_BIC,Loss_eBIC
0,20,40,142.40856956204266,25.408569562042658,1.4690169968516784,-817.2135851430298
1,21,41,168.7164171791278,29.716417179127802,5.502665498392844,-862.2779584541781
2,22,42,143.50598781720078,2.5059878172007757,-23.310455310921043,-1023.0095697975639
3,23,43,137.02511530565835,-13.974884694341654,-37.10439052105244,-813.7575065760534
4,24,44,149.94560843685827,12.945608436858265,-5.365012161200639,-838.9339440752237
5,25,45,159.3210122878313,11.321012287831309,-19.930885817817625,-939.6158367967037
6,26,46,150.93218042079639,5.932180420796385,-24.133712317466006,-876.2982057285794
7,27,47,221.04800656368593,67.04800656368593,30.232584382225696,-979.0607666137389
8,28,48,249.66618021908425,107.66618021908425,75.4388573178278,-1056.365125761577
9,29,49,207.2202980951256,25.2202980951256,-16.871036159091545,-1481.411977592912
10,30,50,187.26829143863438,-12.731708561365622,-63.43805968728839,-1572.2617009408445
11,31,51,128.57295622286733,-40.42704377713267,-58.641131240786535,-1230.9814687454887
12,32,52,115.65846828076951,-61.34153171923049,-82.77227041509855,-1198.6676601698969
13,33,53,81.69420975776507,-59.18588785162751,-64.67168824016267,-1063.538197411137
14,34,54,73.61872053173829,-104.38127946826171,-133.81884346692368,-1264.101712448699
15,35,55,122.11391901546563,-56.886080984534374,-88.47290348114097,-1383.0703575080565
16,36,56,123.57968777908968,-62.42031222091032,-85.59575947770873,-1396.320102470875
17,37,57,133.5131684362882,-79.4868315637118,-108.78584514885779,-1528.378857210169
18,38,58,131.49723208437513,-59.50276791562487,-83.09491224586509,-1492.3759085517195
19,39,59,137.85176120173765,-39.148238798262355,-65.02307545461099,-1286.2605861246807
20,40,60,137.92930749889774,-36.07069250110226,-60.66272764018413,-1372.491862048019
21,41,61,153.90808230949483,-29.09191769050517,-57.01607867980988,-1261.3509310822292
22,42,62,164.64624581286648,2.646245812866482,-25.32888262245092,-1134.5622650268374
23,43,63,226.15639438629796,18.15639438629796,-20.63564845084875,-1205.9513093413061
24,44,64,221.4738509178153,58.4738509178153,13.018750422002313,-1139.9612121271566
25,45,65,210.6130573415735,47.613057341573494,3.815612526644827,-1022.7990446843487
26,46,66,209.21689874757317,49.21689874757317,7.177557284016075,-1001.989417743554
27,47,67,249.4549875822031,91.4549875822031,41.904319554955464,-832.8773143786975
28,48,68,244.27740769263505,117.27740769263505,83.13541020386765,-784.0395046843719
29,49,69,290.3225751236407,150.32257512364072,104.18832011389964,-725.1690277652565
30,50,70,250.9524585443537,116.9524585443537,74.84512112611424,-824.0665138123318
31,51,71,206.99640215439467,100.99640215439467,83.61403860004225,-439.2584775000091
32,52,72,212.3233242095257,108.32332420952571,100.42473315934285,-365.0007092002902
33,53,73,207.55402338746353,95.67392577807095,89.5662105403917,-423.8074363669507
34,54,74,271.2931039529808,113.2931039529808,53.989099810456764,-840.7598948048392
35,55,75,338.701333883781,155.701333883781,81.90435642093644,-1123.6474067536692
36,56,76,336.6185286609168,151.6185286609168,82.89338159012982,-1011.5871823718087
37,57,77,424.75566838868644,199.75566838868644,109.03048671742067,-1247.1544665442354
38,58,78,417.9363387189976,197.9363387189976,106.88031710938867,-1305.6071255058748
39,59,79,423.74346277473273,229.74346277473273,141.53948983957116,-1159.187301043941
40,60,80,449.1461220497806,242.14612204978062,146.8414189144903,-1320.4555163390723
41,61,81,430.301164927331,218.301164927331,129.4589721980517,-1224.9964603264084
42,62,82,392.1555124436097,198.15551244360972,113.6867659920872,-1079.121256730408
43,63,83,382.7300927330357,192.7300927330357,110.26560240520575,-1227.7336012211192
44,64,84,340.02041035142975,159.02041035142975,85.54217192823239,-1233.531504731383
45,65,85,323.2321907809401,145.23219078094007,73.59412435835338,-1166.1673450288408
46,66,86,342.7452300779746,155.7452300779746,81.01266278551498,-1267.5251714430356
47,67,87,310.62776020403226,123.62776020403226,47.50889855045284,-1128.6117857406934
48,68,88,270.7716058806832,102.77160588068318,43.365066520139635,-1095.050827146325
49,69,89,194.5863275040142,82.5863275040142,44.50057328926937,-694.0295281410934
50,70,90,194.47082781061795,86.47082781061795,49.68339096242107,-722.5727528037501
51,71,91,181.38730658701752,67.38730658701752,31.04304205794665,-670.6401165883349
52,72,92,160.1531849895573,6.153184989557303,-26.095003898821005,-964.5566791926894
53,73,93,135.1718471621748,3.1718471621747995,6.264293139687879,-810.1018682799513
54,74,94,166.2607431018987,-8.739256898101303,-45.58046024068449,-1099.5951703742076
55,75,95,169.64267183873199,-7.357328161268015,-42.62207923047481,-1101.1791418148937
56,76,96,166.85411990313628,-8.14588009686372,-41.85339957325141,-1132.3964428653699
57,77,97,191.63629615793047,12.636296157930474,-28.30801327623567,-1168.0223251131674
58,78,98,184.29784828830452,0.2978482883045217,-33.08515771162706,-1497.7151458186559
59,79,99,150.55856112114498,-37.441438878855024,-67.96387916197523,-1588.519399373703
60,80,100,149.38159885660502,-24.618401143394976,-45.19970627504131,-1469.181507375306
61,81,101,118.23117719645484,-58.76882280354516,-83.16064107748389,-1394.758971456919
62,82,102,97.99458072172138,-68.00541927827862,-82.73556586496989,-1199.0478518903956
63,83,103,144.0537008709614,0.053700870961392866,-20.69270505376994,-1401.7638975647296
64,84,104,133.45275335635688,-6.5472466436431205,-27.3816295629465,-1128.407543521641
65,85,105,92.23434599016059,-40.76565400983941,-54.30266447862391,-993.6187352468264
66,86,106,143.7084606814833,-6.291539318516698,-30.025142063910153,-1323.8042128959396
67,87,107,119.78574043705089,-34.21425956294911,-56.82016454293057,-1381.4747389785575
68,88,108,117.15561297754175,-27.84438702245825,-45.276349590886866,-1168.3652885535184
69,89,109,139.9965740656553,-27.003425934344705,-65.78565122026612,-1333.0205507797918
70,90,110,128.21967056973222,-32.780329430267784,-61.99045968020823,-1402.35895327043
71,91,111,154.492747975454,-10.507252024546005,-40.66912605075436,-1460.032844312636
72,92,112,147.51501154510106,27.51501154510106,19.757113673857475,-835.2671062310601
73,93,113,163.4736615281288,59.47366152812879,61.067916206437076,-835.461541181704
74,94,114,155.48138013189055,26.481380131890546,12.50981907825394,-987.0048084237587
75,95,115,127.6554007935058,4.655400793505805,-4.748145713929716,-950.7790204370367
76,96,116,144.75656433744302,5.756564337443024,-13.540231674243387,-1109.4276757008683
77,97,117,142.3334114716747,0.3334114716747081,-20.110409360062704,-1103.0824837743853
78,98,118,139.5825784524236,-10.417421547576396,-28.605846848490273,-1339.4156822989767
79,99,119,159.65716782655977,-17.34283217344023,-51.39965829929292,-1565.0086705373542
80,100,120,153.09013769212447,-15.909862307875528,-40.438581895032485,-1518.16351231017
81,101,121,110.6041191451684,-70.3958808548316,-93.96752227771299,-1440.6411063562564
82,102,122,134.0340585208794,-58.9659414791206,-94.75030116836547,-1406.3080626070068
83,103,123,123.89522825943436,-68.10477174056564,-98.19266143883397,-1575.889512359201
84,104,124,109.35122635206244,-89.64877364793756,-123.61091394488244,-1593.4305058078235
85,105,125,100.92863789465491,-95.07136210534509,-129.23015789240117,-1428.6137606709908
86,106,126,106.70597689789997,-70.29402310210003,-100.53853973487276,-1461.49169357872
87,107,127,90.5231534338377,-133.4768465661623,-172.4441845468757,-1608.1327156410548
88,108,128,100.32551691368872,-134.67448308631128,-187.21033743683006,-1749.1333786891073
89,109,129,89.78655940812246,-129.21344059187754,-172.05056880256484,-1657.8970389286987
90,110,130,98.51632210279377,-114.48367789720623,-147.40213748163205,-1629.6935939201912
91,111,131,81.90126776006196,-96.09873223993804,-111.24530344688878,-1604.478021466659
92,112,132,127.29798080132423,7.297980801324229,-3.232505792159145,-785.974272090044
93,113,133,189.4601477158178,74.46014771581781,59.83409359089978,-796.9573488569745
94,114,134,174.02801904986973,75.02801904986973,68.53141404738858,-694.7574051311058
95,115,135,162.71255824111608,58.712558241116085,41.9384126345858,-624.0636438968099
96,116,136,150.5026506086822,46.50265060868219,31.114799363271914,-710.7851553225578
97,117,137,141.1555375723899,26.155537572389903,3.5582908710325682,-685.3457617398567
98,118,138,125.99609715333122,58.99609715333122,59.603277836709594,-297.6338286630439
99,119,139,128.40957645324988,47.40957645324988,43.47264635371039,-560.5563374917288
100,120,140,105.37892962431351,17.378929624313514,10.650083747894996,-403.49506634634827
101,121,141,87.03577100475582,8.035771004755816,19.846745839511186,-438.98014391690185
102,122,142,109.03137580797534,33.03137580797534,36.661510004869115,-405.3527059275584
103,123,143,119.30655403328956,27.306554033289558,19.972537970883195,-607.8487536027533
104,124,144,199.33602914660514,89.33602914660514,74.03752934209479,-695.1513399376854
105,125,145,184.09787836080363,76.09787836080363,57.81545012534639,-593.0809229044175
106,126,146,176.78816946636766,90.78816946636766,82.65601360506321,-509.05460965893735
107,127,147,209.68355402522798,68.68355402522798,37.90202827743451,-643.9249036054371
108,128,148,204.60750113224935,57.607501132249354,16.305949331788497,-1075.6109269621434
109,129,149,235.71115402269834,81.71115402269834,36.86107607879899,-1103.416054187338
110,130,150,235.47551295899575,71.47551295899575,25.70291651742832,-1111.40978192061
111,131,151,231.46855581724958,64.46855581724958,14.97829978736263,-1102.758265129814
112,132,152,242.29879025827017,74.29879025827017,18.55474948676192,-1085.8194941168545
113,133,153,241.25802388404895,82.25802388404895,34.026413758401304,-1090.9424611739619
114,134,154,255.43126535868123,79.43126535868123,25.588054477092328,-1290.6692867014085
115,135,155,276.66702817031273,88.66702817031273,26.60639117171513,-1321.8048051527994
116,136,156,280.07778393418585,87.07778393418585,22.52781625170337,-1609.1681668458546
117,137,157,277.55581855514333,67.55581855514333,-1.6455639594687455,-1720.8451039195766
118,138,158,280.5938857499227,103.59388574992272,44.93033471419221,-1304.0155526734993
119,139,159,303.9019417661566,109.9019417661566,43.121239995497035,-1394.503734977182
120,140,160,285.99926177549287,73.99926177549287,-4.515619179392388,-1436.7536051493016
121,141,161,191.65987992295504,43.65987992295504,4.482558986658887,-1049.2626043787768
122,142,162,176.84931234988426,48.84931234988426,11.687743052335009,-908.8600674201898
123,143,163,209.39321479150453,81.39321479150453,38.80733829112728,-956.829847209232
124,144,164,208.2613123868682,72.26131238686821,23.995513433264705,-863.7459185471239
125,145,165,188.4157841608751,94.41578416087509,68.54739104853684,-455.61607569489024
126,146,166,191.56306610193656,97.56306610193656,74.35762625745679,-574.5785315195571
127,147,167,182.13270828935993,95.13270828935993,78.98508197890555,-359.20022162427904
128,148,168,145.51099394951507,67.51099394951507,61.25535276722667,-572.8835171511073
129,149,169,139.18500704439475,56.18500704439475,49.802587124181855,-532.6720237304485
130,150,170,147.28835369307717,53.28835369307717,48.25813786065919,-642.2278790352188
131,151,171,144.11691286281052,28.116912862810523,13.721890336389151,-798.3017305824033
132,152,172,124.59058820443192,1.5905882044319242,-25.164578196792036,-812.0425396251294
133,153,173,123.29186683898502,-3.7081331610149846,-30.46284946531955,-796.3927086766971
134,154,174,109.592498994572,-16.407501005428003,-43.78812803077244,-925.2832815058246
135,155,175,91.29554849725491,-28.704451502745087,-52.058160936587456,-836.3686232613582
136,156,176,120.17111794442803,3.1711179444280333,-15.010400844010064,-887.4761017983224
137,157,177,117.30374209211436,-6.696257907885638,-30.65513752771608,-981.5250349807334
138,158,178,91.4384909497926,-28.561509050207405,-47.756335400690205,-854.6388091208087
139,159,179,86.1280912854038,-25.871908714596202,-39.00436442918294,-920.8064171529527
140,160,180,66.095685800301,-53.904314199699,-69.6334046473819,-1018.3337648235324
141,161,181,88.46591982970222,-37.534080170297784,-60.40925052200214,-864.0745534004204
142,162,182,85.15850540379824,-28.841494596201755,-45.39569771630204,-670.5039832707921
143,163,183,105.1078620360604,-11.892137963939604,-30.28651308465146,-647.986999183172
144,164,184,110.65173256393086,-18.348267436069136,-43.72088237655521,-742.5129048066829
145,165,185,131.00889097694449,14.008890976944485,-4.385484143767371,-625.3338772703919
146,166,186,150.62088715984623,-10.379112840153766,-49.63987720821342,-925.2947419711477
147,167,187,118.25630951052699,9.25630951052699,-4.115415745128757,-531.6860211481817
148,168,188,152.64269185739204,29.642691857392037,12.956162505501197,-711.0788223537784
149,169,189,163.05850573385874,35.05850573385874,7.118129229442957,-838.034753846157
150,170,190,122.77173018175017,26.771730181750172,19.675950686734723,-747.4027351773966
151,171,191,98.48519281596668,5.485192815966684,-3.039836563777044,-614.7236350565113
152,172,192,93.14455827408392,-16.85544172591608,-28.36958539932698,-670.9579857209105
153,173,193,96.68404576177545,-23.31595423822455,-42.51078058870735,-808.2935869669082
154,174,194,115.31353304239997,-15.686466957600032,-41.05096799318949,-883.7973679772667
155,175,195,111.52993016944083,-6.470069830559169,-29.867767761687446,-651.222969298522
156,176,196,68.28102046733306,-39.718979532666935,-56.53886540263147,-644.7045256634324
157,177,197,87.65309168579483,-16.346908314205166,-33.81420110129534,-599.9253985964824
158,178,198,102.70424902038599,-19.295750979614013,-43.99176627729025,-601.8186243061482
159,179,199,102.59877752084867,-31.40122247915133,-51.110132571981694,-785.5859780913806
160,180,200,113.87441236964241,-22.125587630357586,-40.26608245372722,-876.3510142867581
161,181,201,108.01728040480293,-48.98271959519707,-69.76677117722306,-930.5230636862184
162,182,202,89.32089329841006,-61.679106701589944,-91.27811750470369,-820.8503351723239
163,183,203,97.64515429318021,-49.35484570681979,-77.14002748636176,-918.6249985183899
164,184,204,106.56997402333991,-44.43002597666009,-75.93954025470953,-846.6919342888527
165,185,205,122.46075795871911,-24.539242041280886,-55.79015972362231,-894.5235701337533
166,186,206,130.42730273359416,-5.572697266405839,-29.347115961576037,-747.9495284761856
167,187,207,123.42774557298662,21.427745572986623,6.342479420570271,-607.1841633785903
168,188,208,124.62415862043372,25.624158620433718,14.301518335871378,-471.2575601768531
169,189,209,139.91134804382045,14.911348043820453,-17.773754675303508,-602.6249035935098
