Left,Mid,Right,Loss_likeli,Loss_AIC,Loss_BIC,Loss_eBIC
0,20,40,163.44384487192565,8.443844871925648,2.906768691530715,-1145.1869812038608
1,21,41,157.33643808480974,-14.663561915190257,-41.72560068351777,-1299.8762926448626
2,22,42,118.42218892698111,-50.57781107301889,-60.57642312108965,-1106.174510272654
3,23,43,138.4072986217284,-29.592701378271613,-53.27698123837149,-1279.5464612836513
4,24,44,138.4750477166458,-25.524952283354196,-45.10764774857398,-1089.2859128854907
5,25,45,145.04381734207436,-7.956182657925638,-16.279075747321485,-968.5063891470181
6,26,46,129.81432284550283,-12.18567715449717,-19.806275145875816,-1013.4846413999712
7,27,47,136.245127542491,35.24512754249099,33.728408247322704,-459.46520886588587
8,28,48,144.59332191425278,38.59332191425278,38.04523462570546,-471.4857892080754
9,29,49,206.20894182938378,76.20894182938378,54.20035330517112,-549.3973409698569
10,30,50,222.48712462763297,94.48712462763297,89.89094181561927,-396.99693455198894
11,31,51,224.988810747996,104.98881074799601,101.80193897471736,-482.48066074781445
12,32,52,195.72791588240602,85.72791588240602,67.75157324200745,-510.4025737695447
13,33,53,179.96739839653242,94.96739839653242,97.2081660360609,-402.437817482466
14,34,54,197.75428989697366,89.75428989697366,85.79003911555515,-436.87708435831155
15,35,55,242.72745356742485,155.72745356742485,142.91157561246382,-437.2974224834811
16,36,56,207.80893905227094,115.80893905227094,98.07771528146532,-473.3018447344725
17,37,57,221.85598719701738,135.85598719701738,127.61179054552508,-415.91481639908625
18,38,58,219.19706537799584,136.19706537799584,130.09195941351595,-477.11952479167485
19,39,59,213.91598018027912,133.91598018027912,129.93311568916693,-472.05236010152566
20,40,60,214.34776440159658,123.34776440159658,122.42572080935656,-396.1786035591931
21,41,61,255.0472659224829,147.0472659224829,115.16414090607532,-704.5136815878004
22,42,62,234.88575218977917,102.88575218977917,73.53166586194016,-622.7666974992844
23,43,63,233.35278686399806,103.32276727273143,63.743414647655754,-730.2042278252839
24,44,64,284.4651074028709,151.4651074028709,106.9482213462079,-742.7836160413731
25,45,65,301.088712965063,166.088712965063,114.12602247248765,-746.7280915986294
26,46,66,324.361122308567,187.36112230856702,132.32325800075773,-803.4594250901848
27,47,67,252.4985979693422,161.4985979693422,130.2540804723376,-411.1490418125477
28,48,68,286.5831918659278,185.5831918659278,151.13420828186827,-385.92921482560996
29,49,69,293.1645688327717,180.1645688327717,137.61678890342728,-407.57674448735133
30,50,70,313.4250692961905,199.6701403781908,164.08501386672037,-390.3155085731162
31,51,71,336.0301911470101,209.5519240545509,157.53991067668198,-573.4045187486106
32,52,72,325.5656643923478,177.77260473364026,122.66609048589817,-789.0630209990786
33,53,73,302.2877766641934,171.28777666419342,118.98771368973144,-686.7032183222909
34,54,74,289.82573503000344,154.82573503000344,101.65228609697374,-608.5339829109062
35,55,75,291.9775987278938,181.9775987278938,145.28531675259842,-439.96060067729786
36,56,76,276.2571095528665,175.2571095528665,129.21144047268672,-496.4278905299525
37,57,77,300.8971464135384,185.8971464135384,135.14237098283547,-539.8772723779109
38,58,78,274.189582035528,178.18958203552802,136.71416973423652,-482.06937440909974
39,59,79,291.1113107504657,183.1113107504657,133.50065106190982,-515.9875880641366
40,60,80,278.10162111747945,177.10162111747945,140.89984193999612,-427.77463328261433
41,61,81,243.04109957611377,155.04109957611377,117.81379172829634,-352.7874357918074
42,62,82,197.41382192651508,133.41382192651508,104.0998487109623,-190.97170328175116
43,63,83,141.81833749311636,100.78831790184972,89.57666629704795,-56.186603922076756
44,64,84,173.76967126308523,137.76967126308523,126.29656250147218,-3.4056430116213505
45,65,85,181.93115918226522,144.11559980257834,132.51365844868428,-20.741434928881063
46,66,86,176.14602881051906,142.14602881051906,131.94355409556397,-7.8481888595904366
47,67,87,154.18208019811004,122.18208019811004,110.37984299744335,-42.855540220379226
48,68,88,165.13899232408494,132.13899232408494,122.31406222747523,-16.043497549374024
49,69,89,150.3470765562306,118.3470765562306,118.86739331379295,27.43394389990908
50,70,90,170.7044046939809,134.94947577598168,133.77511238542115,34.530280131403515
51,71,91,153.946989665719,124.46872257325981,125.77300393569362,78.86622573168802
52,72,92,151.9513155614436,113.55615420247477,112.17731135683312,-19.17795393835968
53,73,93,174.72952237572258,119.78788608302716,108.91561493071481,-123.70516681063214
54,74,94,182.79294569792182,118.03964248185503,107.68268131164677,-127.65737972123384
55,75,95,238.2402719739564,151.2402719739564,131.93214323611664,-261.2361661782677
56,76,96,220.46108600299976,157.46108600299976,137.14417147133622,-239.86702468305407
57,77,97,224.38968260168963,141.38968260168963,113.36148527060277,-450.1520615673828
58,78,98,239.08302254654836,152.08302254654836,122.82153806912447,-405.0177185217831
59,79,99,244.4573703978465,150.4573703978465,127.47675728411127,-340.5069110216609
60,80,100,256.9883469908757,170.9883469908757,154.3776548821802,-295.14958221661004
61,81,101,254.06127963326344,163.06127963326344,147.69831630044155,-231.4550736065762
62,82,102,236.5097807163031,168.5097807163031,145.7107478035116,-130.44089311426683
63,83,103,220.85529290446652,152.85529290446652,128.97129662721886,-188.60761796454926
64,84,104,197.08562745782774,132.08562745782774,122.5117617690903,-103.92573516051993
65,85,105,197.33553486560845,140.51997548592158,132.37632317313978,-127.86894383774029
66,86,106,183.51753453661695,121.51753453661695,111.62094331171238,-168.0014986122378
67,87,107,194.1644908979497,123.16449089794969,107.23236852644254,-202.1282428537304
68,88,108,184.07192681464858,128.07192681464858,119.08021075759325,-136.62062075125777
69,89,109,134.2112810189219,89.21128101892191,86.09127008978317,-104.4142366317883
70,90,110,134.79965579570444,86.79965579570444,96.1666804416518,-48.48509036196947
71,91,111,111.13012825056694,71.13012825056694,81.76865635367199,-32.063584952391466
72,92,112,132.5346464671827,99.93254476692141,99.20338009121224,-35.23233137477928
73,93,113,131.257718734724,84.31608244202857,79.56034641825931,-58.62323654351826
74,94,114,131.52080104477045,89.76749782870365,88.96789945645651,-30.766525379233826
75,95,115,164.17245027404078,118.17245027404078,103.25074379820308,-147.59690198192106
76,96,116,167.06879770665523,136.0890375991978,125.04668274871551,5.237552819967959
77,97,117,213.5717355513989,158.5717355513989,134.9585333392597,-208.73946736228822
78,98,118,253.58686662867808,194.58686662867808,171.46296320465444,-162.3112590649373
79,99,119,227.97049801345588,167.97049801345588,161.91191154319677,-80.87922791493679
80,100,120,230.283522938611,177.283522938611,174.76773436003486,7.467310844262329
81,101,121,242.5646399778143,182.5646399778143,180.7988365484805,-58.6700131229004
82,102,122,248.7097850515629,191.7097850515629,178.63401734667082,-199.15943347502298
83,103,123,229.32757867707278,161.32757867707278,145.7613485665447,-202.58895160655197
84,104,124,189.71043152648372,122.71043152648372,120.4585997309116,-213.12761274373156
85,105,125,168.26036864172715,99.26036864172715,89.82102854823233,-223.61930982203944
86,106,126,156.35921429691734,82.35921429691734,71.36127895349637,-313.79970130231254
87,107,127,173.95842930031085,87.95842930031085,75.62286974102813,-374.302436133328
88,108,128,196.99430056117012,101.99430056117012,83.06871311250643,-426.63566480965005
89,109,129,213.48821533148634,129.48821533148634,102.24654852140725,-312.00542965763293
90,110,130,218.09911026596023,134.09911026596023,116.58937504181995,-332.7163949199953
91,111,131,217.58476613938865,130.58476613938865,109.68114402852075,-290.1775779251525
92,112,132,212.534814908435,131.534814908435,108.14096035458192,-310.3412032654087
93,113,133,179.7241699051865,108.7241699051865,96.05430015783054,-326.46362099845487
94,114,134,192.11997290690624,114.11997290690624,104.56106762043169,-250.44823859562393
95,115,135,221.60933718925708,155.60933718925708,131.6819812663382,-222.0294781021587
96,116,136,226.3886606518172,161.40890054435977,149.4258803646826,-157.0608868448794
97,117,137,220.13494983047735,148.36448448930628,134.77614063783767,-226.89954841374993
98,118,138,278.72553235663577,179.62824807694778,157.7708258566081,-336.45116445384406
99,119,139,286.95562975694634,226.95562975694634,210.62152073104653,-84.42849616055832
100,120,140,293.3471155575255,255.3471155575255,244.20518184763478,4.475281933827773
101,121,141,289.6316354840453,251.63163548404532,245.62434353841604,1.328391363477749
102,122,142,279.68244660106143,218.68244660106143,201.38044801916362,-188.58892450008761
103,123,143,275.4452648802194,210.44526488021938,185.01543779531403,-240.21829708759742
104,124,144,222.70449137688524,158.70449137688524,132.6005917082523,-241.59517901693062
105,125,145,224.38399191244866,155.38399191244866,129.5611702762792,-194.78784199764937
106,126,146,215.0039866230536,144.0039866230536,116.0946312867975,-277.2289052948838
107,127,147,234.44916110560553,129.44916110560553,101.82099008440946,-410.4394868452996
108,128,148,274.82255024020765,171.71340931306213,149.2699960971761,-420.6094521063801
109,129,149,282.84052205050693,187.84052205050693,155.09293348546544,-327.46142682058303
110,130,150,286.3355282208929,190.10222562077365,165.01897212614858,-366.53414979088734
111,131,151,291.0900818845298,180.14139461064224,149.53762511418404,-360.4273198336439
112,132,152,312.8654827278672,201.64958116148932,170.05007939147708,-389.61418128724426
113,133,153,317.7243151939822,206.7243151939822,161.65571122051438,-482.9530623714295
114,134,154,323.8460223363504,194.84602233635042,149.1870353074405,-572.1514961223895
115,135,155,305.0498403685531,181.04984036855308,125.29599075530132,-598.5349139855618
116,136,156,331.8511649404761,168.8511649404761,125.55041250036516,-696.7611501559504
117,137,157,417.0239089713807,194.25344363020963,117.41304481410134,-1256.0582540076994
118,138,158,386.97123251896005,176.87394823927207,126.63396536657024,-990.5819603378836
119,139,159,386.2288306337348,230.2288306337348,168.80233933837144,-660.1282941394852
120,140,160,392.395976938001,256.395976938001,199.2591324626876,-588.470951429251
121,141,161,380.3458530408491,251.34585304084908,198.71209872903205,-617.1381369412368
122,142,162,318.19619140646955,209.19619140646955,168.6897654398358,-589.4916164066169
123,143,163,365.16969178385716,227.16969178385716,177.1791387837502,-801.0618002483607
124,144,164,347.1026116766991,205.1026116766991,164.82283719367638,-772.4385273056009
125,145,165,341.7472460339361,197.7472460339361,150.31467365764706,-939.4614480021914
126,146,166,341.3000790308997,199.30007903089972,155.28925406012468,-969.027403515669
127,147,167,347.66295297664055,170.66295297664055,119.52598085957356,-1066.1397159187409
128,148,168,371.8615446948834,215.7524037677381,174.73909783597765,-930.0329606324776
129,149,169,353.96314428089886,193.96314428089886,154.0748715009695,-965.9962681788234
130,150,170,361.0465839352737,182.81328133515444,148.29680111130529,-1007.746198493106
131,151,171,333.12002822786144,172.17134095397364,141.28098952854407,-987.7949689015509
132,152,172,315.25035932427136,170.03445775789373,154.77857200434119,-931.7918686943544
133,153,173,305.7588552577831,148.75885525778313,122.37723982617035,-1116.3259793791462
134,154,174,287.7248051288216,134.72480512882157,114.7944654824064,-1032.6904200729032
135,155,175,237.4461454855707,101.4461454855707,84.6826686550553,-1095.1985664357903
136,156,176,157.16882735999366,25.168827359993657,34.1716043972624,-742.0621034794221
137,157,177,182.28351673837074,16.283516738370736,0.3220969863116352,-1173.359196833926
138,158,178,162.96498469289713,-0.035015307102867155,0.7077224145889431,-902.0214103958419
139,159,179,143.38898838838168,-11.611011611618324,-15.853618084938262,-834.8061032474543
140,160,180,142.729323696861,-21.270676303139,-32.749432181535894,-977.6137560230941
141,161,181,145.18274037027095,-18.81725962972905,-30.716305128753675,-868.1045927043515
142,162,182,168.68265766672903,7.682657666729028,3.506475735448703,-811.1922027925239
143,163,183,191.50258157326334,53.50258157326334,42.27138166809755,-767.0174029250443
144,164,184,191.45157866156683,44.45157866156683,37.166323120887,-818.1924928366457
145,165,185,199.85708307255754,55.85708307255754,38.41505023509967,-818.7667030367761
146,166,186,203.14307774151507,56.14307774151507,42.14390905786081,-910.1760539655165
147,167,187,209.374053706538,51.37405370653801,28.654165034214884,-909.261475635973
148,168,188,183.73440074920518,31.73440074920518,9.510100796932647,-801.66714863175
149,169,189,167.15724979922174,13.157249799221745,-6.219100054657929,-914.710287251582
150,170,190,186.70191276001697,27.701912760016967,15.283499707521742,-960.7742006274862
151,171,191,187.7443369682444,31.744336968244397,6.756405353588889,-1171.2404538617802
152,172,192,171.1532265973758,41.153226597375806,38.63399875791083,-1028.1048685344108
153,173,193,184.57055660178526,24.144163559504705,18.187783579593543,-1226.1666543939564
154,174,194,211.28615223941893,50.286152239418925,42.28930295033501,-1115.8518132708114
155,175,195,239.78683116827324,69.78683116827324,50.064391436592814,-1271.8049967735187
156,176,196,251.7900053397832,94.79000533978319,71.24293569610882,-1032.4075113226527
157,177,197,307.8051648941048,153.8051648941048,122.32709285326655,-856.2596922465727
158,178,198,328.06628755291104,162.06628755291104,127.41542085716037,-854.7571140741829
159,179,199,346.9352120681697,189.93521206816968,150.48361814414034,-857.5782827655935
160,180,200,291.84080923489864,130.84080923489864,100.20488936943957,-960.1657699905504
161,181,201,239.7837821011433,85.78378210114329,77.64355382951021,-831.5424042666968
162,182,202,232.57552891833075,54.57552891833075,41.24247548128187,-1120.2295623896193
163,183,203,184.59442893153164,63.59442893153164,52.16261359457508,-761.680858319533
164,184,204,193.69197361894408,67.69197361894408,53.30465692959797,-749.2324249012231
165,185,205,187.53979571645914,81.53979571645914,76.55517526137783,-649.6588273178836
166,186,206,192.8163456961131,84.8163456961131,78.47785739822189,-708.2447583800936
167,187,207,198.61227874353358,81.61227874353358,67.52139960954833,-827.4074258976339
168,188,208,180.49687408033196,57.49687408033196,40.58487142493709,-811.9808813619629
169,189,209,203.63043248171243,88.63043248171243,57.55849625175938,-682.0125302881593
