Left,Mid,Right,Loss,Loss_left,Loss_right,gain,glasso
0,20,40,9351.975882868503,8109.296308560668,8200.242916258998,-6957.563341951163,33.62778251083637
1,21,41,9341.665726670246,8107.548105297451,8194.493295820892,-6960.375674448096,30.785090880102416
2,22,42,9351.149128025143,8122.204687467685,8190.574465443396,-6961.630024885937,28.122325117503806
3,23,43,9342.28899436212,8145.122598997876,8182.414227662868,-6985.247832298624,18.978188645651244
4,24,44,9353.749821902566,8185.6472192213205,8125.635667513397,-6957.533064832151,15.417578029017477
5,25,45,9356.925403633746,8198.844483755158,8113.233943799312,-6955.153023920724,9.668381318243519
6,26,46,9368.823170956348,8200.453903982954,8114.267985224367,-6945.898718250974,16.677821356807726
7,27,47,9369.81439717076,8218.159246836003,8075.845017375011,-6924.189867040253,16.976335357221615
8,28,48,9365.215807579456,8203.754003536926,8073.734921431565,-6912.273117389035,29.985838463928758
9,29,49,9380.253581840116,8220.677413211866,8093.036053817623,-6933.459885189373,27.362612445881496
10,30,50,9389.128217061334,8221.462633930523,8108.486026249201,-6940.820443118391,37.73229800663239
11,31,51,9394.510416080502,8227.710107183739,8127.0302202601815,-6960.229911363418,34.06928255742059
12,32,52,9393.305827661276,8225.05056701344,8129.451416094664,-6961.196155446829,34.46652972957418
13,33,53,9393.845072944301,8233.940743168692,8128.5562185793215,-6968.651888803712,31.893772907646508
14,34,54,9400.763810432032,8226.667035367413,8165.969082686786,-6991.872307622169,25.0648608097531
15,35,55,9394.571938649115,8216.71912709995,8163.070791950181,-6985.217980401016,19.832042057817944
16,36,56,9405.954498344545,8221.210659265069,8162.449211161418,-6977.705372081942,23.085909198600348
17,37,57,9397.531314975433,8204.890076249116,8168.931140831129,-6976.289902104811,22.93769970521953
18,38,58,9391.667588443279,8196.767858838875,8173.063854235102,-6978.164124630699,21.289833142651332
19,39,59,9390.180510359663,8202.003133838563,8174.154155762061,-6985.976779240962,17.22923328752313
20,40,60,9387.234256414813,8200.242916258998,8171.165504410466,-6984.174164254651,18.618812673488264
21,41,61,9399.967493686292,8194.493295820892,8180.211621368169,-6974.737423502769,19.46787925413446
22,42,62,9413.203573728553,8190.574465443396,8181.430431838563,-6958.801323553405,22.71145550773099
23,43,63,9460.86036336845,8182.414227662868,8243.498655387117,-6965.052519681532,24.824551562104716
24,44,64,9422.570740794825,8125.635667513397,8245.161484156417,-6948.226410874988,8.53258364967769
25,45,65,9417.03128183237,8113.233943799312,8254.012964921223,-6950.215626888166,-1.736824895990594
26,46,66,9431.559641996228,8114.267985224367,8260.758953692686,-6943.467296920826,-4.004336672397585
27,47,67,9414.06239636401,8075.845017375011,8259.070806030846,-6920.853427041846,-7.112144301077478
28,48,68,9414.298330958727,8073.734921431565,8265.65226623613,-6925.088856708968,-1.6623004097559715
29,49,69,9433.475021438462,8093.036053817623,8242.188833565604,-6901.749865944765,8.714278213575199
30,50,70,9439.07494446965,8108.486026249201,8248.713133321073,-6918.1242151006245,23.266989030714285
31,51,71,9442.386377974917,8127.0302202601815,8243.525721994854,-6928.169564280119,27.727637668997886
32,52,72,9450.959866083924,8129.451416094664,8244.583032741015,-6923.074582751755,30.376070753450676
33,53,73,9446.50660102787,8128.5562185793215,8237.628441741872,-6919.678059293323,32.058135865049735
34,54,74,9465.088416124963,8165.969082686786,8215.16957486794,-6916.0502414297625,31.507173025243446
35,55,75,9465.854659753899,8163.070791950181,8198.054925347491,-6895.271057543774,39.37134288811194
36,56,76,9460.326864119925,8162.449211161418,8188.625193221638,-6890.747540263132,38.24941086711351
37,57,77,9452.306138170361,8168.931140831129,8142.231742243692,-6858.8567449044585,39.39546815921949
38,58,78,9464.632271929626,8173.063854235102,8151.288727706915,-6859.720310012392,46.90291711951386
39,59,79,9469.071060366074,8174.154155762061,8147.888660142991,-6852.97175553898,45.17438183158265
40,60,80,9476.200728427353,8171.165504410466,8146.252106453737,-6841.216882436849,46.42945038615153
41,61,81,9488.343374978303,8180.211621368169,8152.269081446933,-6844.137327836799,50.49780353115921
42,62,82,9491.316358379405,8181.430431838563,8164.63207638433,-6854.746149843488,43.579199746317954
43,63,83,9497.223315191442,8243.498655387117,8126.359882899481,-6872.635223095154,41.996380958822556
44,64,84,9506.388579295297,8245.161484156417,8144.6906534879745,-6883.463558349093,39.23790732221778
45,65,85,9506.321813937626,8254.012964921223,8143.952676533146,-6891.643827516742,41.73867142271001
46,66,86,9517.023935054636,8260.758953692686,8154.66230455043,-6898.397323188481,44.228482621521835
47,67,87,9515.101730012146,8259.070806030846,8156.072774104881,-6900.041850123584,36.07346837497744
48,68,88,9491.46690367352,8265.65226623613,8146.861945805438,-6921.04730836805,35.11631323558731
49,69,89,9443.718880553362,8242.188833565604,8137.02165157614,-6935.491604588382,17.84834735934328
50,70,90,9454.645139459808,8248.713133321073,8144.035719600977,-6938.103713462242,14.83526569988635
51,71,91,9449.852261496417,8243.525721994854,8149.470987900309,-6943.144448398747,15.944712010732474
52,72,92,9480.98461529023,8244.583032741015,8206.417100051633,-6970.015517502417,24.311856391635956
53,73,93,9496.238062286773,8237.628441741872,8218.052599588405,-6959.442979043504,28.029465193949363
54,74,94,9487.085859255389,8215.16957486794,8233.81669414561,-6961.90040975816,26.116789093533498
55,75,95,9476.386557188265,8198.054925347491,8234.317775511645,-6955.9861436708725,29.83351381509874
56,76,96,9457.850418668922,8188.625193221638,8234.225719554597,-6965.000494107315,29.562687900275705
57,77,97,9424.703527675545,8142.231742243692,8237.072247991118,-6954.600462559265,27.239239368620474
58,78,98,9422.092445698556,8151.288727706915,8237.832272703828,-6967.028554712186,31.811208902731778
59,79,99,9397.686888296605,8147.888660142991,8236.295847118097,-6986.497618964484,29.660969734730315
60,80,100,9394.805763636672,8146.252106453737,8237.764410577081,-6989.210753394145,26.15270851239984
61,81,101,9380.068485214557,8152.269081446933,8223.903695904433,-6996.10429213681,22.554791502905573
62,82,102,9377.807691263206,8164.63207638433,8213.507034624745,-7000.331419745868,18.102385826212867
63,83,103,9367.23518542879,8126.359882899481,8218.14132425063,-6977.2660217213215,25.136208087014893
64,84,104,9375.53904319121,8144.6906534879745,8205.571525635121,-6974.723135931887,24.135118442020485
65,85,105,9377.530643961047,8143.952676533146,8207.476557665283,-6973.898590237382,30.439768169806484
66,86,106,9368.496179909813,8154.66230455043,8193.598297445422,-6979.764422086038,29.34446998439944
67,87,107,9370.08981487247,8156.072774104881,8198.306895433381,-6984.2898546657925,24.083392709143936
68,88,108,9375.809871382608,8146.861945805438,8204.601091067141,-6975.653165489972,27.031547910041354
69,89,109,9374.329487004783,8137.02165157614,8209.990631289074,-6972.682795860432,29.417692418529896
70,90,110,9373.189535503665,8144.035719600977,8201.802199627324,-6972.648383724636,38.22011564191598
71,91,111,9395.825963963896,8149.470987900309,8198.02697195758,-6951.671995893994,40.09935756234745
72,92,112,9397.13447825099,8206.417100051633,8141.076086787671,-6950.358708588314,42.76479692870498
73,93,113,9393.100936159466,8218.052599588405,8102.88866376537,-6927.84032719431,45.73686538838956
74,94,114,9395.99978518571,8233.81669414561,8096.526989255172,-6934.343898215071,46.20568946534195
75,95,115,9390.304087560768,8234.317775511645,8093.082168870127,-6937.095856821004,45.16221067788911
76,96,116,9402.917673888824,8234.225719554597,8100.114567852737,-6931.422613518511,41.816023558330926
77,97,117,9410.266920593971,8237.072247991118,8099.1431891095035,-6925.948516506651,46.283997566936705
78,98,118,9414.682732629606,8237.832272703828,8105.969356284932,-6929.118896359154,53.103422361588855
79,99,119,9404.915809890947,8236.295847118097,8104.544177422869,-6935.92421465002,45.46037912266911
80,100,120,9415.466192101032,8237.764410577081,8115.57077906793,-6937.868997543979,44.1504648103537
81,101,121,9438.912996759376,8223.903695904433,8157.130739525973,-6942.121438671031,41.404231153661385
82,102,122,9432.34340659971,8213.507034624745,8162.5985661590985,-6943.7621941841335,38.655493365042275
83,103,123,9446.39018923273,8218.14132425063,8179.062157682874,-6950.813292700772,38.03441606503429
84,104,124,9418.200774199195,8205.571525635121,8190.118428522723,-6977.489179958651,40.51735710252342
85,105,125,9424.943768803592,8207.476557665283,8193.118299803504,-6975.651088665194,42.78515422757255
86,106,126,9413.68491805871,8193.598297445422,8185.888571771873,-6965.801951158584,40.48393531353122
87,107,127,9462.445695498176,8198.306895433381,8215.754946904455,-6951.61614683966,36.563336899853766
88,108,128,9461.468857517904,8204.601091067141,8222.664567188747,-6965.796800737984,33.736045829878094
89,109,129,9453.97375215081,8209.990631289074,8225.113575803192,-6981.130454941456,29.874417743105823
90,110,130,9456.640270769558,8201.802199627324,8215.030003232023,-6960.191932089789,30.811943261353917
91,111,131,9454.479397700961,8198.02697195758,8209.061578614186,-6952.609152870806,46.41646415258265
92,112,132,9420.800468610252,8141.076086787671,8209.699063991697,-6929.974682169115,43.257169122675805
93,113,133,9394.553432055101,8102.88866376537,8201.559606768806,-6909.894838479075,40.44366546862875
94,114,134,9388.04262084753,8096.526989255172,8187.239845084438,-6895.724213492082,47.4290484889043
95,115,135,9373.33450046333,8093.082168870127,8200.909134257847,-6920.656802664644,39.797125477654845
96,116,136,9374.435662414497,8100.114567852737,8202.390924775398,-6928.069830213639,35.020533769034955
97,117,137,9369.307971202927,8099.1431891095035,8202.290175500446,-6932.125393407023,33.98213301366286
98,118,138,9369.69253919247,8105.969356284932,8188.785476964133,-6925.062294056594,42.97593794852037
99,119,139,9368.089099235429,8104.544177422869,8195.352253245503,-6931.807331432943,39.48384169050678
100,120,140,9365.941400829977,8115.57077906793,8194.105222484455,-6943.734600722408,34.2312944326095
101,121,141,9405.69421896767,8157.130739525973,8188.619319388178,-6940.055839946481,37.38944538392525
102,122,142,9417.184425313531,8162.5985661590985,8186.393457141831,-6931.8075979873975,37.12183000945015
103,123,143,9416.802826867362,8179.062157682874,8175.81351345435,-6938.072844269862,28.318575233705815
104,124,144,9431.432138218137,8190.118428522723,8153.044620740271,-6911.730911044857,30.758175700714673
105,125,145,9440.564624840543,8193.118299803504,8160.888073400394,-6913.441748363355,28.343342528577068
106,126,146,9435.68638215225,8185.888571771873,8161.256998822865,-6911.459188442488,28.328515465781493
107,127,147,9439.287103600907,8215.754946904455,8147.121768091853,-6923.5896113954,35.05185493267754
108,128,148,9431.653002263212,8222.664567188747,8154.812284091442,-6945.823849016977,36.09110872385463
109,129,149,9472.942121148386,8225.113575803192,8182.488880773075,-6934.660335427881,30.238177946074757
110,130,150,9433.90563438068,8215.030003232023,8172.584657359199,-6953.709026210541,29.066592759998002
111,131,151,9442.689584073461,8209.061578614186,8174.877094619764,-6941.249089160488,20.98695976065801
112,132,152,9442.115942409497,8209.699063991697,8150.524022522338,-6918.107144104537,21.660379674623528
113,133,153,9429.931287775842,8201.559606768806,8144.893167704163,-6916.5214866971255,21.51243726479379
114,134,154,9423.953148088289,8187.239845084438,8154.3095023272435,-6917.596199323392,27.8411883679305
115,135,155,9437.84443889077,8200.909134257847,8130.965561699738,-6894.030257066814,34.057879707323536
116,136,156,9438.53270674633,8202.390924775398,8127.058184820993,-6890.916402850062,36.32814918579015
117,137,157,9465.552312705317,8202.290175500446,8143.186314614397,-6879.924177409526,43.80820975337838
118,138,158,9459.644865275275,8188.785476964133,8123.403271771982,-6852.543883460839,50.089362660641655
119,139,159,9465.195740799645,8195.352253245503,8116.783934756312,-6846.940447202171,45.90771759328891
120,140,160,9453.113314110666,8194.105222484455,8123.727702632156,-6864.719611005945,41.62942158554824
121,141,161,9423.501814778292,8188.619319388178,8123.178264358517,-6888.295768968403,25.68212438011642
122,142,162,9411.539576464438,8186.393457141831,8117.0006955721165,-6891.854576249509,24.70152743380413
123,143,163,9401.905269488328,8175.81351345435,8102.842971005093,-6876.751214971115,17.47167838448695
124,144,164,9369.710556929558,8153.044620740271,8099.946436686195,-6883.280500496907,14.193206508277399
125,145,165,9379.226040198897,8160.888073400394,8107.14865964893,-6888.810692850428,27.58275362901213
126,146,166,9391.013718668331,8161.256998822865,8120.114022615242,-6890.357302769775,34.30761903779057
127,147,167,9374.312414510274,8147.121768091853,8136.527188987917,-6909.336542569496,8.177074360428378
128,148,168,9376.683247313364,8154.812284091442,8143.101931877798,-6921.2309686558765,-2.0012158407862444
129,149,169,9401.029708311871,8182.488880773075,8147.476263311171,-6928.935435772375,11.639329244009332
130,150,170,9402.86504552984,8172.584657359199,8165.03762460619,-6934.757236435549,15.256473970204297
131,151,171,9406.11986435016,8174.877094619764,8172.21702988604,-6940.9742601556445,16.91953304763956
132,152,172,9376.674075524448,8150.524022522338,8170.885619327489,-6944.735566325378,10.404499432073408
133,153,173,9377.847453856932,8144.893167704163,8185.310534168399,-6952.356248015629,8.030248686489358
134,154,174,9373.499504989097,8154.3095023272435,8184.6081227754075,-6965.418120113554,4.690639855419704
135,155,175,9346.745458359721,8130.965561699738,8184.847962628288,-6969.068065968306,6.389148081836538
136,156,176,9357.062123808819,8127.058184820993,8178.706008796105,-6948.70206980828,8.653490093552136
137,157,177,9366.18832001489,8143.186314614397,8180.518148050842,-6957.516142650349,19.557236912685312
138,158,178,9347.931966184351,8123.403271771982,8179.7524477227425,-6955.223753310373,18.312916663935994
139,159,179,9330.44760671331,8116.783934756312,8181.390070536447,-6967.726398579451,9.979415380998944
140,160,180,9319.888442426365,8123.727702632156,8174.7835179486965,-6978.622778154488,10.44669321855099
141,161,181,9332.02363702377,8123.178264358517,8192.349743311539,-6983.504370646284,13.294497586246052
142,162,182,9329.919453841176,8117.0006955721165,8186.656420313928,-6973.737662044869,10.555836348941739
143,163,183,9326.166030784967,8102.842971005093,8193.396525803752,-6970.073466023878,5.395570000045154
144,164,184,9312.999852895626,8099.946436686195,8190.572614666319,-6977.519198456888,7.065830811264277
145,165,185,9331.832375616703,8107.14865964893,8212.277171383623,-6987.59345541585,18.877826181277214
146,166,186,9349.663346160238,8120.114022615242,8221.330620264564,-6991.781296719568,16.398001348693924
147,167,187,9361.132849552865,8136.527188987917,8202.149856994267,-6977.544196429319,3.661714500295602
148,168,188,9363.80420320357,8143.101931877798,8186.501238052746,-6965.798966726974,14.52936108828635
149,169,189,9360.131729667552,8147.476263311171,8188.155648380189,-6975.5001820238085,18.421103716742437
150,170,190,9365.663542921735,8165.03762460619,8193.386078525784,-6992.760160210239,22.19290590881519
151,171,191,9366.749887432874,8172.21702988604,8183.320618613259,-6988.787761066425,18.66277047951189
152,172,192,9368.280048421675,8170.885619327489,8193.50267295379,-6996.108243859602,16.102434646558777
153,173,193,9388.349066520866,8185.310534168399,8193.829920447142,-6990.791388094674,17.563462839968906
154,174,194,9382.085832655974,8184.6081227754075,8187.46110392349,-6989.9833940429235,13.91042379160308
155,175,195,9369.998973126629,8184.847962628288,8182.310607128491,-6997.15959663015,10.458672356064653
156,176,196,9363.428043143196,8178.706008796105,8173.640148090942,-6988.918113743852,9.09005414598687
157,177,197,9378.991317732107,8180.518148050842,8187.83652120154,-6989.363351520275,14.056599237307182
158,178,198,9381.614552331364,8179.7524477227425,8177.206549919783,-6975.344445311162,18.27392821201647
159,179,199,9389.913031836495,8181.390070536447,8183.531962619378,-6975.009001319329,23.946785459731473
160,180,200,9391.642183973143,8174.7835179486965,8188.008369871604,-6971.149703847159,26.66027904225848
161,181,201,9405.557165428938,8192.349743311539,8187.957240959083,-6974.749818841683,26.01350922475831
162,182,202,9400.817004988843,8186.656420313928,8194.105880428242,-6979.945295753327,22.094796465125455
163,183,203,9414.438270299428,8193.396525803752,8202.363740948667,-6981.321996452991,25.317565279875453
164,184,204,9407.403113903023,8190.572614666319,8189.600837232531,-6972.7703379958275,26.40265664852177
165,185,205,9401.399647940307,8212.277171383623,8161.961996735916,-6972.839520179232,27.056719895335846
166,186,206,9394.526263388427,8221.330620264564,8136.836339800677,-6963.640696676814,29.019473482780995
167,187,207,9375.691405441186,8202.149856994267,8131.304339947561,-6957.7627915006415,25.689678036202167
168,188,208,9363.281722082476,8186.501238052746,8137.50528071066,-6960.72479668093,23.9562709773827
169,189,209,9369.217935926188,8188.155648380189,8145.419845931932,-6964.357558385933,24.380552847538638
