Left,Mid,Right,Loss,Loss_left,Loss_right,gain,glasso
0,20,40,9390.145164017984,8151.508232504013,8152.941444582111,-6914.30451306814,30.469699560946538
1,21,41,9392.208970734531,8157.726102344153,8158.349292951824,-6923.866424561447,29.053692684133694
2,22,42,9392.122771492635,8174.588730447032,8145.348075790381,-6927.814034744777,31.02751243882676
3,23,43,9360.584985080644,8160.08340818792,8124.835922904978,-6924.334346012254,16.66227326780745
4,24,44,9358.177506510641,8143.508997973784,8140.095196525261,-6925.4266879884035,19.867278349547178
5,25,45,9363.028167445664,8164.863953512499,8141.589671321981,-6943.425457388817,24.034788576622304
6,26,46,9392.57243369126,8174.342935569306,8166.852086224771,-6948.622588102815,24.164506204905138
7,27,47,9382.773709831527,8162.489872248978,8175.504751662761,-6955.2209140802115,21.78605140945183
8,28,48,9389.218209561282,8194.05720171905,8144.570359467258,-6949.409351625025,22.2167550628551
9,29,49,9401.232242981554,8220.2030061973,8140.845495692716,-6959.816258908462,33.07172319747406
10,30,50,9397.446298131159,8178.588730232412,8138.293730334699,-6919.436162435952,38.00083314362155
11,31,51,9373.258071137374,8163.471972609769,8131.7304500334685,-6921.944351505863,33.928248673035796
12,32,52,9393.93309159935,8173.636589762523,8153.868034097857,-6933.571532261029,39.9819078536907
13,33,53,9408.134153249326,8189.10321007978,8158.149470417044,-6939.118527247498,36.391899644439036
14,34,54,9383.093320346361,8140.956792021263,8163.768955538833,-6921.632427213735,30.004166612371137
15,35,55,9354.464921336805,8092.804305991058,8193.41178390764,-6931.751168561894,28.830327294201197
16,36,56,9349.057276508966,8104.165978424908,8163.36646383364,-6918.475165749582,36.13676721976162
17,37,57,9343.797340978279,8130.716193005125,8116.788529928158,-6903.707381955004,32.509270657922116
18,38,58,9346.190666791932,8120.895184170083,8135.1054959705325,-6909.810013348684,34.34994220971703
19,39,59,9365.001885862937,8141.8268137410405,8140.6816418851095,-6917.506569763213,30.84282328525387
20,40,60,9375.373522977488,8152.941444582111,8140.659072197115,-6918.226993801738,30.493536587144717
21,41,61,9399.367002867602,8158.349292951824,8157.84394918815,-6916.826239272372,33.841528293207375
22,42,62,9423.664865502462,8145.348075790381,8193.621390784065,-6915.3046010719845,37.780390395618724
23,43,63,9405.387393774963,8124.835922904978,8201.747792228089,-6921.196321358104,26.408253667058034
24,44,64,9413.780673616657,8140.095196525261,8181.346724329843,-6907.661247238448,30.56467976307158
25,45,65,9421.820925278913,8141.589671321981,8202.843099083186,-6922.611845126254,29.3286602584094
26,46,66,9457.950093427466,8166.852086224771,8205.359543480961,-6914.261536278267,34.023736020428714
27,47,67,9489.421213189422,8175.504751662761,8220.358246428834,-6906.441784902172,34.4013268044373
28,48,68,9495.14373669801,8144.570359467258,8256.962335970202,-6906.3889587394515,33.11987440820394
29,49,69,9467.459619387555,8140.845495692716,8216.311702465799,-6889.69757877096,37.218799721400956
30,50,70,9482.984594688507,8138.293730334699,8225.926085977033,-6881.235221623225,40.87076496056579
31,51,71,9462.513243659365,8131.7304500334685,8207.83419545702,-6877.051401831124,38.397498451284264
32,52,72,9457.048584712884,8153.868034097857,8182.455465483688,-6879.274914868662,37.85337899668775
33,53,73,9457.315361920178,8158.149470417044,8160.675116727437,-6861.509225224303,40.28439159373875
34,54,74,9449.40291975554,8163.768955538833,8135.0304700290135,-6849.396505812307,40.79246531282615
35,55,75,9451.14280875125,8193.41178390764,8125.110583791574,-6867.379558947963,43.8345637825164
36,56,76,9454.133548623253,8163.36646383364,8132.928115046845,-6842.1610302572335,45.33714887091037
37,57,77,9400.336435179612,8116.788529928158,8124.711268644689,-6841.163363393236,32.98024758086012
38,58,78,9414.41705323213,8135.1054959705325,8103.367058621466,-6824.055501359868,39.71926955326035
39,59,79,9412.752336856844,8140.6816418851095,8088.882459563689,-6816.811764591956,40.378747727378595
40,60,80,9434.450988252625,8140.659072197115,8115.360534084583,-6821.568618029072,44.91500601007601
41,61,81,9457.220943270986,8157.84394918815,8122.467321880914,-6823.090327798078,54.334878528437
42,62,82,9449.137146431976,8193.621390784065,8096.654187023168,-6841.138431375255,45.11560448343607
43,63,83,9484.450493450571,8201.747792228089,8138.510089284309,-6855.807388061827,45.273779214753176
44,64,84,9471.221746636014,8181.346724329843,8151.541150110075,-6861.666127803905,41.83102434308694
45,65,85,9486.570511939271,8202.843099083186,8158.748064784996,-6875.020651928911,42.84721277955305
46,66,86,9448.072951790133,8205.359543480961,8141.996940954534,-6899.283532645362,34.54007792025823
47,67,87,9441.192911144699,8220.358246428834,8113.2156907953395,-6892.381026079474,28.120838036390523
48,68,88,9452.295935741715,8256.962335970202,8115.976611571028,-6920.643011799515,28.411301741226453
49,69,89,9409.101574235734,8216.311702465799,8154.584178606512,-6961.794306836577,21.08623563601168
50,70,90,9414.639651569247,8225.926085977033,8111.256387586772,-6922.542821994557,24.023251232944403
51,71,91,9439.726575922892,8207.83419545702,8164.858896897015,-6932.966516431143,27.28194503711211
52,72,92,9423.729447268037,8182.455465483688,8177.932190998301,-6936.658209213952,24.182499385386564
53,73,93,9398.041781724229,8160.675116727437,8175.527177691252,-6938.160512694461,24.81560463297228
54,74,94,9393.347781489614,8135.0304700290135,8184.389340592972,-6926.0720291323705,25.66031808344769
55,75,95,9385.275881419717,8125.110583791574,8183.732237417856,-6923.566939789713,23.215375918389327
56,76,96,9394.238919422962,8132.928115046845,8198.74382606436,-6937.433021688243,27.80110923631355
57,77,97,9400.233274678569,8124.711268644689,8217.672322347145,-6942.150316313266,25.23915123963252
58,78,98,9378.558509061968,8103.367058621466,8221.2776391239,-6946.086188683399,25.74193937634982
59,79,99,9368.451760979166,8088.882459563689,8230.960746316814,-6951.391444901337,26.32235609645204
60,80,100,9363.944655182997,8115.360534084583,8206.4438788847,-6957.859757786286,32.46157009629542
61,81,101,9356.437618993648,8122.467321880914,8182.9013441768875,-6948.931047064154,36.15458860152421
62,82,102,9346.67662711141,8096.654187023168,8208.83503976854,-6958.812599680299,31.522349256709276
63,83,103,9378.607309194469,8138.510089284309,8227.396767711156,-6987.299547800996,32.04876463759865
64,84,104,9392.391780446562,8151.541150110075,8228.281590127133,-6987.430959790647,33.73777250495323
65,85,105,9413.226077037,8158.748064784996,8244.285404765804,-6989.8073925138,31.91970017414178
66,86,106,9392.598291666505,8141.996940954534,8239.390234593815,-6988.7888838818435,29.48388983951554
67,87,107,9390.800099829525,8113.2156907953395,8248.398798774742,-6970.814389740557,29.06243708966622
68,88,108,9369.805328787488,8115.976611571028,8252.544836906603,-6998.716119690143,23.56622981357168
69,89,109,9400.276553476235,8154.584178606512,8266.251329702365,-7020.558954832641,31.74241989982238
70,90,110,9398.140145094298,8111.256387586772,8258.696346597048,-6971.812589089521,35.6429005185164
71,91,111,9406.828823970109,8164.858896897015,8226.150349765845,-6984.180422692751,30.027876678425855
72,92,112,9417.765063793275,8177.932190998301,8213.365740410078,-6973.532867615104,32.08694525189003
73,93,113,9412.478541813118,8175.527177691252,8203.609689855592,-6966.658325733726,34.557077114662206
74,94,114,9423.670215877177,8184.389340592972,8202.690792715153,-6963.409917430949,39.473652775294795
75,95,115,9419.5339286985,8183.732237417856,8181.105093846573,-6945.303402565929,40.675630074360015
76,96,116,9436.454298034318,8198.74382606436,8203.063746848184,-6965.353274878224,37.547352180208236
77,97,117,9441.908780560032,8217.672322347145,8201.14725230015,-6976.910794087264,34.15091148820284
78,98,118,9440.45534404346,8221.2776391239,8188.622037313819,-6969.44433239426,34.717142589811374
79,99,119,9447.002537591123,8230.960746316814,8188.623674236235,-6972.581882961926,34.90176123363517
80,100,120,9440.404557553069,8206.4438788847,8196.524511485568,-6962.563832817199,39.831613691748316
81,101,121,9434.004930300347,8182.9013441768875,8189.513142851021,-6938.409556727562,42.2282017705179
82,102,122,9437.108819845747,8208.83503976854,8183.955780900411,-6955.682000823206,36.70896521469513
83,103,123,9433.176845172731,8227.396767711156,8166.269364310724,-6960.48928684915,40.129707061033514
84,104,124,9418.071142308938,8228.281590127133,8161.403031062913,-6971.6134788811105,37.17964879538658
85,105,125,9410.70810401388,8244.285404765804,8130.578627676466,-6964.15592842839,35.38375394531522
86,106,126,9413.921627736387,8239.390234593815,8128.434906834334,-6953.903513691761,39.82235243680134
87,107,127,9412.564745627567,8248.398798774742,8118.7535938717565,-6954.5876470189305,36.93585482890376
88,108,128,9399.605801329697,8252.544836906603,8111.2236236196995,-6964.162659196605,30.267628347436585
89,109,129,9399.038457812578,8266.251329702365,8091.156270372998,-6958.369142262785,33.48247522340853
90,110,130,9387.82330245162,8258.696346597048,8079.291791552014,-6950.164835697442,31.09350313040204
91,111,131,9367.201469548034,8226.150349765845,8087.27072324383,-6946.219603461641,23.00095423829862
92,112,132,9350.9392594464,8213.365740410078,8095.750783390426,-6958.177264354103,17.970256342408447
93,113,133,9342.256438437737,8203.609689855592,8091.506344034502,-6952.859595452357,24.35269418219559
94,114,134,9335.811908832447,8202.690792715153,8084.068401598112,-6950.947285480817,27.31833373497693
95,115,135,9329.172781154777,8181.105093846573,8087.538254758731,-6939.470567450526,30.37352311036375
96,116,136,9323.260398426135,8203.063746848184,8046.478448206059,-6926.281796628107,27.855063256300582
97,117,137,9330.012075642015,8201.14725230015,8059.641249445474,-6930.77642610361,27.4916654542194
98,118,138,9321.755637241982,8188.622037313819,8049.664035232343,-6916.530435304179,29.452289444983762
99,119,139,9340.685998291723,8188.623674236235,8064.337498018567,-6912.27517396308,35.558171526607566
100,120,140,9326.171543460257,8196.524511485568,8011.565188753009,-6881.91815677832,31.232161188953796
101,121,141,9333.47428681086,8189.513142851021,8022.557537091643,-6878.596393131804,31.497414744786965
102,122,142,9328.437712730894,8183.955780900411,8011.99006363804,-6867.508131807557,26.920835544704914
103,123,143,9298.630077265094,8166.269364310724,8012.621178994161,-6880.260466039792,-2.16819625480548
104,124,144,9318.977774246712,8161.403031062913,8037.376706827616,-6879.801963643817,0.28479555561352754
105,125,145,9296.845168580676,8130.578627676466,8041.936161633123,-6875.669620728913,14.793631085637116
106,126,146,9298.56810478516,8128.434906834334,8044.183763870321,-6874.050565919495,16.221047341249232
107,127,147,9322.17918493387,8118.7535938717565,8074.868322153144,-6871.4427310910305,13.933846430073118
108,128,148,9328.818847083232,8111.2236236196995,8101.246399967356,-6883.651176503823,13.761188803128789
109,129,149,9300.820679627494,8091.156270372998,8109.301781524646,-6899.63737227015,-2.3946158273975016
110,130,150,9290.986529884733,8079.291791552014,8119.715691882855,-6908.020953550136,-0.40160827785257425
111,131,151,9293.218702732287,8087.27072324383,8121.987753721885,-6916.039774233428,-2.1557044878190936
112,132,152,9310.300115405635,8095.750783390426,8125.346250506695,-6910.7969184914855,1.4091287331721105
113,133,153,9308.765199220565,8091.506344034502,8121.49227096048,-6904.233415774417,1.5721380545101056
114,134,154,9306.461175593387,8084.068401598112,8120.617271865161,-6898.224497869885,2.5495904548461112
115,135,155,9294.700943495818,8087.538254758731,8110.127393149874,-6902.964704412787,-1.4337000015921149
116,136,156,9247.625925655553,8046.478448206059,8108.930920465073,-6907.783443015578,-11.60215928802836
117,137,157,9269.48869317214,8059.641249445474,8101.208637870073,-6891.361194143408,-4.9058520678090645
118,138,158,9240.860600277309,8049.664035232343,8084.061258864342,-6892.864693819376,-10.365153514650046
119,139,159,9233.649385253579,8064.337498018567,8043.86646308289,-6874.554575847878,-11.780801623614934
120,140,160,9233.107075182299,8011.565188753009,8084.733856532417,-6863.1919701031275,-16.877785625633805
121,141,161,9244.496950753222,8022.557537091643,8081.918344971364,-6859.9789313097845,-14.661463526324042
122,142,162,9233.415761151995,8011.99006363804,8071.550197911738,-6850.124500397782,-15.057244467232977
123,143,163,9255.86418273531,8012.621178994161,8083.132945293065,-6839.889941551915,-22.959644559053686
124,144,164,9279.344954909539,8037.376706827616,8074.042353390321,-6832.074105308398,-19.63164698263472
125,145,165,9275.782790664038,8041.936161633123,8083.669462546014,-6849.8228335151,0.6629654224057049
126,146,166,9275.548545678881,8044.183763870321,8077.278016013841,-6845.91323420528,-6.14618587258974
127,147,167,9309.026387942355,8074.868322153144,8075.501898837214,-6841.343833048002,6.383119300807266
128,148,168,9328.312854136448,8101.246399967356,8079.008456681622,-6851.942002512531,7.312774433568848
129,149,169,9319.708746067387,8109.301781524646,8076.071442668213,-6865.664478125473,0.6756473903965343
130,150,170,9329.917545335158,8119.715691882855,8085.496184020552,-6875.294330568249,6.236482756219175
131,151,171,9309.280345052362,8121.987753721885,8086.930030988304,-6899.637439657827,1.9293994240706525
132,152,172,9310.760102282915,8125.346250506695,8073.095801057691,-6887.68194928147,4.408105324929238
133,153,173,9349.133458225619,8121.49227096048,8109.25360881676,-6881.612421551621,11.056353218920776
134,154,174,9333.895380668006,8120.617271865161,8105.688005049719,-6892.409896246874,5.513241827381535
135,155,175,9345.901081102027,8110.127393149874,8131.485489730781,-6895.711801778627,6.545646415979263
136,156,176,9347.577852699089,8108.930920465073,8136.077220129509,-6897.430287895493,10.92235046718497
137,157,177,9308.547023029852,8101.208637870073,8139.811303452803,-6932.472918293024,8.076612832227966
138,158,178,9299.970109783962,8084.061258864342,8148.2513930047435,-6932.342542085122,8.324510151145205
139,159,179,9279.51940394062,8043.86646308289,8159.293633603121,-6923.64069274539,0.34170888716425907
140,160,180,9296.269678993098,8084.733856532417,8140.207463100179,-6928.671640639497,4.418023156182699
141,161,181,9279.265398843665,8081.918344971364,8131.803692087625,-6934.456638215324,-0.23208912814789073
142,162,182,9282.20296942619,8071.550197911738,8143.943794053252,-6933.2910225388005,-0.39655251653675805
143,163,183,9270.233729588215,8083.132945293065,8100.196656961017,-6913.095872665866,-0.5933001684434203
144,164,184,9247.332514440417,8074.042353390321,8098.772733663413,-6925.482572613319,-4.5092785452475255
145,165,185,9249.248214589597,8083.669462546014,8099.714340489598,-6934.135588446015,-2.578570956269232
146,166,186,9235.59281885559,8077.278016013841,8087.7128138290755,-6929.398010987326,-18.875028413759082
147,167,187,9245.70041617066,8075.501898837214,8112.0047288728265,-6941.8062115393805,-14.281569418972595
148,168,188,9261.419360608375,8079.008456681622,8124.3679325792145,-6941.957028652461,-4.506810012761434
149,169,189,9289.232524497997,8076.071442668213,8143.941829204557,-6930.780747374773,14.42384606016094
150,170,190,9293.450388742787,8085.496184020552,8135.959214619303,-6928.005009897068,18.047966787021778
151,171,191,9312.097228023797,8086.930030988304,8162.302658162231,-6937.135461126738,21.78842951903607
152,172,192,9324.074619717847,8073.095801057691,8184.284826484972,-6933.3060078248145,26.371944893148793
153,173,193,9323.138466075945,8109.25360881676,8139.587863923038,-6925.703006663853,19.032134751925696
154,174,194,9345.121347273183,8105.688005049719,8157.858049018932,-6918.4247067954675,9.957725684349043
155,175,195,9368.598393876917,8131.485489730781,8157.076335064361,-6919.963430918226,13.770468559582696
156,176,196,9397.612075854493,8136.077220129509,8181.296794825636,-6919.761939100652,29.906609961240065
157,177,197,9392.299859668632,8139.811303452803,8204.367234714979,-6951.87867849915,26.045512760265865
158,178,198,9411.050318463327,8148.2513930047435,8212.534983868327,-6949.736058409744,33.23035587835511
159,179,199,9425.069856631773,8159.293633603121,8202.953285378873,-6937.17706235022,34.3011098451675
160,180,200,9429.040364952827,8140.207463100179,8232.550621021568,-6943.717719168919,36.53723609602412
161,181,201,9428.428258932248,8131.803692087625,8244.57557001043,-6947.951003165805,42.82919315919753
162,182,202,9433.453997837092,8143.943794053252,8240.10377625353,-6950.59357246969,41.46047061523541
163,183,203,9410.86179184739,8100.196656961017,8241.735564632705,-6931.070429746331,40.31894847286276
164,184,204,9444.984081028477,8098.772733663413,8266.093280241763,-6919.881932876699,47.9110086748351
165,185,205,9445.020190191359,8099.714340489598,8271.484378631829,-6926.178528930068,46.480092042776505
166,186,206,9476.01222900794,8087.7128138290755,8307.45459540574,-6919.155180226875,45.35792365296129
167,187,207,9470.859674226826,8112.0047288728265,8288.066651358627,-6929.211706004628,37.88801257401701
168,188,208,9460.14792247142,8124.3679325792145,8278.427722780661,-6942.6477328884575,37.73589225603246
169,189,209,9445.176352946444,8143.941829204557,8238.275854836154,-6937.041331094268,44.02048018660389
