Left,Mid,Right,Loss_likeli,Loss_AIC,Loss_BIC,Loss_eBIC
0,20,40,232.59397816059618,127.59397816059618,101.66015147353505,-647.5913856951006
1,21,41,244.02890839855968,154.02890839855968,139.0121279564505,-357.8214749673484
2,22,42,202.2189748931919,137.2189748931919,131.68863768613528,-290.2835836024226
3,23,43,242.57728314803308,169.57728314803308,158.57871700685928,-328.8698667018266
4,24,44,218.16897355708215,135.16897355708215,120.33008012320965,-307.9179300563346
5,25,45,197.67582505416635,111.67582505416635,89.9134743947152,-302.95312519409526
6,26,46,199.26562218197523,119.26562218197523,109.47803354469374,-259.16963149439493
7,27,47,184.05085883095649,116.05085883095649,105.36894478245222,-252.0283055927166
8,28,48,200.27394141346417,123.27394141346417,111.64906362923603,-399.6214295397881
9,29,49,170.93486291731915,89.93486291731915,80.99201681709769,-354.37289328818633
10,30,50,235.20454885533513,148.20454885533513,140.06644137822695,-206.73653341273098
11,31,51,214.9808650054906,126.375804759105,113.09020199837914,-248.15225051554467
12,32,52,215.30057777350999,133.66884974340041,123.71686139586791,-204.09417342005145
13,33,53,226.3879155334589,137.45020940118548,114.00127121416699,-324.14865853276706
14,34,54,181.6405790041813,101.64057900418129,88.48285775291652,-404.561901515405
15,35,55,212.9835105277523,127.98351052775229,110.07627167450346,-418.8523753199636
16,36,56,199.36824138200018,124.36824138200018,105.79937783825335,-389.0973601152118
17,37,57,183.1290411153932,112.12904111539319,88.28415547257941,-452.92480088344587
18,38,58,192.28874146995668,101.28874146995668,92.13395794693179,-443.66586932660357
19,39,59,212.40271209158914,118.40271209158914,109.15714645017306,-394.75888120560967
20,40,60,236.41487097320578,145.41487097320578,135.35021650539284,-435.6375214474774
21,41,61,258.0283606120472,180.0283606120472,171.18547699769238,-335.9666628960945
22,42,62,233.8374143418987,139.8374143418987,123.8606442623618,-526.1597934289769
23,43,63,251.40108931862073,155.40108931862073,127.45414093657678,-540.1519007283757
24,44,64,304.73873562933704,164.73873562933704,116.59409791888538,-802.3604539874739
25,45,65,313.91773443212674,172.91773443212674,128.34686260309536,-762.9182964603822
26,46,66,285.45972837849376,154.45972837849376,108.54408344203193,-682.7533482914341
27,47,67,310.18062734378736,160.18062734378736,110.01361274134138,-843.47895652329
28,48,68,331.28442134935995,186.28442134935995,127.4221467867028,-851.9501331385077
29,49,69,293.2943284946989,168.2943284946989,131.60957872676045,-586.361725381099
30,50,70,297.6443430561935,166.64434305619352,132.98898417151986,-531.953292392516
31,51,71,303.2118044642716,154.2118044642716,118.18520607503615,-684.4023806682553
32,52,72,311.9225679977128,153.2025200177652,121.10122078003474,-648.5015663765207
33,53,73,339.77476551754444,166.77476551754444,117.22645670608404,-764.010583244366
34,54,74,357.8746218701476,178.87462187014762,124.04970453086412,-898.9766555393844
35,55,75,381.90814769153076,171.90814769153076,103.40085836251797,-1177.013818424247
36,56,76,375.53274882486903,173.53274882486903,108.46212153620286,-1121.4289584854528
37,57,77,384.8288603800795,193.8288603800795,122.82337975550558,-1122.1736990806876
38,58,78,408.6252435369847,202.62524353698473,136.1113382316671,-1138.25634999271
39,59,79,430.08967995333546,234.08967995333546,172.77269327648446,-1172.6666289984983
40,60,80,439.1473123318442,248.1473123318442,190.37548572801165,-1099.261363555608
41,61,81,408.5639461307844,238.56394613078442,191.43919849875942,-924.7383658724693
42,62,82,379.595588245719,205.595588245719,153.6018367171023,-981.4852382801296
43,63,83,340.28939604721063,170.28939604721063,122.9970956296479,-926.0744800146326
44,64,84,347.3465357865898,173.3465357865898,114.91106691637788,-1070.0342413464764
45,65,85,267.9860854634917,122.98608546349169,87.79789179489285,-976.9937559844293
46,66,86,257.98039943190406,122.98039943190406,88.69296204360717,-960.361692010576
47,67,87,258.8563883758038,119.85638837580382,86.37940043334925,-961.1706490155325
48,68,88,228.770661666593,113.77066166659301,83.23508200656352,-611.6426116538651
49,69,89,217.28124970956105,93.28124970956105,74.44751160872556,-582.2486471206525
50,70,90,216.89292563931122,106.89292563931122,81.38325344220493,-605.7585838876334
51,71,91,209.59651395617198,97.59651395617198,75.51869508254504,-663.6761998614829
52,72,92,205.18697986757547,75.18697986757547,57.52321080458182,-710.8825689441983
53,73,93,198.10263577830165,72.10263577830165,70.92858139610257,-582.3126164694154
54,74,94,214.17892332864994,101.17892332864994,78.32717516862522,-630.6054399050208
55,75,95,234.54236903300557,108.54236903300557,86.21799608514061,-704.4948465382759
56,76,96,233.0133157225166,105.01331572251661,89.20530896601781,-739.9278523343928
57,77,97,228.98592348049374,99.98592348049374,76.35043224115907,-751.3466850719665
58,78,98,197.5645694619816,98.56456946198159,89.7707559061837,-453.9216527818353
59,79,99,226.13019940619756,133.13019940619756,132.47588338602873,-405.90934046746224
60,80,100,196.46094314180232,102.46094314180232,105.69440579893262,-322.06289505409404
61,81,101,285.40123830405264,148.40123830405264,123.05361683774572,-725.5979710122979
62,82,102,284.22874716766387,153.22874716766387,123.70536304871462,-800.5754616713102
63,83,103,276.85864834656695,144.85864834656695,116.31832849671741,-703.4222639462973
64,84,104,281.70872848161775,159.70872848161775,136.05243395478146,-866.76544629298
65,85,105,279.5780155174773,150.5780155174773,118.5846277692824,-882.6613896180393
66,86,106,300.1016857240784,177.10168572407838,151.709521359551,-766.9210482575472
67,87,107,275.03656742456155,167.03656742456155,141.33948546532383,-693.2323962103055
68,88,108,195.00587945508892,101.00587945508892,81.96995276418079,-427.0558466701241
69,89,109,177.11061677882026,76.11061677882026,69.00940496533963,-605.9140973902236
70,90,110,200.80560035430744,77.80560035430744,70.68868715924373,-891.2348739378567
71,91,111,225.55416147321444,91.55416147321444,68.98492551009826,-1104.3323377166462
72,92,112,191.19532919515018,54.19532919515018,35.97022079911994,-998.9463637228041
73,93,113,186.0199647408465,34.01996474084649,19.01935476773383,-995.2932052034598
74,94,114,184.84513624723104,55.84513624723104,47.65608680271407,-897.8793211965294
75,95,115,205.54741794342408,84.54741794342408,64.48155426729022,-724.1831181513644
76,96,116,220.7070539109202,102.7070539109202,77.22991443811202,-809.51843144351
77,97,117,269.3706414748965,125.3706414748965,89.72157116812605,-948.8835090503553
78,98,118,214.98815314033664,107.98815314033664,107.18164664605638,-497.32683595226354
79,99,119,228.97753180579093,117.97753180579093,107.32190455279601,-505.2051441939793
80,100,120,234.27731533922588,97.27731533922588,77.02309257326579,-597.6426227909296
81,101,121,220.28993199607203,106.28993199607203,91.12202323709153,-635.8883073514226
82,102,122,206.69659592188964,101.69659592188964,89.62318803278208,-759.0488142357322
83,103,123,216.85511086764313,106.85511086764313,89.86635716269052,-697.4520246733596
84,104,124,176.6095644672505,84.6095644672505,112.92366656675517,-621.5620753570984
85,105,125,191.21534823048637,106.21534823048637,129.69422244482575,-487.46995024561465
86,106,126,199.49642059389225,145.49642059389225,178.97849403872146,-231.69309441950145
87,107,127,206.58416118328637,166.58416118328637,210.46085305208817,-83.60363824640854
88,108,128,168.78383139118318,141.78383139118318,181.6071294255264,-35.17296371546763
89,109,129,145.46850895292732,90.46850895292732,116.89887135885033,-168.21243128226706
90,110,130,155.4029987012441,58.40299870124409,72.61747379555277,-556.0007594141912
91,111,131,202.25937260650244,87.25937260650244,84.27950169273049,-793.4516107214822
92,112,132,156.28865014503435,50.28865014503435,49.33335742437612,-779.1263150641144
93,113,133,160.68179648579917,40.68179648579917,28.21839775731587,-738.4818890786123
94,114,134,151.69166375700615,20.691663757006154,10.391959384907295,-776.8499732178525
95,115,135,162.33617771294848,25.1985358857155,28.88398625945183,-823.991066631248
96,116,136,135.52914700980136,-3.4708529901986367,-3.752639104478021,-862.558723448512
97,117,137,189.65445149525613,31.654451495256126,19.36741256015489,-949.9915392430303
98,118,138,197.09691665605374,50.096916656053736,60.817987283932325,-733.1986635470348
99,119,139,205.6595191183228,52.659519118322805,50.197203347426466,-923.3123330755516
100,120,140,199.19247860935002,34.58146963065292,44.81540262331396,-994.0859479092924
101,121,141,202.1407765115216,21.140776511521608,3.414191767350303,-983.9801855012893
102,122,142,185.23593914302887,12.424579014228812,4.9036928639707185,-1055.8224438347843
103,123,143,212.46635195311455,37.466351953114554,0.7147520852583966,-1267.1022899727514
104,124,144,218.98084084396578,59.98084084396578,39.23282917712186,-919.3534821743742
105,125,145,255.7280602316041,83.7280602316041,80.27389907663587,-976.0386766257875
106,126,146,251.68499298599045,102.68499298599045,94.2408435886889,-946.1367124084641
107,127,147,274.8889839023443,126.88898390234431,126.44820140274624,-702.5748564976757
108,128,148,281.72098429375274,151.72098429375274,156.17275941932962,-771.7650850847563
109,129,149,298.2988211733475,146.2988211733475,140.37456316437488,-883.136574787663
110,130,150,313.76512678156814,131.76512678156814,114.68802356608057,-1095.029396966027
111,131,151,338.40755532797493,143.40755532797493,104.23500402743025,-1226.2452393199183
112,132,152,323.4648695124981,153.46486951249813,112.54038060086373,-1195.5597817301314
113,133,153,343.9022200783693,170.90222007836928,126.66768769456235,-1201.20236312923
114,134,154,343.2795672048344,159.2795672048344,115.09505293861184,-1357.7962235570835
115,135,155,327.54987613917024,132.41223431193725,92.76820120378079,-1341.892002438773
116,136,156,339.3223772644849,123.32237726448489,65.98992474325837,-1407.820810744929
117,137,157,349.8955170402887,122.89551704028872,70.30522555460766,-1407.7470166157418
118,138,158,345.5989239576761,120.5989239576761,81.81711794446142,-1421.6578343777583
119,139,159,382.6477768195889,154.6477768195889,107.41559561858003,-1436.3274557856344
120,140,160,396.3005130127301,140.689504034033,93.13966228220943,-1544.6614108442836
121,141,161,369.0717598889005,176.0717598889005,144.39958892696563,-1190.7685496931458
122,142,162,387.08277118314004,136.27141105433975,86.45123033267691,-1452.112024453491
123,143,163,426.3734310788859,190.37343107888591,118.05339301343338,-1751.7026424881465
124,144,164,340.62449535296264,175.62449535296264,118.54017508382367,-1115.2896114895143
125,145,165,335.4541846636505,149.4541846636505,103.73087769805761,-1256.106504170291
126,146,166,337.7599206303462,151.7599206303462,96.56094030747272,-1166.0839018387856
127,147,167,292.19752487710093,121.19752487710093,82.59785805170736,-1079.949333733422
128,148,168,295.8466999384434,132.8466999384434,99.48797912881446,-1063.5118669943931
129,149,169,303.45272358962666,107.45272358962666,64.77113509204469,-1186.719680445843
130,150,170,330.20078023824135,114.20078023824135,82.15626409114839,-1389.362815554564
131,151,171,319.67147653029065,108.67147653029065,69.88864885908424,-1376.489102338498
132,152,172,281.3761792347241,84.37617923472408,49.93495591364399,-1497.3782047404602
133,153,173,290.0088606221798,89.00886062217978,51.00164613367406,-1448.0644471165137
134,154,174,266.526778177486,66.526778177486,38.940838473196436,-1524.9467560699686
135,155,175,264.16849552931535,80.16849552931535,68.02131635565365,-1310.4984166570093
136,156,176,258.82539419832347,94.82539419832347,67.9339750311317,-1409.2975473549777
137,157,177,230.60557236693307,48.605572366933075,27.558312028314504,-1342.4377429780056
138,158,178,222.95778126352025,42.957781263520246,24.199570420243617,-1406.14758432268
139,159,179,231.33252011458217,60.33252011458217,40.968817989257104,-1247.413726307268
140,160,180,176.7766139539649,19.776613953964898,6.419584814632572,-1126.5589566884782
141,161,181,193.54481299990516,62.54481299990516,42.725489408795056,-875.7035349709731
142,162,182,156.35141952378513,4.351419523785125,-25.923092939641947,-922.818349218815
143,163,183,159.16590052727952,40.16590052727952,24.93467621637342,-784.6011371835184
144,164,184,169.43676332318523,53.43676332318523,34.847107158690505,-841.9319732191593
145,165,185,183.1654515467044,66.16545154670439,45.89958205379662,-760.9634069740832
146,166,186,199.60846787338528,75.60846787338528,45.7578372187952,-717.3566076167203
147,167,187,185.52242197896453,59.52242197896453,43.232149842579474,-1003.7524256469446
148,168,188,212.34417891222165,70.34417891222165,40.54287114292492,-993.7108845449065
149,169,189,202.8862977608028,62.88629776080279,38.86998863723238,-995.4361152654064
150,170,190,244.1042653199836,87.1042653199836,54.43354018110199,-1075.0046749593162
151,171,191,203.811349082815,57.81134908281501,39.43544358000736,-968.4913682651227
152,172,192,205.06864025275672,23.068640252756722,2.6560554993602636,-1252.2953915100466
153,173,193,198.5705179207573,21.57051792075731,8.747155469288145,-1238.2089975532108
154,174,194,211.25343219780643,46.25343219780643,38.39914641551468,-1134.1967902375704
155,175,195,200.55863927785572,37.55863927785572,37.592223580441896,-1208.5379774975063
156,176,196,196.46622628098612,53.46622628098612,45.929999814217126,-1254.1551354061048
157,177,197,196.5114180019741,67.5114180019741,74.83050233882454,-1031.8694294695838
158,178,198,203.84734641430168,58.84734641430168,52.70411174538526,-1126.6337536544197
159,179,199,199.12399646588347,65.12399646588347,61.907186045305934,-1176.57544110944
160,180,200,206.47873887389642,69.47873887389642,56.02970539968351,-1055.2110708706655
161,181,201,176.8925716620613,40.8925716620613,24.475668421825958,-919.6422292079064
162,182,202,202.6201580145571,73.62015801455709,46.82537412056172,-819.2886587919929
163,183,203,205.29090124481172,75.29090124481172,50.077692755719,-882.0236023820098
164,184,204,221.9543203618257,76.9543203618257,53.374779415147714,-1035.0231686010698
165,185,205,210.57493936922492,65.57493936922492,51.636717273548584,-976.830929786579
166,186,206,196.14444693408132,57.144446934081316,50.36051592697686,-797.2718052999189
167,187,207,211.71870553595022,74.71870553595022,53.00793919434068,-998.6798897851531
168,188,208,217.4848324102245,69.4848324102245,48.79042453312081,-1047.6361501512856
169,189,209,248.88086534437093,82.88086534437093,56.480630127300174,-1329.2076601967356
