Left,Mid,Right,Loss,Loss_left,Loss_right,gain,glasso
0,20,40,9402.001434622292,8206.260805223988,8151.865981637284,-6956.12535223898,17.369595165581813
1,21,41,9446.74261078491,8238.371024291057,8200.183291246663,-6991.81170475281,26.826603430412433
2,22,42,9418.405391939914,8224.890860122243,8169.702085151024,-6976.187553333353,27.175869407053142
3,23,43,9438.902272511554,8204.003215420593,8207.657872714786,-6972.7588156238235,25.413022032342724
4,24,44,9437.775144901123,8199.40411891753,8208.59959225894,-6970.228566275346,23.0371711286557
5,25,45,9445.218900175281,8182.98036119618,8223.665347242631,-6961.426808263528,20.549924189303056
6,26,46,9449.680337703456,8216.100778127093,8191.324647817784,-6957.745088241423,24.40508545920875
7,27,47,9431.251022859988,8199.863724100183,8189.140644820835,-6957.75334606103,22.45455484123886
8,28,48,9429.6197890755,8201.285075955851,8195.660820773364,-6967.3261076537165,20.268248136272177
9,29,49,9429.218146813057,8167.103665314971,8216.300022332574,-6954.185540834489,22.95225116643087
10,30,50,9420.50072985508,8157.797560378148,8209.571829340777,-6946.868659863845,28.163908438643375
11,31,51,9419.09029491423,8149.89385502136,8216.159579334562,-6946.963139441694,30.31359498796928
12,32,52,9424.276223678004,8144.445303239962,8227.626114024995,-6947.795193586953,34.23878169957061
13,33,53,9429.757027914202,8162.46021618886,8216.620097862187,-6949.323286136845,38.65276084524794
14,34,54,9447.06226662401,8193.117825460393,8219.539237600022,-6965.594796436404,33.36721513326074
15,35,55,9460.212918178939,8178.352062224705,8252.349554499497,-6970.488698545265,29.53505968826039
16,36,56,9447.59306785426,8117.210156920616,8256.847264421553,-6926.464353487907,34.87670995417011
17,37,57,9443.627300221935,8143.099137849872,8253.909727548948,-6953.3815651768855,25.202583809209045
18,38,58,9462.721053622372,8151.481958287894,8264.729124715146,-6953.490029380668,30.705756269209814
19,39,59,9448.659061076936,8121.040676901045,8264.87548928288,-6937.257105106988,35.044175685040955
20,40,60,9465.10007328105,8151.865981637284,8245.706180785222,-6932.4720891414545,34.66460472095014
21,41,61,9485.337946332285,8200.183291246663,8237.489860220332,-6952.33520513471,39.93007323812162
22,42,62,9478.295007894825,8169.702085151024,8259.035501921331,-6950.44257917753,40.312309238071975
23,43,63,9486.636651083702,8207.657872714786,8238.898298642323,-6959.919520273406,33.68914480276544
24,44,64,9489.20308851325,8208.59959225894,8229.19239198136,-6948.588895727049,33.7499635235622
25,45,65,9499.03585934282,8223.665347242631,8213.616725849008,-6938.24621374882,28.8848427812909
26,46,66,9472.292269583766,8191.324647817784,8216.835341749562,-6935.86771998358,26.006137862560536
27,47,67,9480.22658381988,8189.140644820835,8228.14404824667,-6937.058109247624,26.90997248844633
28,48,68,9489.466283198264,8195.660820773364,8240.362198106093,-6946.556735681195,28.558084915870495
29,49,69,9543.779213311436,8216.300022332574,8281.302519750838,-6953.823328771976,31.248365846936395
30,50,70,9547.876853535312,8209.571829340777,8291.596111120978,-6953.2910869264415,34.91500308208788
31,51,71,9587.507538551075,8216.159579334562,8304.155558957438,-6932.807599740925,43.320724073425026
32,52,72,9585.077044140115,8227.626114024995,8275.439010262666,-6917.988080147548,45.68051194565305
33,53,73,9603.531789295741,8216.620097862187,8280.98965989003,-6894.077968456475,56.20625334359465
34,54,74,9616.749570266864,8219.539237600022,8288.837130723505,-6891.626798056663,57.7981868367483
35,55,75,9656.041797404643,8252.349554499497,8279.625229515554,-6875.932986610409,65.83181645776176
36,56,76,9679.394584526393,8256.847264421553,8271.963262539812,-6849.415942434973,78.58545543169612
37,57,77,9660.354380547195,8253.909727548948,8266.718088957401,-6860.273435959154,72.51157794709934
38,58,78,9671.014027401805,8264.729124715146,8237.837740189938,-6831.552837503281,81.95555299224316
39,59,79,9665.765702359857,8264.87548928288,8223.049299616789,-6822.159086539812,82.86482934766946
40,60,80,9624.881779457231,8245.706180785222,8200.914700547994,-6821.7391018759845,77.09500100607193
41,61,81,9589.477325148211,8237.489860220332,8187.982805401202,-6835.995340473324,60.03399690845163
42,62,82,9591.463097768661,8259.035501921331,8171.465364684538,-6839.03776883721,61.72192039011043
43,63,83,9562.405258511537,8238.898298642323,8177.868822720149,-6854.361862850934,49.33793341821411
44,64,84,9571.817829320229,8229.19239198136,8195.601219112092,-6852.975781773224,50.06471171644989
45,65,85,9543.729758467067,8213.616725849008,8189.573574408787,-6859.46054179073,45.78570356886121
46,66,86,9556.071948279434,8216.835341749562,8188.535540570012,-6849.29893404014,51.25743219827291
47,67,87,9533.290507104659,8228.14404824667,8164.011746365732,-6858.865287507742,51.05805203937962
48,68,88,9563.681768194865,8240.362198106093,8185.336769501785,-6862.017199413012,56.87804421056944
49,69,89,9558.677566380557,8281.302519750838,8169.918764991771,-6892.5437183620525,49.18035586167025
50,70,90,9544.772706903443,8291.596111120978,8135.604940960258,-6882.428345177794,51.29324254323819
51,71,91,9531.085008253573,8304.155558957438,8106.38200062817,-6879.452551332037,43.88479884113167
52,72,92,9501.374783080013,8275.439010262666,8106.208677518177,-6880.272904700829,39.85974404784156
53,73,93,9494.035660072193,8280.98965989003,8087.4774089166085,-6874.431408734446,38.45969059256231
54,74,94,9478.230994605241,8288.837130723505,8085.087783887935,-6895.693920006199,25.1877940060117
55,75,95,9412.48081295639,8279.625229515554,8074.046482992955,-6941.190899552119,7.720739978135498
56,76,96,9388.672213444279,8271.963262539812,8065.153235198977,-6948.44428429451,3.8816962177261303
57,77,97,9370.79105855953,8266.718088957401,8056.968458536008,-6952.89548893388,2.90805493184871
58,78,98,9332.066642850352,8237.837740189938,8045.704555459972,-6951.475652799558,-12.113839585197638
59,79,99,9354.139893529686,8223.049299616789,8096.203289696578,-6965.112695783682,0.35540867453437386
60,80,100,9342.240870795786,8200.914700547994,8111.194708566831,-6969.868538319039,1.317001693293605
61,81,101,9362.688217444369,8187.982805401202,8145.502995466624,-6970.7975834234585,8.596731421789627
62,82,102,9359.195362172275,8171.465364684538,8148.477062840681,-6960.747065352945,4.725158655772248
63,83,103,9363.667533357851,8177.868822720149,8157.698516075776,-6971.899805438074,3.792917655228848
64,84,104,9372.195119037096,8195.601219112092,8142.218230739002,-6965.6243308139965,9.117242173660998
65,85,105,9379.584649035036,8189.573574408787,8156.477608421225,-6966.4665337949755,13.535046045099989
66,86,106,9407.968589377739,8188.535540570012,8177.343309824913,-6957.910261017187,19.80034961754245
67,87,107,9402.713155044199,8164.011746365732,8189.919305544335,-6951.217896865866,24.30989321863308
68,88,108,9398.15682663081,8185.336769501785,8168.20887175266,-6955.388814623635,23.064517908073867
69,89,109,9376.799904684525,8169.918764991771,8169.487533649719,-6962.606393956965,24.84241032474847
70,90,110,9377.598554770208,8135.604940960258,8186.082636945275,-6944.089023135326,33.596934367421454
71,91,111,9362.35616122131,8106.38200062817,8204.37961396133,-6948.40545336819,29.02543966647181
72,92,112,9389.478514153974,8106.208677518177,8238.96639913621,-6955.696562500414,31.42064477604754
73,93,113,9386.299421659418,8087.4774089166085,8249.43746755031,-6950.615454807501,28.860982082475857
74,94,114,9370.605860000305,8085.087783887935,8242.006356739852,-6956.488280627482,19.65259670142723
75,95,115,9354.57695264886,8074.046482992955,8235.168007006563,-6954.637537350658,18.307086336768407
76,96,116,9351.825239438873,8065.153235198977,8241.34153808333,-6954.669533843435,16.789485501023137
77,97,117,9349.872155672962,8056.968458536008,8235.74326016297,-6942.839563026017,17.000539384650892
78,98,118,9339.65454421111,8045.704555459972,8235.158202721981,-6941.208213970844,5.540451967123772
79,99,119,9354.491075301396,8096.203289696578,8195.940905365835,-6937.653119761018,14.979212637536875
80,100,120,9368.544716422231,8111.194708566831,8210.420655455606,-6953.070647600205,14.104214527609656
81,101,121,9366.187135995891,8145.502995466624,8190.077741487662,-6969.393600958394,19.921369597162993
82,102,122,9369.887724222644,8148.477062840681,8186.691444017364,-6965.2807826354,18.19576044471387
83,103,123,9371.993964816036,8157.698516075776,8189.566523564423,-6975.2710748241625,13.291471562428342
84,104,124,9357.96742950595,8142.218230739002,8187.160134145178,-6971.41093537823,16.906637642638998
85,105,125,9370.033057904728,8156.477608421225,8183.195287670306,-6969.639838186804,20.824417438367163
86,106,126,9381.457130897546,8177.343309824913,8157.8522694358635,-6953.73844836323,22.78839431337201
87,107,127,9422.17272504466,8189.919305544335,8191.028924477474,-6958.775504977148,28.461505672334624
88,108,128,9410.781977545106,8168.20887175266,8184.487942880061,-6941.9148370876155,33.17123782940325
89,109,129,9400.943870756757,8169.487533649719,8175.904336171734,-6944.447999064696,34.61575693006216
90,110,130,9405.02610595878,8186.082636945275,8155.356141984769,-6936.412672971266,35.645945823517195
91,111,131,9402.605660178426,8204.37961396133,8144.28589974027,-6946.059853523173,35.12100723229105
92,112,132,9410.13473824467,8238.96639913621,8118.908418327241,-6947.740079218782,36.277344788067694
93,113,133,9410.395498370717,8249.43746755031,8084.092685907701,-6923.134655087293,42.67931835154377
94,114,134,9408.063227778997,8242.006356739852,8092.813395298867,-6926.756524259721,35.37949287366473
95,115,135,9422.120792766158,8235.168007006563,8126.7483716995885,-6939.7955859399935,37.141593554741576
96,116,136,9422.326791318741,8241.34153808333,8120.7407813715545,-6939.755528136144,37.453886957985105
97,117,137,9434.287546582893,8235.74326016297,8143.867604272684,-6945.323317852761,36.627382314834904
98,118,138,9437.592252968305,8235.158202721981,8142.7103503242215,-6940.276300077898,37.65662962987153
99,119,139,9400.960666074618,8195.940905365835,8127.784831121584,-6922.765070412801,34.674653259801744
100,120,140,9432.484272410076,8210.420655455606,8160.98123743075,-6938.917620476279,34.77984046703659
101,121,141,9449.940108005136,8190.077741487662,8200.118585889646,-6940.2562193721715,36.78153261407306
102,122,142,9483.004106223898,8186.691444017364,8203.167496621154,-6906.85483441462,37.868486102457155
103,123,143,9490.361633909011,8189.566523564423,8214.396898785748,-6913.601788441159,46.5934777463126
104,124,144,9509.758426586295,8187.160134145178,8229.819061129769,-6907.220768688652,55.14678936589007
105,125,145,9502.052145602298,8183.195287670306,8223.094769197969,-6904.237911265976,54.609375562924924
106,126,146,9499.168673208835,8157.8522694358635,8235.352090707596,-6894.035686934625,54.32233879551359
107,127,147,9509.643657165789,8191.028924477474,8202.414125149977,-6883.799392461662,56.362666744609214
108,128,148,9523.60316186718,8184.487942880061,8216.765956856652,-6877.650737869535,57.65353711061425
109,129,149,9542.181672869272,8175.904336171734,8228.761060351155,-6862.483723653619,61.707212024558885
110,130,150,9530.124879305928,8155.356141984769,8236.742106604079,-6861.973369282921,57.27875365990212
111,131,151,9517.183886875482,8144.28589974027,8237.770318886734,-6864.872331751521,53.14039534876065
112,132,152,9564.099954503145,8118.908418327241,8294.528860832832,-6849.337324656928,68.78413177459515
113,133,153,9550.296734145673,8084.092685907701,8296.224829905366,-6830.020781667394,68.21155818423813
114,134,154,9541.534662156133,8092.813395298867,8290.318489634748,-6841.597222777484,65.2477275312367
115,135,155,9553.70474475492,8126.7483716995885,8260.893219936965,-6833.936846881632,69.97610449699914
116,136,156,9548.034664826464,8120.7407813715545,8249.338573727793,-6822.044690272884,70.92355951029094
117,137,157,9553.381526475416,8143.867604272684,8230.265055476784,-6820.751133274052,65.92195182529667
118,138,158,9574.235783991382,8142.7103503242215,8230.984443897396,-6799.459010230235,74.55762928760714
119,139,159,9544.5708792459,8127.784831121584,8206.160298384142,-6789.374250259825,70.87522111533599
120,140,160,9528.603153346774,8160.98123743075,8184.295748936054,-6816.67383302003,57.27043923857218
121,141,161,9538.365826216363,8200.118585889646,8148.782455478279,-6810.535215151562,63.42636604627978
122,142,162,9530.59256228212,8203.167496621154,8134.663111470645,-6807.2380458096795,52.86324899636065
123,143,163,9508.605171083915,8214.396898785748,8091.230042826151,-6797.021770527985,61.50146807916144
124,144,164,9516.216367306877,8229.819061129769,8106.012612412898,-6819.61530623579,55.25569515167126
125,145,165,9527.950131290492,8223.094769197969,8115.773307946731,-6810.917945854208,59.89414295894767
126,146,166,9520.062097766353,8235.352090707596,8117.112087733949,-6832.402080675192,50.12783666465293
127,147,167,9476.949451011742,8202.414125149977,8127.067387879902,-6852.532062018136,21.76793139431811
128,148,168,9479.41469767592,8216.765956856652,8137.53182371814,-6874.883082898872,23.479811441109632
129,149,169,9496.317192955335,8228.761060351155,8144.348643537416,-6876.7925109332355,30.541126645773602
130,150,170,9487.090111766056,8236.742106604079,8146.032164517769,-6895.684159355793,24.12198728539488
131,151,171,9501.71860444242,8237.770318886734,8169.5823836058225,-6905.634098050137,21.567888403841152
132,152,172,9493.23115076956,8294.528860832832,8091.520945377724,-6892.818655440995,18.476991589308
133,153,173,9495.062083454148,8296.224829905366,8094.183244389884,-6895.345990841102,21.833586434138397
134,154,174,9472.214707023479,8290.318489634748,8090.630913273596,-6908.734695884865,11.154671427051653
135,155,175,9469.608290381639,8260.893219936965,8121.515859308318,-6912.800788863644,25.643791099880673
136,156,176,9448.695502285314,8249.338573727793,8133.573362282953,-6934.216433725433,20.355330050589146
137,157,177,9440.02088306058,8230.265055476784,8156.525776372439,-6946.769948788642,10.82378588957863
138,158,178,9429.988976359053,8230.984443897396,8120.637711634388,-6921.633179172732,10.930918440214555
139,159,179,9406.266613036303,8206.160298384142,8138.191911480865,-6938.085596828703,4.913300259250718
140,160,180,9380.28163142861,8184.295748936054,8149.334968388525,-6953.34908589597,3.253459700395524
141,161,181,9405.17506414722,8148.782455478279,8200.521657878046,-6944.129049209103,22.619160470202587
142,162,182,9397.296599293353,8134.663111470645,8205.771996114012,-6943.138508291304,26.297150152063296
143,163,183,9387.939746285076,8091.230042826151,8232.937443046558,-6936.227739587634,24.251525885830233
144,164,184,9410.456621826517,8106.012612412898,8243.455064707663,-6939.011055294044,24.560214564944545
145,165,185,9412.200151363839,8115.773307946731,8212.101739824795,-6915.674896407687,29.799309997869386
146,166,186,9413.491358722771,8117.112087733949,8220.988547884106,-6924.609276895284,21.92500735111298
147,167,187,9399.091669074875,8127.067387879902,8208.435344505282,-6936.411063310308,12.778042023500802
148,168,188,9404.161239647388,8137.53182371814,8206.138649599947,-6939.509233670698,17.719388175192307
149,169,189,9397.659472422853,8144.348643537416,8182.925590991866,-6929.61476210643,24.845383860179936
150,170,190,9402.203541998051,8146.032164517769,8179.1646505265635,-6922.993273046281,28.225398928165305
151,171,191,9417.293819302478,8169.5823836058225,8179.1598022697935,-6931.448366573139,27.3281324417203
152,172,192,9377.701349040968,8091.520945377724,8210.988193225288,-6924.8077895620445,10.927174315979755
153,173,193,9383.50913499455,8094.183244389884,8195.792765348093,-6906.466874743426,20.799387260914955
154,174,194,9381.274059241076,8090.630913273596,8199.140422543032,-6908.497276575554,17.405385103012577
155,175,195,9394.407465279513,8121.515859308318,8182.704361902863,-6909.812755931667,37.78307962723511
156,176,196,9401.765234386112,8133.573362282953,8193.320854452648,-6925.128982349488,37.159078589296314
157,177,197,9422.705007757915,8156.525776372439,8194.824674691288,-6928.645443305813,38.61208864501032
158,178,198,9424.551985939555,8120.637711634388,8204.922689467356,-6901.008415162189,35.95375733225637
159,179,199,9446.457237348068,8138.191911480865,8228.144787429388,-6919.879461562186,31.972640236548614
160,180,200,9445.348192363752,8149.334968388525,8219.58503812578,-6923.571814150553,33.81832772490907
161,181,201,9452.102161902969,8200.521657878046,8217.947429996151,-6966.366925971228,31.438277408198246
162,182,202,9463.420126751,8205.771996114012,8235.489538924496,-6977.84140828751,33.150154508405194
163,183,203,9482.266044281325,8232.937443046558,8249.701072996964,-7000.372471762199,29.95616712108631
164,184,204,9471.050216044698,8243.455064707663,8238.492741966176,-7010.89759062914,21.023225650665154
165,185,205,9459.399720581943,8212.101739824795,8245.263059439625,-6997.965078682475,18.87789405434978
166,186,206,9455.435484170219,8220.988547884106,8231.52531830474,-6997.07838201863,15.24939400094081
167,187,207,9460.894806692568,8208.435344505282,8245.546328816421,-6993.0868666291335,20.687674502485606
168,188,208,9466.2999196631,8206.138649599947,8244.96271431422,-6984.801444251067,19.56772383779571
169,189,209,9453.145085673326,8182.925590991866,8246.931220983059,-6976.711726301599,23.312171015632885
