Left,Mid,Right,Loss,Loss_left,Loss_right,gain,glasso
0,20,40,9372.574605699836,8167.694200764161,8178.655445812465,-6973.77504087679,20.544053458376766
1,21,41,9396.170317714481,8175.90818924235,8209.294951582557,-6989.032823110425,21.21475047178228
2,22,42,9417.352965046646,8195.283369957271,8212.580047151943,-6990.510452062566,23.217817825643124
3,23,43,9393.669831479692,8182.023485144156,8205.6904259226,-6994.044079587064,16.790633879576035
4,24,44,9385.045199545042,8175.021687932521,8203.29817708345,-6993.27466547093,17.004563553598018
5,25,45,9387.665956488336,8182.990785452525,8196.368184913057,-6991.693013877246,14.121359392844624
6,26,46,9386.978422190621,8177.467419699874,8191.773687038589,-6982.262684547843,11.40085678074638
7,27,47,9385.53685001345,8199.39461079793,8172.106605544865,-6985.964366329345,7.5520974890705475
8,28,48,9399.764313926538,8201.334253831661,8187.750581782869,-6989.320521687991,12.181251327938753
9,29,49,9393.195130967406,8191.306654645441,8178.664089662803,-6976.775613340838,18.351505550072943
10,30,50,9398.027380920666,8204.99597044417,8173.497699298685,-6980.466288822188,14.353579198263105
11,31,51,9408.746331257036,8207.455317771059,8181.746281588534,-6980.455268102556,17.263248932692477
12,32,52,9403.946047235408,8203.489848305491,8172.077835156124,-6971.621636226208,14.544293040980392
13,33,53,9398.025064718711,8208.592366294037,8169.789774788117,-6980.357076363443,13.183017833085614
14,34,54,9388.07873385648,8192.36830913368,8169.762587059741,-6974.052162336942,-18.250771482809796
15,35,55,9382.339089181001,8198.029570748844,8162.067727855524,-6977.758209423366,-30.42031767273329
16,36,56,9374.878652643401,8200.691439133723,8152.231179497301,-6978.043965987623,6.262503954912518
17,37,57,9376.45457138399,8192.940692847114,8161.979740938181,-6978.465862401305,10.837378465218535
18,38,58,9382.911052302748,8184.31560391241,8178.989240554143,-6980.393792163804,19.106456187331787
19,39,59,9379.328389270433,8184.930349742797,8171.556178887515,-6977.158139359879,12.505035380926074
20,40,60,9371.230629772184,8178.655445812465,8168.9105442780065,-6976.335360318288,23.291035222891423
21,41,61,9390.516828664346,8209.294951582557,8163.099554783923,-6981.877677702134,27.353240705973803
22,42,62,9384.088250376553,8212.580047151943,8152.73264867965,-6981.22444545504,25.520896601197364
23,43,63,9379.684265727767,8205.6904259226,8158.335273194808,-6984.34143338964,23.4366350963719
24,44,64,9393.431084613709,8203.29817708345,8169.1674419447845,-6979.034534414526,23.98946128474654
25,45,65,9408.391574032157,8196.368184913057,8177.406286588894,-6965.3828974697935,24.51094649062361
26,46,66,9417.415389704825,8191.773687038589,8174.813315642579,-6949.171612976343,31.097715498452544
27,47,67,9392.960815715134,8172.106605544865,8152.681860561341,-6931.827650391071,17.973107036517376
28,48,68,9408.272154426855,8187.750581782869,8149.747584066137,-6929.226011422152,23.28347813933169
29,49,69,9413.306867223599,8178.664089662803,8156.01986360327,-6921.377086042476,19.620447237305598
30,50,70,9430.141448502276,8173.497699298685,8169.802376641024,-6913.158627437433,20.742350033567163
31,51,71,9414.276440385183,8181.746281588534,8126.287021041115,-6893.756862244465,25.083229261907036
32,52,72,9424.802407247449,8172.077835156124,8132.660414789959,-6879.935842698635,23.348177954277162
33,53,73,9416.660124772034,8169.789774788117,8129.386369120306,-6882.516019136388,21.801075929305625
34,54,74,9427.206727119137,8169.762587059741,8142.201066108755,-6884.756926049358,29.70661277559111
35,55,75,9415.793049823988,8162.067727855524,8150.060860879499,-6896.335538911037,14.192311982544652
36,56,76,9408.68946872526,8152.231179497301,8152.871230089288,-6896.412940861328,9.743984267255655
37,57,77,9430.678449984378,8161.979740938181,8147.083685076434,-6878.384976030236,22.854666209140305
38,58,78,9434.759958352613,8178.989240554143,8131.352896508611,-6875.582178710141,30.286629083249863
39,59,79,9437.21817457215,8171.556178887515,8135.664657666835,-6870.0026619822,30.24789750168975
40,60,80,9432.266899446558,8168.9105442780065,8135.276925606415,-6871.920570437864,25.012285121374134
41,61,81,9403.87823691918,8163.099554783923,8121.695134990912,-6880.916452855656,19.2006618809246
42,62,82,9391.521827089582,8152.73264867965,8137.770336793537,-6898.981158383605,11.205258820743438
43,63,83,9397.86548287144,8158.335273194808,8136.974595190727,-6897.444385514094,8.294358837616983
44,64,84,9394.009590460304,8169.1674419447845,8130.4784355903175,-6905.636287074798,11.208009137753834
45,65,85,9408.992810462609,8177.406286588894,8135.903743215653,-6904.317219341938,12.704322548069285
46,66,86,9424.468143716094,8174.813315642579,8155.507982753625,-6905.85315468011,9.184840181736035
47,67,87,9416.687824080429,8152.681860561341,8154.114289630407,-6890.10832611132,6.9903680504903605
48,68,88,9388.89586519084,8149.747584066137,8147.566747280639,-6908.4184661559375,4.408909696592673
49,69,89,9394.883286240578,8156.01986360327,8162.155548479001,-6923.292125841692,8.233488978045898
50,70,90,9415.94285432783,8169.802376641024,8161.519543443745,-6915.379065756939,11.758368149418402
51,71,91,9384.259424294174,8126.287021041115,8175.445577231121,-6917.473173978062,10.309950989075332
52,72,92,9378.330841986946,8132.660414789959,8166.7759823773995,-6921.105555180413,7.387543106654448
53,73,93,9367.797656263545,8129.386369120306,8167.541774459669,-6929.13048731643,5.326252607776496
54,74,94,9369.663592110548,8142.201066108755,8158.781008328165,-6931.318482326373,-9.927644439992036
55,75,95,9365.756016187728,8150.060860879499,8163.975117553098,-6948.279962244869,-0.5699241010661353
56,76,96,9355.950926044334,8152.871230089288,8153.248825075658,-6950.169129120612,-3.2059933533964795
57,77,97,9343.940849406168,8147.083685076434,8148.800075244776,-6951.942910915042,-2.155194263512385
58,78,98,9325.294039359866,8131.352896508611,8150.351901546261,-6956.410758695005,-1.448915774359648
59,79,99,9321.61991793851,8135.664657666835,8134.851506539661,-6948.8962462679865,0.8545439086874467
60,80,100,9330.803007036677,8135.276925606415,8145.764844752282,-6950.2387633220205,8.119460035569773
61,81,101,9327.043542959504,8121.695134990912,8152.567194059645,-6947.218786091054,9.331346309600576
62,82,102,9330.621887997251,8137.770336793537,8143.499270943123,-6950.647719739409,11.093045534330486
63,83,103,9329.963567709086,8136.974595190727,8147.605238539525,-6954.616266021165,9.468570378561253
64,84,104,9325.880433682889,8130.4784355903175,8131.8366293973095,-6936.434631304737,12.305852191873782
65,85,105,9307.229090661358,8135.903743215653,8105.894479638111,-6934.569132192406,13.129895860404304
66,86,106,9317.277798340714,8155.507982753625,8115.724454515723,-6953.954638928633,3.8338481499354202
67,87,107,9308.36414142785,8154.114289630407,8097.744969816849,-6943.4951180194075,7.457694360353344
68,88,108,9310.79722553051,8147.566747280639,8111.660573396409,-6948.4300951465375,8.975770659390946
69,89,109,9316.892883619967,8162.155548479001,8110.58803208946,-6955.850696948495,8.518860177192437
70,90,110,9289.549911473794,8161.519543443745,8084.182517951694,-6956.152149921643,-5.828575058656497
71,91,111,9283.430295716915,8175.445577231121,8058.4641214689145,-6950.479402983121,-11.249362544853284
72,92,112,9260.262404701847,8166.7759823773995,8064.184097654708,-6970.697675330261,-3.603614558486697
73,93,113,9320.941148119095,8167.541774459669,8132.071147744168,-6978.671774084742,7.131942156597688
74,94,114,9312.633792679135,8158.781008328165,8138.223910709732,-6984.371126358761,12.423950159632113
75,95,115,9327.304594416491,8163.975117553098,8136.74890016495,-6973.419423301557,-7.441716099698169
76,96,116,9330.816328696725,8153.248825075658,8151.3858168773295,-6973.818313256263,9.83925195568645
77,97,117,9311.195497056588,8148.800075244776,8141.898635299291,-6979.50321348748,6.032574418029526
78,98,118,9311.1434993612,8150.351901546261,8144.0267394014645,-6983.235141586525,5.008207621447582
79,99,119,9282.72522710582,8134.851506539661,8130.334751183739,-6982.46103061758,-1.750632166268133
80,100,120,9282.704332291854,8145.764844752282,8124.65957979421,-6987.720092254638,1.7181446149324984
81,101,121,9288.677630581391,8152.567194059645,8131.004994636603,-6994.894558114858,-2.6251452495644116
82,102,122,9282.57910848543,8143.499270943123,8134.800458288539,-6995.720620746231,-1.094835293019969
83,103,123,9300.228467396893,8147.605238539525,8140.039285808252,-6987.416056950884,7.578461647281529
84,104,124,9289.947683751285,8131.8366293973095,8141.963048760324,-6983.851994406348,6.328824078548678
85,105,125,9276.93496802124,8105.894479638111,8147.191383671259,-6976.15089528813,12.58133839781567
86,106,126,9274.602670654504,8115.724454515723,8136.106893023178,-6977.228676884397,11.311471215740312
87,107,127,9265.888155101919,8097.744969816849,8144.593369266752,-6976.450183981684,12.328351206932439
88,108,128,9277.127765830402,8111.660573396409,8133.597522582696,-6968.130330148702,15.254955888776294
89,109,129,9273.752728050971,8110.58803208946,8156.571081446344,-6993.406385484832,4.377979622004204
90,110,130,9251.296908252374,8084.182517951694,8157.230976552266,-6990.1165862515845,2.206094506639147
91,111,131,9236.920978335365,8058.4641214689145,8166.216946869579,-6987.760090003128,-12.626938477045314
92,112,132,9264.6329811712,8064.184097654708,8174.845265492371,-6974.396381975879,2.568097293602932
93,113,133,9278.59773713733,8132.071147744168,8093.010178419936,-6946.483589026775,20.600991524848723
94,114,134,9289.190896158478,8138.223910709732,8119.3591069661925,-6968.392121517447,16.484845261869395
95,115,135,9297.458858368569,8136.74890016495,8120.337468559266,-6959.627510355647,42.570749876448644
96,116,136,9319.857110948316,8151.3858168773295,8122.958962204458,-6954.487668133472,23.694379662515985
97,117,137,9316.207940888919,8141.898635299291,8151.38509298601,-6977.075787396381,14.619884436244774
98,118,138,9316.576992162542,8144.0267394014645,8131.403153201616,-6958.852900440539,21.210265328276364
99,119,139,9326.905490697283,8130.334751183739,8143.070650257399,-6946.499910743854,26.18686219364963
100,120,140,9314.738350196889,8124.65957979421,8143.76187677145,-6953.683106368771,24.90800184937416
101,121,141,9328.268910740073,8131.004994636603,8161.264513478674,-6964.000597375205,21.631134806191312
102,122,142,9343.529632250693,8134.800458288539,8166.789542330543,-6958.060368368389,22.517863388806745
103,123,143,9340.498242044625,8140.039285808252,8159.416481315473,-6958.9575250791,24.0379904504598
104,124,144,9363.81123868611,8141.963048760324,8179.081053681885,-6957.2328637561,24.12266322299547
105,125,145,9365.521742869701,8147.191383671259,8180.488337182882,-6962.15797798444,22.364671417768477
106,126,146,9377.111321053697,8136.106893023178,8187.686712103848,-6946.682284073329,23.873779361035304
107,127,147,9392.409705760494,8144.593369266752,8196.574583614383,-6948.758247120642,21.26003539985004
108,128,148,9382.322179461957,8133.597522582696,8182.583394593141,-6933.858737713879,21.10618795722212
109,129,149,9407.901152892751,8156.571081446344,8204.983278852422,-6953.653207406014,17.889615534009863
110,130,150,9403.98719363915,8157.230976552266,8183.454364715986,-6936.698147629102,24.29492191720783
111,131,151,9415.194912724914,8166.216946869579,8178.213044440412,-6929.235078585078,25.47574209639606
112,132,152,9421.521553833245,8174.845265492371,8166.991336226292,-6920.315047885419,20.990264049461985
113,133,153,9375.689151007753,8093.010178419936,8168.688426113806,-6886.009453525989,18.05457362319612
114,134,154,9375.625218574494,8119.3591069661925,8138.87935550946,-6882.613243901158,5.71745391120885
115,135,155,9389.59520174088,8120.337468559266,8144.768144561354,-6875.510411379741,5.657963791230031
116,136,156,9406.165790310635,8122.958962204458,8162.608293949179,-6879.401465843002,12.730556951834387
117,137,157,9412.05418785914,8151.38509298601,8136.023496344169,-6875.354401471039,17.58909823173235
118,138,158,9399.99959998599,8131.403153201616,8140.6262454526905,-6872.029798668318,13.499930424405193
119,139,159,9409.384146379782,8143.070650257399,8132.15615165083,-6865.842655528448,10.83752664817166
120,140,160,9409.864179360999,8143.76187677145,8117.972920382901,-6851.870617793353,7.727689512602865
121,141,161,9414.16619977881,8161.264513478674,8120.506258508365,-6867.604572208229,2.0778692017279354
122,142,162,9415.022730972714,8166.789542330543,8111.3539310262595,-6863.120742384088,6.911160509056117
123,143,163,9399.830422254952,8159.416481315473,8109.938484136982,-6869.524543197502,3.186510136605648
124,144,164,9406.86896463488,8179.081053681885,8115.214351224702,-6887.426440271709,4.578046477520729
125,145,165,9420.750814541036,8180.488337182882,8136.4873886111,-6896.224911252946,11.512794153508821
126,146,166,9425.665173452127,8187.686712103848,8145.087111578456,-6907.108650230175,12.248676893122138
127,147,167,9435.814581121596,8196.574583614383,8141.495077466387,-6902.255079959174,18.10434488738565
128,148,168,9428.761334274872,8182.583394593141,8153.740746762404,-6907.562807080672,18.66454549616674
129,149,169,9434.57616352275,8204.983278852422,8147.977614993297,-6918.384730322969,16.993613591007033
130,150,170,9412.676738615273,8183.454364715986,8151.390951859076,-6922.168577959788,14.97078973129419
131,151,171,9421.717788811799,8178.213044440412,8157.642450673395,-6914.137706302008,22.55242726008919
132,152,172,9405.023827001964,8166.991336226292,8150.875688196256,-6912.843197420585,21.87587000450094
133,153,173,9413.940925828552,8168.688426113806,8159.041908977046,-6913.789409262299,20.313362659969243
134,154,174,9376.617689003258,8138.87935550946,8155.607721972905,-6917.869388479106,18.905273354168912
135,155,175,9375.973667483315,8144.768144561354,8151.530119233755,-6920.324596311795,17.016646254709485
136,156,176,9380.36125917409,8162.608293949179,8142.582114212342,-6924.829148987432,20.025837572923137
137,157,177,9357.36174728975,8136.023496344169,8149.664358667443,-6928.326107721863,23.124461873793734
138,158,178,9356.733507633106,8140.6262454526905,8160.884579167237,-6944.7773169868215,19.38544665569816
139,159,179,9350.127714189784,8132.15615165083,8157.002968142693,-6939.031405603739,23.10621367751355
140,160,180,9347.157037482615,8117.972920382901,8157.318645405003,-6928.134528305289,10.482780122990334
141,161,181,9344.287368228284,8120.506258508365,8166.743004164133,-6942.961894444214,36.02246702428101
142,162,182,9330.731142793025,8111.3539310262595,8163.483915520835,-6944.106703754069,22.9480708237852
143,163,183,9330.061124760019,8109.938484136982,8172.544995677091,-6952.422355054054,22.138228442178843
144,164,184,9315.239761152567,8115.214351224702,8160.500984012171,-6960.475574084307,14.833087399187662
145,165,185,9317.416668842023,8136.4873886111,8146.316239926916,-6965.386959695992,20.54084939322911
146,166,186,9343.842693318678,8145.087111578456,8163.698721833081,-6964.943140092859,8.033009780950124
147,167,187,9351.884016042295,8141.495077466387,8167.054090506566,-6956.665151930658,8.02493156208493
148,168,188,9377.065329284444,8153.740746762404,8169.816329327145,-6946.491746805106,17.388836365397765
149,169,189,9385.96360521274,8147.977614993297,8185.643274064776,-6947.657283845332,15.587106850172404
150,170,190,9405.351651789913,8151.390951859076,8197.040432488204,-6943.079732557368,23.184458324442403
151,171,191,9421.69907688615,8157.642450673395,8215.89794976518,-6951.841323552424,27.24587573046574
152,172,192,9413.794933454483,8150.875688196256,8205.542542276879,-6942.623297018652,26.81829018130611
153,173,193,9416.278085894615,8159.041908977046,8199.608244133311,-6942.3720672157415,26.876670996749453
154,174,194,9413.726238780955,8155.607721972905,8198.745491757056,-6940.626974949006,28.87721336904542
155,175,195,9405.407376067862,8151.530119233755,8196.07362316735,-6942.196366333243,29.81367029197463
156,176,196,9417.714047367223,8142.582114212342,8241.726957367597,-6966.595024212718,16.4304315562149
157,177,197,9417.803287480092,8149.664358667443,8230.167720672001,-6962.028791859353,23.95809079447099
158,178,198,9430.249561858693,8160.884579167237,8225.465644239412,-6956.100661547955,30.233292665033332
159,179,199,9425.801957113646,8157.002968142693,8221.662218102661,-6952.863229131708,35.63458923229473
160,180,200,9430.149770046733,8157.318645405003,8216.029428818274,-6943.198304176543,28.92071762138312
161,181,201,9434.687775663107,8166.743004164133,8209.062627607002,-6941.117856108027,10.004070057721037
162,182,202,9437.661574156224,8163.483915520835,8220.017191714189,-6945.839533078801,22.966130349945615
163,183,203,9445.234866240517,8172.544995677091,8227.604305933517,-6954.91443537009,20.59427353763931
164,184,204,9444.116348036674,8160.500984012171,8235.345948646562,-6951.730584622059,16.660445035387966
165,185,205,9447.387526656006,8146.316239926916,8230.759310344398,-6929.688023615308,23.123979323918775
166,186,206,9453.075760272945,8163.698721833081,8229.237572206363,-6939.860533766498,37.82817970165979
167,187,207,9446.14568128203,8167.054090506566,8221.562828010421,-6942.471237234955,37.139606440196985
168,188,208,9450.346328496205,8169.816329327145,8217.445861357402,-6936.91586218834,38.0427995557875
169,189,209,9456.470236394978,8185.643274064776,8218.390016694277,-6947.563054364075,28.19109231219636
