Left,Mid,Right,Loss,Loss_left,Loss_right,gain,glasso
0,20,40,9352.70659689468,8028.637929677665,8212.606900995796,-6888.53823377878,26.584053276943905
1,21,41,9341.575313624597,8040.135546442113,8190.472419048889,-6889.032651866406,21.507522000171775
2,22,42,9355.937984800663,8061.141455372423,8187.875774653595,-6893.079245225354,23.317577874080598
3,23,43,9364.428337447209,8109.465955829064,8163.991119311339,-6909.028737693194,21.18754511124189
4,24,44,9365.385068801867,8168.0220458978765,8090.736624047581,-6893.373601143592,18.658823366704382
5,25,45,9358.535064552867,8177.742397283461,8070.894799184443,-6890.102131915039,2.3837100646933322
6,26,46,9369.111678000047,8183.198781299299,8077.197463103768,-6891.284566403021,11.353048855737597
7,27,47,9377.122058591074,8204.174865430683,8035.322117572479,-6862.374924412088,9.149271750094613
8,28,48,9377.28590993008,8204.045240056685,8021.430365317554,-6848.189695444158,21.570569058897945
9,29,49,9405.597833633881,8230.002903227154,8045.110645787154,-6869.515715380427,27.046853189845933
10,30,50,9420.935317225349,8242.025213645813,8069.874534130307,-6890.964430550772,36.39738559258694
11,31,51,9416.305015363956,8259.231160881163,8078.244919670336,-6921.171065187544,37.42980855786891
12,32,52,9415.752880705788,8264.052327765112,8089.508159023506,-6937.80760608283,42.47627827849192
13,33,53,9411.342027470704,8261.69581141108,8093.199098017384,-6943.552881957761,41.783669786783776
14,34,54,9442.856516501137,8262.840884667652,8150.6219257097455,-6970.606293876261,34.89598221176857
15,35,55,9440.545397203497,8249.460290573134,8162.78784500463,-6971.702738374266,32.622352416663944
16,36,56,9435.614122491086,8242.731217710992,8149.490375420835,-6956.607470640742,30.220322738723553
17,37,57,9458.782032971383,8238.231328434395,8162.109189088587,-6941.558484551599,35.45969960709408
18,38,58,9450.13382898846,8221.173897677034,8169.189162370672,-6940.229231059244,34.79591829325955
19,39,59,9440.653890361387,8223.945090106168,8163.261834949031,-6946.553034693814,31.07278944958307
20,40,60,9435.089337062598,8212.606900995796,8169.769267020103,-6947.2868309533005,31.780598572602685
21,41,61,9432.408672944268,8190.472419048889,8178.899755753546,-6936.963501858167,26.867605761807226
22,42,62,9426.583061563106,8187.875774653595,8179.588690672952,-6940.88140376344,26.06754734727656
23,43,63,9479.417509852508,8163.991119311339,8239.217338273525,-6923.790947732356,32.75789499317216
24,44,64,9432.153025753214,8090.736624047581,8243.592438393915,-6902.176036688281,9.707111407507
25,45,65,9426.562966131078,8070.894799184443,8249.856461275083,-6894.188294328449,-9.70137727219526
26,46,66,9437.618923610356,8077.197463103768,8252.159498677516,-6891.738038170928,-4.181728120715434
27,47,67,9429.522157229525,8035.322117572479,8251.08355426757,-6856.883514610525,-7.840397011134428
28,48,68,9413.153342862486,8021.430365317554,8247.350997832384,-6855.628020287451,-1.366977793884871
29,49,69,9431.304567502175,8045.110645787154,8219.678549870117,-6833.484628155096,19.241914484142853
30,50,70,9434.453483297882,8069.874534130307,8216.745055181156,-6852.166106013581,28.45678462461092
31,51,71,9431.434294190036,8078.244919670336,8224.673336525646,-6871.4839620059465,35.49700233531712
32,52,72,9445.179860355367,8089.508159023506,8236.892116800245,-6881.220415468384,40.596491584724845
33,53,73,9439.599737197732,8093.199098017384,8220.941097815607,-6874.54045863526,43.85946020017491
34,54,74,9457.599018717281,8150.6219257097455,8190.767277553178,-6883.790184545642,29.576744356546897
35,55,75,9474.978583927703,8162.78784500463,8161.11904712907,-6848.928308205997,39.091954061455
36,56,76,9447.999265343924,8149.490375420835,8152.49072432134,-6853.9818343982515,31.473652019970814
37,57,77,9431.949032276716,8162.109189088587,8087.330961349753,-6817.491118161624,39.915222618508324
38,58,78,9446.550814031572,8169.189162370672,8100.401553791673,-6823.039902130773,51.62662016569266
39,59,79,9455.99572714197,8163.261834949031,8096.766293000104,-6804.032400807166,53.527923456894314
40,60,80,9457.544828035057,8169.769267020103,8099.122774636069,-6811.347213621115,54.34977584827948
41,61,81,9473.421982196527,8178.899755753546,8119.4460707456765,-6824.923844302695,57.67413236996799
42,62,82,9479.25748228305,8179.588690672952,8142.70322322497,-6843.034431614873,50.710195323344124
43,63,83,9492.899983356237,8239.217338273525,8085.691584964081,-6832.008939881369,46.96035215749498
44,64,84,9508.688403793265,8243.592438393915,8093.25620172174,-6828.16023632239,48.624309611714125
45,65,85,9519.810224377741,8249.856461275083,8102.997706017262,-6833.0439429146045,50.91818777179196
46,66,86,9544.436682233027,8252.159498677516,8120.491095923551,-6828.213912368041,50.14478994318097
47,67,87,9508.71599553389,8251.08355426757,8117.341520787841,-6859.709079521521,44.17747091607043
48,68,88,9501.454662818373,8247.350997832384,8123.922452370479,-6869.818787384489,41.737697602110075
49,69,89,9440.846325856983,8219.678549870117,8106.196580669581,-6885.028804682715,31.712805201281753
50,70,90,9436.310019829714,8216.745055181156,8115.329034976949,-6895.7640703283905,29.53943863594168
51,71,91,9436.2860308184,8224.673336525646,8110.676757433421,-6899.064063140666,29.63841747340348
52,72,92,9502.128347275404,8236.892116800245,8194.547777104814,-6929.311546629655,38.49594413779778
53,73,93,9508.96709016572,8220.941097815607,8223.325898565443,-6935.2999062153285,38.926177494615786
54,74,94,9491.898913353532,8190.767277553178,8233.778617863447,-6932.646982063092,28.501480620685015
55,75,95,9473.064466911486,8161.11904712907,8237.132716870332,-6925.187297087918,37.277975384992715
56,76,96,9469.609035825608,8152.49072432134,8249.340993996517,-6932.222682492251,36.411869365831535
57,77,97,9427.915282052458,8087.330961349753,8256.004045582673,-6915.419724879968,36.266455151139326
58,78,98,9438.8908958021,8100.401553791673,8263.809792374024,-6925.320450363597,44.541254165417286
59,79,99,9437.386365397566,8096.766293000104,8281.00066920058,-6940.380596803119,40.59359934605709
60,80,100,9439.194270554457,8099.122774636069,8289.448296280269,-6949.3768003618825,40.22148281915179
61,81,101,9435.207572588333,8119.4460707456765,8275.637355201341,-6959.875853358684,39.04152056995781
62,82,102,9432.638515964074,8142.70322322497,8269.733557843294,-6979.798265104189,35.92808984600106
63,83,103,9412.399655258343,8085.691584964081,8267.792238411157,-6941.084168116895,35.98683087503878
64,84,104,9410.450604488931,8093.25620172174,8250.65076337763,-6933.456360610438,43.04008006061986
65,85,105,9421.49441927594,8102.997706017262,8249.237373766126,-6930.740660507448,49.705584814493704
66,86,106,9421.400162944581,8120.491095923551,8244.083295395623,-6943.174228374593,49.38118721512501
67,87,107,9424.564722319745,8117.341520787841,8252.415081225356,-6945.1918796934515,48.45006196961231
68,88,108,9427.657672432893,8123.922452370479,8247.193200671774,-6943.457980609359,57.61054765390463
69,89,109,9415.202834340915,8106.196580669581,8243.619748259729,-6934.613494588395,52.86078604876229
70,90,110,9433.186042569092,8115.329034976949,8241.049219408398,-6923.192211816255,57.27610631277503
71,91,111,9436.110176617358,8110.676757433421,8231.214837468398,-6905.781418284461,61.90284560454347
72,92,112,9432.516214675134,8194.547777104814,8141.84366052103,-6903.87522295071,61.79535442380438
73,93,113,9429.92539293741,8223.325898565443,8094.979352100661,-6888.379857728694,63.03031027256202
74,94,114,9421.733035080371,8233.778617863447,8070.029861579422,-6882.075444362497,67.48217850521814
75,95,115,9411.571829813576,8237.132716870332,8070.686874566334,-6896.24776162309,65.69598210170261
76,96,116,9423.17978016144,8249.340993996517,8085.23793985952,-6911.399153694598,56.82527790630502
77,97,117,9424.537014384858,8256.004045582673,8075.500695427688,-6906.967726625504,56.6728508939882
78,98,118,9436.655221758157,8263.809792374024,8076.652278629221,-6903.8068492450875,66.2776389908845
79,99,119,9428.364231876147,8281.00066920058,8076.594877838383,-6929.231315162817,54.021251290346754
80,100,120,9448.167538948619,8289.448296280269,8094.862115249942,-6936.142872581593,46.116300845218575
81,101,121,9466.379199035382,8275.637355201341,8148.237275782588,-6957.495431948548,42.95573105773974
82,102,122,9469.987341645065,8269.733557843294,8168.7180018623585,-6968.464218060588,32.326199966381864
83,103,123,9492.129611227043,8267.792238411157,8205.502581277888,-6981.165208462,38.632072217943005
84,104,124,9488.307566861096,8250.65076337763,8223.393546283205,-6985.73674279974,39.480802531648806
85,105,125,9483.632737511381,8249.237373766126,8231.873227929302,-6997.477864184048,35.536326010084395
86,106,126,9468.530109290976,8244.083295395623,8215.411502193156,-6990.964688297801,33.51823584229169
87,107,127,9500.122654368446,8252.415081225356,8249.997231533918,-7002.28965839083,40.106488565063955
88,108,128,9489.769498417094,8247.193200671774,8247.326195394142,-7004.749897648822,44.2377333101349
89,109,129,9497.349866992117,8243.619748259729,8243.386543740964,-6989.656425008576,46.28238379276354
90,110,130,9493.607243787174,8241.049219408398,8225.060649868148,-6972.502625489371,51.82780481564805
91,111,131,9488.788531477274,8231.214837468398,8205.288430056895,-6947.714736048021,63.57266553545014
92,112,132,9433.117548208185,8141.84366052103,8219.192956573808,-6927.919068886653,58.79383164818137
93,113,133,9408.139630462982,8094.979352100661,8208.164231884444,-6895.003953522124,59.02163967991555
94,114,134,9398.647005420473,8070.029861579422,8213.821887962824,-6885.204744121773,64.69940096722712
95,115,135,9391.032967498933,8070.686874566334,8214.051718100753,-6893.705625168153,62.34065510855271
96,116,136,9396.777237248738,8085.23793985952,8212.053358015219,-6900.514060626001,58.35920940412143
97,117,137,9402.536262823609,8075.500695427688,8219.522084903165,-6892.486517507243,62.2201390552691
98,118,138,9399.74301969988,8076.652278629221,8186.176786166442,-6863.086045095784,77.65856774063332
99,119,139,9391.398671033112,8076.594877838383,8208.277385456804,-6893.473592262075,59.777190237528885
100,120,140,9392.327111103274,8094.862115249942,8205.056507563166,-6907.591511709834,48.291377685628504
101,121,141,9433.465974738612,8148.237275782588,8181.776960647874,-6896.548261691851,54.84677480594246
102,122,142,9435.604910534328,8168.7180018623585,8171.408366123749,-6904.5214574517795,44.802086737262925
103,123,143,9442.842562557998,8205.502581277888,8157.667462207676,-6920.3274809275645,43.71608243347464
104,124,144,9454.131638607716,8223.393546283205,8135.876334154429,-6905.138241829918,48.522832858312995
105,125,145,9471.670020039177,8231.873227929302,8148.541534102167,-6908.744741992292,49.69263008208236
106,126,146,9487.798329672845,8215.411502193156,8181.133953554382,-6908.747126074693,42.17345928288023
107,127,147,9494.689934789556,8249.997231533918,8146.485338949793,-6901.792635694157,43.74542960657618
108,128,148,9496.355279635016,8247.326195394142,8155.742780588134,-6906.713696347262,40.883468887157505
109,129,149,9506.386214803148,8243.386543740964,8182.046808743384,-6919.047137681198,36.23968507929203
110,130,150,9460.215367679333,8225.060649868148,8161.502713850485,-6926.3479960393,29.748999870456828
111,131,151,9454.039340948793,8205.288430056895,8164.084166458781,-6915.333255566882,27.6385428473086
112,132,152,9455.146206938833,8219.192956573808,8131.915226519219,-6895.961976154194,31.830294672397486
113,133,153,9455.353141244008,8208.164231884444,8127.923903214003,-6880.734993854439,33.32694735200266
114,134,154,9490.645888427593,8213.821887962824,8150.260989724342,-6873.436989259573,36.58360379569194
115,135,155,9503.912890273066,8214.051718100753,8147.414011049314,-6857.552838877,42.62773970802891
116,136,156,9506.751022470833,8212.053358015219,8142.166740601811,-6847.469076146197,45.24389380130242
117,137,157,9534.156354106153,8219.522084903165,8160.0031658618645,-6845.368896658876,51.93592346914511
118,138,158,9514.626175662057,8186.176786166442,8126.8424721264655,-6798.3930826308515,62.74502277283
119,139,159,9522.576574832703,8208.277385456804,8123.593762674357,-6809.294573298459,52.72252694657709
120,140,160,9506.118094071637,8205.056507563166,8122.000085768001,-6820.93849925953,52.34661908036696
121,141,161,9439.330314463272,8181.776960647874,8101.756392350904,-6844.2030385355065,31.940453489394258
122,142,162,9425.848861939308,8171.408366123749,8102.604497353739,-6848.16400153818,29.20888934145023
123,143,163,9399.702614798749,8157.667462207676,8082.489480504622,-6840.4543279135505,14.4067548483049
124,144,164,9374.962943582981,8135.876334154429,8083.432795532708,-6844.346186104156,14.428222195119815
125,145,165,9373.833608714658,8148.541534102167,8061.42614255314,-6836.134067940649,32.90084919516903
126,146,166,9400.180090008986,8181.133953554382,8073.19716255041,-6854.1510260958075,32.692555730505774
127,147,167,9371.91190964571,8146.485338949793,8083.75742257688,-6858.330851880963,12.990712082461869
128,148,168,9372.022729774833,8155.742780588134,8108.665907595028,-6892.385958408329,-1.5008966602467808
129,149,169,9384.936665751451,8182.046808743384,8102.441410238145,-6899.551553230078,11.120719319361342
130,150,170,9395.754515056171,8161.502713850485,8127.924682048792,-6893.672880843107,21.537984793460055
131,151,171,9389.972647142224,8164.084166458781,8139.693188279279,-6913.804707595837,20.205568102323014
132,152,172,9358.361202300015,8131.915226519219,8153.4643457538,-6927.018369973004,15.254229962824866
133,153,173,9371.29881361613,8127.923903214003,8168.477636302373,-6925.102725900248,14.757220365604553
134,154,174,9355.084206688138,8150.260989724342,8160.719915433632,-6955.896698469836,8.691915045843416
135,155,175,9356.477094500373,8147.414011049314,8153.043783242507,-6943.9806997914475,12.26313957992761
136,156,176,9360.781112331666,8142.166740601811,8163.18642078097,-6944.572049051116,14.60597881697322
137,157,177,9379.245528597541,8160.0031658618645,8159.920640806602,-6940.678278070925,24.09450723061309
138,158,178,9348.687764139808,8126.8424721264655,8153.995637771647,-6932.150345758304,20.82365810793135
139,159,179,9328.850348657903,8123.593762674357,8155.564675314305,-6950.30808933076,13.36194127487397
140,160,180,9305.209217214104,8122.000085768001,8144.502482311766,-6961.293350865662,10.36727268650202
141,161,181,9330.053289087251,8101.756392350904,8184.715121810975,-6956.418225074629,19.78001620397663
142,162,182,9334.479437888696,8102.604497353739,8175.003145056198,-6943.128204521241,20.274145066658548
143,163,183,9340.177793970777,8082.489480504622,8194.024440207433,-6936.336126741278,11.359381560873317
144,164,184,9343.564590833485,8083.432795532708,8200.658034603335,-6940.526239302559,9.346520629392217
145,165,185,9373.65796686522,8061.42614255314,8233.267703105166,-6921.035878793087,34.355438776129176
146,166,186,9389.33790549,8073.19716255041,8254.008537216094,-6937.867794276504,28.309199585768965
147,167,187,9389.356218633116,8083.75742257688,8233.370934010709,-6927.772137954473,15.566038159774507
148,168,188,9380.476235424863,8108.665907595028,8200.186338893503,-6928.376011063669,14.619837499269124
149,169,189,9377.063148686882,8102.441410238145,8192.746768727586,-6918.1250302788485,26.356975960311047
150,170,190,9395.92525484659,8127.924682048792,8179.405313051031,-6911.404740253232,33.45857790174887
151,171,191,9403.435371590356,8139.693188279279,8174.440635927302,-6910.698452616223,38.723697971985075
152,172,192,9407.682437374418,8153.4643457538,8177.102081718384,-6922.883990097767,39.78024210038939
153,173,193,9434.24941043936,8168.477636302373,8197.46230638413,-6931.690532247141,42.23022130334175
154,174,194,9424.596652044238,8160.719915433632,8208.118625767765,-6944.24188915716,39.64994781638961
155,175,195,9404.131195773532,8153.043783242507,8203.94218351195,-6952.8547709809245,38.258993020865546
156,176,196,9390.918014536162,8163.18642078097,8200.987933350258,-6973.256339595066,27.402112783884604
157,177,197,9407.475483856942,8159.920640806602,8230.696049814313,-6983.141206763972,26.647901557234945
158,178,198,9410.216402791018,8153.995637771647,8222.263944775823,-6966.043179756452,26.316790448612664
159,179,199,9425.998251617668,8155.564675314305,8239.185397363,-6968.751821059639,28.7443975493793
160,180,200,9426.382399256829,8144.502482311766,8238.46777906587,-6956.587862120807,33.053225860444854
161,181,201,9438.700078175598,8184.715121810975,8227.908395094615,-6973.923438729993,32.23900181805038
162,182,202,9430.583443812706,8175.003145056198,8237.593252538809,-6982.012953782301,30.481821164421035
163,183,203,9439.235659291768,8194.024440207433,8227.258823573946,-6982.0476044896095,30.45797355299328
164,184,204,9428.941931786749,8200.658034603335,8208.954918604835,-6980.67102142142,24.139055874374208
165,185,205,9424.81794780065,8233.267703105166,8165.294813548659,-6973.744568853173,34.86004852623
166,186,206,9418.073121322206,8254.008537216094,8120.466351776899,-6956.401767670786,31.58807174771391
167,187,207,9392.12781524493,8233.370934010709,8107.164957713718,-6948.408076479496,29.35135830257741
168,188,208,9373.406131721487,8200.186338893503,8113.178466620792,-6939.9586737928075,26.60867943365929
169,189,209,9376.536167815108,8192.746768727586,8135.21414210697,-6951.424743019448,30.87476634833547
