Left,Mid,Right,Loss_likeli,Loss_AIC,Loss_BIC,Loss_eBIC
0,20,40,178.5427633251561,112.5427633251561,104.67801232212037,-265.6681483783982
1,21,41,167.1310068838195,63.13100688381951,54.96514232564891,-518.9225761271136
2,22,42,157.97113323300505,55.97113323300505,47.08835421210097,-561.739376834003
3,23,43,148.85460013844568,61.854600138445676,69.3802175794749,-408.29934321277415
4,24,44,178.77606683522936,82.77606683522936,78.15341169394969,-656.1973370850878
5,25,45,167.44431785613574,76.53488301497009,72.74924546192733,-575.307651723957
6,26,46,221.93352251898887,107.93352251898887,104.54033466680357,-661.9298856312071
7,27,47,219.2099028900152,80.2099028900152,67.17472344254679,-690.2208882493373
8,28,48,256.483637017707,117.483637017707,84.83061163477328,-770.6305837703908
9,29,49,236.46528035351093,124.46528035351093,107.59908136495005,-531.2401342122002
10,30,50,241.717999102847,128.717999102847,102.68360491307521,-698.9737105487543
11,31,51,252.40961599168804,139.40961599168804,116.64949655327746,-646.9576615760498
12,32,52,223.20889067822827,109.20889067822827,104.1964705332689,-596.8835734931577
13,33,53,192.59492308210747,102.59492308210747,103.9536527348564,-392.2775902530543
14,34,54,178.8690346020894,86.86903460208941,80.1648026239543,-413.0037187689418
15,35,55,165.77672545493192,80.77672545493192,74.08811037613282,-381.83791873659425
16,36,56,156.00357426805112,93.00357426805112,91.08265047292844,-271.265034622392
17,37,57,163.97255775317444,110.97255775317444,105.41234001416615,-241.66433404184886
18,38,58,171.3899001478933,111.38990014789329,99.16337845044018,-240.81651224366806
19,39,59,161.2487273210129,103.2487273210129,88.23085615458353,-278.0401281542952
20,40,60,192.3523356449423,127.35233564494229,108.03679000765601,-340.8153440100557
21,41,61,249.11347500761667,148.11347500761667,117.21283846611732,-411.863715110919
22,42,62,252.62428196711107,128.62428196711107,105.0918620090572,-449.6921985993988
23,43,63,223.10886205752558,139.10886205752558,131.334048304117,-204.25045895912444
24,44,64,209.9214723549062,148.9214723549062,140.02102409688337,-49.55784278676174
25,45,65,200.63975003431483,129.73031519314918,121.7216842101393,-159.8529236257309
26,46,66,241.5550980789924,166.5550980789924,146.77734156471024,-193.13087257754933
27,47,67,224.05690222817157,145.9939251950109,124.83083827384166,-200.86628705776707
28,48,68,221.96465434523543,147.96465434523543,119.04949742805616,-191.14468706423486
29,49,69,264.7436171563054,167.7436171563054,133.84159114457862,-362.5407045191671
30,50,70,256.13923405635046,161.13923405635046,123.2149345364553,-407.5634049911025
31,51,71,255.41320390528904,136.41320390528904,95.84395294475371,-493.8741089670282
32,52,72,286.2440524976116,150.95800339117773,122.37857910718026,-474.7187702476522
33,53,73,323.39447900070354,166.39447900070354,117.03867335473547,-670.6115162474116
34,54,74,345.9041998984642,167.90419989846419,111.2002550338741,-917.4773039425222
35,55,75,355.15562456219277,169.15562456219277,113.0627368177893,-930.5773628239112
36,56,76,410.243468952312,200.243468952312,139.08668797639302,-1114.3537304117303
37,57,77,413.69123502284174,216.69123502284174,156.3646196470031,-1061.4203454491462
38,58,78,399.20854040708446,202.20854040708446,135.20092243113686,-1124.2466384859295
39,59,79,425.9857712844355,190.9857712844355,102.6561562339275,-1409.574788470442
40,60,80,465.51728169686885,242.51728169686885,154.2283115633993,-1382.6180213560115
41,61,81,467.2760870813272,278.2760870813272,210.3985462438361,-1105.8533645011476
42,62,82,406.0326047263279,224.03260472632792,172.6995070995756,-992.2334692947402
43,63,83,405.9512754852756,187.95127548527557,126.08445036831995,-1271.8871352531764
44,64,84,423.3085636490714,190.3085636490714,124.66009504819658,-1430.3803131489326
45,65,85,379.98089294784995,146.98089294784995,94.85987365757023,-1470.9326025113182
46,66,86,425.88013189234516,210.88013189234516,146.32984934532556,-1329.470314333355
47,67,87,423.0307906907142,204.9678136575535,135.46742127624452,-1455.8925410262473
48,68,88,384.80310357761323,150.80310357761323,90.66346581111361,-1591.9029579894145
49,69,89,365.5811112418596,162.58111124185962,98.71882857482365,-1444.0470577329897
50,70,90,309.0488276635697,133.04882766356968,88.24857649563046,-1353.1276505226874
51,71,91,278.8439813361849,101.84398133618492,67.55615117776824,-1221.0548192883912
52,72,92,261.78452021019143,102.49847110375754,77.40452718415008,-1061.007705630464
53,73,93,215.5827536952795,81.58275369527951,58.73442901013664,-896.9404366762906
54,74,94,238.33826280310086,81.33826280310086,47.27247357939996,-1073.9620096750318
55,75,95,232.59549561972153,73.59549561972153,39.099782544596565,-1103.2315417525829
56,76,96,230.5664041346604,68.56640413466039,48.308213908131165,-958.0030967243547
57,77,97,186.81809941843085,49.81809941843085,48.56664966535595,-795.0494969700808
58,78,98,180.6733048003273,46.67330480032729,31.888773319749134,-872.9006092760237
59,79,99,190.93204627481077,22.932046274810773,-4.873025752893909,-1158.0378931830678
60,80,100,207.49818281998978,72.49818281998978,75.62342340391046,-941.6808667779233
61,81,101,218.79434999499222,88.79434999499222,86.65221543704592,-863.2410268133694
62,82,102,228.1360049236166,74.13600492361661,48.78509634329066,-1068.3155009102265
63,83,103,253.05558343479493,60.055583434794926,23.617131848953477,-1383.6781724352554
64,84,104,323.2847056147684,97.28470561476843,40.84565833577244,-1611.1641079414062
65,85,105,297.8853496057318,67.88534960573179,15.351688391234575,-1463.7282155781631
66,86,106,256.68980320562355,47.68980320562355,3.877671471652775,-1348.773850896413
67,87,107,291.22850753423745,85.22850753423745,34.18443056632054,-1489.8975843607382
68,88,108,361.92183157873774,112.92183157873774,54.46175310024023,-1720.4230744628135
69,89,109,277.88456614816914,70.90764446113417,18.36652184893228,-1411.0475609037821
70,90,110,275.4763742377836,91.4763742377836,48.677588423921634,-1247.0271387595994
71,91,111,244.27161338295173,60.27161338295173,21.167107843155918,-1163.995960224342
72,92,112,236.36156859482935,69.36156859482935,37.17715933657337,-1074.5790534969838
73,93,113,210.5202247883053,68.52022478830531,39.29178049764664,-864.5310836097974
74,94,114,184.49583139377978,50.49583139377978,18.26915708320371,-797.0195178841309
75,95,115,199.54570594026018,59.54570594026018,29.079154618291795,-794.5276458587286
76,96,116,176.71762839920984,73.71762839920984,55.31004108535467,-493.05965007395025
77,97,117,170.3023791021933,82.3023791021933,71.24507438527166,-314.55775343168807
78,98,118,171.02313663251016,82.02313663251016,67.56307891161077,-283.1966350422831
79,99,119,183.28313334625068,92.28313334625068,79.04628474234778,-354.07619154950135
80,100,120,164.1832367229656,87.1832367229656,86.60679575363429,-294.5673864912901
81,101,121,177.52201061723258,110.52201061723258,112.7127026343992,-317.8838730969346
82,102,122,229.89153198831173,131.89153198831173,110.36440546519566,-558.5245157871755
83,103,123,190.1697449320652,107.16974493206521,85.25497663525312,-484.9025979145988
84,104,124,182.57413913285654,100.57413913285654,87.4286977966733,-439.5905592660265
85,105,125,177.80224022649418,97.80224022649418,88.67382747207512,-404.6511082128052
86,106,126,183.30902064945622,101.30902064945622,95.14622374594592,-399.0938972963181
87,107,127,181.52352928146775,109.52352928146775,99.92055838935903,-417.92885629892567
88,108,128,223.39559078685625,144.39559078685625,124.81886062743183,-413.39778379010386
89,109,129,185.47806692765676,90.50114524062178,77.58249776278126,-429.26443796530907
90,110,130,199.44686903173306,95.44686903173306,74.42139442493635,-500.1037988742628
91,111,131,181.2907074967561,93.29070749675611,76.05114830514503,-371.83375290518484
92,112,132,184.72496376013487,98.72496376013487,79.85393109258416,-419.25880042462745
93,113,133,207.20978913886734,115.20978913886734,107.37723390256633,-470.4145001139959
94,114,134,204.89982973858378,111.89982973858378,98.88910745736575,-488.64757385245207
95,115,135,206.22099231930315,116.22099231930315,101.15578148809755,-434.1508086738329
96,116,136,237.16932779998774,127.16932779998774,96.1207767620881,-691.5422963558469
97,117,137,250.5543936446304,147.5543936446304,118.54087333502798,-487.61931911602755
98,118,138,215.17768327635895,121.17768327635895,101.69945231139172,-481.14802272268616
99,119,139,229.4625743929762,131.4625743929762,116.68991140097023,-483.8695956054323
100,120,140,209.9395027067335,137.9395027067335,122.8875562755884,-383.5386089897934
101,121,141,207.00611111764238,147.00611111764238,136.88883755698112,-403.45226923466976
102,122,142,198.80045108544482,138.80045108544482,122.30170902676059,-324.64003705112077
103,123,143,195.90866234997202,141.90866234997202,128.19368739465335,-302.3639055863689
104,124,144,196.79526569912673,122.79526569912673,108.16311781571062,-377.9689087741806
105,125,145,170.8415263146262,99.84152631462621,80.78198934661827,-322.0575128232831
106,126,146,223.99743280001144,145.99743280001144,126.40007133055815,-276.36004000471735
107,127,147,206.41588200055617,135.41588200055617,115.60599297185377,-221.800914539597
108,128,148,214.75193922562448,135.75193922562448,113.96927448781457,-258.8483259980512
109,129,149,221.83867940486175,131.08313168024438,112.65796086720275,-279.0891786985426
110,130,150,238.97708365343738,131.41947317232257,102.10340068997857,-458.0634533926441
111,131,151,255.53780845509914,170.53780845509914,139.14565882703664,-308.76903026751006
112,132,152,233.17759530045328,162.17759530045328,138.00983025789787,-205.62944941044543
113,133,153,275.49320241071837,182.49320241071837,158.3765892751826,-287.48042697656774
114,134,154,258.00597318267455,166.00597318267455,139.9043482143154,-319.3891362236668
115,135,155,276.15290680309954,193.15290680309954,159.16854729739612,-397.58446123472413
116,136,156,300.3027445646253,196.53494628700537,153.02350861742616,-512.0712576488272
117,137,157,321.3936665885617,204.3936665885617,158.83628018729723,-552.9892104930702
118,138,158,309.6686822874267,191.6686822874267,150.1574897745154,-529.5511621200139
119,139,159,370.69421618976094,226.69421618976094,161.93296429947281,-702.5997338999873
120,140,160,386.5208376249018,239.5208376249018,172.92762123974194,-686.730972535745
121,141,161,325.4473550657358,203.75875688785368,154.3627052977199,-570.2414208139492
122,142,162,333.301340411507,184.301340411507,135.496466459962,-601.9026466960406
123,143,163,296.2446893342128,173.19840119016294,139.42605380710756,-479.7331255482411
124,144,164,275.85913327250955,188.74320250322057,155.3276115920669,-338.7928596521908
125,145,165,255.11735201619717,153.46761950079576,120.60845447351403,-335.38569251238187
126,146,166,267.70169088679086,158.39742373593117,126.04419648547332,-343.6831624853123
127,147,167,292.44644990689676,170.20727566015648,135.3661263431493,-390.25247052415693
128,148,168,264.00235277663023,157.88658385547842,116.62329105399772,-353.1040679167879
129,149,169,228.43094881812613,127.67540109350898,109.927600274415,-256.2948735148741
130,150,170,229.73698806215407,134.17937758103972,112.43207881732701,-283.6125571776488
131,151,171,281.3078973798033,173.3078973798033,126.95252183552498,-485.94043702742624
132,152,172,272.43361094781994,167.43361094781994,129.41481749316313,-438.60058530908077
133,153,173,268.9413574478947,162.9413574478947,129.71030797185676,-477.64587985062303
134,154,174,276.87171884490317,157.87171884490317,120.921741433036,-560.2189270702395
135,155,175,309.3436139270034,167.3436139270034,122.6285331282279,-655.8530883584713
136,156,176,280.89720150175117,151.12940322413124,115.52646973778815,-576.2237278524917
137,157,177,289.7128510851469,151.7128510851469,114.13775362922979,-617.2498772392723
138,158,178,263.4604881156695,140.46048811566948,104.81176744977756,-546.8268532011787
139,159,179,249.7792011451977,149.7792011451977,120.76239207657841,-395.23992937966386
140,160,180,276.29139458288205,174.29139458288205,152.54145512446598,-298.41590582067784
141,161,181,237.32984191613718,151.02828776292836,143.67403862779952,-197.8048214266512
142,162,182,285.65601974822766,172.65601974822766,157.9798139719196,-266.82215636108685
143,163,183,244.92163187285269,148.87534372880282,153.4303928799252,-227.1361580043981
144,164,184,227.96792807899692,168.85199730970794,163.64725709721324,-151.940360842799
145,165,185,164.55232621870778,105.60843157956924,115.66462943530746,-61.358111113416726
146,166,186,171.7696264436604,95.85267614131976,107.95729056109099,-135.19208999431066
147,167,187,198.00959380557993,107.00959380557993,113.31156729767031,-264.6339566734159
148,168,188,168.49013733699485,104.49013733699485,100.60249376975412,-191.6634180256649
149,169,189,184.7715050496813,96.77150504968131,89.35624757055598,-289.19764927716415
150,170,190,196.20949298288997,95.20949298288997,80.13631456964595,-380.1291432208591
151,171,191,206.03470932886216,97.03470932886216,73.99395293361113,-418.27376196432874
152,172,192,175.74231484326629,71.74231484326629,51.942597118666754,-377.97373526472757
153,173,193,164.90683255702243,59.906832557022426,40.461856751004234,-544.4180569733271
154,174,194,150.62540749057644,29.625407490576436,18.650884661798955,-658.5502180806802
155,175,195,174.7189454082718,57.71894540827179,51.04974534015378,-682.6043510294153
156,176,196,156.89543796935436,44.89543796935436,37.62356189139723,-756.7239825685633
157,177,197,141.11727280715263,28.11727280715263,29.53144627836241,-681.5420678732257
158,178,198,158.58381548466832,47.58381548466832,32.10180053016302,-663.8766111489376
159,179,199,202.22488799678558,89.22488799678558,69.70836250523053,-537.3050280998777
160,180,200,217.976940898292,113.97694089829201,83.41426565768643,-498.30069959613957
161,181,201,208.20876973275404,107.20876973275404,83.19100293092265,-421.2392056026288
162,182,202,211.00977457234103,106.00977457234103,85.61866856046345,-473.5166932532518
163,183,203,178.556962001898,52.556962001898,27.95862760417208,-577.8968560851506
164,184,204,182.2468483639018,39.24684836390179,12.975597244821529,-774.7080827800596
165,185,205,204.87322035738612,89.87322035738612,81.83109776642686,-531.6044314141589
166,186,206,172.9971897249925,82.08023942265208,79.24101125787001,-520.1291833559092
167,187,207,187.34605720436002,86.34605720436002,70.36841370627667,-583.3871329828723
168,188,208,182.77605932965616,80.77605932965616,62.21156143225653,-573.0941491500403
169,189,209,197.88883504174328,86.88883504174328,66.26433133546766,-519.5257311911018
