Left,Mid,Right,Loss_likeli,Loss_AIC,Loss_BIC,Loss_eBIC
0,20,40,139.41878242684743,-29.58121757315257,-72.76518591131185,-906.4748228665608
1,21,41,93.02665257894864,-38.97334742105136,-60.16204980131556,-626.9937028862951
2,22,42,109.30262897286843,-19.697371027131567,-33.46288850572682,-721.558782202465
3,23,43,103.16976864007165,15.169768640071652,9.480643534493083,-544.6506099124035
4,24,44,159.39210870578881,45.392108705788814,23.63930173148856,-810.8816670782594
5,25,45,192.55301477952685,56.55301477952685,23.15400561557294,-818.1969850900259
6,26,46,189.64582567112507,55.64582567112507,23.935695961284864,-846.7490246506841
7,27,47,141.7856171768883,28.78561717688831,10.649838651884693,-622.6059747799827
8,28,48,166.58402876537912,48.58402876537912,39.93685752775241,-844.7232817870822
9,29,49,135.50625628855278,-1.4937437114472232,-13.777804605349047,-944.691041142718
10,30,50,154.056039229539,-25.94396077046099,-54.6173109126953,-1241.6584987547526
11,31,51,155.6099195198542,-45.3900804801458,-93.47513543032596,-1410.4004302408584
12,32,52,158.79181346328028,-36.20818653671972,-76.8446470603169,-1185.678090965815
13,33,53,176.35094694566305,-32.649053054336946,-80.78194938288448,-1441.374828135773
14,34,54,172.70699272539946,-46.29300727460054,-94.15971912068926,-1586.8342569652013
15,35,55,160.43721321618114,-40.562786783818865,-82.8776307673611,-1332.295242254761
16,36,56,171.13301283517558,-35.86698716482442,-81.74063508146673,-1283.0833020322634
17,37,57,150.78384245233042,-63.21615754766958,-93.2009539923165,-1194.8138121070206
18,38,58,146.54805246581122,-58.451947534188776,-87.10952541010556,-1303.8389254205504
19,39,59,140.54991273549012,-68.45008726450988,-107.5158581856856,-1372.600643608645
20,40,60,132.97373603413462,-71.02626396586538,-100.59136895891879,-1189.3513637385613
21,41,61,88.24790266462878,-116.75209733537122,-140.00931290354106,-1171.2274415426705
22,42,62,97.45594705734538,-96.54405294265462,-107.69332256452071,-1204.191266104333
23,43,63,119.49979261660769,-44.50020738339231,-72.08477373114374,-1154.2225899751757
24,44,64,124.04892021739693,-37.951079782603074,-66.2727818082003,-1137.6885471739838
25,45,65,129.63223612616184,-55.36776387383816,-90.63493037166677,-1382.7333946648637
26,46,66,137.66027412842618,-68.33972587157382,-114.20239042911294,-1454.0851387625125
27,47,67,151.84367128832082,-16.156328711679407,-54.74327295381795,-1064.4091085618334
28,48,68,118.64220329435011,-0.3577967056498892,-7.742251649505761,-830.8015431347244
29,49,69,140.2479914358414,-4.7520085641585865,-15.14586087246039,-992.9275781994584
30,50,70,163.24298845532212,-27.75701154467788,-61.397297332579,-1380.442013270932
31,51,71,180.19098631001452,-20.809013689985477,-54.163498211752085,-1490.9347526825604
32,52,72,200.2985281307274,19.29852813072739,-17.371959798782655,-1110.1203536478652
33,53,73,242.08444468697917,95.08444468697917,45.93447853284806,-1016.6950345350297
34,54,74,310.0132549180564,119.01325491805642,51.47371037128869,-1347.6729385943363
35,55,75,286.1744027052314,103.17440270523139,28.320738976435223,-1135.490613791102
36,56,76,308.1267125862271,113.12671258622709,29.55918593563183,-1260.212446267825
37,57,77,316.8384219484776,125.83842194847762,59.82469885563569,-1009.4590378973548
38,58,78,294.3566940733583,101.35669407335831,47.130473283254105,-1069.8832117253146
39,59,79,340.6461627076669,134.64616270766692,54.20417440448546,-1222.0404867514853
40,60,80,438.7743510295286,201.7743510295286,114.1673381611256,-1485.5665522104146
41,61,81,436.29038489020286,173.29038489020286,83.03383845817007,-1717.713964496937
42,62,82,416.80968883959986,154.80968883959986,62.55854984835241,-1731.702081439873
43,63,83,346.9259898722635,126.92598987226347,40.96244392036283,-1323.9547957819605
44,64,84,330.98025207346745,124.98025207346745,46.67997921700453,-1324.3507603770818
45,65,85,344.7134063071651,120.71340630716509,46.967913009634685,-1635.8875033755126
46,66,86,333.36173534959653,83.36173534959653,-7.9740433651682,-1774.9010944524712
47,67,87,260.15018525525466,71.15018525525466,24.418821050055158,-943.8253563044182
48,68,88,233.08884450895562,82.08884450895562,49.08251184236178,-783.2458671867466
49,69,89,215.09872034882255,84.09872034882255,51.09098697213017,-693.1857625266448
50,70,90,230.3437847339876,86.3437847339876,43.57968729993809,-950.8477242909671
51,71,91,223.69785933006597,90.69785933006597,67.28469437981698,-826.4306684407952
52,72,92,216.6887196619016,79.68871966190159,53.53147233905884,-824.052507523686
53,73,93,217.07220886439677,102.07220886439677,74.27635830883992,-936.0643964368355
54,74,94,232.16324775907287,101.16324775907287,72.59717341414193,-963.256178859921
55,75,95,221.94622201833522,80.94622201833522,40.64084612321335,-958.3092715710532
56,76,96,221.60039542543973,86.60039542543973,47.80750136350298,-970.7381808292262
57,77,97,204.65400951711536,78.65400951711536,37.406811676810094,-772.4312735032186
58,78,98,232.81119350224435,98.81119350224435,67.82909266070033,-778.254204923941
59,79,99,203.46087352607924,67.46087352607924,40.74236557545146,-827.1230341306587
60,80,100,278.7395952337663,156.7395952337663,126.49840249161025,-1035.2193820469902
61,81,101,181.03939448378333,66.03939448378333,51.4133403588653,-959.5753084373482
62,82,102,167.2782395586023,30.27823955860231,-0.8460470198890562,-1049.606481953448
63,83,103,148.24252688117576,31.242526881175763,11.808430989624185,-679.9890900945261
64,84,104,146.19794696500207,29.197946965002075,11.496719024850336,-775.6687656487793
65,85,105,229.01765795426286,98.01765795426286,67.45455306447366,-963.7751415372136
66,86,106,250.74317837651097,111.74317837651097,72.69168771886643,-958.1709860173951
67,87,107,170.2278848584931,46.2278848584931,31.164672363238424,-539.668954862465
68,88,108,200.88308158876066,66.88308158876066,42.706930157524994,-646.920499491549
69,89,109,152.34368460680844,30.343684606808438,-2.6700968575871684,-679.0295685332103
70,90,110,158.27566711699387,47.27566711699387,16.619250844625412,-679.9985501773331
71,91,111,147.43397409352792,50.43397409352792,28.13397809715707,-693.142007509196
72,92,112,147.48175124131194,45.48175124131194,22.771866102736112,-713.6261670100062
73,93,113,173.57550868254134,66.57550868254134,39.64342490868057,-719.6652245990108
74,94,114,145.73333963321284,33.733339633212836,6.044793126867262,-689.0177444241222
75,95,115,126.40919380728383,-3.5908061927161725,-35.042339306848135,-799.9279267942743
76,96,116,169.95803643283944,35.958036432839435,7.920245950815797,-910.4140300060608
77,97,117,145.65108909432138,40.65108909432138,27.537960434373872,-741.7805569931261
78,98,118,159.45664900531438,50.456649005314375,36.391776569098965,-765.1503462047813
79,99,119,142.55394493347444,17.55394493347444,1.7615389338664045,-747.7389729177908
80,100,120,174.5640685963158,74.56406859631579,64.97999139109311,-869.5583564162539
81,101,121,119.34617744586694,21.346177445866942,14.490700465598366,-692.3931175563603
82,102,122,142.6641032889138,49.66410328891379,42.52536827029007,-641.70396371777
83,103,123,114.52439466466694,-8.475605335333057,-26.738014964186732,-689.3757139408381
84,104,124,120.4313302585715,-26.568669741428494,-54.00727793069041,-918.0693721357684
85,105,125,115.94238577686815,-9.05761422313185,-30.048624076939632,-844.8295410126507
86,106,126,104.83256450448175,-20.167435495518248,-41.1584453493258,-832.0329885628762
87,107,127,97.23904436779776,-22.76095563220224,-38.1434724896053,-818.3717245852149
88,108,128,123.51131242188285,6.511312421882849,-9.215013866108848,-701.4499490719945
89,109,129,90.76228187981451,-34.23771812018549,-52.84036776149492,-791.2098537376819
90,110,130,104.9329469085801,-24.067053091419893,-52.248131346535274,-814.335258914
91,111,131,103.09868899023468,-19.901311009765323,-45.44176603449864,-808.834734792064
92,112,132,112.29943204043411,-12.700567959565888,-40.27647602869297,-805.0558147693187
93,113,133,142.85107467638204,-22.14892532361796,-57.76400948591049,-1064.0307623282815
94,114,134,142.1018556235797,-15.898144376420305,-51.42313505342486,-876.0978315365824
95,115,135,80.68583840708425,-56.31416159291575,-85.43756831186693,-705.3121823126139
96,116,136,80.36925845872884,-64.63074154127116,-91.90673490280233,-910.4366501211111
97,117,137,71.14387763773652,-55.85612236226348,-67.50177415852204,-716.3782256664654
98,118,138,89.78051762459836,-55.21948237540164,-82.35550547166963,-850.6834022701755
99,119,139,56.48761375919025,-51.51238624080975,-59.18764150548918,-631.4255774123403
100,120,140,75.9818617508181,-63.0181382491819,-81.96836067058803,-900.2629460422072
101,121,141,115.2885050809391,9.288505080939103,-8.134799208865388,-691.2248516995955
102,122,142,123.73939994509374,21.739399945093737,4.921265841277545,-716.052342130788
103,123,143,183.61013627486705,48.610136274867045,18.13500837964989,-906.5867589406316
104,124,144,215.8350795183744,65.83507951837441,25.812518029822286,-1086.0986804823733
105,125,145,241.89313779037457,89.89313779037457,46.10225530602884,-924.407506126076
106,126,146,244.60979884051835,95.60979884051835,59.620552833168176,-909.4178610462204
107,127,147,282.2840029949939,120.2840029949939,71.8614631019966,-1043.5817843843402
108,128,148,291.5975694404101,117.5975694404101,66.40136642778225,-1009.7922646305528
109,129,149,318.7404116360733,131.7404116360733,86.05596970493093,-989.5775201659517
110,130,150,342.28334592246665,151.28334592246665,90.89006687853771,-1122.657056967225
111,131,151,341.79826848891685,154.79826848891685,96.93328909977708,-1122.4374383489358
112,132,152,331.02435977339087,133.02435977339087,56.28100087918415,-1173.771526945225
113,133,153,424.9846773874283,190.9846773874283,106.80731258604442,-1584.9466341939478
114,134,154,409.30557766684956,166.30557766684956,72.86615380120179,-1520.511612506673
115,135,155,362.2093617487526,158.2093617487526,77.36052358090433,-1162.3847982356733
116,136,156,337.7988504888451,149.79885048884512,80.17304555014834,-1232.696834468521
117,137,157,337.9094091657453,151.90940916574527,96.35324234071436,-957.063079261015
118,138,158,332.6850569363405,135.68505693634052,62.49987910735945,-1076.7866150006207
119,139,159,302.8171951269883,132.81719512698828,61.06261057287111,-930.2681622811074
120,140,160,381.13860507193044,175.13860507193044,85.74797732650813,-1215.6808104160616
121,141,161,295.2190945796524,132.2190945796524,66.53661464707034,-958.9210012169492
122,142,162,276.2770807350921,113.27708073509211,45.530177416257175,-998.5109294522063
123,143,163,208.6277568342514,78.62775683425139,25.462130515191575,-709.6191331639263
124,144,164,169.8776661863717,58.8776661863717,15.051453483364412,-588.3774283745322
125,145,165,177.4220249481623,68.42202494816229,27.899257052220264,-572.2183680481278
126,146,166,189.77358764137057,83.77358764137057,48.38507641967885,-527.1370918349489
127,147,167,173.854345233882,67.85434523388199,28.597335125277596,-530.0047967595465
128,148,168,187.07481053621996,76.07481053621996,38.56892103626387,-624.2739588247744
129,149,169,165.43144124357582,66.43144124357582,49.35969760933085,-456.08076570771004
130,150,170,161.45924877980224,77.45924877980224,55.793478300371135,-393.67651228961427
131,151,171,152.56422473579755,72.95540580978195,58.58939258800888,-325.32448469189967
132,152,172,177.4617066286953,93.46170662869531,63.077879618666884,-495.79883785840525
133,153,173,210.32379471191052,118.32379471191052,82.91731783682621,-532.8151429415079
134,154,174,216.47484747972248,114.47484747972248,75.82257718826804,-653.5451676923722
135,155,175,204.82258558571016,104.82258558571016,68.55234192892954,-587.503209891097
136,156,176,180.11326127436791,89.11326127436791,59.11613184604016,-611.9099217099713
137,157,177,166.41265939350933,63.41265939350933,31.906819784266418,-619.5050454495674
138,158,178,133.90447608223144,48.90447608223144,24.54883376667408,-478.9003044141871
139,159,179,136.78155238141858,56.78155238141858,30.5280673177906,-527.6453510968136
140,160,180,150.68206630777036,62.682066307770356,32.38621629231352,-631.8675799808996
141,161,181,111.487647161945,31.487647161945006,14.406101977732988,-583.2940483487212
142,162,182,117.41310989659496,35.41310989659496,21.026767090623025,-557.6420078637611
143,163,183,138.96774106765815,71.96774106765815,50.16768136554924,-311.8114060373075
144,164,184,146.70191154890927,82.70191154890927,69.61767325530855,-184.87197456464264
145,165,185,160.95611951010028,96.95611951010028,82.34537714102817,-169.89474647157294
146,166,186,162.27487702946837,92.27487702946837,69.94691232390937,-246.6544291032576
147,167,187,165.8765899629227,100.87658996292271,78.56592519053743,-241.04131238533228
148,168,188,141.79894133151333,89.79894133151333,71.88109479554919,-228.88021679531835
149,169,189,136.77982561399426,83.77982561399426,65.38971248730991,-184.64701912002215
150,170,190,141.20681386834985,101.20681386834985,93.42936230362125,-106.91950195520235
151,171,191,147.54157065922186,102.93275173320626,95.21172911230974,-117.00496242804957
152,172,192,145.52041509148148,109.52041509148148,106.04466489285096,-74.60012011603362
153,173,193,177.83346021175385,125.83346021175385,107.55059398080061,-139.5837419159675
154,174,194,136.50540108958467,94.50540108958467,78.10048001859036,-100.11459056028093
155,175,195,152.44801021777198,103.44801021777198,86.87973187911894,-139.79991460508109
156,176,196,163.7931173269344,120.79311732693441,102.85060934832336,-128.5212960209824
157,177,197,174.0868296986746,124.08682969867459,104.39212671402447,-158.40662645776501
158,178,198,165.38481207877066,122.38481207877066,106.17517205155946,-168.80602970298332
159,179,199,167.83141256684848,127.83141256684848,114.33464310270097,-122.52107812396912
160,180,200,173.99302346309037,133.99302346309037,120.5564946552472,-163.37611836265796
161,181,201,169.11558233071264,110.11558233071264,89.5749439603469,-262.27842651931246
162,182,202,199.841947590686,139.841947590686,123.00338281799236,-242.86246351970067
163,183,203,223.72022458437323,148.72022458437323,121.77747203449758,-402.27826183233446
164,184,204,211.5263777247153,125.5263777247153,107.72623591754041,-334.03103268247605
165,185,205,186.4855357550689,110.4855357550689,91.40499670424128,-382.89105522763475
166,186,206,210.85660555425716,105.85660555425716,75.08732322375477,-589.5282807393344
167,187,207,206.42966902103126,108.42966902103126,76.27431995032453,-653.4219673213363
168,188,208,204.05010886679997,125.05010886679997,100.96792203373616,-421.5408473117359
169,189,209,204.91312190147096,121.91312190147096,96.19958234425667,-524.1727015822926
