Left,Mid,Right,Loss,Loss_left,Loss_right,gain,glasso
0,20,40,9377.145658102494,8142.514091794894,8191.522076657636,-6956.8905103500365,9.699163913978737
1,21,41,9361.096320768647,8128.699970874028,8179.269355930384,-6946.873006035765,10.514096929337484
2,22,42,9352.152869572674,8128.477793880676,8178.390033910785,-6954.714958218787,13.442739356750735
3,23,43,9357.241918231828,8135.950262558854,8180.221009827516,-6958.929354154543,21.115930775309153
4,24,44,9352.882194741673,8115.289353439052,8192.914828761399,-6955.321987458778,20.452037932656822
5,25,45,9353.398068106133,8126.203693088106,8171.008684183809,-6943.814309165782,19.347551704272064
6,26,46,9362.85561164303,8108.817203598749,8190.2790114149975,-6936.240603370716,22.70316683750889
7,27,47,9369.07678932605,8107.649316895443,8203.773454641072,-6942.345982210465,15.847146299333872
8,28,48,9371.771314827514,8120.252253113017,8196.074399401848,-6944.55533768735,19.805167585786876
9,29,49,9362.363748133377,8168.053946454926,8158.013552245531,-6963.70375056708,18.288500788469264
10,30,50,9368.035040086761,8184.773551624885,8141.502455137094,-6958.240966675217,23.588684018436652
11,31,51,9374.059132654082,8200.386551351301,8125.676002194725,-6952.003420891944,29.325630206423284
12,32,52,9352.516367317709,8185.02909968805,8113.075661557583,-6945.588393927925,32.09201885731272
13,33,53,9333.069989797914,8183.71834384957,8072.7333148652915,-6923.381668916947,15.333360421149791
14,34,54,9332.214138289211,8228.009911716694,8034.8954380873965,-6930.691211514879,16.68910458433311
15,35,55,9325.935480048896,8221.012972814584,8024.939544369267,-6920.017037134954,20.7691492349677
16,36,56,9313.178973271322,8181.549072363703,8073.433008617745,-6941.803107710126,15.015238649429193
17,37,57,9323.58206937331,8172.454130878746,8114.556219808825,-6963.428281314262,15.609860560583911
18,38,58,9330.432414359559,8172.77827825005,8122.812885689297,-6965.1587495797885,15.874971845570144
19,39,59,9336.050194297419,8187.9820005790425,8124.342069718892,-6976.273876000516,13.594951941267482
20,40,60,9362.893757010079,8191.522076657636,8153.655380171762,-6982.28369981932,14.721128309267442
21,41,61,9386.171008021978,8179.269355930384,8175.75879539256,-6968.857143300967,11.838780847507223
22,42,62,9417.554549933979,8178.390033910785,8210.104995657905,-6970.940479634712,19.403896546315536
23,43,63,9447.78900710646,8180.221009827516,8226.427095557661,-6958.859098278719,28.13140006303047
24,44,64,9492.626674126319,8192.914828761399,8244.543742704784,-6944.831897339862,38.12602759796164
25,45,65,9496.155065890594,8171.008684183809,8260.350044948269,-6935.203663241486,35.0242497809013
26,46,66,9510.946090318885,8190.2790114149975,8245.248286628073,-6924.581207724186,38.38699625339541
27,47,67,9521.985810719952,8203.773454641072,8235.070994094722,-6916.8586380158395,42.068595600699155
28,48,68,9521.119924092693,8196.074399401848,8245.196912356498,-6920.151387665655,43.554104096799165
29,49,69,9516.977198415298,8158.013552245531,8268.772303443406,-6909.808657273639,44.79595516009795
30,50,70,9534.012829489897,8141.502455137094,8295.9319967379,-6903.421622385096,45.96415076160656
31,51,71,9526.189479785127,8125.676002194725,8279.367911121,-6878.8544335306,46.64365870105621
32,52,72,9540.724750448007,8113.075661557583,8297.417650848176,-6869.76856195775,54.46733359125983
33,53,73,9505.691957934305,8072.7333148652915,8292.800981632301,-6859.842338563289,37.67372264723144
34,54,74,9498.297758996101,8034.8954380873965,8293.775016103053,-6830.372695194348,51.968800168976486
35,55,75,9479.284383665634,8024.939544369267,8273.364256259125,-6819.019416962759,52.16135469908522
36,56,76,9528.684472934274,8073.433008617745,8288.144361279605,-6832.892896963076,60.54444836397306
37,57,77,9544.518041069243,8114.556219808825,8281.670586694578,-6851.708765434158,57.37193718597973
38,58,78,9576.039588102482,8122.812885689297,8293.688931019877,-6840.4622286066915,66.97352901167915
39,59,79,9594.211625684497,8124.342069718892,8290.921987677124,-6821.05243171152,73.29517401316025
40,60,80,9600.361226672036,8153.655380171762,8277.952987055358,-6831.247140555084,70.909376283234
41,61,81,9601.056899723742,8175.75879539256,8269.727979076008,-6844.4298747448265,66.31855394193235
42,62,82,9587.17008991458,8210.104995657905,8240.616222924054,-6863.551128667379,57.30986261243379
43,63,83,9583.372628427565,8226.427095557661,8214.763996809292,-6857.818463939388,60.152702021100595
44,64,84,9562.969534639607,8244.543742704784,8187.49402980784,-6869.068237873016,57.672565813986694
45,65,85,9570.72414600281,8260.350044948269,8188.01317348681,-6877.639072432268,54.69882392895897
46,66,86,9540.485213322474,8245.248286628073,8172.01482805656,-6876.777901362158,56.123114070377596
47,67,87,9541.184300328312,8235.070994094722,8189.6230523860695,-6883.50974615248,52.931026254756944
48,68,88,9534.796688143018,8245.196912356498,8190.44583850914,-6900.8460627226195,52.27201898341036
49,69,89,9550.508077116001,8268.772303443406,8168.918613916075,-6887.1828402434785,60.02980444535797
50,70,90,9545.191240993081,8295.9319967379,8130.069814783502,-6880.81057052832,58.32413431181158
51,71,91,9538.368146870605,8279.367911121,8153.712452101209,-6894.712216351603,53.54177813134629
52,72,92,9536.476008186746,8297.417650848176,8154.737512425516,-6915.679155086946,46.90282711000373
53,73,93,9530.225639987022,8292.800981632301,8162.545433713832,-6925.12077535911,44.271470046959166
54,74,94,9557.244234913162,8293.775016103053,8214.66146892261,-6951.192250112499,51.123784284846806
55,75,95,9528.560070140986,8273.364256259125,8206.141358335535,-6950.9455444536725,43.353026706354285
56,76,96,9519.989696377324,8288.144361279605,8185.464902333715,-6953.619567235994,34.769669263323976
57,77,97,9498.830979575283,8281.670586694578,8165.9763664240145,-6948.815973543311,31.65024358955725
58,78,98,9481.215221160544,8293.688931019877,8141.855716088314,-6954.329425947644,23.257447847856383
59,79,99,9467.780600304708,8290.921987677124,8113.533555131429,-6936.674942503843,27.545971462460784
60,80,100,9446.322613408516,8277.952987055358,8110.60653601216,-6942.236909659001,22.841158079454544
61,81,101,9427.647961060757,8269.727979076008,8083.512216824289,-6925.59223483954,24.26088328831611
62,82,102,9407.866534046834,8240.616222924054,8106.637696558885,-6939.387385436106,22.900676531702175
63,83,103,9381.053575916327,8214.763996809292,8095.249571404282,-6928.959992297247,1.4010146581367735
64,84,104,9355.954875473348,8187.49402980784,8094.941107537531,-6926.480261872024,3.6861815357415253
65,85,105,9384.74328811013,8188.01317348681,8106.489370743354,-6909.759256120033,20.24805147376219
66,86,106,9388.914606577622,8172.01482805656,8128.234639338121,-6911.33486081706,28.248343632464184
67,87,107,9386.48482739542,8189.6230523860695,8100.088182779058,-6903.226407769707,36.72265649811516
68,88,108,9417.029390324515,8190.44583850914,8155.49512357232,-6928.911571756946,41.09010893452114
69,89,109,9401.636044821835,8168.918613916075,8152.052938843207,-6919.335507937447,42.01274384039925
70,90,110,9383.955551185796,8130.069814783502,8168.614350041788,-6914.728613639494,39.77534623851079
71,91,111,9389.654038612913,8153.712452101209,8158.479000766645,-6922.537414254941,42.340596099124014
72,92,112,9380.853797419233,8154.737512425516,8177.122881793872,-6951.0065968001545,31.294257641688546
73,93,113,9403.123135582957,8162.545433713832,8186.217952206428,-6945.640250337303,32.580100324580144
74,94,114,9396.929495608008,8214.66146892261,8150.683126768021,-6968.415100082622,24.393142885380712
75,95,115,9395.614941516762,8206.141358335535,8163.917868137356,-6974.444284956129,23.302432484741985
76,96,116,9378.468587226875,8185.464902333715,8164.131633473566,-6971.127948580406,17.43487889994276
77,97,117,9366.089438131738,8165.9763664240145,8171.599485872615,-6971.486414164892,13.602557721259473
78,98,118,9397.871615789187,8141.855716088314,8218.554338358394,-6962.538438657521,24.241280137426656
79,99,119,9371.003166100621,8113.533555131429,8211.835315043287,-6954.3657040740945,15.194990262033116
80,100,120,9367.406239989394,8110.60653601216,8193.708710226414,-6936.90900624918,17.492493182665385
81,101,121,9368.52622647924,8083.512216824289,8208.859106678054,-6923.845097023102,24.233359961887345
82,102,122,9383.342215879686,8106.637696558885,8208.243834347439,-6931.539315026639,30.75205469501634
83,103,123,9376.843851472984,8095.249571404282,8208.093475290912,-6926.49919522221,12.075489251227737
84,104,124,9374.480941090793,8094.941107537531,8216.699021110882,-6937.159187557621,13.466506547381869
85,105,125,9360.26757242082,8106.489370743354,8179.872465915416,-6926.094264237949,16.900471150770954
86,106,126,9356.651598202974,8128.234639338121,8148.407998444427,-6919.991039579574,22.031366865452128
87,107,127,9331.418554987125,8100.088182779058,8152.836484200261,-6921.506111992194,24.577289713678056
88,108,128,9391.63704682187,8155.49512357232,8166.862625887465,-6930.720702637915,39.07982631708455
89,109,129,9369.678200131317,8152.052938843207,8162.788195462011,-6945.162934173901,33.6184923449764
90,110,130,9369.91094100184,8168.614350041788,8152.724127896397,-6951.427536936346,31.385555582659435
91,111,131,9353.847561567207,8158.479000766645,8140.793084068279,-6945.424523267717,31.30866718117477
92,112,132,9361.828507389571,8177.122881793872,8139.243403501392,-6954.537777905693,28.27215704890159
93,113,133,9367.46879376908,8186.217952206428,8133.831462748147,-6952.580621185494,25.505509731312486
94,114,134,9332.961859798997,8150.683126768021,8133.8601645356475,-6951.58143150467,16.15403450838403
95,115,135,9348.956298675566,8163.917868137356,8134.865839093948,-6949.827408555739,12.942778505799652
96,116,136,9347.426903603544,8164.131633473566,8135.125889409001,-6951.830619279022,16.078204249868122
97,117,137,9360.95930836898,8171.599485872615,8140.542807298952,-6951.182984802588,16.479191281757267
98,118,138,9366.122972538338,8218.554338358394,8096.910123794286,-6949.34148961434,15.980949776178477
99,119,139,9368.319919995729,8211.835315043287,8116.049518231457,-6959.564913279015,12.793337512505786
100,120,140,9370.255043199246,8193.708710226414,8126.548109784492,-6950.0017768116595,10.64809210035719
101,121,141,9390.07691622307,8208.859106678054,8131.883215654789,-6950.665406109772,10.666470638801457
102,122,142,9405.601973539171,8208.243834347439,8158.274278616055,-6960.916139424324,19.74211825916791
103,123,143,9452.554332549134,8208.093475290912,8181.70308391805,-6937.242226659826,32.93804347220748
104,124,144,9453.129723068074,8216.699021110882,8176.818983285562,-6940.388281328369,28.727550529059954
105,125,145,9435.169972292737,8179.872465915416,8195.081040295485,-6939.783533918164,24.79142752043299
106,126,146,9431.342188365888,8148.407998444427,8216.61570826352,-6933.681518342059,29.700573969016205
107,127,147,9449.553555243578,8152.836484200261,8204.936797065995,-6908.2197260226785,37.82940234081525
108,128,148,9404.714418300562,8166.862625887465,8146.279494686704,-6908.427702273606,28.37899810298495
109,129,149,9403.34507085973,8162.788195462011,8158.626601368966,-6918.069725971247,29.095204098447084
110,130,150,9401.574060125591,8152.724127896397,8167.274167749828,-6918.424235520633,31.55017372687462
111,131,151,9437.163864922713,8140.793084068279,8201.24897691747,-6904.878196063037,30.399842076004006
112,132,152,9451.845451505977,8139.243403501392,8218.782962526697,-6906.180914522112,32.197199902879674
113,133,153,9432.314292517358,8133.831462748147,8187.610760359967,-6889.127930590756,29.890795868335772
114,134,154,9430.9771510497,8133.8601645356475,8179.599525682007,-6882.482539167955,28.078885835664096
115,135,155,9430.774008844297,8134.865839093948,8167.867896977365,-6871.959727227017,24.19635323959301
116,136,156,9424.310738654589,8135.125889409001,8174.621342632825,-6885.436493387237,25.577496171674284
117,137,157,9458.848106566531,8140.542807298952,8186.664649193095,-6868.359349925517,30.156152863008174
118,138,158,9377.944916256078,8096.910123794286,8158.656574080109,-6877.621781618316,9.445592199909242
119,139,159,9399.013199136793,8116.049518231457,8158.213663399632,-6875.249982494297,16.543912048532093
120,140,160,9398.79400348102,8126.548109784492,8134.500479168501,-6862.254585471974,13.890429227846653
121,141,161,9409.979603161537,8131.883215654789,8154.648257387413,-6876.5518698806645,13.515941639457196
122,142,162,9405.39418525052,8158.274278616055,8138.609489618021,-6891.489582983557,13.169155160912851
123,143,163,9403.187554395994,8181.70308391805,8106.278801474227,-6884.794330996283,20.220610311256678
124,144,164,9402.19722974056,8176.818983285562,8118.1089472158,-6892.730700760803,16.992704312020123
125,145,165,9393.120749014051,8195.081040295485,8095.565813239898,-6897.52610452133,12.229225027364464
126,146,166,9406.45876270121,8216.61570826352,8103.734861918501,-6913.891807480812,20.024397626430982
127,147,167,9396.489183508704,8204.936797065995,8086.8268294118025,-6895.274442969094,12.768311192723559
128,148,168,9341.225598264882,8146.279494686704,8101.449931502381,-6906.5038279242035,0.503427321313211
129,149,169,9363.461520313485,8158.626601368966,8114.495030633341,-6909.660111688821,2.5891873559039595
130,150,170,9362.661885967442,8167.274167749828,8100.7231595787125,-6905.335441361098,9.313943997293336
131,151,171,9383.743413019407,8201.24897691747,8085.457757333246,-6902.963321231309,23.08358627414691
132,152,172,9373.28560740254,8218.782962526697,8069.771041136952,-6915.268396261108,19.288253598123447
133,153,173,9347.94655335913,8187.610760359967,8085.597460873085,-6925.261667873921,10.893816283434717
134,154,174,9344.637247406274,8179.599525682007,8078.552767363176,-6913.515045638909,8.490592821115115
135,155,175,9361.357248685708,8167.867896977365,8106.07659198483,-6912.587240276487,15.026691591465351
136,156,176,9355.948925102635,8174.621342632825,8111.474849325179,-6930.147266855369,11.681574115004878
137,157,177,9340.18301274956,8186.664649193095,8105.681361830409,-6952.162998273943,7.213116343898491
138,158,178,9331.967582288476,8158.656574080109,8103.970376021294,-6930.659367812927,17.928456246116184
139,159,179,9313.117359095908,8158.213663399632,8078.455115317617,-6923.551419621341,13.457460433171036
140,160,180,9290.197538104974,8134.500479168501,8078.054894849522,-6922.357835913048,9.059143591203792
141,161,181,9275.421180604779,8154.648257387413,8036.083790900941,-6915.3108676835745,9.57559391524137
142,162,182,9257.57032684565,8138.609489618021,8042.135991869495,-6923.175154641867,-0.029428108548927412
143,163,183,9252.978672129584,8106.278801474227,8077.327316843449,-6930.627446188091,10.792911671941965
144,164,184,9294.99596200362,8118.1089472158,8131.785331445389,-6954.898316657567,12.80372838517087
145,165,185,9279.336511688798,8095.565813239898,8134.934844452213,-6951.164146003313,5.592058659395207
146,166,186,9275.760693044913,8103.734861918501,8116.794405375147,-6944.768574248736,3.1681145128914068
147,167,187,9275.474687940223,8086.8268294118025,8121.192504008582,-6932.54464548016,-7.401208258504994
148,168,188,9275.53275012933,8101.449931502381,8111.736215451332,-6937.653396824384,-10.527662656487792
149,169,189,9299.812152795175,8114.495030633341,8131.71032272691,-6946.393200565077,-6.923317040795155
150,170,190,9312.922260359208,8100.7231595787125,8152.823457313652,-6940.624356533157,-2.2117870824495185
151,171,191,9284.850197406045,8085.457757333246,8123.357312214716,-6923.964872141918,3.341092164499514
152,172,192,9291.934817810119,8069.771041136952,8144.338832360658,-6922.17505568749,-1.698831197844811
153,173,193,9306.18205796535,8085.597460873085,8142.180691361818,-6921.596094269553,-3.987830528527411
154,174,194,9310.250568777285,8078.552767363176,8143.199672579342,-6911.501871165234,-0.06302450252724157
155,175,195,9302.935367905407,8106.07659198483,8098.473376935594,-6901.614601015017,0.9291256735505158
156,176,196,9319.826884936378,8111.474849325179,8118.305865887038,-6909.953830275839,7.476907770411799
157,177,197,9309.383589028803,8105.681361830409,8125.075493539807,-6921.373266341412,8.92602486854048
158,178,198,9318.358841605437,8103.970376021294,8128.33370157531,-6913.945235991167,20.05946325906234
159,179,199,9324.311207185703,8078.455115317617,8142.582912984606,-6896.726821116521,17.880948690776677
160,180,200,9342.74867738007,8078.054894849522,8172.259973073981,-6907.566190543432,18.18084126599115
161,181,201,9313.824255805579,8036.083790900941,8176.779707816808,-6899.039242912169,12.720937818128277
162,182,202,9314.950312214067,8042.135991869495,8181.395376265127,-6908.5810559205565,10.588225476990829
163,183,203,9313.882081050166,8077.327316843449,8177.926204841333,-6941.371440634617,18.326057876822688
164,184,204,9333.014386812414,8131.785331445389,8156.7762331262475,-6955.547177759221,16.80807061873793
165,185,205,9329.321792808227,8134.934844452213,8142.877627347036,-6948.490678991022,14.677082258537666
166,186,206,9309.376957775728,8116.794405375147,8136.7217893222405,-6944.139236921659,10.548893542472797
167,187,207,9293.473596438651,8121.192504008582,8121.469597947438,-6949.188505517368,7.173179389717461
168,188,208,9317.515196449256,8111.736215451332,8170.240851842932,-6964.461870845009,5.739711491840808
169,189,209,9323.58319857203,8131.71032272691,8148.054123815083,-6956.181247969962,11.683943859840838
