Left,Mid,Right,Loss,Loss_left,Loss_right,gain,glasso
0,20,40,9381.137312277513,8113.66292615341,8219.063931342258,-6951.589545218156,32.800854660742516
1,21,41,9365.47947270841,8105.905349958398,8196.724296802971,-6937.150174052958,24.235084463471594
2,22,42,9355.342770356265,8091.845851679353,8201.703652451006,-6938.206733774094,20.560677605607907
3,23,43,9337.877077415917,8082.656160248151,8183.80379755958,-6928.582880391814,24.441314403560227
4,24,44,9331.501852016685,8104.566896660106,8162.043620039123,-6935.108664682544,19.92297343514838
5,25,45,9331.82148419101,8097.670368506904,8164.23204587401,-6930.080930189904,25.270095020635836
6,26,46,9328.631059792408,8088.061140775233,8175.410981133331,-6934.8410621161565,24.94224805554859
7,27,47,9337.451260614094,8124.097333334738,8154.4671034565345,-6941.113176177178,31.23991475269986
8,28,48,9378.067109964399,8107.001770998353,8187.524817656304,-6916.459478690258,36.432931006687795
9,29,49,9378.790280418561,8133.427322680411,8185.0381000352845,-6939.675142297134,34.955285865728456
10,30,50,9394.713426382557,8152.017668254402,8184.211900611763,-6941.516142483608,30.866488422982002
11,31,51,9377.840424699058,8140.1844975592885,8186.085998638215,-6948.430071498446,22.45005962569212
12,32,52,9379.182381325549,8181.026932876036,8153.4429668293615,-6955.287518379848,16.531151405748915
13,33,53,9380.19163453207,8232.250337413543,8093.103042834358,-6945.161745715832,8.750914875561648
14,34,54,9382.451122765062,8224.072977969385,8106.306017973925,-6947.927873178247,12.161256905650134
15,35,55,9378.144248491159,8231.693635804708,8099.277527868693,-6952.826915182242,8.692956544192384
16,36,56,9385.893897555368,8231.811005632462,8099.554647445062,-6945.471755522156,16.06542428815419
17,37,57,9401.727375318329,8234.268843309519,8124.557832879713,-6957.099300870903,13.48726464448373
18,38,58,9401.046341622383,8223.42009836919,8127.208326459491,-6949.582083206298,23.792935022593156
19,39,59,9405.956000635768,8229.596961810741,8144.706164550098,-6968.347125725071,23.881199749911957
20,40,60,9411.19893726233,8219.063931342258,8158.395571779292,-6966.26056585922,22.32520681894721
21,41,61,9430.879662232835,8196.724296802971,8202.189649439571,-6968.034284009709,16.000639363267965
22,42,62,9440.130612072386,8201.703652451006,8211.94893045318,-6973.5219708318,17.078184134541516
23,43,63,9485.804648926738,8183.80379755958,8261.687359437841,-6959.686508070683,23.898846677625443
24,44,64,9462.07435318891,8162.043620039123,8247.891345840806,-6947.86061269102,22.98785624471475
25,45,65,9487.817647498361,8164.23204587401,8282.590848760288,-6959.005247135936,25.71399034688511
26,46,66,9492.93761572865,8175.410981133331,8286.358303548905,-6968.831668953586,21.233838978791937
27,47,67,9514.689256358843,8154.4671034565345,8294.896853746332,-6934.674700844023,30.047896323974783
28,48,68,9514.63661236072,8187.524817656304,8258.828952589854,-6931.717157885438,32.83016131164413
29,49,69,9509.123306829144,8185.0381000352845,8250.499413105952,-6926.414206312093,34.67334298472588
30,50,70,9528.477135675505,8184.211900611763,8276.81866357186,-6932.553428508119,35.92952535591348
31,51,71,9524.611289219305,8186.085998638215,8254.584871937861,-6916.059581356771,40.04457855740293
32,52,72,9511.363251737004,8153.4429668293615,8271.498500470516,-6913.578215562871,40.063111985067735
33,53,73,9489.24154851702,8093.103042834358,8264.962703986062,-6868.8241983034,39.359767283343444
34,54,74,9494.117900114376,8106.306017973925,8230.859858416008,-6843.047976275557,45.25259879838495
35,55,75,9478.325127700416,8099.277527868693,8229.452213144154,-6850.40461331243,36.98906717468299
36,56,76,9488.64466009404,8099.554647445062,8238.77558706184,-6849.6855744128625,42.57322206115077
37,57,77,9493.048088611193,8124.557832879713,8194.26403191955,-6825.773776188071,50.76603514488443
38,58,78,9488.18825831855,8127.208326459491,8179.3401018644545,-6818.360170005395,58.07994902334576
39,59,79,9512.739982590901,8144.706164550098,8176.170024279514,-6808.136206238711,59.20239582401882
40,60,80,9571.627982366328,8158.395571779292,8188.280096513818,-6775.047685926782,78.82089256474819
41,61,81,9590.565526983646,8202.189649439571,8198.231341209877,-6809.855463665805,77.30332764475634
42,62,82,9599.063491674535,8211.94893045318,8217.186119856156,-6830.0715586348,71.59230946397292
43,63,83,9594.998877107357,8261.687359437841,8188.8675697426015,-6855.556052073085,72.10168971765188
44,64,84,9579.835797876141,8247.891345840806,8179.045515740456,-6847.101063705122,73.90999227307248
45,65,85,9612.32836332178,8282.590848760288,8191.496070283732,-6861.758555722241,77.35089427968433
46,66,86,9601.601334664061,8286.358303548905,8179.546275525021,-6864.303244409864,73.23694233456172
47,67,87,9575.82970115989,8294.896853746332,8150.133094896296,-6869.200247482737,65.9353148031255
48,68,88,9546.018070858001,8258.828952589854,8173.9495563904775,-6886.760438122332,55.19151512114195
49,69,89,9531.884558271173,8250.499413105952,8175.689035298848,-6894.303890133626,50.99447587727309
50,70,90,9527.954829700459,8276.81866357186,8160.688556877693,-6909.552390749093,53.31333917782467
51,71,91,9518.924890967537,8254.584871937861,8169.588800263457,-6905.248781233782,55.175859719851815
52,72,92,9521.119155167975,8271.498500470516,8157.116175430829,-6907.495520733368,52.2012092719051
53,73,93,9505.030859840359,8264.962703986062,8153.395966098211,-6913.327810243913,50.51251084300566
54,74,94,9469.34745239138,8230.859858416008,8151.130568288019,-6912.642974312648,50.976614131428505
55,75,95,9455.485006800629,8229.452213144154,8161.146868353454,-6935.114074696978,42.65570401980494
56,76,96,9445.094496238567,8238.77558706184,8144.58371814345,-6938.264808966722,40.944839102307014
57,77,97,9402.671163786445,8194.26403191955,8141.279797929486,-6932.8726660625925,31.53019997219235
58,78,98,9398.34583060584,8179.3401018644545,8146.214351537272,-6927.208622795886,34.35131427621036
59,79,99,9418.473036921327,8176.170024279514,8156.138135962031,-6913.8351233202175,31.601450635920628
60,80,100,9377.531787679749,8188.280096513818,8067.878451682753,-6878.626760516821,42.88131764445643
61,81,101,9402.80413458763,8198.231341209877,8118.033558876848,-6913.460765499094,52.14962837867961
62,82,102,9395.487662696454,8217.186119856156,8104.543082906128,-6926.24154006583,34.994037164316524
63,83,103,9381.476455545637,8188.8675697426015,8122.899642466837,-6930.2907566638005,32.698487664985805
64,84,104,9386.902443157749,8179.045515740456,8131.196693930714,-6923.339766513422,35.15741096129295
65,85,105,9383.496301341738,8191.496070283732,8101.589781692744,-6909.589550634737,30.32071444047233
66,86,106,9370.224000680733,8179.546275525021,8098.737954868438,-6908.060229712726,21.83964682137912
67,87,107,9334.363824711734,8150.133094896296,8110.441161786206,-6926.210431970769,8.608347828416754
68,88,108,9339.893044401437,8173.9495563904775,8091.197093451719,-6925.253605440761,12.268214202846139
69,89,109,9361.852577270865,8175.689035298848,8128.683377202512,-6942.519835230494,16.56119690053265
70,90,110,9326.141276251003,8160.688556877693,8110.3404356050405,-6944.887716231731,7.169126163781129
71,91,111,9327.582224420828,8169.588800263457,8099.478449670436,-6941.485025513066,16.234274710483078
72,92,112,9334.899203250423,8157.116175430829,8114.9321760161965,-6937.149148196602,20.649515105997125
73,93,113,9324.049283412454,8153.395966098211,8105.888512288346,-6935.235194974102,16.515860841747326
74,94,114,9324.493249646597,8151.130568288019,8114.361051655483,-6940.998370296906,18.04438560948347
75,95,115,9347.179238586397,8161.146868353454,8125.996805387535,-6939.964435154592,22.00771131608917
76,96,116,9352.141953288647,8144.58371814345,8139.992027649665,-6932.433792504467,25.73713483879692
77,97,117,9361.85677943849,8141.279797929486,8158.711321507942,-6938.134339998938,24.142948938514564
78,98,118,9355.450538082176,8146.214351537272,8136.562198262367,-6927.326011717463,25.886884238556377
79,99,119,9374.011216292423,8156.138135962031,8135.784043125928,-6917.910962795537,15.6633200659071
80,100,120,9304.527586334769,8067.878451682753,8141.947046732741,-6905.297912080725,10.799876608496561
81,101,121,9321.833217803507,8118.033558876848,8129.820868871916,-6926.0212099452565,14.816159763033738
82,102,122,9311.38767487831,8104.543082906128,8123.686860762625,-6916.842268790444,9.724052386896801
83,103,123,9333.418270361195,8122.899642466837,8149.659115363711,-6939.140487469353,14.80981730077474
84,104,124,9333.312386855741,8131.196693930714,8146.017006334905,-6943.901313409879,11.39046621292755
85,105,125,9293.605952066926,8101.589781692744,8126.0067212999,-6933.990550925719,3.6153883674101053
86,106,126,9298.250862446968,8098.737954868438,8124.020124760811,-6924.507217182281,3.926041121836988
87,107,127,9317.582375734062,8110.441161786206,8132.407569652205,-6925.266355704349,3.9896841222866897
88,108,128,9296.799863324006,8091.197093451719,8118.734489203944,-6913.131719331657,-0.09112389825486389
89,109,129,9301.028402867581,8128.683377202512,8106.747522397549,-6934.40249673248,11.013655368818036
90,110,130,9297.943165876492,8110.3404356050405,8119.763267143193,-6932.160536871743,8.865147542839622
91,111,131,9284.822541715374,8099.478449670436,8114.385052145465,-6929.040960100527,11.07541148051132
92,112,132,9276.7546205434,8114.9321760161965,8097.8960849128,-6936.073640385597,10.341174909090569
93,113,133,9298.286824169007,8105.888512288346,8141.270222789874,-6948.871910909214,14.707246852038224
94,114,134,9286.150921817512,8114.361051655483,8113.563524415381,-6941.773654253351,5.058355729259347
95,115,135,9288.566841724449,8125.996805387535,8111.994584818085,-6949.424548481171,5.889265083668306
96,116,136,9345.212888207847,8139.992027649665,8163.507621371691,-6958.286760813509,15.5721195744959
97,117,137,9351.535258536642,8158.711321507942,8149.713959403917,-6956.890022375217,14.072941390067626
98,118,138,9392.37428292546,8136.562198262367,8193.318335880758,-6937.506251217665,25.652363491024516
99,119,139,9393.126441867858,8135.784043125928,8180.911851928451,-6923.569453186521,23.88707698226972
100,120,140,9403.505006906527,8141.947046732741,8185.716173260495,-6924.158213086708,26.489996668083222
101,121,141,9376.403090840762,8129.820868871916,8170.127044804283,-6923.544822835436,18.07115399160739
102,122,142,9383.864924160825,8123.686860762625,8178.668356143378,-6918.490292745177,19.57153900651656
103,123,143,9422.856294854655,8149.659115363711,8189.005279391385,-6915.80809990044,28.788302501553062
104,124,144,9425.235003299049,8146.017006334905,8189.961577783968,-6910.743580819824,31.750326130037138
105,125,145,9413.261292109815,8126.0067212999,8177.754889543157,-6890.500318733242,26.835621153299144
106,126,146,9426.500290880103,8124.020124760811,8198.072893305194,-6895.592727185902,30.25335675760016
107,127,147,9444.725578643884,8132.407569652205,8193.845269100082,-6881.527260108403,32.704079698684836
108,128,148,9445.877711064533,8118.734489203944,8198.674863102113,-6871.531641241523,26.81734514290929
109,129,149,9453.980900187893,8106.747522397549,8214.695553163752,-6867.462175373408,41.97577466422081
110,130,150,9471.21426616053,8119.763267143193,8220.574546827458,-6869.123547810121,45.30739136084367
111,131,151,9457.44654357569,8114.385052145465,8208.825480118263,-6865.763988688039,39.65420538577382
112,132,152,9450.023213097133,8097.8960849128,8224.227031242772,-6872.099903058439,34.93077293476381
113,133,153,9450.08894225069,8141.270222789874,8164.077205541378,-6855.258486080564,45.569197044714656
114,134,154,9454.762217520314,8113.563524415381,8189.653297223431,-6848.4546041184985,37.3959641346587
115,135,155,9433.387694225063,8111.994584818085,8184.1016087021235,-6862.708499295146,35.15352671560231
116,136,156,9438.31516189344,8163.507621371691,8150.3562732069895,-6875.54873268524,43.124600812626795
117,137,157,9423.967989092327,8149.713959403917,8130.049017721989,-6855.794988033578,47.624728951324414
118,138,158,9424.055745479192,8193.318335880758,8090.8696659270445,-6860.13225632861,41.55917231654121
119,139,159,9381.138066481613,8180.911851928451,8067.945633870032,-6867.719419316869,31.498795697577407
120,140,160,9385.750640609991,8185.716173260495,8047.382245147006,-6847.347777797511,33.14689237789844
121,141,161,9344.970694029707,8170.127044804283,8033.930249534746,-6859.0866003093215,30.758807767117105
122,142,162,9352.115241898455,8178.668356143378,8031.194595489788,-6857.747709734713,32.540103578201524
123,143,163,9308.62773330782,8189.005279391385,7993.540595054392,-6873.918141137956,8.272714753125456
124,144,164,9309.45214209632,8189.961577783968,8000.854240197812,-6881.363675885461,6.0066272048266
125,145,165,9293.949291471175,8177.754889543157,7982.096181362905,-6865.901779434886,-0.07743747786116728
126,146,166,9293.608865960447,8198.072893305194,7962.906756016219,-6867.370783360966,-7.565875377167231
127,147,167,9266.583710773442,8193.845269100082,7938.368662553354,-6865.630220879993,-19.5412832538168
128,148,168,9282.360514132059,8198.674863102113,7957.4047886705675,-6873.719137640623,-11.254066269255873
129,149,169,9281.706932043024,8214.695553163752,7943.162880500756,-6876.1515016214835,-16.228662444631937
130,150,170,9272.168691480467,8220.574546827458,7906.669752275357,-6855.075607622348,-7.590680655355754
131,151,171,9260.93597352463,8208.825480118263,7910.504423032269,-6858.393929625901,-8.94421124847213
132,152,172,9289.701913045705,8224.227031242772,7931.75268158268,-6866.2777997797475,-7.423111169930053
133,153,173,9239.915307427435,8164.077205541378,7941.221421685795,-6865.383319799739,-11.850400900466411
134,154,174,9263.33335292778,8189.653297223431,7936.606635962924,-6862.926580258574,5.336686491252294
135,155,175,9254.983479599938,8184.1016087021235,7946.194030038489,-6875.312159140674,4.629114790077438
136,156,176,9197.060778977171,8150.3562732069895,7938.79500081397,-6892.090495043787,1.738621364762821
137,157,177,9188.509043934639,8130.049017721989,7945.747853549173,-6887.287827336524,10.299945931430102
138,158,178,9153.981480573664,8090.8696659270445,7971.287888671368,-6908.176074024748,1.3672939756379492
139,159,179,9123.29736383017,8067.945633870032,7968.902881998121,-6913.551152037984,-1.924716848566277
140,160,180,9104.575449582811,8047.382245147006,7969.722596743041,-6912.529392307235,-10.705345477230367
141,161,181,9128.121683002988,8033.930249534746,8022.6507177635785,-6928.459284295335,-4.597539639744809
142,162,182,9130.0422811679,8031.194595489788,8015.343046336384,-6916.495360658273,-3.7300593040999956
143,163,183,9111.525814888864,7993.540595054392,8028.319101877492,-6910.33388204302,-14.80758984179829
144,164,184,9110.019832507376,8000.854240197812,8004.33106414671,-6895.1654718371465,-31.567124765032986
145,165,185,9097.02255074782,7982.096181362905,8003.370308892359,-6888.443939507444,-34.89827252085115
146,166,186,9065.229655026069,7962.906756016219,7982.021249050338,-6879.6983500404895,-59.51351733041656
147,167,187,9057.433861637135,7938.368662553354,7996.11947349141,-6877.054274407628,-72.28798572144115
148,168,188,9045.108088878274,7957.4047886705675,7976.019264717264,-6888.315964509558,-64.2806070075494
149,169,189,9035.341482249356,7943.162880500756,7981.250198016297,-6889.071596267697,-73.52026838866277
150,170,190,9033.58443040021,7906.669752275357,8003.396467579856,-6876.481789455003,-57.220627371781575
151,171,191,9067.669989158368,7910.504423032269,8026.639168458922,-6869.473602332822,-48.230459323969626
152,172,192,9091.873252675308,7931.75268158268,8017.436621447866,-6857.316050355239,-36.9802992965333
153,173,193,9097.335401201897,7941.221421685795,8017.139078026138,-6861.025098510036,-52.99573147760884
154,174,194,9078.284583335004,7936.606635962924,8014.321089950752,-6872.643142578672,-43.14969230413544
155,175,195,9101.26947415978,7946.194030038489,8027.721099717777,-6872.645655596485,-41.11947173458702
156,176,196,9106.160448551587,7938.79500081397,8028.705177509606,-6861.339729771988,-32.438988896034516
157,177,197,9109.53157058429,7945.747853549173,8052.179694521486,-6888.395977486371,-22.47262196834299
158,178,198,9111.983693646609,7971.287888671368,8021.537788306823,-6880.841983331582,-19.56269268836695
159,179,199,9129.75434572565,7968.902881998121,8017.892508791077,-6857.041045063546,-10.300712449340153
160,180,200,9110.910537436483,7969.722596743041,7996.842059213033,-6855.654118519591,-18.099801841398403
161,181,201,9133.999826712905,8022.6507177635785,7998.1520662112825,-6886.802957261956,-12.043677935179858
162,182,202,9136.021580804569,8015.343046336384,7985.628818128437,-6864.950283660251,-20.419130557197605
163,183,203,9176.440407643806,8028.319101877492,8023.502066906399,-6875.380761140086,-21.393694826586852
164,184,204,9163.397422273445,8004.33106414671,8042.186976547696,-6883.12061842096,-37.16284493151443
165,185,205,9175.268240896394,8003.370308892359,8059.341131981624,-6887.44319997759,-28.557552077960736
166,186,206,9188.685868294151,7982.021249050338,8089.720170495455,-6883.055551251642,-44.3810751177125
167,187,207,9185.369990193802,7996.11947349141,8080.2373737644775,-6890.986857062086,-53.98743470297313
168,188,208,9171.84079007234,7976.019264717264,8085.891239790134,-6890.06971443506,-53.89721887001542
169,189,209,9164.139005543453,7981.250198016297,8081.3476666070355,-6898.458859079879,-56.00153113446777
