Left,Mid,Right,Loss,Loss_left,Loss_right,gain,glasso
0,20,40,9318.367933196343,8073.411726035911,8176.569803075078,-6931.613595914645,-5.453490338713891
1,21,41,9302.359716128558,8044.564249581573,8183.195708704609,-6925.400242157624,-21.239968974660314
2,22,42,9299.74967083571,8068.122489710719,8135.102075820234,-6903.474894695242,-20.582943441149837
3,23,43,9284.255251989132,8089.06200533548,8109.573418994047,-6914.380172340394,-21.266743869551647
4,24,44,9287.30083593562,8088.3195059978425,8110.751081331289,-6911.769751393511,-22.443541664139047
5,25,45,9262.93043968911,8078.541173580303,8078.006324310769,-6893.617058201962,-20.478616986235465
6,26,46,9266.045881414982,8082.558804317702,8064.641317516356,-6881.154240419077,-25.52910155481868
7,27,47,9277.17996598011,8084.395903364912,8070.65053663731,-6877.86647402211,-26.873795672684537
8,28,48,9293.213171655772,8086.994150873186,8092.010818190649,-6885.791797408063,-17.68448738223151
9,29,49,9294.316392526049,8080.8969244727605,8101.797841894637,-6888.378373841348,-19.553528399664174
10,30,50,9295.161902590944,8113.39755758514,8092.536349846706,-6910.772004840901,-8.098842441983379
11,31,51,9277.68723477036,8148.175168713212,8062.3217926439165,-6932.809726586769,-4.6255379287295
12,32,52,9247.422059127906,8141.683656675319,8034.239865722859,-6928.501463270271,-18.09620356773621
13,33,53,9257.766278984294,8147.726982382957,8034.168864308277,-6924.129567706939,3.990111852173868
14,34,54,9241.796510371367,8148.727091995957,8027.382447045131,-6934.3130286697215,-1.6441773918068066
15,35,55,9253.282493536411,8184.932679208915,7989.311770286953,-6920.961955959458,2.894243350083798
16,36,56,9216.580473066606,8196.911991172055,7934.411443602705,-6914.742961708154,-15.485649386821933
17,37,57,9259.105252423638,8202.986380376182,7977.368899532286,-6921.25002748483,-8.69125416326824
18,38,58,9254.43886180489,8181.286462167133,7998.062837871211,-6924.9104382334535,-3.0206747713955338
19,39,59,9288.113178485959,8181.5167531584375,8029.445912557897,-6922.849487230376,1.3118297367427658
20,40,60,9299.194915356042,8176.569803075078,8047.377392702184,-6924.75228042122,-2.3965779672275858
21,41,61,9301.56743674443,8183.195708704609,8048.631875540643,-6930.260147500823,4.71433076125868
22,42,62,9268.5178126792,8135.102075820234,8045.639388701129,-6912.223651842163,-12.61442958212092
23,43,63,9252.99018160783,8109.573418994047,8065.33554211999,-6921.918779506206,-20.485525206271177
24,44,64,9277.42719818744,8110.751081331289,8099.847311231555,-6933.1711943754035,-9.080157535591752
25,45,65,9248.076861783593,8078.006324310769,8097.454201872119,-6927.3836643992945,-19.1377717471496
26,46,66,9241.856527821354,8064.641317516356,8085.253559971661,-6908.038349666664,-49.44081892121403
27,47,67,9264.757593177867,8070.65053663731,8103.364379470978,-6909.257322930422,-52.423324687199965
28,48,68,9277.663865017004,8092.010818190649,8100.212096204703,-6914.5590493783475,-45.12266321336028
29,49,69,9357.229419061838,8101.797841894637,8165.301319736762,-6909.869742569561,-14.621664352314383
30,50,70,9372.85490169682,8092.536349846706,8163.665211408988,-6883.3466595588725,-5.834611642417713
31,51,71,9370.635577785779,8062.3217926439165,8191.09023887916,-6882.776453737297,-0.9126135702490501
32,52,72,9333.882558861045,8034.239865722859,8177.183880876521,-6877.541187738334,0.19029748777347777
33,53,73,9337.477469740568,8034.168864308277,8175.757990165717,-6872.449384733425,12.299944261259043
34,54,74,9343.919558040987,8027.382447045131,8191.7505557617715,-6875.2134447659155,14.656567385603921
35,55,75,9370.479154391018,7989.311770286953,8215.942760216321,-6834.775376112257,24.287517904557717
36,56,76,9338.969643779046,7934.411443602705,8233.137775981997,-6828.579575805656,8.11265866820304
37,57,77,9369.386532513214,7977.368899532286,8220.491361017717,-6828.47372803679,13.907248423366127
38,58,78,9399.347389260829,7998.062837871211,8218.685714742296,-6817.401163352677,21.393728428959548
39,59,79,9380.981467609332,8029.445912557897,8175.140095434808,-6823.604540383372,29.847928913417945
40,60,80,9400.087635184203,8047.377392702184,8167.759380138383,-6815.049137656364,23.808539103798466
41,61,81,9382.957631767185,8048.631875540643,8160.1486847545,-6825.822928527958,25.816591457028153
42,62,82,9368.303775486762,8045.639388701129,8160.4219187060635,-6837.75753192043,22.142055484065168
43,63,83,9422.684451627441,8065.33554211999,8182.824765944157,-6825.475856436706,31.24907418970497
44,64,84,9434.296568916992,8099.847311231555,8163.769465033805,-6829.320207348368,39.48796687300819
45,65,85,9428.524357479908,8097.454201872119,8165.861750322213,-6834.791594714423,36.60139050931775
46,66,86,9430.77121481237,8085.253559971661,8176.583716474455,-6831.066061633746,30.117793071259257
47,67,87,9440.643805842526,8103.364379470978,8187.216244465571,-6849.936818094022,20.320939870088296
48,68,88,9417.13032851574,8100.212096204703,8175.20413503278,-6858.285902721744,15.204974299581409
49,69,89,9424.22303165755,8165.301319736762,8142.84416104322,-6883.922449122432,18.37952964265787
50,70,90,9429.219127482387,8163.665211408988,8145.117173620865,-6879.5632575474665,18.76701537730787
51,71,91,9466.302666245327,8191.09023887916,8172.584802446778,-6897.372375080611,24.114103600439194
52,72,92,9483.762380264543,8177.183880876521,8205.779686166275,-6899.201186778253,26.365424592863747
53,73,93,9457.670150686223,8175.757990165717,8189.801063797162,-6907.8889032766565,23.92328231222291
54,74,94,9497.23162594979,8191.7505557617715,8213.571357890325,-6908.090287702307,23.82711711617094
55,75,95,9515.523214003882,8215.942760216321,8211.382091884978,-6911.801638097419,30.86356784069403
56,76,96,9547.96261972692,8233.137775981997,8232.274323943797,-6917.449480198873,30.80039531124794
57,77,97,9508.876940353322,8220.491361017717,8246.801875858573,-6958.41629652297,31.51117833671242
58,78,98,9503.984773116474,8218.685714742296,8253.768265860137,-6968.4692074859595,29.426313855105946
59,79,99,9470.398914503883,8175.140095434808,8259.947198408678,-6964.688379339601,27.282585078716693
60,80,100,9456.045064456179,8167.759380138383,8232.011580196053,-6943.725895878255,35.33402232102344
61,81,101,9450.690920934994,8160.1486847545,8240.834159118021,-6950.291922937529,33.030473939857075
62,82,102,9479.882263914951,8160.4219187060635,8274.517732808863,-6955.057387599976,38.44378297676394
63,83,103,9474.57107086121,8182.824765944157,8256.076364135868,-6964.330059218817,33.736468921455526
64,84,104,9451.206602716047,8163.769465033805,8250.215011935446,-6962.777874253203,33.65694504344219
65,85,105,9456.010567245368,8165.861750322213,8249.915524004173,-6959.766707081017,36.63070605686835
66,86,106,9444.189751767344,8176.583716474455,8225.157752046447,-6957.551716753556,33.10849077141029
67,87,107,9443.573877671723,8187.216244465571,8215.816929726683,-6959.459296520534,32.86490108087855
68,88,108,9451.942083902773,8175.20413503278,8222.596785439628,-6945.858836569634,37.34967683861396
69,89,109,9423.226963370631,8142.84416104322,8216.062100437026,-6935.679298109615,31.693998452576125
70,90,110,9417.144563542934,8145.117173620865,8230.132926940896,-6958.105537018828,31.324180426268867
71,91,111,9422.979991670712,8172.584802446778,8233.458748925808,-6983.063559701874,18.52680431087174
72,92,112,9434.807215760024,8205.779686166275,8214.005310349381,-6984.977780755633,26.305385031619608
73,93,113,9431.953497889002,8189.801063797162,8221.512691468904,-6979.360257377064,28.96834852071879
74,94,114,9451.79886967054,8213.571357890325,8223.810017539843,-6985.582505759627,27.736591682333255
75,95,115,9431.39722558517,8211.382091884978,8194.533212598772,-6974.518078898582,27.898246491974078
76,96,116,9444.701243844458,8232.274323943797,8196.981563509034,-6984.554643608375,24.31447595780446
77,97,117,9443.744036066062,8246.801875858573,8173.476822109055,-6976.534661901565,16.20593653257356
78,98,118,9436.81449244003,8253.768265860137,8142.869006491996,-6959.822779912105,25.330928622507145
79,99,119,9449.900081207636,8259.947198408678,8157.798603148098,-6967.84572034914,31.115754685638876
80,100,120,9454.852654000686,8232.011580196053,8198.146826540822,-6975.305752736189,32.73179717656012
81,101,121,9468.798000108869,8240.834159118021,8206.541444297389,-6978.577603306541,34.816836845296166
82,102,122,9471.708273461074,8274.517732808863,8165.852044696338,-6968.661504044128,37.131171206368435
83,103,123,9450.081509946764,8256.076364135868,8168.063312431356,-6974.058166620462,31.89729327658506
84,104,124,9447.144403587725,8250.215011935446,8170.902566135965,-6973.973174483686,34.18046816693368
85,105,125,9466.321646364213,8249.915524004173,8191.432164740647,-6975.026042380607,32.38365585968131
86,106,126,9453.192693736373,8225.157752046447,8206.465126442039,-6978.430184752115,28.994732872094573
87,107,127,9443.837275905873,8215.816929726683,8195.238699191614,-6967.218353012424,33.926069008789
88,108,128,9454.223816899043,8222.596785439628,8192.9603434233,-6961.333311963886,34.195872919974136
89,109,129,9451.392612755231,8216.062100437026,8181.9031716684885,-6946.572659350282,33.21043557214989
90,110,130,9456.879484087118,8230.132926940896,8182.247713669673,-6955.501156523451,36.297882752140595
91,111,131,9451.97445909906,8233.458748925808,8185.687484481228,-6967.171774307979,25.76783725490941
92,112,132,9415.769524362962,8214.005310349381,8172.460061271403,-6970.695847257821,20.238444784858984
93,113,133,9423.385912719139,8221.512691468904,8184.531324324711,-6982.658103074478,18.932098391551335
94,114,134,9405.391703182753,8223.810017539843,8145.592724276671,-6964.01103863376,12.301317811824447
95,115,135,9381.718333105922,8194.533212598772,8149.111410758236,-6961.926290251085,7.543679207551122
96,116,136,9366.88698141313,8196.981563509034,8128.8110603912155,-6958.90564248712,9.905716593513716
97,117,137,9354.996323389882,8173.476822109055,8124.855165792964,-6943.3356645121385,9.144255470953794
98,118,138,9343.671454013478,8142.869006491996,8121.602796208475,-6920.800348686993,9.951144224400196
99,119,139,9337.839179179684,8157.798603148098,8075.942531827235,-6895.901955795649,17.487551536795763
100,120,140,9341.570766003686,8198.146826540822,8057.045565483995,-6913.621626021131,24.494900986303037
101,121,141,9356.452469135918,8206.541444297389,8042.1098648241805,-6892.198839985651,25.961436847258938
102,122,142,9337.332153811429,8165.852044696338,8059.143081524614,-6887.662972409524,21.83339189437629
103,123,143,9338.312995708366,8168.063312431356,8069.455666045891,-6899.205982768883,18.847427627466004
104,124,144,9384.389772222923,8170.902566135965,8100.899935941095,-6887.412729854135,36.26197584448346
105,125,145,9409.396124099614,8191.432164740647,8109.6593189515415,-6891.695359592573,28.48754595601804
106,126,146,9434.609705500301,8206.465126442039,8111.500368633704,-6883.355789575442,33.83885878459387
107,127,147,9438.74368945204,8195.238699191614,8128.995179389548,-6885.490189129123,32.662720303193964
108,128,148,9430.765148617682,8192.9603434233,8122.874891417538,-6885.070086223155,30.608066097226583
109,129,149,9462.573602106893,8181.9031716684885,8157.635690215755,-6876.965259777351,31.25857382210188
110,130,150,9467.063937887495,8182.247713669673,8169.681348371459,-6884.865124153637,25.63515484409436
111,131,151,9463.119179328498,8185.687484481228,8133.9528230566375,-6856.521128209368,29.242905528585652
112,132,152,9475.60178054944,8172.460061271403,8146.631539930679,-6843.489820652643,31.39768525659929
113,133,153,9491.156021403442,8184.531324324711,8139.505496728867,-6832.880799650136,41.07684466317596
114,134,154,9471.267092280737,8145.592724276671,8149.290732706381,-6823.616364702315,38.2870214448094
115,135,155,9485.09940921983,8149.111410758236,8158.022368234613,-6822.034369773019,37.320949327860944
116,136,156,9463.147446719126,8128.8110603912155,8155.260248953225,-6820.923862625314,33.64252180597896
117,137,157,9450.726267818049,8124.855165792964,8172.938403455009,-6847.067301429925,34.84264440347306
118,138,158,9451.813327500775,8121.602796208475,8162.818799556645,-6832.608268264346,26.736222448920216
119,139,159,9430.932415174202,8075.942531827235,8180.84050558283,-6825.850622235863,27.494172269132378
120,140,160,9435.729574088853,8057.045565483995,8187.986508027399,-6809.302499422542,48.02865957612721
121,141,161,9500.450400138538,8042.1098648241805,8231.877892086452,-6773.537356772094,65.68501477124619
122,142,162,9494.467641800482,8059.143081524614,8225.44039323029,-6790.115832954423,59.50943910570504
123,143,163,9501.87418869989,8069.455666045891,8230.582710383127,-6798.164187729128,59.37811829893644
124,144,164,9538.19304379068,8100.899935941095,8253.974858433588,-6816.681750584003,72.00721409023845
125,145,165,9523.276505881062,8109.6593189515415,8240.947898891378,-6827.3307119618585,68.16250668818793
126,146,166,9519.104099848977,8111.500368633704,8235.357050804536,-6827.753319589263,66.90807415212385
127,147,167,9511.04147310651,8128.995179389548,8223.854095689912,-6841.807801972951,63.734261265237365
128,148,168,9498.74985577898,8122.874891417538,8227.204004385127,-6851.329040023684,64.87201905766324
129,149,169,9489.294390398522,8157.635690215755,8213.879077500347,-6882.220377317581,45.135345276518365
130,150,170,9469.774402210693,8169.681348371459,8197.714423519797,-6897.621369680564,33.41379961808252
131,151,171,9436.40005270576,8133.9528230566375,8210.337656679296,-6907.890427030174,31.03117698412916
132,152,172,9441.66016609652,8146.631539930679,8207.856051386461,-6912.827425220619,30.22868370826609
133,153,173,9424.023830541402,8139.505496728867,8212.11388410695,-6927.595550294414,28.625219245479457
134,154,174,9438.609614432238,8149.290732706381,8216.299305146342,-6926.980423420484,36.55761247877899
135,155,175,9444.252963543577,8158.022368234613,8219.188828795097,-6932.958233486133,31.793563796524722
136,156,176,9456.144753754277,8155.260248953225,8239.684233625925,-6938.7997288248735,35.666063062129524
137,157,177,9431.54323430981,8172.938403455009,8225.052873174924,-6966.448042320122,31.942045532059637
138,158,178,9413.20093336936,8162.818799556645,8207.974086271692,-6957.591952458977,21.24752348535685
139,159,179,9404.542937742133,8180.84050558283,8187.912823193085,-6964.210391033781,23.6671675620737
140,160,180,9400.276845222392,8187.986508027399,8152.2124987617435,-6939.92216156675,35.661741444701875
141,161,181,9410.204771453089,8231.877892086452,8098.996574358453,-6920.669694991815,39.2008815197446
142,162,182,9417.495357778764,8225.44039323029,8116.553845220357,-6924.498880671883,43.994390258411386
143,163,183,9417.39493906893,8230.582710383127,8113.0569514308845,-6926.244722745081,43.96474540205827
144,164,184,9428.722505655665,8253.974858433588,8085.481320544139,-6910.733673322062,45.1991481237219
145,165,185,9418.110456773109,8240.947898891378,8084.790424754572,-6907.627866872841,51.27412780937357
146,166,186,9422.68345560717,8235.357050804536,8093.325905241442,-6905.999500438807,49.73419881094196
147,167,187,9412.645966799879,8223.854095689912,8100.083590260436,-6911.291719150469,49.45932132269354
148,168,188,9415.367232761404,8227.204004385127,8109.956790253634,-6921.793561877355,50.90776001904487
149,169,189,9407.47117841935,8213.879077500347,8114.588522149963,-6920.996421230961,52.77177212230572
150,170,190,9399.932526686336,8197.714423519797,8106.974272947813,-6904.756169781274,52.62639000461331
151,171,191,9410.99589653618,8210.337656679296,8109.492121276375,-6908.83388141949,60.93570592192282
152,172,192,9401.81301391747,8207.856051386461,8103.228165351817,-6909.271202820808,59.77902235561896
153,173,193,9416.88554077615,8212.11388410695,8129.145119608445,-6924.373462939246,43.56366516101116
154,174,194,9409.209555288355,8216.299305146342,8107.850414627436,-6914.940164485422,52.23064153343557
155,175,195,9424.080431199298,8219.188828795097,8135.966744836825,-6931.075142432623,45.26566390266953
156,176,196,9455.544180913468,8239.684233625925,8160.608056223025,-6944.748108935481,46.928837838984236
157,177,197,9448.684091257068,8225.052873174924,8161.618041576706,-6937.9868234945625,50.54715337508014
158,178,198,9441.71818050203,8207.974086271692,8159.276124403268,-6925.53203017293,44.356039269552184
159,179,199,9430.951257668628,8187.912823193085,8163.435021159223,-6920.396586683681,45.650140779500816
160,180,200,9382.68859116991,8152.2124987617435,8138.750303853792,-6908.274211445625,33.247169444567135
161,181,201,9345.821073116069,8098.996574358453,8136.683282741723,-6889.858783984106,27.564015207693956
162,182,202,9379.568547152148,8116.553845220357,8141.023544029453,-6878.008842097663,35.02594107277719
163,183,203,9398.752746823604,8113.0569514308845,8169.626339207634,-6883.930543814915,40.79713344034417
164,184,204,9370.879753619713,8085.481320544139,8164.870047571658,-6879.471614496084,36.13000472100657
165,185,205,9370.333744201538,8084.790424754572,8157.392182697417,-6871.84886325045,38.7675024758355
166,186,206,9367.561702024606,8093.325905241442,8155.38604284233,-6881.1502460591655,36.816758841255705
167,187,207,9406.642000216121,8100.083590260436,8202.367319247045,-6895.80890929136,39.73211538224905
168,188,208,9410.502352355183,8109.956790253634,8214.455006553428,-6913.909444451878,39.04388325171294
169,189,209,9409.498251324898,8114.588522149963,8215.003194786099,-6920.093465611164,38.13259268066713
