Left,Mid,Right,Loss_likeli,Loss_AIC,Loss_BIC,Loss_eBIC
0,20,40,97.38762035637251,-0.6123796436274915,-23.410241776775365,-566.214303168399
1,21,41,98.79845073242063,-37.20154926757937,-63.044249908948814,-708.584492395285
2,22,42,100.19256102667941,-29.807438973320586,-55.3504243775717,-808.9582427605719
3,23,43,69.3624897910579,-37.6375102089421,-47.50612177202083,-769.9140157558395
4,24,44,82.76655029977337,-53.23344970022663,-78.31469269746117,-926.058841864281
5,25,45,60.11559204635978,-76.88440795364022,-97.45500103151676,-917.6244206736242
6,26,46,77.71448397460676,-68.28551602539324,-78.6868436587888,-976.3936657505901
7,27,47,75.76587375566783,-62.234126244332174,-75.59391071333266,-880.1940362451851
8,28,48,110.2554444475038,-40.744555552496195,-70.09781818610122,-943.3416256074693
9,29,49,108.37656170232526,-9.623438297674738,-27.475958784323666,-773.7325232574731
10,30,50,99.05234855145204,-0.9476514485479584,-11.571449424610364,-644.0602787242851
11,31,51,109.91490758119517,-5.085092418804834,-26.642618349321992,-747.1157705177538
12,32,52,118.89336631769402,-21.106633682305983,-46.48356531055697,-913.8318055432132
13,33,53,126.34302836655411,10.343028366554108,-6.513759846540779,-892.6068619554667
14,34,54,100.73425516551106,-5.265744834488942,-19.223313221493527,-814.7513254939727
15,35,55,101.70650914662042,-5.293490853379581,-21.828366918841084,-710.1316291008466
16,36,56,82.10086105394475,-5.8991389460552455,-11.907933336912038,-564.6156100233111
17,37,57,77.5130142444466,-1.4869857555534054,-4.962269661991968,-471.43607689261034
18,38,58,99.09964441711872,13.099644417118725,3.250378911884809,-463.7756407637971
19,39,59,73.22913079994305,-22.77086920005695,-32.11013108204406,-535.7442510873552
20,40,60,85.72314296915101,-5.276857030848987,-18.004757991238193,-590.388012178013
21,41,61,111.1676269846464,1.1676269846464038,-19.857302701191884,-529.4203834980372
22,42,62,128.77759329384412,8.77759329384412,-12.479877923197137,-573.0057661130213
23,43,63,114.71225308746921,34.71225308746921,23.729936425610276,-448.1223050546573
24,44,64,87.44100223406076,3.441002234060761,-14.46617552588873,-481.913513731467
25,45,65,117.12188613686294,7.1218861368629405,-22.533453618090107,-613.4245095001952
26,46,66,158.39735344960263,54.39735344960263,34.407927616203324,-582.0882666005209
27,47,67,156.2388619217645,55.23886192176451,31.028390974400054,-600.3963691997853
28,48,68,161.5087830473476,50.508783047347606,12.227747788819897,-751.3347787239372
29,49,69,189.84049155951857,80.84049155951857,54.830866873778405,-675.7565058263704
30,50,70,178.0545426760068,79.0545426760068,57.88991203208366,-639.5455123663512
31,51,71,207.99887664093694,95.99887664093694,63.78823560382352,-765.6085203877988
32,52,72,267.5344425067583,105.5344425067583,44.86019842399105,-1021.8293714528972
33,53,73,319.7230892161833,136.72308921618333,76.28617124952916,-1096.3783341593407
34,54,74,336.7340417288274,138.73404172882738,73.92411863392294,-1280.1977042182784
35,55,75,335.20699275065726,126.20699275065726,48.434309357784514,-1336.9775158066063
36,56,76,426.528511709309,187.528511709309,98.34383378368466,-1496.8755247061808
37,57,77,415.9719506412366,182.97195064123662,96.7711942288779,-1404.9365338075177
38,58,78,440.83645872259103,190.83645872259103,91.66979661878008,-1665.2000099372171
39,59,79,461.89827139664067,208.89827139664067,114.12976191725829,-1807.240156469606
40,60,80,493.4502042263173,235.45020422631728,138.88551124360993,-1920.0827414811797
41,61,81,444.47739462469303,217.47739462469303,133.22738956955277,-1694.7569807670575
42,62,82,372.70111308739433,143.70111308739433,57.41565498786008,-1696.698603625538
43,63,83,312.1288581143817,110.12885811438173,41.79124238146619,-1569.329472648702
44,64,84,319.93196433307867,109.93196433307867,43.849744130986664,-1573.510693606108
45,65,85,281.9269586290143,78.92695862901428,19.952174077519203,-1395.6277487701273
46,66,86,301.72383564623556,136.72383564623556,82.99495748098911,-1302.1980809082534
47,67,87,295.5588951188481,131.5588951188481,83.87306053485804,-1198.544535872415
48,68,88,240.61299674086263,76.61299674086263,36.5517811430318,-1254.8459635657618
49,69,89,215.12147426762158,65.12147426762158,39.14717980054297,-993.4021264304656
50,70,90,172.6049152037267,19.604915203726705,-0.7414600173440249,-956.4735582069461
51,71,91,139.2387755766133,11.238775576613307,-2.2515571973738133,-911.2881741589699
52,72,92,131.9203318160321,9.920331816032103,-7.497638085764947,-967.7368409186993
53,73,93,106.75807830575286,-16.24192169424714,-28.43847116944289,-821.2979082292322
54,74,94,131.68623816039167,-13.313761839608333,-36.14096812273374,-901.5031148723097
55,75,95,120.06655436484994,-9.933445635150065,-28.966583166961527,-972.0058562297686
56,76,96,134.76545295482538,-20.234547045174622,-47.4972012452929,-1206.302910871093
57,77,97,94.12250864169505,-44.87749135830495,-56.899517281508224,-1099.416396639068
58,78,98,99.58620348056024,-54.41379651943976,-77.36627508970105,-1189.937114508154
59,79,99,89.11765898288536,-74.88234101711464,-101.08061300374607,-1209.840244606749
60,80,100,84.05758618846698,-78.94241381153302,-102.21680452942769,-1183.069905071471
61,81,101,90.23467085533616,-68.76532914466384,-78.35963167403384,-1094.7671986295218
62,82,102,122.06520588932472,-65.93479411067528,-99.57639670631534,-1701.5443241888652
63,83,103,109.66690613287233,-74.33309386712767,-106.65302588686905,-1597.2525273139645
64,84,104,175.08627188977312,-33.913728110226884,-85.28856497406287,-1602.4774072046885
65,85,105,163.28881809666882,-36.71118190333118,-69.51725127711848,-1385.3047348256173
66,86,106,141.51064270583356,-53.48935729416644,-87.81644679176588,-1472.224624173773
67,87,107,158.4637695852141,-37.536230414785905,-77.93335082688145,-1439.6250862730653
68,88,108,210.86218104243835,7.862181042438351,-39.13916463961573,-1642.2008060637218
69,89,109,183.26775473462476,9.26775473462476,-23.295472980896648,-1344.626305641556
70,90,110,187.57175748375698,4.571757483756983,-27.399516289425492,-1232.4888160408113
71,91,111,133.6489581401047,-12.351041859895304,-34.43975364846051,-1073.0326099848053
72,92,112,150.37880998503533,-9.621190014964668,-41.799190030927775,-1275.7474764861981
73,93,113,181.94606802781004,31.946068027810043,0.24127270597728057,-1064.8619138984532
74,94,114,148.70487159489676,6.704871594896758,-25.869024896639758,-949.2582018598164
75,95,115,138.1132395941229,10.113239594122888,-15.490530982535574,-899.0481192420202
76,96,116,170.61380613198958,24.613806131989577,-12.58169482770154,-1052.5599626092558
77,97,117,141.43965998969816,28.439659989698157,2.3326888882554613,-860.4250499705436
78,98,118,127.26899793823827,17.26899793823827,-6.304653982033642,-779.1044908372419
79,99,119,132.67235220266548,27.67235220266548,3.8154422440386497,-704.6949122241231
80,100,120,124.40406872378003,16.40406872378003,-9.986160416017583,-687.4039606452934
81,101,121,130.4560966401059,16.456096640105898,6.25982108422636,-543.7836760643822
82,102,122,191.75440026747015,56.754400267470146,22.811645114609973,-1110.8635760044072
83,103,123,159.8487266793045,40.84872667930449,7.43641537698818,-777.9516707182852
84,104,124,145.07161337023012,40.071613370230125,14.594957163932804,-706.5266922534329
85,105,125,132.78572717920474,30.78572717920474,25.976123792764838,-580.0864686877148
86,106,126,162.20999883728632,41.20999883728632,26.700508312185548,-693.5384447196711
87,107,127,140.30737370773022,34.30737370773022,9.259450431766481,-653.0230427838919
88,108,128,127.01046897376523,41.01046897376523,22.848662532854632,-661.287151449794
89,109,129,133.51788048103685,33.517880481036855,15.269463518814973,-678.7857273947943
90,110,130,135.71756176693816,28.71756176693816,13.59604976519313,-624.0015476126105
91,111,131,110.229927106079,28.229927106079003,14.4376439322034,-464.7816999524166
92,112,132,130.0665693725714,29.066569372571394,13.731755382083065,-652.9956444751674
93,113,133,169.20021530485838,53.200215304858375,23.86677784168478,-681.704850387076
94,114,134,146.47516921009765,48.47516921009765,29.143042979749907,-678.9260743190616
95,115,135,148.08664809849984,50.086648098499836,29.71480109731192,-586.3284497056243
96,116,136,189.71923908936628,60.71923908936628,25.749137829844813,-867.8192327208335
97,117,137,167.39171785286408,57.391717852864076,23.420858224192898,-759.4358748939458
98,118,138,134.46929519389846,20.46929519389846,-13.4135874402009,-760.4713813917674
99,119,139,145.33010671919624,31.330106719196237,-1.1664815537831146,-820.9101288233069
100,120,140,116.09329649705478,18.09329649705478,-11.289463851412393,-618.3991271719372
101,121,141,123.35075522142824,33.350755221428244,13.364009188660702,-442.266950229699
102,122,142,118.40740941103877,40.40740941103877,13.70203504738879,-392.18157194674495
103,123,143,147.82495850912824,64.82495850912824,37.87554644219426,-406.64779786232975
104,124,144,167.4663892589556,69.46638925895559,35.691293940578134,-561.7214687832809
105,125,145,146.88652715862713,52.88652715862713,20.64320109334858,-519.9092513266203
106,126,146,178.71018730250057,82.29238560304088,61.21035892175473,-421.37092532388374
107,127,147,173.9123965061524,96.91239650615239,72.55389494685141,-315.12428053401436
108,128,148,184.47406918112392,113.47406918112392,87.53101681954922,-270.9641528809841
109,129,149,184.08407199761314,81.08407199761314,39.89482321344326,-509.9686795893931
110,130,150,190.1507553807594,82.15075538075939,41.33449941907952,-495.66423720402486
111,131,151,208.1249550920818,117.12495509208179,86.21465870357065,-331.49908123517844
112,132,152,174.12278040929323,87.12278040929323,67.911815658254,-309.90513543172983
113,133,153,186.55354044893784,89.55354044893784,52.254589535034484,-427.2579034305438
114,134,154,189.4481253831491,106.44812538314909,72.53945084609609,-390.39878555270593
115,135,155,185.68860875808286,95.68860875808286,57.11898107319257,-462.92052992149934
116,136,156,236.96562080697026,124.96562080697026,74.47811294360326,-627.2296852074089
117,137,157,260.5592574708319,132.55925747083188,82.78654316018356,-617.3478094506772
118,138,158,250.4367831714717,118.43678317147169,65.02092263300528,-676.1512384616826
119,139,159,308.61551389742135,148.61551389742135,87.20848304275546,-786.205513993975
120,140,160,385.32159078190125,193.32159078190125,112.7988310807491,-887.2521618395601
121,141,161,337.99577478461083,169.99577478461083,83.3008696734239,-799.6531905689687
122,142,162,338.73545756716976,170.73545756716976,84.80939316309536,-890.265103970321
123,143,163,300.3259072696603,139.32590726966032,71.86356314374257,-705.2697043147884
124,144,164,227.67262925078762,121.67262925078762,88.40424293511705,-423.6330507436303
125,145,165,230.12401324681628,97.12401324681628,48.60681063969173,-499.4088944902194
126,146,166,245.9201078651995,105.50230616574004,52.80141732623406,-601.1327490840747
127,147,167,257.7413240833646,124.74132408336459,68.78986467288973,-594.3072595894805
128,148,168,221.37124931542894,89.37124931542894,37.064502657664434,-543.6297883239511
129,149,169,237.7877281514718,96.78772815147181,34.25355103781635,-804.9775873840395
130,150,170,218.77014852465595,90.77014852465595,34.66790200336004,-729.2918031768115
131,151,171,249.2204730612441,85.22047306124409,20.39196381997249,-950.3292305699349
132,152,172,249.00173382065236,96.00173382065236,37.74754621158104,-978.1612357369477
133,153,173,247.73855531921026,99.73855531921026,42.24703528387977,-958.7004524768097
134,154,174,271.7733995343235,132.77339953432352,77.222545962798,-858.6345175579761
135,155,175,301.5935360784631,153.5935360784631,93.0791442661066,-999.5256643999085
136,156,176,269.5372466514898,134.5372466514898,82.30287817009093,-821.8104781285865
137,157,177,272.0404850097657,129.0404850097657,84.27642789754168,-823.0659352171754
138,158,178,239.31858388246883,108.31858388246883,76.77157720283503,-580.7783941736072
139,159,179,191.28148337911034,98.28148337911034,82.36155934830231,-396.41033268991714
140,160,180,265.44468475510166,133.44468475510166,100.21693390016367,-455.7038013406391
141,161,181,251.89146607503562,133.89146607503562,95.95313427114525,-488.63263600045525
142,162,182,294.9886210278562,171.9886210278562,131.54550162108444,-596.1075583367301
143,163,183,250.08097487495365,127.08097487495365,97.78732599328714,-477.57902505505876
144,164,184,227.27514981795116,144.27514981795116,131.12202440515057,-318.8387991017755
145,165,185,155.81606113719658,51.816061137196584,33.67936164948355,-423.4148415197319
146,166,186,150.6657051905952,41.66570519059519,19.89290589313123,-493.1751571153636
147,167,187,139.62167905313072,33.62167905313072,14.288229970758948,-524.6193540743034
148,168,188,134.6306918093835,26.630691809383507,6.925260129451544,-459.9133958686275
149,169,189,147.85804774210646,25.858047742106464,-2.6502770486495137,-847.7222444568424
150,170,190,162.5596858530571,24.55968585305709,-14.687085848370316,-830.1537336482193
151,171,191,157.06649758868298,4.066497588682978,-41.26197180327972,-977.3099226758964
152,172,192,115.26495239713131,-10.73504760286869,-40.5416897601724,-962.151032431796
153,173,193,113.82277683743587,-37.17722316256413,-66.09433335690505,-1086.693699087638
154,174,194,65.17476887253565,-86.82523112746435,-116.06002282005124,-1017.8010262629568
155,175,195,81.90086217016005,-56.09913782983995,-81.13639232978858,-1063.522720920354
156,176,196,58.794074111888904,-85.2059258881111,-111.84408284760207,-963.1385005735619
157,177,197,38.18859588092778,-99.81140411907222,-121.03634912594134,-968.2136727442767
158,178,198,50.6020116662437,-93.3979883337563,-111.83495400183074,-826.9103462613134
159,179,199,86.82257556319655,-39.17742443680345,-56.853990934308285,-1021.0782576595461
160,180,200,112.12801187974515,-11.871988120254855,-34.444573378965515,-939.6456098925946
161,181,201,115.85135348881431,-7.148646511185689,-31.64938076507906,-870.6994018202822
162,182,202,130.85278759091284,10.85278759091284,-12.15434825264947,-922.1969386879332
163,183,203,67.4617639072369,-49.5382360927631,-68.97233198431468,-884.2426233627025
164,184,204,72.57119307319408,-59.42880692680592,-81.82543819637272,-1086.6136793970409
165,185,205,61.28356738225375,-61.71643261774625,-81.0185630174401,-791.7914098957904
166,186,206,48.67333109014953,-66.32666890985047,-81.99244380560822,-794.58196061839
167,187,207,50.14888172934093,-57.85111827065907,-67.78309191818562,-635.4542657165903
168,188,208,60.85038307734021,-52.14961692265979,-67.65469444703695,-691.6142536350044
169,189,209,124.70998741240396,-19.29001258759604,-48.00761108876691,-1117.9872395086522
