Left,Mid,Right,Loss,Loss_left,Loss_right,gain,glasso
0,20,40,9379.543329713553,8081.95534372407,8223.590537537508,-6926.002551548025,-24.641923254960602
1,21,41,9380.003961319466,8115.437948532944,8206.26477520142,-6941.698762414899,-5.196352251854023
2,22,42,9373.993475360574,8083.955839660455,8222.503200319577,-6932.465564619459,-41.67234128587097
3,23,43,9357.571236999353,8122.585077722475,8193.408511213554,-6958.422351936677,-5.741421923908092
4,24,44,9386.502437004392,8137.832588742011,8216.111124795076,-6967.441276532694,4.193856191231589
5,25,45,9394.48094994082,8152.0410738001665,8208.396983224984,-6965.95710708433,6.834005063832592
6,26,46,9448.609937145993,8156.934155000967,8262.747813680427,-6971.072031535401,10.799029261860596
7,27,47,9456.159851863527,8152.260175832005,8269.148707766455,-6965.249031734931,11.678494532221066
8,28,48,9467.387273028922,8165.568418049545,8254.773183859053,-6952.954328879678,7.040043602233254
9,29,49,9466.25690856186,8133.855965473133,8281.525712553906,-6949.124769465179,19.155197573871646
10,30,50,9471.291785458143,8124.388183558906,8287.40290983651,-6940.4993079372725,14.296317188832745
11,31,51,9448.590881178232,8124.622443022026,8268.957533199713,-6944.989095043507,23.407781925093786
12,32,52,9456.557324472513,8181.059748222695,8237.678146443603,-6962.180570193785,11.679772400110778
13,33,53,9456.295029040768,8198.595015425486,8223.233101072701,-6965.533087457421,21.845579914130667
14,34,54,9433.180855201108,8187.722861949899,8211.78264251137,-6966.324649260163,22.743852102739766
15,35,55,9420.81847728748,8183.074204147629,8195.353781925329,-6957.609508785479,27.762994459183574
16,36,56,9418.891019641065,8184.778171226053,8181.630386358731,-6947.517537943719,30.50501901399457
17,37,57,9428.959507247338,8212.518188291822,8177.119229887678,-6960.6779109321615,27.69247434773206
18,38,58,9431.131580382205,8223.769592265648,8167.3545655282505,-6959.992577411695,32.80776637040708
19,39,59,9436.656678049796,8226.117192100777,8205.352232321598,-6994.81274637258,36.494042849386915
20,40,60,9441.75340178283,8223.590537537508,8177.361049285049,-6959.198185039728,35.824786210052935
21,41,61,9458.634827347505,8206.26477520142,8200.35070413072,-6947.980651984635,43.804298437573834
22,42,62,9475.38171492027,8222.503200319577,8204.941070101715,-6952.062555501023,44.36468329030322
23,43,63,9467.892608942197,8193.408511213554,8210.114961341511,-6935.630863612869,46.67700956958106
24,44,64,9472.09721476852,8216.111124795076,8175.274033601358,-6919.2879436279145,47.291634057691226
25,45,65,9491.624602021646,8208.396983224984,8172.819729759195,-6889.592110962534,49.445506383767224
26,46,66,9506.582963827774,8262.747813680427,8135.654134285574,-6891.818984138228,43.85360960656135
27,47,67,9513.093284895771,8269.148707766455,8134.342607227913,-6890.398030098597,44.57817303852289
28,48,68,9485.726136234718,8254.773183859053,8107.193997048982,-6876.241044673317,44.55658779896021
29,49,69,9489.997152752032,8281.525712553906,8092.647046606108,-6884.175606407982,41.09506072105842
30,50,70,9483.476908168088,8287.40290983651,8073.233320572823,-6877.159322241245,16.837433047456216
31,51,71,9472.131222510594,8268.957533199713,8087.361379802437,-6884.187690491555,20.93367669197187
32,52,72,9425.261407416743,8237.678146443603,8076.704815469434,-6889.121554496294,15.7656273599423
33,53,73,9413.952506506734,8223.233101072701,8069.041179483906,-6878.321774049873,12.253252657629218
34,54,74,9404.363819753777,8211.78264251137,8076.275276971814,-6883.694099729408,9.668911869119711
35,55,75,9396.901314574672,8195.353781925329,8079.3498496015345,-6877.802316952191,13.925561924000704
36,56,76,9387.439332101534,8181.630386358731,8076.863780205829,-6871.054834463026,20.865558675879583
37,57,77,9352.557899557274,8177.119229887678,8053.73269704987,-6878.294027380272,13.35191433328373
38,58,78,9334.269747451479,8167.3545655282505,8037.502696750478,-6870.58751482725,16.7332275641661
39,59,79,9336.592503434733,8205.352232321598,8036.898308054649,-6905.658036941515,21.449010971669395
40,60,80,9334.90564994284,8177.361049285049,8021.24622313498,-6863.701622477189,17.73555990850582
41,61,81,9338.835124572552,8200.35070413072,8009.846083244059,-6871.361662802226,23.392447712330068
42,62,82,9350.34846151511,8204.941070101715,8016.684252410257,-6871.2768609968625,17.537843875728868
43,63,83,9376.75920612902,8210.114961341511,8037.2325083418855,-6870.588263554377,30.150401482498637
44,64,84,9339.639180055394,8175.274033601358,8028.8120141493455,-6864.446867695309,26.01813469647277
45,65,85,9323.428119533812,8172.819729759195,7992.829146917237,-6842.220757142621,25.804211864401623
46,66,86,9257.153880785743,8135.654134285574,7969.251949398532,-6847.752202898362,0.8604138497776148
47,67,87,9263.707572435069,8134.342607227913,7985.481929578213,-6856.116964371056,4.469401637221836
48,68,88,9239.759578614798,8107.193997048982,7984.53993952136,-6851.974357955543,-0.8830349988797934
49,69,89,9202.413477844348,8092.647046606108,7976.095480749808,-6866.329049511569,-12.308156509750006
50,70,90,9181.413843472137,8073.233320572823,7980.805978107695,-6872.625455208381,-30.094487891793506
51,71,91,9200.853579903876,8087.361379802437,8000.515447480391,-6887.023247378951,-30.399218964928878
52,72,92,9258.200522358802,8076.704815469434,8078.551956700771,-6897.056249811403,-21.03567678859963
53,73,93,9242.513751451206,8069.041179483906,8071.28083734988,-6897.80826538258,-23.743232357644956
54,74,94,9265.239855446503,8076.275276971814,8082.919563059624,-6893.954984584934,-17.86391995190479
55,75,95,9291.582094076355,8079.3498496015345,8118.047857091704,-6905.815612616883,-5.896347252639771
56,76,96,9297.824598420038,8076.863780205829,8121.447135500272,-6900.486317286062,8.361857556968062
57,77,97,9310.56451175201,8053.73269704987,8157.591472792231,-6900.75965809009,12.33807640922032
58,78,98,9289.010020380427,8037.502696750478,8137.89248120246,-6886.385157572511,5.990825912967011
59,79,99,9278.628884406662,8036.898308054649,8137.694434629031,-6895.963858277017,5.7447061245425175
60,80,100,9307.164908130977,8021.24622313498,8177.973331314357,-6892.05464631836,12.119627371588194
61,81,101,9283.450062322365,8009.846083244059,8156.02112115406,-6882.417142075754,19.059881729361678
62,82,102,9261.275486781633,8016.684252410257,8114.067662674646,-6869.476428303271,-1.17855673400436
63,83,103,9270.533245138347,8037.2325083418855,8111.045248484076,-6877.744511687615,-0.6565838026976962
64,84,104,9272.60112511081,8028.8120141493455,8113.58021476396,-6869.791103802494,3.63837370230749
65,85,105,9260.310177805457,7992.829146917237,8129.080899843937,-6861.599868955718,-5.345094156783489
66,86,106,9241.899331262988,7969.251949398532,8137.5793577507975,-6864.93197588634,-11.164239882390575
67,87,107,9244.03134140623,7985.481929578213,8128.126115501691,-6869.576703673674,-27.878917047005416
68,88,108,9283.976260516223,7984.53993952136,8175.010670800022,-6875.574349805158,-7.075938602989481
69,89,109,9280.900400077966,7976.095480749808,8179.117629291655,-6874.312709963497,-8.818926316086618
70,90,110,9296.606068137451,7980.805978107695,8196.32711381444,-6880.5270237846835,-1.1148668505243222
71,91,111,9294.319060374766,8000.515447480391,8190.372000858682,-6896.5683879643075,-3.9469720247398072
72,92,112,9313.930461929915,8078.551956700771,8152.148763037284,-6916.770257808141,-3.9315933907182625
73,93,113,9319.10612821651,8071.28083734988,8167.8997602903,-6920.074469423671,-3.529242468056509
74,94,114,9331.691699348195,8082.919563059624,8172.097094504443,-6923.324958215871,1.2139493875115477
75,95,115,9342.253519580121,8118.047857091704,8167.890232532769,-6943.684570044352,3.2111704017606826
76,96,116,9382.344391243501,8121.447135500272,8214.780867143376,-6953.883611400148,12.028411673637493
77,97,117,9398.942204396635,8157.591472792231,8207.617732312783,-6966.267000708378,17.098135805171296
78,98,118,9397.534931214082,8137.89248120246,8221.365563679552,-6961.723113667929,11.73742056061883
79,99,119,9406.194463226984,8137.694434629031,8233.415721890124,-6964.9156932921705,18.773839490107093
80,100,120,9409.99219170543,8177.973331314357,8178.509846685296,-6946.490986294222,23.389428680296078
81,101,121,9401.76794717925,8156.02112115406,8184.8658149137855,-6939.118988888595,20.757543768480446
82,102,122,9389.346322084459,8114.067662674646,8192.34329256129,-6917.064633151478,14.222210178133082
83,103,123,9390.644614398407,8111.045248484076,8211.286659335628,-6931.687293421299,9.758412109399615
84,104,124,9402.828981787388,8113.58021476396,8220.444673885231,-6931.195906861802,15.308796439961952
85,105,125,9407.95774548985,8129.080899843937,8238.688185469618,-6959.811339823706,7.42812572070261
86,106,126,9416.529636394787,8137.5793577507975,8228.521693779696,-6949.571415135706,25.4156708391788
87,107,127,9397.602743983454,8128.126115501691,8208.881392751551,-6939.404764269788,9.880527495852675
88,108,128,9405.738401153165,8175.010670800022,8199.282589849445,-6968.554859496302,17.821207413632692
89,109,129,9406.681834955798,8179.117629291655,8199.60752706706,-6972.043321402918,11.190568369058838
90,110,130,9404.64241118315,8196.32711381444,8184.379500245651,-6976.064202876942,6.459382862708026
91,111,131,9406.938404335026,8190.372000858682,8200.896684694417,-6984.330281218074,3.7019319802802784
92,112,132,9373.376144460353,8152.148763037284,8186.150744917334,-6964.923363494265,-2.184585272113054
93,113,133,9396.621244140128,8167.8997602903,8190.547345236187,-6961.82586138636,7.045165971981987
94,114,134,9395.365180163959,8172.097094504443,8165.887895579518,-6942.619809920003,1.025144705297862
95,115,135,9399.994181517646,8167.890232532769,8171.4060624993945,-6939.302113514517,15.490392041195719
96,116,136,9425.162784585411,8214.780867143376,8146.100132018003,-6935.718214575967,28.3197859306174
97,117,137,9411.2938988873,8207.617732312783,8140.080111389965,-6936.403944815449,29.18013973791176
98,118,138,9434.243506196573,8221.365563679552,8166.232947363923,-6953.355004846901,24.308587729309693
99,119,139,9438.71874001619,8233.415721890124,8165.875371792736,-6960.57235366667,34.2513232074125
100,120,140,9393.836598271224,8178.509846685296,8155.039860323802,-6939.713108737873,31.8452444737286
101,121,141,9415.986470466729,8184.8658149137855,8167.247889207421,-6936.127233654477,33.461842543882085
102,122,142,9431.032478017794,8192.34329256129,8157.96223411418,-6919.273048657677,26.727783458706654
103,123,143,9443.87779087062,8211.286659335628,8145.26600219034,-6912.67487065535,38.686850281515035
104,124,144,9451.074023849658,8220.444673885231,8144.930819770346,-6914.30146980592,36.410940346085226
105,125,145,9497.481698883665,8238.688185469618,8177.004499616146,-6918.210986202099,38.49223816584299
106,126,146,9500.872892837768,8228.521693779696,8182.726245597456,-6910.375046539382,45.43925130497928
107,127,147,9533.86187576261,8208.881392751551,8215.442498376722,-6890.462015365665,52.70857303638377
108,128,148,9517.575392074767,8199.282589849445,8207.428174403882,-6889.13537217856,41.83376727914401
109,129,149,9538.154040440073,8199.60752706706,8224.966836349242,-6886.420322976228,43.40381135993994
110,130,150,9527.370962928242,8184.379500245651,8227.417247271213,-6884.42578458862,27.777443004599263
111,131,151,9533.12601579168,8200.896684694417,8206.836198793975,-6874.606867696712,22.60734150375083
112,132,152,9536.672878989933,8186.150744917334,8224.594348016873,-6874.072213944275,33.24409657845945
113,133,153,9536.673259474213,8190.547345236187,8220.347197109937,-6874.221282871909,37.479984895545385
114,134,154,9547.634901403298,8165.887895579518,8235.538947663394,-6853.791941839614,25.785326492477907
115,135,155,9551.29986328755,8171.4060624993945,8230.915812458605,-6851.022011670448,44.15326058199071
116,136,156,9505.309994674011,8146.100132018003,8205.711921071595,-6846.502058415586,46.82157236461853
117,137,157,9493.045988874122,8140.080111389965,8182.977636197327,-6830.01175871317,41.53900052981817
118,138,158,9514.203788884353,8166.232947363923,8149.489706750166,-6801.518865229735,44.591228447274716
119,139,159,9524.004358153772,8165.875371792736,8169.909865449908,-6811.78087908887,46.808234743821686
120,140,160,9540.31594992815,8155.039860323802,8194.702524079423,-6809.426434475074,51.815955012250015
121,141,161,9536.896742050494,8167.247889207421,8176.73750708056,-6807.088654237488,56.0476135018107
122,142,162,9516.236178937419,8157.96223411418,8157.532457463665,-6799.2585126404265,42.372596902538135
123,143,163,9477.408260554648,8145.26600219034,8141.540871167772,-6809.398612803465,36.57695360188791
124,144,164,9459.506924689125,8144.930819770346,8123.401485650342,-6808.825380731563,37.104770264131275
125,145,165,9432.464458758659,8177.004499616146,8096.644582486779,-6841.184623344267,34.00539521025166
126,146,166,9421.835887014831,8182.726245597456,8101.266048041502,-6862.156406624126,32.910776904323484
127,147,167,9443.154165173362,8215.442498376722,8083.564991819143,-6855.853325022503,29.550326705472344
128,148,168,9434.187069064938,8207.428174403882,8085.973686431436,-6859.2147917703805,20.725276469973323
129,149,169,9441.727194621722,8224.966836349242,8088.234815993566,-6871.474457721086,19.725993972744163
130,150,170,9427.529459823214,8227.417247271213,8067.528171974118,-6867.415959422116,6.914071950818652
131,151,171,9416.01265647843,8206.836198793975,8088.726416366997,-6879.549958682543,2.3951148417486365
132,152,172,9425.998514028332,8224.594348016873,8102.718070305076,-6901.313904293618,10.612279809493884
133,153,173,9415.935124524247,8220.347197109937,8107.302803855113,-6911.714876440803,13.160462561820623
134,154,174,9395.02414391986,8235.538947663394,8093.948073828508,-6934.462877572043,10.790444261249377
135,155,175,9360.279072778863,8230.915812458605,8073.998528510039,-6944.635268189781,2.4173610013731377
136,156,176,9322.466921999434,8205.711921071595,8072.10072428786,-6955.345723360022,-2.4438099156814133
137,157,177,9321.603048686631,8182.977636197327,8093.201898068832,-6954.576485579528,-0.9293079239150757
138,158,178,9299.147610783066,8149.489706750166,8078.428561552325,-6928.770657519426,7.139428493857395
139,159,179,9307.397637343343,8169.909865449908,8076.011373333669,-6938.523601440233,17.05289743686808
140,160,180,9315.583701974343,8194.702524079423,8050.468246529283,-6929.587068634362,18.85517323770091
141,161,181,9306.252983330165,8176.73750708056,8040.870299092339,-6911.3548228427335,26.148119759414385
142,162,182,9326.348147698463,8157.532457463665,8091.661445485237,-6922.845755250439,23.583667477751078
143,163,183,9323.017550511493,8141.540871167772,8099.122412198565,-6917.645732854844,20.633098090265776
144,164,184,9312.889691520551,8123.401485650342,8102.72734660624,-6913.23914073603,20.38558316606577
145,165,185,9309.85208330376,8096.644582486779,8141.66986788153,-6928.462367064549,22.89646711751584
146,166,186,9348.529469016737,8101.266048041502,8162.419991997287,-6915.156571022051,35.55316579534656
147,167,187,9357.551548931187,8083.564991819143,8179.023312166052,-6905.036755054007,32.77919715139342
148,168,188,9366.70814280164,8085.973686431436,8183.051084470971,-6902.316628100767,34.994996710697706
149,169,189,9376.97184474357,8088.234815993566,8181.4776293304985,-6892.740600580495,36.877954291037895
150,170,190,9373.381289612507,8067.528171974118,8183.163076158218,-6877.309958519829,31.597783279240502
151,171,191,9374.766338925601,8088.726416366997,8183.260552525404,-6897.2206299668,30.565220565847085
152,172,192,9349.582064484268,8102.718070305076,8172.237875125564,-6925.373880946372,21.544241050989513
153,173,193,9347.890236276924,8107.302803855113,8171.118179253339,-6930.530746831528,21.7290830797142
154,174,194,9340.690802442165,8093.948073828508,8182.3481684671915,-6935.605439853534,19.57675579910301
155,175,195,9331.825691973801,8073.998528510039,8186.232325131233,-6928.40516166747,12.997280926008898
156,176,196,9336.257711862325,8072.10072428786,8195.969525393695,-6931.812537819231,10.55306635479701
157,177,197,9337.196389743607,8093.201898068832,8195.884574601194,-6951.8900829264185,8.230448880823587
158,178,198,9316.306170061564,8078.428561552325,8187.980237262716,-6950.102628753479,2.7556977084100254
159,179,199,9301.648691474114,8076.011373333669,8181.244370260938,-6955.607052120493,8.344919165933788
160,180,200,9276.717868088368,8050.468246529283,8173.9773541662635,-6947.727732607178,4.3909110307758965
161,181,201,9275.75363928355,8040.870299092339,8166.906853419448,-6932.023513228238,10.515243595931679
162,182,202,9300.256885543411,8091.661445485237,8154.7521502023355,-6946.1567101441615,14.73548938575641
163,183,203,9315.552556845087,8099.122412198565,8183.199669078649,-6966.769524432128,13.138670550662937
164,184,204,9347.25523132923,8102.72734660624,8209.665145624305,-6965.137260901314,16.45859871924131
165,185,205,9346.240462070731,8141.66986788153,8193.975861886363,-6989.405267697162,17.981469192899567
166,186,206,9342.939872860867,8162.419991997287,8146.618090674092,-6966.098209810512,22.419476313265022
167,187,207,9364.62153409389,8179.023312166052,8138.686273075497,-6953.088051147659,27.75827483715375
168,188,208,9376.754506732683,8183.051084470971,8165.923764217855,-6972.220341956143,22.561844401931467
169,189,209,9376.187863818797,8181.4776293304985,8129.006709517305,-6934.296475029007,31.092844028979925
