Left,Mid,Right,Loss_likeli,Loss_AIC,Loss_BIC,Loss_eBIC
0,20,40,119.26466395079547,-26.735336049204534,-46.05145911553018,-1040.781715868598
1,21,41,117.91543883990153,-26.084561160098474,-42.32551041119018,-1098.6757020720333
2,22,42,107.6180446350827,-5.381955364917303,-4.802760014802516,-853.7144588560927
3,23,43,84.54204055925516,-34.457959440744844,-32.70707782793238,-903.8767845467069
4,24,44,45.11643276024961,-73.88356723975039,-71.78611203665787,-621.3593448962652
5,25,45,54.65564449273438,-69.34435550726562,-77.36084997421744,-575.9452823695297
6,26,46,63.877449677440836,-49.122550322559164,-52.702238055803946,-603.8683107815318
7,27,47,64.0387203958403,-85.9612796041597,-106.22914644675325,-827.4809364997163
8,28,48,72.46844344507326,-90.53155655492674,-107.57362345305614,-853.6781741355198
9,29,49,68.39492799519826,-66.60507200480174,-74.41691575117147,-810.0453173239671
10,30,50,99.23365647633864,-29.766343523661362,-40.27216867449806,-994.3964125488087
11,31,51,100.21325922031338,-44.786740779686625,-66.37758643147504,-985.4653195137093
12,32,52,102.24041942130202,-50.75958057869798,-71.27225931613862,-1002.5149773529292
13,33,53,110.73751269090553,-35.26248730909447,-54.57861037542011,-1070.8970982666779
14,34,54,114.36000958579234,-29.63999041420766,-52.119264290338606,-1059.4805356328193
15,35,55,108.13437091644073,-38.86562908355927,-48.52763503893789,-909.5545320479232
16,36,56,114.75687154322236,-27.24312845677764,-40.408903892635635,-1156.279123309675
17,37,57,91.54266227835137,-46.45733772164863,-50.271855780973056,-1073.1974484527036
18,38,58,100.43246226094925,-43.56753773905075,-55.649603906782886,-977.8044183910893
19,39,59,143.55216828492962,1.5521682849296212,-14.58423947098754,-1053.4008195073402
20,40,60,142.97415939764096,3.9741593976409604,-10.470606350125763,-1106.9225586808388
21,41,61,156.2202191454271,19.22021914542711,8.197200803174383,-1189.5100432141999
22,42,62,154.0877708763221,25.08777087632211,12.155930593525682,-971.3758457726617
23,43,63,165.66926873024727,36.66926873024727,19.23197177381121,-969.7641326012999
24,44,64,170.90966062362872,35.909660623628724,15.746261605941754,-853.2302107774585
25,45,65,190.05788466289982,58.05788466289982,39.17870800888181,-896.1234582736352
26,46,66,182.53723429323304,44.53723429323304,24.258195819101502,-971.8882877058682
27,47,67,210.7369830274729,54.73698302747289,15.67603484495885,-1008.7437299292892
28,48,68,237.98934190530986,42.98934190530986,-10.778856786482038,-1122.3239189601431
29,49,69,241.25418579084408,56.254185790844076,4.487487740225788,-1151.879087677949
30,50,70,261.6147046232036,96.61470462320358,54.063265587160004,-923.6616598311748
31,51,71,291.0438708373074,135.0438708373074,74.70543301409498,-836.6947589597448
32,52,72,287.8607475055769,126.86074750557691,62.993258227639444,-974.9390239160762
33,53,73,297.9453169253991,127.94531692539908,61.67647395814811,-1063.737549863586
34,54,74,282.8559271262477,132.8559271262477,73.77181817229712,-889.8525943067709
35,55,75,330.52287433505444,158.52287433505444,97.59797284889441,-1049.9907765106982
36,56,76,331.1179171792612,162.1179171792612,101.14110190061433,-1141.5651094980672
37,57,77,347.5083025503984,186.5083025503984,124.65050125591688,-1105.036891133535
38,58,78,372.4953334675265,187.4953334675265,112.71877767778119,-1202.4655191848315
39,59,79,389.86908821120596,215.86908821120596,143.1033240232075,-1071.0181485890118
40,60,80,437.6189737672321,258.6189737672321,183.71045248562882,-1197.073491848004
41,61,81,405.9938205161477,224.9938205161477,149.43614055127046,-1255.8070654949038
42,62,82,400.3255701718326,207.32557017183262,128.56608528787115,-1445.577394222565
43,63,83,377.4090830672392,205.40908306723918,135.71849269447466,-1365.0637671853247
44,64,84,379.7881206427919,195.7881206427919,128.70199755483395,-1326.6596716180852
45,65,85,349.8113938864062,170.81139388640622,107.39151979679104,-1211.2185244446473
46,66,86,295.45659904622767,119.45659904622767,67.08885094393122,-1252.0535618972144
47,67,87,275.20881599447716,105.20881599447716,53.63256445260572,-1185.189436863097
48,68,88,280.61262695306414,107.61262695306414,54.40627636724162,-1323.71089286813
49,69,89,234.28550183689185,69.28550183689185,25.95383138004445,-1304.160474880479
50,70,90,215.11899693199166,61.11899693199166,30.975557206094436,-886.0497478584994
51,71,91,201.93348239140687,69.93348239140687,45.45755469530377,-901.7558964977752
52,72,92,210.5140189569886,92.5140189569886,71.54233615782005,-895.5173375234326
53,73,93,203.1477436827961,84.14774368279609,58.865885253770784,-851.2183991201423
54,74,94,215.32439169884992,76.32439169884992,42.47150489540445,-911.7045990092183
55,75,95,192.86629797750197,81.86629797750197,61.607089413532776,-709.7587857438671
56,76,96,153.5422532021771,30.542253202177108,11.875401270950533,-750.5896084083379
57,77,97,149.04262276220243,46.04262276220243,36.69781509804852,-652.5302980726128
58,78,98,123.67323082294797,5.673230822947971,-6.6341122192211515,-796.779354046907
59,79,99,113.71690760332945,-14.283092396670554,-27.756787313529912,-897.8317380208996
60,80,100,156.7093904945209,14.709390494520903,-5.38785674693645,-1013.3913836158126
61,81,101,125.0269333114361,-16.973066688563904,-33.60457802722158,-1060.123726186327
62,82,102,145.42657304163208,-8.573426958367918,-30.83275834806932,-1162.6463892814204
63,83,103,122.31659742436068,-36.68340257563932,-58.65947592698649,-1280.34401073453
64,84,104,83.09637514092424,-50.90362485907576,-58.007029659037926,-1066.4101876555355
65,85,105,118.18407070028275,-31.815929299717254,-54.85638486455059,-1152.6231695045176
66,86,106,93.39168095720288,-72.60831904279712,-105.69407433774222,-1173.4767054809536
67,87,107,98.64332265284611,-56.35667734715389,-87.08506745007185,-1084.061806555641
68,88,108,74.85941916535717,-53.14058083464283,-72.85260037654189,-1009.7436984577471
69,89,109,82.37635459786202,-55.62364540213798,-82.39376785348668,-1012.4004445312194
70,90,110,45.645081362671135,-69.35491863732886,-78.78236890804715,-739.9195532188296
71,91,111,62.40885325813656,-48.59114674186344,-59.14614966284989,-765.8026792948358
72,92,112,72.52592901139224,-69.47407098860776,-93.0370541328648,-884.6191745211481
73,93,113,46.33394629713166,-89.66605370286834,-101.47144112675119,-866.5624183080422
74,94,114,59.586712410950895,-82.4132875890491,-107.36256509442592,-908.6805754572538
75,95,115,61.5178000495946,-71.4821999504054,-89.87124068310936,-872.5051405083436
76,96,116,101.57050031708309,-56.42949968291691,-87.95834101560581,-922.2111329376062
77,97,117,94.15545512718381,-57.844544872816186,-83.6136006626034,-1084.2741860687256
78,98,118,88.23150803445401,-61.76849196554599,-87.23496266233906,-917.3708360637456
79,99,119,79.81966782360723,-69.18033217639277,-93.80236314612921,-807.7528916529814
80,100,120,127.70120681548951,-66.29879318451049,-105.35360773277193,-1174.5748691763793
81,101,121,125.59242637059424,-89.40757362940576,-138.57100345970412,-1387.0366742526212
82,102,122,160.04870049699116,-72.95129950300884,-135.58177646893296,-1468.657194025051
83,103,123,153.61852804297496,-60.38147195702504,-105.94894869404379,-1260.980335614207
84,104,124,132.46754016678415,-57.53245983321585,-102.15858967431382,-1077.065773286483
85,105,125,136.84618417524985,-59.153815824750154,-91.9253636425276,-1210.9968288925647
86,106,126,126.66208578153487,-54.33791421846513,-93.50536720394553,-1181.0796388441195
87,107,127,134.4753831852688,-33.52461681473119,-70.03211951519006,-1149.9876226813362
88,108,128,133.27563990370754,-18.724360096292457,-40.681106392999936,-1159.5263160966979
89,109,129,149.51415144251632,-17.485848557483678,-52.45576435032558,-1208.0134069907153
90,110,130,152.9336812025324,18.933681202532398,-10.350433375348075,-604.6409213922193
91,111,131,161.45766776557025,20.45766776557025,-9.192347457229289,-800.0735977431364
92,112,132,121.45888954839643,-29.541110451603572,-40.22598810448153,-668.6627785225496
93,113,133,126.7619905130714,-14.238009486928604,-27.83958041413689,-656.8897381980896
94,114,134,134.74932776458922,-1.250672235410775,-19.97946623588996,-616.6732694013981
95,115,135,159.52186653686294,25.521866536862944,2.1295029937418803,-800.096998517145
96,116,136,141.40617011935024,-23.593829880649764,-58.95430776105786,-880.978983755685
97,117,137,167.80457976429716,9.80457976429716,-23.457129519791806,-994.2983378363347
98,118,138,172.58403868167625,4.5840386816762475,-37.12206787298237,-900.2322769754464
99,119,139,187.48268356176982,20.482683561769818,-23.844719168631855,-888.4777049920272
100,120,140,211.09297579355598,27.09297579355598,-21.885841768974387,-1169.4187833000824
101,121,141,246.19822846769375,57.19822846769375,5.7300802212782855,-1315.5617949228917
102,122,142,243.86191883536912,53.861918835369124,-0.8766842700631514,-1471.208517882917
103,123,143,227.83869563433427,55.83869563433427,10.387181225150698,-1063.6900992741398
104,124,144,211.77432430704994,47.77432430704994,7.7991322343198135,-1005.9117332733272
105,125,145,234.24798790752357,45.247987907523566,-4.139765189053378,-1118.1137708256983
106,126,146,233.00636558110136,58.00636558110136,-3.127189083875237,-1036.3100831025408
107,127,147,252.31932293163095,70.31932293163095,12.03928117750047,-999.4195122771621
108,128,148,267.17768536926724,93.17768536926724,50.04820549766441,-918.1816279221516
109,129,149,250.2157281985792,77.2157281985792,29.081556578804793,-1005.4543923996503
110,130,150,269.196280274605,113.19628027460499,62.85713304981414,-779.5062017250079
111,131,151,296.9038042803577,104.90380428035769,35.68833087239045,-1025.8367733251653
112,132,152,245.67995288654697,78.67995288654697,32.99647700339938,-787.3630383796417
113,133,153,264.4391212514322,92.4391212514322,26.820298198995715,-876.1510860600915
114,134,154,292.1477587040747,108.1477587040747,45.37139441474915,-889.653390118176
115,135,155,310.6195984750507,139.61959847505068,69.0405798779434,-971.155019511235
116,136,156,346.2902927963594,145.29029279635938,58.35503895777583,-1019.1467493703267
117,137,157,358.3043820181424,174.3043820181424,93.44079414985436,-987.2886264003669
118,138,158,400.224166981566,186.224166981566,95.11241139415597,-1204.7508355661864
119,139,159,414.252699580519,211.252699580519,121.6228022940279,-1226.28659992487
120,140,160,471.20311782130716,254.20311782130716,155.52365307825858,-1396.3339825020287
121,141,161,444.8861213168375,254.8861213168375,169.64904226676754,-1182.59595276962
122,142,162,420.4350481723095,249.4350481723095,174.00399931128254,-1189.7533759731236
123,143,163,413.6098961452551,233.6098961452551,155.77749359491486,-1179.8802605936335
124,144,164,369.42935485143744,195.42935485143744,125.80693735484374,-1042.4361891379829
125,145,165,332.16640067577873,159.16640067577873,84.47248749259757,-1028.2125387730455
126,146,166,298.2507097883595,136.25070978835947,69.1127656514052,-966.6568782096219
127,147,167,272.4608952504225,139.46089525042248,93.09964494828591,-699.5438681676951
128,148,168,252.64034837502413,128.64034837502413,94.80836377967239,-561.2784738891683
129,149,169,227.85139190833615,112.85139190833615,87.92728305832998,-541.5875001254403
130,150,170,216.38973384327733,107.38973384327733,84.11946077695166,-518.9227114462669
131,151,171,210.15231344998938,100.15231344998938,70.51846856386305,-530.6061042439569
132,152,172,202.70637201282534,100.70637201282534,67.94585275613031,-516.1817765338637
133,153,173,150.77050215742292,60.770502157422925,41.86845335545945,-444.4434621080486
134,154,174,122.49169485096718,29.49169485096718,12.25359822691189,-397.8970849270936
135,155,175,123.96194761216225,15.961947612162248,-8.174153334285847,-540.5607444539332
136,156,176,99.42461211714999,-3.575387882850009,-24.044507213009183,-571.830837336986
137,157,177,101.68293055790173,-1.3170694420982727,-20.712511224371383,-579.4151477234159
138,158,178,91.76547570789262,-8.23452429210738,-13.946278250207115,-457.6315725278705
139,159,179,71.99489449543148,-26.00510550456852,-32.51400889455749,-491.4213520863732
140,160,180,111.38751086533148,-16.61248913466852,-33.55191995432756,-915.2321810755084
141,161,181,156.87821287145607,28.87821287145607,3.9675894753574994,-885.199960803523
142,162,182,156.7684973129783,25.768497312978297,-1.3288716740109976,-957.1605626501687
143,163,183,139.74031770486704,-2.2596822951329614,-35.18015237694908,-1033.0370778687857
144,164,184,150.33260594702506,-0.6673940529749416,-39.80152731718431,-1116.6793261318462
145,165,185,140.16147087105037,-0.8385291289496308,-29.44882358090922,-1054.154493436015
146,166,186,155.39029251462148,20.39029251462148,-9.045114609755728,-1042.7756054655847
147,167,187,132.63702405343747,9.637024053437472,-16.596578151855738,-819.9107187931099
148,168,188,160.858370272844,31.858370272844013,-1.867885426750945,-820.3891373830957
149,169,189,78.76504494459391,-36.23495505540609,-57.22032952418135,-717.7010138602354
150,170,190,95.64273241705087,-44.357267582949135,-69.493677348745,-728.4048659546866
151,171,191,123.33766578838686,-18.662334211613143,-51.4399046261824,-745.2611154611059
152,172,192,131.26213720245892,-17.737862797541084,-56.194522640943205,-804.8202445215838
153,173,193,165.80917686158386,0.8091768615838646,-42.8690671855436,-1004.0731758940183
154,174,194,192.09567001592768,3.0956700159276807,-48.372478230488014,-1345.9760246931382
155,175,195,135.22785180795677,-42.77214819204323,-83.04390483776251,-1018.3585529524721
156,176,196,149.6089779427873,-36.391022057212695,-81.51354162937764,-1267.952862633655
157,177,197,159.76253447066574,-44.23746552933426,-96.24213402180544,-1251.0506058434057
158,178,198,166.3629159687846,-20.63708403121541,-64.30037415498214,-1207.812279210461
159,179,199,79.24714821668204,-74.75285178331796,-93.89302086049997,-1319.0406307275211
160,180,200,88.83620743397364,-54.16379256602636,-71.63974363174088,-1222.8457122323016
161,181,201,96.64566528867908,-49.35433471132092,-66.9375898262465,-1155.275085836262
162,182,202,78.43875557458796,-63.56124442541204,-77.76674063210976,-1120.878246383993
163,183,203,97.99592213691221,-65.00407786308779,-86.19902703930279,-1312.1009555902751
164,184,204,134.38970615717017,-27.610293842829833,-52.81283355590722,-1153.3158824060115
165,185,205,144.0807790429442,-11.919220957055813,-34.82771103003142,-1303.724329214485
166,186,206,170.0076182292073,21.00761822920731,-3.960986330808737,-1348.4846608545458
167,187,207,165.38176506309583,16.381765063095827,-12.399148990000185,-1172.3059256470665
168,188,208,178.02239138258483,12.022391382584829,-29.38113007907964,-1229.2960159807358
169,189,209,143.75276113062046,1.7527611306204562,-30.474561770635773,-984.3446258798867
