Left,Mid,Right,Loss_likeli,Loss_AIC,Loss_BIC,Loss_eBIC
0,20,40,267.37802006633297,133.37802006633297,96.11694999980864,-667.3424209514476
1,21,41,247.5921541935229,104.5921541935229,72.1559790397132,-706.7507899224877
2,22,42,231.737844789473,99.737844789473,70.63043675151266,-731.0816620401915
3,23,43,193.5316532596321,96.5316532596321,77.25875348287468,-465.6313559482619
4,24,44,195.80764564887045,84.80764564887045,58.69472056625568,-539.3097906354315
5,25,45,201.92166386402846,88.92166386402846,87.30394404312392,-398.55157712457344
6,26,46,183.57691315556758,104.57691315556758,96.306497482135,-295.0227406311458
7,27,47,192.39927205221602,93.39927205221602,80.60083111461108,-364.0517389452382
8,28,48,197.36963680414533,92.36963680414533,78.77649961629913,-410.29872572895783
9,29,49,234.27727538061936,137.27727538061936,115.40648124136192,-409.90788481379036
10,30,50,232.50724619963125,127.50724619963125,105.05460781585907,-469.80647319594505
11,31,51,254.28047278229224,117.28047278229224,88.36737069234232,-879.4426098063259
12,32,52,293.7640526349762,157.76405263497622,122.97874910990254,-843.424742480112
13,33,53,241.42246752895858,108.42246752895858,74.70200199194596,-664.9190810727318
14,34,54,230.75669805393477,89.75669805393477,66.6256517792674,-606.7934744026379
15,35,55,237.41870508072702,86.41870508072702,53.64112858237468,-656.7677966661304
16,36,56,212.242498685511,89.24249868551101,77.18464137982983,-438.6535218370682
17,37,57,206.91590339857044,74.91590339857044,50.87755298290563,-458.0007893706911
18,38,58,218.8419836857188,96.84198368571879,77.31839236244082,-447.9150916860567
19,39,59,214.86820511454243,89.86820511454243,67.94778013726113,-442.9026075626905
20,40,60,209.96120602017345,113.96120602017345,94.33321653090843,-335.78709867390126
21,41,61,233.37184239154294,124.37184239154294,105.14418794798735,-421.8104493940175
22,42,62,258.9903585202055,143.99035852020552,110.85715735754138,-520.6450599790358
23,43,63,254.5027421698826,150.5027421698826,110.14221746034036,-484.3750960504706
24,44,64,256.23259688054554,145.23259688054554,104.72467354812375,-484.73711025835223
25,45,65,236.65424412834136,129.65424412834136,121.75590315167119,-347.6460444703689
26,46,66,236.19726656343028,155.40955226289248,134.32655004745993,-252.50774557553973
27,47,67,259.14354117456764,198.8589748347879,184.27820951874878,-56.703549003859735
28,48,68,261.25632167798494,192.25632167798494,178.48310911177282,-82.97050787281682
29,49,69,269.1531078385351,188.91319176589536,168.85257379659447,-136.96211330659003
30,50,70,265.5172778166602,180.51727781666023,155.53741940361147,-180.53626239570508
31,51,71,312.66934362391976,196.97536414582828,150.8548792577228,-492.59381678274326
32,52,72,335.36199758735256,216.36199758735256,161.62138398452998,-551.5009506743947
33,53,73,301.1313580635267,196.1313580635267,144.89513447278205,-424.07748844678986
34,54,74,295.8620374454306,182.78313838663848,138.92434427169837,-412.85877851089435
35,55,75,291.87292507903385,179.55863382241296,135.30035378801904,-416.64101482874025
36,56,76,248.99292460030324,154.10160149086664,120.88406753959111,-293.2570582674084
37,57,77,271.6004679528535,161.60046795285348,109.99446752663926,-432.27662703232954
38,58,78,288.65753704426743,160.91866193794067,121.32857177772667,-402.84151172035286
39,59,79,285.3962111548324,154.39621115483237,114.8485746092515,-408.38481247882623
40,60,80,289.2008515079674,170.2008515079674,125.2842792373533,-372.07410084936055
41,61,81,248.6571725213896,157.40005331129055,133.57189534841018,-142.7383158108753
42,62,82,236.06675276511328,148.68630802703206,125.34099908423832,-161.50419110243092
43,63,83,237.78408881352266,147.22747516788263,121.85857267214328,-214.7692104233347
44,64,84,287.7714880261908,167.7714880261908,125.52522665582342,-381.0434938028668
45,65,85,266.82152387980454,163.82152387980454,130.30179165318145,-301.15948869368503
46,66,86,257.10214956298205,158.31443526244425,120.37908240753404,-321.7172554473227
47,67,87,288.61312738185984,191.3285610420803,153.62732447370763,-382.08532595213865
48,68,88,259.1904776456638,178.1904776456638,140.07516726433846,-322.61716661336027
49,69,89,239.98114098252904,150.7412249098893,118.675685262137,-365.67284478053443
50,70,90,273.9323229113443,162.93232291134427,123.7459390456047,-401.2434621570378
51,71,91,294.9371824092882,175.24320293119672,120.71737057778182,-607.4341055445136
52,72,92,270.56407212832914,167.56407212832914,131.20491107196722,-468.8187649683621
53,73,93,271.8891972875467,176.88919728754672,137.56250193310143,-453.49618175271917
54,74,94,244.6354340380915,153.55653497929916,120.9611874118134,-431.65923490675755
55,75,95,229.03402132935685,149.71973007273618,118.17905801589154,-390.8618710556343
56,76,96,226.77578944106313,148.88446633162653,122.4953731767057,-347.85653636140887
57,77,97,236.62533389580153,162.62533389580153,132.33196140417454,-413.0987312349389
58,78,98,225.40037971028028,152.66150460395374,131.8758701055874,-296.5843321005991
59,79,99,246.46554436955694,167.46554436955694,148.72601110239475,-285.25011861055054
60,80,100,243.19815964756276,159.19815964756276,141.6779549578473,-354.6092186197277
61,81,101,226.68120149600622,150.42408228590716,143.09339011411748,-179.32409365632725
62,82,102,198.0094724206749,124.00947242067491,118.09530181676087,-139.08130825710396
63,83,103,191.66262337569538,116.10600973005535,117.07101340383633,-180.87472646121864
64,84,104,206.96577887572698,126.96577887572698,117.71484570010966,-327.0525017569007
65,85,105,189.05309886536725,117.05309886536725,105.08006903856494,-194.54150265099292
66,86,106,171.92462673785394,98.92462673785394,86.32440842758092,-186.63679229439208
67,87,107,209.0150062628436,127.0150062628436,108.41080193180642,-304.97117486628645
68,88,108,203.00064876702208,132.00064876702208,115.34253565695167,-341.11229230779577
69,89,109,191.0595059109719,113.0595059109719,95.27390219421522,-309.25305543174136
70,90,110,209.53294301057167,113.53294301057167,95.34827435657553,-335.5089884512681
71,91,111,221.77842390812748,112.71439642964265,86.6440850809945,-429.03057220707956
72,92,112,175.2699185588533,73.2699185588533,59.538949713367174,-390.9865257449344
73,93,113,192.31322664455047,55.31322664455047,32.320700995513334,-643.3708099669366
74,94,114,172.66780935382758,49.66780935382758,26.787877647754158,-589.6252871237639
75,95,115,185.62807001526426,64.62807001526426,51.510008917037794,-619.8949548849741
76,96,116,180.06210487202497,64.06210487202497,51.16841811737163,-618.5027766143653
77,97,117,197.69205038711425,91.69205038711425,77.5723126186083,-660.9212967433773
78,98,118,193.8613071417467,79.86130714174669,64.0502136264779,-642.2613344950382
79,99,119,226.10293402985144,109.10293402985144,103.90913109228927,-507.9850580686543
80,100,120,224.42933873233005,127.42933873233005,107.92262085333482,-496.825865429797
81,101,121,224.75410748422928,142.75410748422928,133.98931927174817,-226.23732605991995
82,102,122,225.38389977497923,144.38389977497923,144.47628130894805,-194.60201130812834
83,103,123,273.9639303857032,174.96393038570318,161.68983848259086,-417.2189001793363
84,104,124,265.7832700836693,171.78327008366932,147.23191459753525,-436.6233668741163
85,105,125,279.3743968947492,193.37439689474922,170.91387462972034,-334.1055816481644
86,106,126,279.93697595761705,198.93697595761705,191.17102505122398,-117.58375463046605
87,107,127,275.67466686486796,209.67466686486796,200.5767110559109,-89.5606676526852
88,108,128,284.4295719949266,232.42957199492662,221.7919143754866,-42.53313935160031
89,109,129,247.73570783925788,187.73570783925788,181.6080952387474,-74.9245920963483
90,110,130,284.19722344137676,228.19722344137676,216.9233265681728,-73.19410970716012
91,111,131,284.4786728276015,222.41464534911665,204.54739949455097,-117.81451352461522
92,112,132,254.1580659491433,169.1580659491433,145.473989726137,-461.58661129882853
93,113,133,326.3044199285057,217.3044199285057,179.60288202633024,-687.8344899187184
94,114,134,282.52684371407145,185.52684371407145,163.71922092376872,-562.9211144971664
95,115,135,241.1843648726499,150.1843648726499,148.94580548225213,-515.3408290299101
96,116,136,234.57760812103697,143.57760812103697,128.63050756520033,-510.87694439097345
97,117,137,219.71578888367367,92.71578888367367,72.25601281760555,-785.5490801243932
98,118,138,239.7263330348419,114.7263330348419,98.13380344238635,-813.9449364860529
99,119,139,253.6510545151748,115.65105451517479,101.61924357260455,-665.1692568709577
100,120,140,232.21966424963784,114.21966424963784,93.26867084560467,-737.2958618077155
101,121,141,228.20374416062373,113.20374416062373,102.46091680306813,-496.2124053847615
102,122,142,237.61123053217784,121.61123053217784,122.06586691542634,-511.8899809116215
103,123,143,283.3393723455579,144.33937234555788,110.92931432948603,-752.5345986378425
104,124,144,250.38916543040614,112.38916543040614,69.39743582888423,-743.8841634426963
105,125,145,231.18120745935948,112.18120745935948,86.25126750425557,-525.03805666474
106,126,146,244.19764372060808,138.19764372060808,119.70807174874449,-428.8114568415742
107,127,147,228.3798044263981,122.3798044263981,107.85310556386071,-353.6726138347303
108,128,148,224.30506173033768,139.30506173033768,119.8961020938018,-302.9841359800091
109,129,149,184.6787349186393,95.6787349186393,89.24929152319282,-291.3593084836234
110,130,150,222.07718862677075,136.07718862677075,118.59385643134988,-407.5470828047721
111,131,151,225.30869361842997,126.30869361842997,96.94872849284775,-478.2973657771852
112,132,152,249.53727437369025,134.53727437369025,99.3525653497793,-677.0866292815886
113,133,153,268.113183219695,175.11318321969497,131.93079481195423,-525.8414120052291
114,134,154,229.26015037404386,149.26015037404386,120.86521296403112,-277.6028851829035
115,135,155,202.11589429637866,137.11589429637866,113.3032958111362,-227.5180354367012
116,136,156,227.55284721887483,152.55284721887483,119.71834363424,-337.77762286867096
117,137,157,284.06974138610303,169.06974138610303,122.1686108565425,-585.5955543855982
118,138,158,290.72061398488495,180.72061398488495,133.76959267929533,-629.6752375718252
119,139,159,282.81842216905943,167.81842216905943,120.48806022659187,-598.1773009838162
120,140,160,328.3601415669441,196.3601415669441,140.88691521815326,-723.5709101374352
121,141,161,306.7774036281012,166.77740362810118,107.60466954638855,-675.7228199074639
122,142,162,302.18391637861555,163.18391637861555,120.16576858407961,-688.956833448771
123,143,163,275.85427393490977,154.17204749215853,110.47677562093054,-634.7760698648306
124,144,164,282.19401831572736,149.19401831572736,94.7274354902263,-744.805757409034
125,145,165,270.22921661078,120.22921661077999,73.62807179099036,-714.1759781480534
126,146,166,246.8974128653963,111.25358853781472,66.94535595715843,-669.8818738009361
127,147,167,241.3210746243226,111.32107462432259,60.6592576683945,-704.5143770339232
128,148,168,260.40491111350343,101.40491111350343,43.429521845238924,-912.1970110264476
129,149,169,230.07182018588583,96.07182018588583,55.66986307018715,-734.4647606076185
130,150,170,226.54590425834567,105.54590425834567,67.59991512244824,-712.4276741440085
131,151,171,275.0698316057535,111.0698316057535,55.63842879658023,-1071.8471060132367
132,152,172,281.3111582841643,124.31115828416432,70.64435559393246,-1044.2740714881643
133,153,173,275.5342578815139,130.5342578815139,77.24095642579164,-1032.151687052171
134,154,174,259.4400239647282,144.4400239647282,110.60404781153102,-708.5498239000608
135,155,175,269.0122455596363,163.0122455596363,136.00265554889415,-671.3587038207618
136,156,176,194.7763652032893,131.15359501860848,140.60439333874706,-272.47447836570996
137,157,177,211.33442978996754,138.33442978996754,141.7563463441452,-295.51527452784967
138,158,178,201.90056478189558,135.90056478189558,137.95170347143358,-327.4517953461641
139,159,179,223.5529229695112,160.5529229695112,160.34553597658987,-321.4521975866244
140,160,180,251.75456698441712,187.75456698441712,190.93399785630572,-242.88772682076183
141,161,181,228.4954993793583,169.4954993793583,158.31572470815922,-224.06207624900367
142,162,182,250.90257773678582,177.90257773678582,169.2071288760842,-235.35964657383124
143,163,183,231.76487704241663,174.0826505996656,172.38511286692733,-225.71327821082627
144,164,184,215.30877073553256,167.30877073553256,161.5495559461192,-205.86299827960647
145,165,185,196.03845632765774,134.03845632765774,139.06848908438792,-237.54617886563437
146,166,186,173.74242617518757,113.098601847606,125.73702827638363,-233.46624623068715
147,167,187,182.1316600543655,119.13166005436551,110.60241008931689,-359.84033270976283
148,168,188,227.60233185689663,132.60233185689663,103.70780073422998,-548.6361990989299
149,169,189,194.7230629144624,94.72306291446239,77.59390269479059,-515.446499199106
150,170,190,199.63313076445365,100.63313076445365,86.92464456566381,-477.14777536788006
151,171,191,264.22076864020846,114.22076864020846,68.49230142363513,-1028.301183606186
152,172,192,306.37755269774175,151.37755269774175,100.62791527789454,-1153.203551341639
153,173,193,292.23831430918244,136.23831430918244,96.24758011446238,-1101.9712440207986
154,174,194,308.47276200139254,151.47276200139254,111.57141759204228,-1083.1255777008164
155,175,195,306.06336182317705,136.06336182317705,94.72415167306167,-1100.265575894457
156,176,196,194.62896608175993,77.35966483404081,87.19434366582482,-650.0179161947508
157,177,197,212.39219856425484,90.39219856425484,88.69213180399151,-656.797412064308
158,178,198,218.91332934807951,102.91332934807951,92.20123685856697,-726.3704460117306
159,179,199,248.99542473031624,124.99542473031624,105.85513187323727,-726.5099624391319
160,180,200,243.79019620466693,119.79019620466693,120.13545525217887,-644.8634401678496
161,181,201,234.74843780976062,123.74843780976062,115.81484143077523,-600.902449170921
162,182,202,216.15916035411988,101.15916035411988,96.53524568233297,-690.0899919403109
163,183,203,181.47104463733308,72.47104463733308,63.95134964559725,-767.6493100422877
164,184,204,200.9940971389958,97.99409713899581,93.3998667717949,-674.965984446244
165,185,205,217.73570560526605,114.73570560526605,110.07594837081251,-537.0916719206293
166,186,206,231.25772155884442,116.25772155884442,107.00965984624531,-671.4333513391239
167,187,207,260.50756592239577,119.50756592239577,91.72630191493704,-878.3906417612407
168,188,208,243.9515579275876,120.9515579275876,95.04681381361274,-856.2358364204515
169,189,209,190.1219226385208,88.1219226385208,82.39303643571589,-589.7043874840183
