Left,Mid,Right,Loss_likeli,Loss_AIC,Loss_BIC,Loss_eBIC
0,20,40,124.67853364858252,-17.321466351417484,-34.640848606969485,-985.8262761652641
1,21,41,119.03789627671154,-3.9621037232884646,-22.22451335214214,-800.5220912237346
2,22,42,134.7630192102506,4.763019210250604,-19.25065262794942,-728.882494957491
3,23,43,142.7558042593114,19.75580425931139,9.464298994191267,-707.9963236663111
4,24,44,194.98278485724768,85.98278485724768,78.26666212877126,-571.0836668088441
5,25,45,212.02373027025578,78.02373027025578,58.48859964790972,-857.8239086708854
6,26,46,254.56509978694544,105.56509978694544,80.2499216366491,-1131.6533328716391
7,27,47,274.90103375623767,113.90103375623767,87.7586547190524,-1165.6754876185005
8,28,48,260.02904006247786,98.02904006247786,64.16216059240082,-1166.8174250556394
9,29,49,263.67935116615445,104.67935116615445,81.41675018675323,-1077.8172754677162
10,30,50,258.33019695966277,107.33019695966277,68.54263728573346,-1043.347486128123
11,31,51,234.50373262598941,70.50373262598941,27.66992830591903,-1116.247768154804
12,32,52,222.05663234125723,56.05663234125723,11.187374976793308,-1052.934292044606
13,33,53,207.6538265511424,39.6538265511424,0.027161538163682053,-1148.9674433035998
14,34,54,148.97054864925713,15.970548649257125,0.20810868414332617,-802.6132427251232
15,35,55,125.45985525593005,-4.5401447440699485,-13.683586381295527,-769.473271713046
16,36,56,94.63896654651649,-26.361033453483515,-31.60859753129421,-789.4587731391352
17,37,57,69.76216867767153,-53.237831322328475,-62.253138393695735,-832.7082842678656
18,38,58,87.59175963109874,-19.40824036890126,-25.89248231624333,-870.9189528372581
19,39,59,72.63977243276531,-23.360227567234688,-30.60626663506946,-755.605106773231
20,40,60,41.618020472490116,-70.38197952750988,-78.47306037374278,-696.3426946573923
21,41,61,86.25550842748999,-29.744491572510015,-51.10673645924453,-783.7408458230148
22,42,62,86.7374735435344,-22.262526456465594,-47.604511491867925,-532.6752789194397
23,43,63,89.51879252240838,-18.481207477591624,-35.167664302255844,-627.6538847705224
24,44,64,112.14089492387029,-3.8591050761297083,-24.071204109324754,-630.4692448166375
25,45,65,133.21665980200896,24.216659802008962,4.998106939288846,-704.8626010719527
26,46,66,264.9772679104567,126.9772679104567,84.26476030622939,-1118.9104588831533
27,47,67,254.80028230138464,109.80028230138464,67.71018372331287,-1077.6935089212498
28,48,68,242.92198280819366,106.92198280819366,63.47233952612055,-1008.6672847426257
29,49,69,233.6507813439964,101.65078134399641,79.02080357849422,-734.1920571203686
30,50,70,237.26356116089983,115.26356116089983,77.29644217253258,-770.1326848586782
31,51,71,263.1884902160041,126.18849021600408,83.78446972980191,-895.1391210658203
32,52,72,258.045712726519,133.045712726519,88.83427232395343,-771.2646473043858
33,53,73,261.9623886593124,142.9623886593124,101.73814507740849,-820.1115582465404
34,54,74,238.482886342475,114.48288634247501,72.38062369476029,-649.4090804777188
35,55,75,258.51208291241073,123.51208291241073,89.8929636435746,-594.0834141139048
36,56,76,321.8148005976268,167.8148005976268,109.74742702677827,-714.3144387942657
37,57,77,346.23742051375007,181.23742051375007,115.91059165288698,-724.5028783707144
38,58,78,339.91849669320663,175.91849669320663,105.70537874101865,-916.718008779588
39,59,79,373.7065960817081,210.70659608170808,141.684491446857,-953.8983010334389
40,60,80,395.17552668909457,213.17552668909457,139.03691687960873,-1047.209959425112
41,61,81,368.78377158149397,175.78377158149397,94.2516979752927,-1183.2499623390142
42,62,82,364.18030166850986,170.18030166850986,89.53665628665158,-1150.5896628125606
43,63,83,341.952024110858,152.95202411085802,73.06484146148478,-1272.514094561824
44,64,84,342.1906106210374,147.19061062103742,60.325758884007655,-1250.4592621679558
45,65,85,304.83633201915086,127.83633201915086,54.61669019166152,-1206.980561471822
46,66,86,239.3821525054177,102.38215250541771,49.07715614900826,-849.2903608624201
47,67,87,274.4608156732402,122.46081567324018,63.42069521657572,-851.104623249566
48,68,88,256.8987465661862,106.89874656618622,44.34890170943595,-864.6328387338469
49,69,89,245.28125445344654,112.28125445344654,69.99209635270313,-849.0578649916938
50,70,90,217.86903577014527,105.86903577014527,65.94910634394864,-743.3760463529493
51,71,91,209.7121548884311,92.71215488843109,52.987411741889446,-722.9718297512161
52,72,92,212.58300845686608,92.58300845686608,52.24719309930515,-829.2380045170016
53,73,93,184.55157685118502,76.55157685118502,40.803860773827864,-829.8698531654625
54,74,94,167.05638340748874,65.05638340748874,35.09288449435735,-576.1437024293618
55,75,95,171.85172543114777,51.85172543114777,27.30608446637848,-619.3760797229597
56,76,96,149.60506635657748,21.60506635657748,-14.742485518760077,-699.6482958626289
57,77,97,164.83497369470138,35.834973694701375,9.336125554681075,-622.4352007802777
58,78,98,149.8546127856771,38.85461278567709,23.100860895347523,-640.3159255178311
59,79,99,155.662037708948,36.66203770894799,20.612548139903083,-710.3636637243517
60,80,100,176.66047347067547,47.66047347067547,29.530029333679522,-925.2764900038651
61,81,101,176.20302120001975,34.20302120001975,6.134581382123088,-847.1070129654108
62,82,102,136.60633168386448,-56.39366831613552,-101.5355149429397,-1127.9854988146158
63,83,103,133.23678622128114,-38.763213778718864,-72.75672435264596,-1310.5015224428316
64,84,104,142.2546558305719,-49.74534416942811,-92.65645670805543,-1279.3412044464749
65,85,105,153.56552019438982,-24.43447980561018,-61.068613609919566,-1341.5016118170556
66,86,106,153.82110709730432,-22.17889290269568,-61.283030336250704,-1284.5273628430218
67,87,107,108.45314645522444,-47.54685354477556,-76.69366824279064,-1038.7415070084053
68,88,108,155.06302925172622,4.0630292517262205,-25.020469894363714,-1052.3504475182176
69,89,109,165.73030333586803,26.73030333586803,-0.19111166197785678,-1094.7157691127218
70,90,110,141.37185381841982,27.371853818419822,12.550518649719152,-969.534782114808
71,91,111,148.68428166458443,27.684281664584432,7.99158917732484,-918.7013131870563
72,92,112,159.05130937793228,25.051309377932284,-0.0739221165881645,-1072.9059956492624
73,93,113,149.3259978906067,30.325997890606686,15.084683967323144,-892.184573461208
74,94,114,137.31185674514109,34.311856745141085,26.35334344210696,-800.0482511245073
75,95,115,133.82877454067398,7.828774540673976,-13.31352785963054,-918.7817557172211
76,96,116,131.38480808698932,-11.615191913010676,-45.380101721883875,-954.4391879520426
77,97,117,137.66461260328515,4.66461260328515,-21.349047115578287,-923.4044837890933
78,98,118,131.26325718174962,6.263257181749623,-15.42089985261805,-932.092881395175
79,99,119,124.79132016348967,6.791320163489672,-5.294567365978082,-772.8713255852567
80,100,120,171.08463171347125,34.08463171347125,6.079507447499964,-1005.8350804344009
81,101,121,173.23470120761294,37.23470120761294,6.26170717561854,-852.6674834920414
82,102,122,155.16274566108814,1.1627456610881381,-40.72892751816016,-789.3418688414345
83,103,123,168.92055911945158,34.92055911945158,-0.9484536737481903,-906.4778214560661
84,104,124,193.0850547798807,49.08505477988069,12.87587249944022,-992.8747429412729
85,105,125,205.09635495044313,72.09635495044313,44.46957615099336,-1019.9171571866154
86,106,126,248.69045445706934,96.69045445706934,64.96089958467223,-1127.1375998098365
87,107,127,160.05234730812822,53.05234730812822,35.824324062106825,-845.6067011971372
88,108,128,131.52639379004904,30.526393790049042,16.97871454524943,-806.6774601528036
89,109,129,110.29165545088426,-2.7083445491157363,-17.031813581039387,-923.0196990849508
90,110,130,129.02814968775965,34.02814968775965,29.41534811237534,-845.7535467279599
91,111,131,140.95926101418058,24.959261014180584,8.869506043945421,-822.9499284627022
92,112,132,151.87768308099476,34.87768308099476,9.205262564403483,-911.7169124696402
93,113,133,160.33446284217052,50.334462842170524,32.019073781225416,-732.9844108302527
94,114,134,154.293744998256,53.29374499825599,34.89403548953692,-738.0933138772348
95,115,135,140.32605781041707,54.32605781041707,43.73128966350714,-692.0453886347859
96,116,136,162.43819505190754,63.43819505190754,44.647923455622504,-727.801699884491
97,117,137,160.2330778503865,73.23307785038651,52.792580909266235,-776.766000373703
98,118,138,111.61855897914916,21.618558979149157,9.450368937173607,-693.4410008225013
99,119,139,149.29983317859228,56.29983317859228,48.773078420074626,-676.8011774540673
100,120,140,131.03648621927596,30.036486219275957,14.16180705880538,-739.0271952392186
101,121,141,124.54799792762628,16.547997927626284,3.3643491090715543,-724.0537070708683
102,122,142,137.61011617401982,36.61011617401982,5.332323822423859,-439.6239360552961
103,123,143,114.74592484322056,41.745924843220564,32.26508342851821,-276.4036370131321
104,124,144,134.27846841218138,54.27846841218138,41.479227216258096,-280.35094904688754
105,125,145,172.7120215200232,91.7120215200232,86.30742066189146,-276.2348022860551
106,126,146,219.58744730273202,141.58744730273202,126.21311410077237,-197.5667650655846
107,127,147,212.115702631741,141.115702631741,119.98219655994103,-205.3760334197409
108,128,148,201.49520415600296,121.49520415600296,96.83418773509334,-291.8197928598215
109,129,149,241.33849660201076,130.33849660201076,83.54832467824417,-709.2122517328974
110,130,150,232.556144360379,116.556144360379,70.22161678026532,-653.0443199409558
111,131,151,206.5887784322124,106.5887784322124,64.84724339325203,-511.3768434162562
112,132,152,196.42601837538564,97.64102727558543,63.205621231408486,-435.4006573235263
113,133,153,210.2887337415225,102.28873374152249,61.95351833364248,-465.56831948711783
114,134,154,213.77023289656495,112.77023289656495,69.32344086469584,-434.1486853303056
115,135,155,199.74743488264198,118.74743488264198,82.91611019721904,-263.2226806307922
116,136,156,193.6362301030283,98.63623010302831,57.29284830559959,-424.23200447592353
117,137,157,194.2129550611005,88.2129550611005,48.32897086285561,-537.0209859288061
118,138,158,210.6799946526885,86.67999465268849,39.53466521053315,-476.28618604483904
119,139,159,179.47888296200745,57.47888296200745,9.808172342615535,-477.3630232054088
120,140,160,208.45916955217535,70.45916955217535,8.437556108558283,-600.5896069447767
121,141,161,194.23340740450226,71.23340740450226,33.07149546985215,-473.68979805099457
122,142,162,202.43626977899112,76.0422884483919,34.65162127255712,-507.49913706805387
123,143,163,220.2721717328427,80.27217173284271,33.96856325128192,-608.3118303022484
124,144,164,258.93876020760035,95.93876020760035,35.098696236977275,-756.9070488356231
125,145,165,271.53015057929315,119.53015057929315,75.8847164169415,-596.7985606648128
126,146,166,251.768117839767,130.768117839767,92.32142085284727,-572.2670067374672
127,147,167,297.5706140816801,140.5706140816801,80.77950333041804,-773.0794532984239
128,148,168,300.10038467299046,146.10038467299046,89.44930439450286,-682.0798313794667
129,149,169,363.08205536362016,161.08205536362016,98.73744013745181,-1057.8335013857077
130,150,170,332.5304451319662,159.5304451319662,96.43369856121853,-956.0464943311777
131,151,171,296.19324618041173,149.19324618041173,95.06847153959188,-837.4682743113763
132,152,172,272.866118589659,125.08112748985877,82.53923948676743,-835.8773207617464
133,153,173,242.21731861146282,106.21731861146282,64.69532559668096,-794.0140276349894
134,154,174,244.72788883314843,107.72788883314843,60.22085948850645,-788.0878547782495
135,155,175,230.79238849014473,83.79238849014473,46.99629336332373,-1025.7121649860246
136,156,176,261.8845211142252,97.88452111422521,54.76629336550104,-1105.0263236850642
137,157,177,188.8015039624197,26.8015039624197,-9.078213589579946,-1201.0358262947248
138,158,178,191.66335353515024,32.663353535150236,-7.362410565958726,-1114.736965482658
139,159,179,160.20217422582232,8.202174225822318,-26.983760715147582,-1000.3640640576086
140,160,180,172.03931924890094,13.039319248900938,-31.464037470644143,-1022.4947701057467
141,161,181,202.4362857189342,-1.5637142810658133,-51.323959192018265,-1589.009144631868
142,162,182,161.33245218908064,-50.06152914151858,-82.21384254245618,-1302.9769469485677
143,163,183,158.099133339736,-53.900866660264,-106.76930193443104,-1530.5846406089768
144,164,184,136.97449924974626,-54.02550075025374,-90.89356970762424,-1498.5395463156956
145,165,185,91.86030824388354,-75.13969175611646,-102.48498856279912,-1151.4476013659596
146,166,186,73.56633613678605,-75.43366386321395,-91.39135507595097,-1177.041942725234
147,167,187,74.10908217320093,-109.89091782679907,-139.80818792393097,-1283.1125923023365
148,168,188,60.71471137339017,-127.28528862660983,-148.31258698603824,-1234.8074826453435
149,169,189,71.02947425267348,-116.97052574732652,-125.81397914282252,-1230.443118649297
150,170,190,34.708076166984256,-112.29192383301574,-123.89956831926952,-1192.8748204575272
151,171,191,60.01696069084983,-94.98303930915017,-111.50191221058935,-1183.9618356693763
152,172,192,73.10085527804972,-77.89914472195028,-95.89228897908106,-1043.5797368195408
153,173,193,82.9814318670276,-60.018568132972405,-76.45479842784721,-989.63277080631
154,174,194,75.40005017816497,-83.59994982183503,-103.49658163150184,-1187.202497250531
155,175,195,111.97889675122974,-60.02110324877026,-88.46943637821778,-1445.4193914672073
156,176,196,141.91224295504526,-59.08775704495474,-101.97420814093562,-1604.8407612959263
157,177,197,159.5775313854674,-34.42246861453259,-76.24987188503405,-1417.2552186520215
158,178,198,138.41670657706413,-58.58329342293587,-96.45352662466553,-1548.7738733067413
159,179,199,115.36063450074766,-80.63936549925234,-117.91732359882826,-1371.2186000360844
160,180,200,126.24232288274357,-62.757677117256435,-97.59029303023317,-1329.3754865216988
161,181,201,174.66742804133514,-61.33257195866486,-118.87174911960051,-1652.7647743313873
162,182,202,136.84286365081402,-70.15713634918598,-95.14949766845416,-1443.8258977093324
163,183,203,152.20843245066158,-58.791567549338424,-107.34982719364871,-1406.03282351595
164,184,204,176.3575998586848,-9.642400141315193,-49.566315859280394,-1203.6525802446217
165,185,205,182.0939206337755,5.093920633775497,-32.775214985156936,-1142.2565966363363
166,186,206,202.28177216660015,35.28177216660015,0.8116115367363363,-1188.6296571638159
167,187,207,212.96938683549502,39.969386835495015,-1.8000352710887455,-1192.6777926245345
168,188,208,231.0988854178097,30.098885417809697,-17.155367365677876,-1255.4772425396827
169,189,209,213.54746010035115,56.547460100351145,20.90768622721771,-931.0337961442447
