Left,Mid,Right,Loss_likeli,Loss_AIC,Loss_BIC,Loss_eBIC
0,20,40,118.23990194545581,-67.76009805454419,-105.60568487576961,-1362.2129655500098
1,21,41,110.6113154473237,-91.3886845526763,-130.96069229235445,-1445.8779151016715
2,22,42,104.72209180857453,-99.27790819142547,-142.27166333661694,-1298.979271367367
3,23,43,91.88507074041217,-123.11492925958783,-163.26744574260715,-1461.7605062790599
4,24,44,92.47609638017548,-126.52390361982452,-169.01445824023176,-1537.355635726988
5,25,45,89.22186066748372,-106.77813933251628,-142.32322948069213,-1309.6632216781
6,26,46,86.33134271272843,-124.66865728727157,-163.5228564037427,-1412.0781176836217
7,27,47,138.00616933046945,-16.993830669530553,-45.98935282104867,-905.7158507331587
8,28,48,160.8786024106114,1.8786024106113928,-28.415237107454686,-1009.1796265695898
9,29,49,203.7317036638931,28.731703663893086,-11.607435584284758,-1113.8570458661547
10,30,50,188.95384672888895,24.953846728888948,-10.255338605021734,-1078.1386906494563
11,31,51,172.34706168792218,5.347061687922178,-26.850265382680163,-1162.749950485861
12,32,52,147.25746755443993,-4.742532445560073,-37.44306004094665,-902.1183793855939
13,33,53,117.99587593255728,-14.004124067442717,-33.2217675765844,-836.2597868703838
14,34,54,123.1974973429949,13.197497342994893,2.4470682630817464,-899.1547735416161
15,35,55,149.6441159086571,49.64411590865711,37.28744998119441,-654.7605571311669
16,36,56,124.99115432446547,24.99115432446547,11.941341216443107,-663.8038355749177
17,37,57,133.71366299400188,29.71366299400188,18.138121241671342,-687.2780716942561
18,38,58,117.26401180516132,12.264011805161317,0.19060391605376026,-743.9542112804938
19,39,59,111.77974501267477,-11.220254987325234,-30.93212173631582,-743.7310065348356
20,40,60,135.1090757080401,25.10907570804011,12.590094425891039,-679.9342367279323
21,41,61,174.15696411838803,46.15696411838803,17.78060481948978,-745.4633351464404
22,42,62,177.3772850739449,46.377285073944904,14.103969365923604,-864.1653758811894
23,43,63,200.88081460504145,47.88081460504145,4.668329516131735,-937.7403838833807
24,44,64,252.09115081847926,85.71980724258015,39.904085629870906,-937.6583509588982
25,45,65,279.5799465023779,125.57994650237788,76.62156036653005,-876.3482562531613
26,46,66,339.1628557927536,177.1628557927536,120.16404391478954,-986.2025759434418
27,47,67,255.69549817106736,142.69549817106736,100.64614191674605,-666.4901828906145
28,48,68,287.79319846410317,158.79319846410317,107.75713980006617,-720.4395856457456
29,49,69,318.25420723721413,169.25420723721413,110.03981007915127,-885.3954221230749
30,50,70,321.8500391899672,182.85003918996722,126.12329542804378,-824.942709268237
31,51,71,371.8486314487084,207.84863144870837,137.49568174418346,-1037.406264768481
32,52,72,375.54167816463655,201.76689004474656,138.32861696365353,-991.7293397704998
33,53,73,313.77727252052387,170.77727252052387,111.53037830220705,-894.4243617239945
34,54,74,330.9667890257019,171.96678902570193,101.36067393564076,-1034.5512011385604
35,55,75,320.48499720371797,173.48499720371797,104.80413177113928,-813.1025740549076
36,56,76,334.6546102847833,170.6546102847833,94.89631488811574,-922.5984386922248
37,57,77,359.74670157391915,184.74670157391915,107.2279075498086,-990.0290122019971
38,58,78,335.54429426738534,175.54429426738534,100.39116905670585,-953.7085054694112
39,59,79,346.2080348075981,170.2080348075981,88.41218301058962,-965.4253822898788
40,60,80,354.5196193397121,179.5196193397121,99.9617775886345,-950.1736560808333
41,61,81,306.76290775907364,156.76290775907364,82.57175112295226,-812.5096319017828
42,62,82,228.1503893109507,113.15038931095069,58.19378802284905,-598.7070209402136
43,63,83,145.65200941483045,59.652009414830445,21.10518495898259,-301.25672806018406
44,64,84,174.06464634798544,79.69330277208633,45.46379168772273,-284.5115265931672
45,65,85,164.74437617101103,87.74437617101103,55.98069355991379,-233.0815785041084
46,66,86,144.2684085535136,73.26840855351361,40.465310250834136,-270.15512856589
47,67,87,152.58839761084755,86.58839761084755,57.22907280573804,-248.92436328752706
48,68,88,162.86766374600188,96.86766374600188,68.6097569366375,-270.7578836034827
49,69,89,156.65907881650696,97.65907881650696,77.42110811090174,-177.52383351980757
50,70,90,138.76378055720102,78.51704375356007,63.95229468317689,-186.9191329570897
51,71,91,152.95622075715892,91.95622075715892,75.33108470168531,-173.8588379254545
52,72,92,122.08325682874283,66.30846870885307,59.885531816045386,-148.4276367296843
53,73,93,120.872687912522,77.872687912522,65.18650155453724,-273.3111214421622
54,74,94,111.15191082388856,53.15191082388856,38.37545299278372,-385.57114187365573
55,75,95,132.50894545635424,57.50894545635424,35.53868645301941,-435.24287885534727
56,76,96,146.1792398564844,69.1792398564844,47.132506067814575,-444.31563456745835
57,77,97,146.6879511313091,59.68795113130909,42.07147366408094,-498.2425951929688
58,78,98,163.84027557134823,79.84027557134823,58.46927522994679,-498.15831927907743
59,79,99,169.58879366712267,79.58879366712267,62.35987536633593,-556.5803708581223
60,80,100,193.17290456572914,102.17290456572914,79.68339127427521,-519.9622527714387
61,81,101,202.76014713370273,102.76014713370273,77.3413470837113,-585.9469133059179
62,82,102,206.73461876372448,120.73461876372448,95.59338410518149,-422.9649660037469
63,83,103,185.31363690289027,97.31363690289027,72.23155175208467,-393.94943535883203
64,84,104,159.8920802754501,75.8920802754501,55.48761267730356,-416.39095041490145
65,85,105,158.31508888330563,84.31508888330563,64.45510068552653,-385.9649782547574
66,86,106,143.55569983225473,58.55569983225473,32.17946335908914,-416.8118867305152
67,87,107,147.33944742531048,65.33944742531048,40.49091368184827,-429.7699047299691
68,88,108,127.34012269922755,62.34012269922755,52.159533586641146,-413.94753558503817
69,89,109,95.8160664775794,22.816066477579398,6.573106729096935,-340.8856836171519
70,90,110,112.57574417712794,35.329007373487,34.3569698525007,-223.5626753341935
71,91,111,93.22372275789598,16.223722757895985,4.292006871834019,-324.1542681103276
72,92,112,114.9619071021898,46.9619071021898,32.515130857032545,-293.77105109696845
73,93,113,87.35350209706394,27.353502097063938,14.117066223883057,-311.5452527211123
74,94,114,100.0238763862344,49.023876386234406,39.92166215376642,-266.375300660691
75,95,115,109.62391655205397,58.62391655205397,59.14267127419066,-190.57138908061734
76,96,116,125.47396983573253,85.47396983573253,79.73341803879975,-198.35768302742076
77,97,117,144.7885972727845,78.7885972727845,65.90286857327806,-257.2820490111776
78,98,118,146.41236836451412,89.41236836451412,76.63172345217185,-194.75109635313856
79,99,119,149.1123643751896,79.1123643751896,70.80104803910308,-283.4855684331569
80,100,120,188.82677489649018,124.82677489649018,116.12622088829494,-204.44696663791092
81,101,121,170.12163836413902,102.12163836413902,90.83269807011243,-182.7957327162419
82,102,122,187.80041090516988,100.80041090516988,82.09278191544945,-323.17341866031575
83,103,123,144.10067556860372,67.10067556860372,57.73891400114303,-364.43219207514767
84,104,124,95.08901017502217,12.089010175022167,1.9960681495138033,-383.38540604633727
85,105,125,82.27055178897717,6.270551788977173,1.3732405766659213,-425.52125799257647
86,106,126,90.09391095608021,4.093910956080208,-13.422704716303542,-529.74493526277
87,107,127,91.82459271638868,5.824592716388679,-13.07831731711508,-560.9319789053516
88,108,128,114.6980581110256,17.698058111025603,-7.027953017304981,-550.025895140268
89,109,129,124.13383430660588,21.133834306605877,-1.729134591453203,-515.7003255168554
90,110,130,115.52474234576312,25.524742345763116,10.744418486878658,-380.5300948995732
91,111,131,104.28429006910892,15.28429006910892,-8.231380687245519,-484.4593830932952
92,112,132,93.01684235449056,8.016842354490564,-13.160790264475736,-425.2291271085826
93,113,133,95.10605765369496,8.106057653694961,-14.760454419385269,-393.6624921042878
94,114,134,100.96735055309841,14.967350553098413,-6.708148202644679,-386.7278637050654
95,115,135,114.9510410038522,36.9510410038522,23.213799569829007,-341.6027919276935
96,116,136,126.60098980428893,65.60098980428893,52.17783785727943,-258.4534634912002
97,117,137,133.06351584679965,48.063515846799646,25.534522068274782,-414.89829362816636
98,118,138,165.36806978228014,71.36806978228014,48.994355896106526,-431.4873067634119
99,119,139,170.35411394039465,90.35411394039465,73.79338716874804,-217.90562638838992
100,120,140,154.34829398553393,109.34829398553393,104.61957093484762,-59.243386446004706
101,121,141,143.84845311724644,109.84845311724644,113.2998576238474,-53.77851056665463
102,122,142,158.12363990194467,80.12363990194467,59.44069305060202,-292.0377624985615
103,123,143,135.53531028321277,70.53531028321277,57.23028503483738,-267.34643099606615
104,124,144,150.39544605197898,73.39544605197898,57.87328424073735,-229.07145054026796
105,125,145,153.93470823689404,72.93470823689404,53.76456427117864,-282.60036869554483
106,126,146,146.31958814151017,70.31958814151017,47.38442612849735,-426.18013422842887
107,127,147,164.68463310765037,67.68463310765037,36.67892973773314,-528.6641083890304
108,128,148,218.17065769768988,99.17065769768988,61.72686496080746,-551.354348947737
109,129,149,199.3638868764183,83.36388687641829,49.02106811485851,-478.81894016810566
110,130,150,190.39404936862434,76.39404936862434,37.9324745305787,-509.3148615400894
111,131,151,209.63021771009335,89.63021771009335,45.682537775674064,-657.0008688261698
112,132,152,233.5819691928184,105.5819691928184,51.55916421320194,-746.1057568409192
113,133,153,246.82654132081348,107.82654132081348,47.63406165609035,-819.556567568743
114,134,154,269.0477238350263,115.04772383502632,53.290798079689694,-871.9161409292369
115,135,155,280.4845683658102,123.48456836581022,60.10495556270462,-926.7714147944439
116,136,156,299.7437334934302,106.74373349343023,22.785644755269004,-1257.4728470440698
117,137,157,379.3913933051658,169.39139330516582,78.35587460291572,-1308.4844539140624
118,138,158,352.79474509697934,164.79474509697934,89.38328972872841,-1058.8229470779188
119,139,159,342.435470454496,195.435470454496,136.8533727617912,-770.3325859960485
120,140,160,368.86948377643466,226.86948377643466,165.87655288194037,-712.9182713450577
121,141,161,367.12974249255285,222.12974249255285,159.2966395974479,-852.5377220254522
122,142,162,275.8791174245307,166.8791174245307,120.71168621498191,-605.1758575612339
123,143,163,364.4222661233771,219.42226612337709,164.208508391162,-930.0872836655872
124,144,164,337.21505627185456,200.21505627185456,153.67160657513136,-797.5344187455521
125,145,165,333.86683826244325,196.86683826244325,148.06729857967343,-942.657955180603
126,146,166,334.21663724108976,198.21663724108976,152.3409788270567,-888.4229969535686
127,147,167,346.16690247711676,196.16690247711676,147.43863361501803,-999.367714688567
128,148,168,359.2189525765084,202.2189525765084,153.48086562825938,-990.3745105920084
129,149,169,351.47225505318147,189.47225505318147,140.8937249698654,-980.4130586805727
130,150,170,373.20835051676977,194.20835051676977,136.55527321885847,-1092.7665274557712
131,151,171,356.9339482043729,167.93394820437288,105.9224635754997,-1243.6455416438234
132,152,172,319.06777938931555,137.06777938931555,79.38063357250007,-1299.6051199674312
133,153,173,284.35828773605454,106.35828773605454,56.20778391082649,-1231.5894992564972
134,154,174,252.39867930364744,77.39867930364744,35.2966700045572,-1205.4829499901057
135,155,175,195.26953915144304,40.26953915144304,7.344413795689206,-1154.0846245835623
136,156,176,147.0336403166998,-34.9663596833002,-71.8590900833176,-1463.584675644378
137,157,177,168.60252401546632,-0.3974759845336848,-28.045357884210034,-1407.7490983303774
138,158,178,151.11486328670117,-8.885136713298834,-40.716563138981655,-1171.6002177538558
139,159,179,134.88419583133464,-28.115804168665363,-52.08334206712016,-1245.5025981049234
140,160,180,110.25437299399937,-71.74562700600063,-95.65320827457344,-1235.8082321473644
141,161,181,112.28617803654015,-66.71382196345985,-91.87703506018624,-1287.5807020810616
142,162,182,128.93929911459327,-40.06070088540673,-67.15622688117583,-1102.7741625765284
143,163,183,128.74739683538633,-28.252603164613674,-57.30903014865521,-1070.0398357204203
144,164,184,117.74223904398195,-21.257760956018046,-42.98057209966419,-1008.557578034468
145,165,185,89.48497397228516,-38.51502602771484,-45.03840767853558,-838.8087835093061
146,166,186,87.6930629971232,-48.30693700287679,-65.76356101395231,-892.4896372066128
147,167,187,101.56516605650972,-20.434833943490275,-27.109022546607775,-998.6102684032312
148,168,188,105.95607422501166,-22.043925774988338,-33.78475274044786,-1008.2041982033616
149,169,189,76.84755729865742,-52.15244270134258,-61.2719734910595,-898.387260415031
150,170,190,63.098703677969525,-56.901296322030475,-57.381148797394644,-895.1659949827181
151,171,191,72.59796325863726,-59.402036741362735,-65.85628285805069,-1017.4889020623591
152,172,192,54.98282905707674,-74.01717094292326,-79.32439223956021,-892.9106835834591
153,173,193,60.57361675147604,-85.42638324852396,-97.81103450925002,-947.9462646523257
154,174,194,67.08235017727657,-67.91764982272343,-74.82577357890273,-1084.2960672544805
155,175,195,88.87550926055746,-53.124490739442535,-63.17110386278068,-1177.4900571128637
156,176,196,144.8277342799604,-13.172265720039604,-30.83816344152956,-1198.9133405009316
157,177,197,195.91677641875003,36.91677641875003,3.157200997884047,-1034.0880154104066
158,178,198,161.60177572601128,36.60177572601128,22.542237677803087,-784.0663661362619
159,179,199,183.22886248330838,27.228862483308376,-1.2248050341465841,-980.1870526812336
160,180,200,148.54888737173928,-10.451112628260717,-29.14609737600199,-910.3454458172173
161,181,201,104.66221352480602,-58.33778647519398,-75.18856779320822,-885.800273485574
162,182,202,121.13009503451849,-81.86990496548151,-115.14909831298951,-1233.1997593501255
163,183,203,152.1850606290327,-29.814939370967295,-73.39746131611355,-1185.06246019963
164,184,204,148.4692204317314,-15.5307795682686,-51.77968567301946,-1102.4298059664766
165,185,205,130.9502525069979,-30.049747493002087,-55.08215319914348,-1049.3034651465568
166,186,206,144.45132666453515,-23.548673335464855,-62.828764758163516,-1125.914443736549
167,187,207,148.37558152137808,-8.62441847862192,-43.12112957733348,-1033.7112480378287
168,188,208,134.95141829959994,-15.048581700400064,-46.06022984167271,-948.1991078580741
169,189,209,116.47932232083804,-14.520677679161963,-37.3211217980363,-788.4550909201312
