Left,Mid,Right,Loss_likeli,Loss_AIC,Loss_BIC,Loss_eBIC
0,20,40,124.96848640899952,19.578721847490442,6.256520910053496,-688.684022618886
1,21,41,144.73167439267263,43.73167439267263,25.349094297507463,-694.5299958357587
2,22,42,132.56343481964632,43.56343481964632,26.286088688331574,-575.6769696372771
3,23,43,139.26757358072177,57.26757358072177,44.812346430603384,-448.16874113734093
4,24,44,126.12568786781526,29.12568786781526,19.95834847227934,-517.1227088777314
5,25,45,114.11356154241639,26.11356154241639,9.984831431201883,-550.5514270667613
6,26,46,115.28176878457998,26.28176878457998,5.1921131601854995,-480.2121985770211
7,27,47,125.59445233008955,34.59445233008955,15.620869703064955,-539.5987390771938
8,28,48,141.4176074833549,15.417607483354914,-17.508196986469102,-874.2273875780102
9,29,49,105.26026175661423,-8.739738243385773,-38.117164203845505,-615.8959192686411
10,30,50,174.61163419801505,37.611634198015054,-5.655205153920406,-512.5650758915094
11,31,51,161.18327044290527,44.18327044290527,10.193083759594856,-541.6674489324682
12,32,52,161.0770666160763,38.07706661607631,-1.2882906202296454,-543.5706176044152
13,33,53,156.91627248074974,23.91627248074974,-20.119213932672437,-691.9542122277569
14,34,54,102.98886474669803,-12.011135253301973,-42.233000940818556,-521.5368175686631
15,35,55,106.39131562896455,11.391315628964549,-7.4869329618923075,-555.4944614408273
16,36,56,95.32834927866338,-6.6716507213366185,-28.70899787163421,-550.2905378290561
17,37,57,95.12371816204177,-7.876281837958231,-28.311444391071063,-565.7100979296815
18,38,58,113.97863662618465,8.978636626184652,-5.174212804602803,-590.18683928165
19,39,59,120.8056649597354,17.805664959735395,0.6437199048687035,-660.715377579806
20,40,60,127.45795964405488,27.0681950825458,16.928472009553616,-454.860942669638
21,41,61,129.9280600938398,48.928060093839804,44.50239056172063,-307.0866086228307
22,42,62,132.58616697224102,21.586166972241017,-3.525071855647866,-652.1984538838183
23,43,63,145.19002748259072,39.19002748259072,20.20467659194628,-693.934369263718
24,44,64,205.18388510504792,67.18388510504792,34.8314453794153,-865.81873202873
25,45,65,205.5640986335968,63.564098633596814,19.331253610720523,-879.6816015206014
26,46,66,203.65336828724526,52.65336828724526,2.114242292823292,-935.2913595539667
27,47,67,244.68946300635776,77.68946300635776,24.34378988708113,-1088.325289916108
28,48,68,314.88207919793604,137.88207919793604,75.0596450788455,-1191.36490373907
29,49,69,288.2658519872016,132.2658519872016,82.40374499284621,-804.8153414730095
30,50,70,272.09023012743364,123.09023012743364,68.57496621055498,-754.0613463537943
31,51,71,287.0487264497383,129.0487264497383,69.44742430437145,-860.8586933353126
32,52,72,283.40652810274764,110.40652810274764,58.223683198483286,-830.1135038747257
33,53,73,307.153714067646,111.15371406764598,33.32664590531317,-1160.255746933025
34,54,74,303.7700958663588,125.77009586635882,55.86489739517219,-1037.602701826736
35,55,75,320.4437251171521,114.4437251171521,36.318537558186335,-1337.6236020909678
36,56,76,313.6094745399123,97.6094745399123,23.49731887723351,-1270.3683960307108
37,57,77,332.24836005174075,122.24836005174075,49.343831553798736,-1365.4152182748026
38,58,78,381.9822260035394,174.98222600353938,98.61010214225917,-1353.509250328782
39,59,79,384.0666845516423,180.0666845516423,106.2278798715331,-1485.0510489499484
40,60,80,406.2855310867501,197.2855310867501,118.184807000516,-1391.3733191800688
41,61,81,350.11597087937275,164.11597087937275,102.19862371791555,-1067.867067638058
42,62,82,343.1962967088207,154.19629670882068,85.0528953581263,-1123.8983140472947
43,63,83,321.94850245024054,133.94850245024054,70.72163077844493,-1228.635681859511
44,64,84,302.93459312181653,129.93459312181653,69.10362354983408,-1041.7011242095227
45,65,85,270.2414893884941,104.24148938849407,58.30374197430319,-1024.1680323828914
46,66,86,255.98771453157678,104.98771453157678,69.35125291919348,-1104.6567985167799
47,67,87,255.90918883820905,104.90918883820905,67.16134993511969,-1061.039252244374
48,68,88,238.4778960133408,120.4778960133408,90.84187345717282,-757.7379092384031
49,69,89,217.42587387497724,99.42587387497724,79.91960855738648,-656.1869728628972
50,70,90,198.14307259092766,96.14307259092766,70.66059873011204,-665.9499375339456
51,71,91,152.22017182331592,53.22017182331592,29.231296372831366,-567.4128149161747
52,72,92,159.88432269142163,29.88432269142163,12.075303998220534,-618.0873314433197
53,73,93,178.58241029014243,47.582410290142434,14.939863858673561,-821.0140893868638
54,74,94,160.74960994141497,30.749609941414974,-4.860806256076785,-810.0598844192036
55,75,95,154.87531759249305,5.875317592493047,-34.9681052400731,-947.8340923229534
56,76,96,156.17653303506972,4.176533035069724,-30.426961695440014,-913.2268641213318
57,77,97,143.06941029947666,6.069410299476658,-16.281373012265703,-960.9364798097336
58,78,98,121.82515515727437,12.825155157274367,-4.012306001181287,-724.7377654302172
59,79,99,115.78314553344285,10.783145533442848,-5.669979892679976,-577.3254983584866
60,80,100,95.59419549427616,-2.405804505723836,-13.073590979072378,-603.2731013920329
61,81,101,145.95945799009405,22.95945799009405,6.0833427223601575,-778.6427049507265
62,82,102,176.97800347130874,38.97800347130874,7.702424346320413,-784.2899565864163
63,83,103,173.1495725779714,25.149572577971412,-7.98550560226704,-864.2204111315796
64,84,104,176.62612255909426,31.626122559094256,17.605399839083475,-701.9984476278792
65,85,105,196.97878895623626,45.97878895623626,13.768771639279066,-919.9181690269843
66,86,106,220.35675984470458,86.35675984470458,77.27048212160071,-852.7404247144777
67,87,107,246.95130716738095,99.95130716738095,60.56996783275031,-943.8684591810907
68,88,108,191.1822961021478,79.1822961021478,57.03892704028158,-785.884757852954
69,89,109,158.14286117852816,39.142861178528165,23.911636867622065,-973.0903334110044
70,90,110,179.07430532170793,15.074305321707925,-17.362291289963423,-1260.3594239823292
71,91,111,185.47013917322965,23.470139173229654,-9.357019526007434,-1195.1879070202522
72,92,112,137.77150355556,-33.22849644444,-65.37115013910216,-1154.900879189266
73,93,113,126.21655653381526,-37.783443466184735,-59.142906210913,-1129.121631481636
74,94,114,124.46039003825445,-27.539609961745555,-55.38810729321267,-1042.0984058350782
75,95,115,141.5438614360644,-4.45613856393561,-35.55576369978007,-1017.0163701493516
76,96,116,141.09822458159192,0.09822458159192138,-29.20521705092733,-946.7504625489805
77,97,117,193.23253355956172,21.232533559561716,-23.158184722764645,-1303.8183125927935
78,98,118,140.51358938390513,-10.486410616094872,-36.008485366669674,-952.907598377175
79,99,119,132.34422350482146,-14.655776495178543,-48.900117353415226,-805.0457716348974
80,100,120,133.73544816461845,-18.264551835381553,-50.618505840488524,-989.3899290840327
81,101,121,84.29104148085344,-26.708958519146563,-37.26410655527661,-711.7747807265514
82,102,122,103.35490162966835,-19.645098370331652,-32.545525056691986,-740.9119313113215
83,103,123,93.71219418590294,-34.287805814097055,-55.0395461268356,-695.043586345575
84,104,124,55.00460106523042,-79.99539893476958,-75.17451667581167,-634.7628765826862
85,105,125,85.73631883208395,-31.263681167916047,-39.41905791455338,-687.3352617394316
86,106,126,74.82792333855241,-17.17207666144759,4.702657478201672,-369.6719159248951
87,107,127,83.46260131963095,-4.537398680369051,5.525773544329468,-351.38451107360925
88,108,128,59.744316885959734,-2.2556831140402664,14.010624683862488,-243.3943421604372
89,109,129,64.20043458805048,-17.799565411949516,-11.144006759307103,-517.3067208019461
90,110,130,129.64547188614847,-31.35452811385153,-59.061226923101685,-982.9412735017004
91,111,131,154.89542032814938,-6.104579671850615,-34.80810772521363,-1048.640220922391
92,112,132,127.94397600116804,-25.05602399883196,-54.47541185654768,-980.0140843312843
93,113,133,135.16083405200106,-13.839165947998936,-32.58266690499181,-968.9600485461315
94,114,134,136.21360303900155,0.21360303900155486,-22.095051235993424,-880.003255720736
95,115,135,157.74813118233556,-25.251868817664445,-65.76162766697848,-1200.605111947064
96,116,136,141.5297820113674,-31.470217988632612,-61.41921249375514,-1134.3097380098734
97,117,137,190.0034876235809,-19.996512376419105,-77.06781923123185,-1425.3924526006217
98,118,138,180.62910526560609,-14.370894734393914,-54.71990084764457,-1277.217512620614
99,119,139,187.34938850350363,-12.650611496496367,-55.482769619086866,-1418.5079968713071
100,120,140,184.30592954202507,-23.69407045797493,-72.93536135766567,-1477.5767728473065
101,121,141,155.60927410611293,-8.390725893887065,-37.962303071486986,-1035.1262163225279
102,122,142,143.91474390601024,-14.085256093989756,-29.497916249318678,-956.7415602248657
103,123,143,145.62957448265115,-22.37042551734885,-45.020093996914966,-1022.2307640494346
104,124,144,156.28968468720655,20.289684687206545,11.431916896408893,-794.6585391934541
105,125,145,183.99248771275143,31.992487712751426,12.235501374027308,-903.428306366292
106,126,146,197.25509005714366,65.25509005714366,38.35300211393701,-761.9289273239851
107,127,147,206.58618036960002,72.58618036960002,57.535283376915004,-669.0598813237143
108,128,148,211.71323942051026,90.2827510602749,91.93107043677287,-558.1157718839299
109,129,149,229.45831049682852,74.45831049682852,54.863886152333635,-908.2196540272048
110,130,150,277.6319919033572,84.63199190335718,27.440463212136592,-1093.5734829032785
111,131,151,289.7845394416929,96.78453944169291,44.70200648430341,-1060.5406829704084
112,132,152,293.6913377084288,115.69133770842882,71.624408284835,-1076.1253675521257
113,133,153,320.1479071606418,130.1479071606418,62.326184407225355,-1186.1395018408548
114,134,154,322.7395071469789,119.7395071469789,54.87778139999182,-1233.3988660817163
115,135,155,369.5629203829294,133.5629203829294,42.79583433430889,-1348.649373325049
116,136,156,391.88112343841635,158.88112343841635,67.28772614968011,-1407.2355997084119
117,137,157,405.3864959953612,163.3864959953612,71.3219252982858,-1485.392832254062
118,138,158,390.6410685280123,143.64106852801228,52.3540363094844,-1605.28060018608
119,139,159,421.3639867802467,167.3639867802467,77.89236262574013,-1863.359294307501
120,140,160,452.98256267751685,191.98256267751685,99.71883419520645,-1865.084874073893
121,141,161,400.69088223629024,171.69088223629024,96.58820973754655,-1563.1512622606997
122,142,162,409.6421980111295,143.6421980111295,59.74052520383225,-1780.299613821067
123,143,163,386.6025683725977,136.60256837259772,66.88955205227853,-1665.5863168066853
124,144,164,309.04620333924163,109.04620333924163,53.42233841267739,-1255.1334594088926
125,145,165,269.6271022847086,104.6271022847086,63.14861819556472,-1020.8388308345711
126,146,166,277.2075792440037,134.20757924400368,89.69888813645116,-942.9469977338181
127,147,167,227.85068660383058,85.85068660383058,54.717643603882834,-875.6478044974847
128,148,168,211.61972758583988,74.18923922560475,61.63337578863138,-747.949376264281
129,149,169,248.2661639707169,74.26616397071689,50.06431329137877,-1088.9077751276159
130,150,170,251.25199927739345,63.25199927739345,30.266800378125936,-1324.6424444784989
131,151,171,241.76590077250103,36.76590077250103,5.235112019048302,-1451.2608404166303
132,152,172,222.07442636127143,11.074426361271435,-20.65647758272553,-1505.2533034205849
133,153,173,206.60480802301163,-7.395191976988372,-55.97407888785483,-1474.3906882063065
134,154,174,191.60479583935467,-13.395204160645335,-43.2090087920692,-1404.693914739746
135,155,175,204.32298674539948,6.322986745399476,-36.413004522177516,-1335.4388232088222
136,156,176,192.7995280389814,11.799528038981407,-24.24876263397914,-1399.0340194148089
137,157,177,155.96510357846614,-24.03489642153386,-57.15930582575743,-1234.6972712032584
138,158,178,148.26753973639666,-45.73246026360334,-83.05440686046495,-1416.1294847850154
139,159,179,135.58741895567346,-49.412581044326544,-84.33317395187532,-1336.8628286854437
140,160,180,99.68413933093007,-83.31586066906993,-110.65582308774515,-1345.023673343855
141,161,181,161.0365867595142,-27.963413240485806,-65.56861787570256,-1542.6688962107205
142,162,182,113.8610875281247,-70.1389124718753,-103.86849206208717,-1374.107509204579
143,163,183,104.82228649469812,-61.17771350530188,-89.4114385363273,-1062.1630593727464
144,164,184,101.02771536416162,-63.97228463583838,-96.90674738428629,-1034.9753145690056
145,165,185,98.1087507731188,-27.8912492268812,-45.56781572438604,-888.9291073210056
146,166,186,109.92056566099814,-15.079434339001864,-32.60470829000974,-932.0623469761667
147,167,187,98.17081701202733,-61.82918298797267,-83.60997529553651,-1255.7810791736215
148,168,188,101.01859201289244,-71.98140798710756,-103.70019597557211,-1142.1091140772041
149,169,189,94.52486969695133,-79.47513030304867,-112.0383580185703,-1142.4924101445617
150,170,190,112.97229287762048,-63.027707122379525,-91.38806325725545,-1253.6634307975937
151,171,191,100.4564982410011,-110.5435017589989,-145.5853913823903,-1519.1551469046922
152,172,192,98.01722236257729,-140.9827776374227,-182.34030010441074,-1861.5151712563497
153,173,193,97.10112590275298,-152.89887409724702,-202.158939200742,-1850.8049826678175
154,174,194,81.95148926275397,-139.04851073724603,-177.3361937770078,-1574.2905347384885
155,175,195,85.04372491165805,-155.95627508834195,-200.38897137056392,-1646.1689856263483
156,176,196,76.03604428133121,-150.96395571866879,-184.60023800956424,-1586.0878124429832
157,177,197,53.20570040262055,-127.79429959737945,-141.31530690214163,-1324.289720616628
158,178,198,65.95344790267154,-123.04655209732846,-141.24363567686692,-1361.9504034031447
159,179,199,47.39052388701384,-148.60947611298616,-169.94504905968324,-1358.6399150549282
160,180,200,57.40104572053269,-120.5989542794673,-134.3592311252985,-1329.7358827962207
161,181,201,67.24089087186508,-121.75910912813492,-144.11507579103295,-1485.631824041483
162,182,202,94.38658060962507,-80.61341939037493,-108.12933579819378,-1315.5344015071678
163,183,203,87.36770795541997,-107.63229204458003,-143.02608964625915,-1395.8146425608325
164,184,204,78.36993418956718,-103.63006581043282,-133.5913244048504,-1278.8628565490749
165,185,205,82.40476641216696,-92.59523358783304,-116.29884050257215,-1294.5286935335125
166,186,206,67.06214027452893,-102.93785972547107,-124.8452831368852,-1343.8479688559278
167,187,207,52.570542367860526,-114.42945763213947,-133.45698827210276,-1268.4529180592108
168,188,208,76.78670294665062,-112.21329705334938,-139.0747203898868,-1490.4561785852334
169,189,209,84.02577484177323,-115.97422515822677,-142.76699855483162,-1614.9898964213785
