Left,Mid,Right,Loss_likeli,Loss_AIC,Loss_BIC,Loss_eBIC
0,20,40,89.76369534254695,-36.23630465745305,-18.511531604095353,-763.1472457053164
1,21,41,119.87913312212913,-22.120866877870867,4.593839503932713,-789.4047873911259
2,22,42,124.54862303764617,-23.451376962353834,-0.09084637549540275,-900.6736375073674
3,23,43,154.1023939975887,-0.897606002411294,-8.643425041552291,-1090.8281845878723
4,24,44,155.50693789926322,-6.493062100736779,-5.76264077505175,-1027.7478526160935
5,25,45,149.09824690376627,0.09824690376626677,-9.967693274210887,-1366.8907976102541
6,26,46,142.81603323013405,15.816033230134053,12.544264977891089,-1129.7021772345674
7,27,47,152.7591155294399,7.759115529439896,1.2200255144043695,-1211.5101577703917
8,28,48,141.3909804186353,-4.6090195813646915,-13.915040576202728,-1210.4856726439289
9,29,49,125.10940980812643,-25.89059019187357,-43.64712777773616,-1201.2842076168913
10,30,50,154.07256455454421,6.072564554544215,-8.868590171529831,-1087.5335153916126
11,31,51,130.91306555468486,-19.086934445315137,-19.390240709185036,-1145.811156382218
12,32,52,181.66396740850337,36.66396740850337,23.09283645131609,-921.2013024036187
13,33,53,198.75818946379695,86.75325084016572,79.86713542522057,-655.1979975746494
14,34,54,226.8241248195427,114.8241248195427,99.54532736691476,-649.7395945701915
15,35,55,229.1552786350444,114.1552786350444,92.21002358485089,-568.548647089367
16,36,56,291.02323755553857,186.02323755553857,162.88621548263382,-565.0921912894178
17,37,57,353.14639157473925,189.14639157473925,142.65523695278443,-1056.1472594257648
18,38,58,353.3572768806773,198.35727688067732,166.5352412862528,-988.0129471562359
19,39,59,311.44830808264624,180.44830808264624,161.49212235758137,-952.6222794556315
20,40,60,282.90817169772686,151.90817169772686,130.5188987064421,-893.280825068683
21,41,61,335.0767729311965,204.0767729311965,194.86729251417523,-732.2117679749822
22,42,62,329.4029833912907,185.40298339129072,161.8519380657035,-833.8011232601675
23,43,63,292.5027452645934,179.5027452645934,148.76907718675284,-668.9287881804066
24,44,64,343.70861905322727,233.70861905322727,207.57665796479728,-580.3820394425579
25,45,65,344.77310104560456,228.77310104560456,186.61644074207175,-655.2506861996383
26,46,66,318.38503824055965,204.38503824055965,162.18438943974115,-621.0784953045682
27,47,67,330.02684577456716,213.02684577456716,172.36170052425518,-580.8461803368536
28,48,68,317.031964286673,207.03196428667297,168.14519528278925,-550.4013771670348
29,49,69,260.35422240215416,154.35422240215416,114.97390256447943,-540.47309910984
30,50,70,269.77688586278987,162.77688586278987,125.94194233900112,-490.58444289594695
31,51,71,239.38301577608945,133.38301577608945,96.70934144731723,-484.873725958872
32,52,72,287.2103991297654,152.2103991297654,115.30291237123083,-643.6025826655477
33,53,73,286.90614112539834,149.9012025017671,107.85057066746595,-690.9439895442988
34,54,74,278.5076084906684,145.50760849066842,105.21753137396445,-599.816387799614
35,55,75,288.07267156345824,145.07267156345824,93.14359062191079,-728.4608387855951
36,56,76,306.4017120181443,179.40171201814428,134.68973664593068,-645.4739139449441
37,57,77,316.10395476316376,199.10395476316376,152.7350015492068,-583.9865426714848
38,58,78,330.54072062235014,207.54072062235014,155.06739321277928,-614.3962252709491
39,59,79,396.5505308930817,235.5505308930817,164.05842262898477,-1036.4638252425138
40,60,80,438.6198663350294,257.6198663350294,177.90330328679238,-1200.228923947212
41,61,81,437.43719957345684,275.43719957345684,204.83351953370288,-978.8023970671954
42,62,82,439.994866659893,280.994866659893,218.13332120642644,-966.1230629699917
43,63,83,413.67491453864454,246.67491453864454,178.65926736644724,-962.4585799935887
44,64,84,410.4553055697445,249.4553055697445,182.81522756956724,-934.8504129722148
45,65,85,419.19000066931767,259.19000066931767,192.7012152156376,-1055.6996495211583
46,66,86,389.3838305049451,238.38383050494508,176.02926669197768,-925.7695213603217
47,67,87,371.43394523391885,219.43394523391885,161.58858678724278,-868.5119996913879
48,68,88,319.13205497127205,207.13205497127205,169.60735869296263,-520.471890009961
49,69,89,277.41027298417566,181.41027298417566,150.66526617599538,-378.9944277784032
50,70,90,276.9334914874082,183.93349148740822,161.95327509402227,-384.92846274856606
51,71,91,243.54555041178355,150.54555041178355,121.91834464378121,-406.86842949977586
52,72,92,243.3029168294447,130.3029168294447,109.39928106273305,-570.5736888435317
53,73,93,235.6649913225599,97.6649913225599,73.78751894626862,-665.7178278589199
54,74,94,228.99969006254992,98.99969006254992,62.177710531419734,-719.0202267735385
55,75,95,223.5990734688678,108.5990734688678,81.06991903925746,-718.2395429733751
56,76,96,207.8136244594789,94.81362445947889,76.34277746492944,-640.3503109953717
57,77,97,185.84459029168374,78.84459029168374,71.60089513742696,-584.2566652929581
58,78,98,196.28058341264205,80.28058341264205,79.19656678106571,-549.9605398789058
59,79,99,290.30348342120305,146.30348342120305,116.8927377394723,-1139.3772358296046
60,80,100,288.9940731112554,145.99407311125537,116.7346199760218,-1125.6951056556304
61,81,101,257.01037111544315,114.01037111544315,87.8700802927292,-1021.3579567967608
62,82,102,237.57261247146403,129.57261247146403,133.3342856860238,-855.489522792665
63,83,103,261.97532807125503,140.97532807125503,133.11188975036725,-788.2544195408213
64,84,104,255.99286476537895,139.99286476537895,133.53328426068356,-819.6949322837136
65,85,105,261.7546046956329,155.7546046956329,156.00655351010732,-871.0624452266497
66,86,106,265.9772272513046,156.9772272513046,152.18101225536338,-797.5454040334484
67,87,107,245.4163225062632,110.41632250626321,99.34931566672458,-954.2356051834631
68,88,108,195.71849936927083,73.71849936927083,86.52325772534368,-615.4030493952077
69,89,109,230.9934804404263,94.99348044042631,91.3379252842717,-764.1541376401128
70,90,110,186.21622323122529,54.216223231225285,46.049003326364755,-704.3687555455203
71,91,111,218.6818905746311,77.6818905746311,48.07234612653588,-857.5656189217921
72,92,112,176.9923575643179,59.9923575643179,41.59428575582206,-575.8206902921161
73,93,113,199.51491357860846,78.51491357860846,63.55916184286002,-595.8074865537567
74,94,114,202.69848609017913,78.69848609017913,59.68463882484389,-684.8934536592269
75,95,115,216.4918170795122,110.4918170795122,87.65463515111264,-540.4035223042297
76,96,116,225.5746213086852,124.57462130868521,102.61734025523356,-478.8482393721183
77,97,117,236.33690338436804,105.33690338436804,85.00217326942925,-547.5389711280077
78,98,118,221.28097831886976,83.28097831886976,65.41637838078759,-525.2862557955009
79,99,119,260.424444844655,128.424444844655,106.69686769260579,-676.1426292203796
80,100,120,249.42637665376014,138.42637665376014,126.16064900257334,-577.2936645604555
81,101,121,255.57814546838176,162.57814546838176,164.73072545653054,-492.0637045342005
82,102,122,251.8125288486026,168.8125288486026,165.08415372942045,-396.55803099852983
83,103,123,244.60002650895308,175.60002650895308,176.90622453712422,-353.7410518099841
84,104,124,218.8333842860684,135.8333842860684,130.9007219129751,-425.30418170104986
85,105,125,169.68287903011196,81.68287903011196,80.84578418845308,-465.3317428963046
86,106,126,200.03432080672155,90.03432080672155,85.2796166264211,-614.5069736183982
87,107,127,203.52697159187096,91.52697159187096,82.03837664057573,-640.0044097785535
88,108,128,228.79044622622632,104.79044622622632,99.40288203887121,-598.7443511516103
89,109,129,219.80990763037244,72.80990763037244,58.98145253710641,-742.9231162443762
90,110,130,217.94136941826469,64.94136941826469,52.69993701706153,-810.0364500778874
91,111,131,232.252166208272,78.252166208272,50.81383592660427,-1030.2286298471713
92,112,132,221.6546571268741,85.6546571268741,67.3947538222983,-862.5471620653634
93,113,133,232.0129685713962,92.01296857139619,66.30179593010075,-779.7766164275827
94,114,134,245.21681454687518,106.21681454687518,82.3328329246433,-868.7330501907927
95,115,135,222.12376101768928,82.12376101768928,61.70304103835133,-833.2968359136175
96,116,136,267.97912914802737,131.97912914802737,102.75754531323014,-818.5717318671063
97,117,137,284.86247379541123,121.86247379541123,82.30208016253277,-891.1948141929802
98,118,138,248.67004992374746,81.67004992374746,37.32884163364247,-891.6210657288334
99,119,139,210.64490971032592,95.64490971032592,76.83587943900625,-564.9561914555634
100,120,140,154.0747546383434,60.07475463834339,52.11386822900613,-342.8063915800931
101,121,141,130.62766547827505,55.62766547827505,68.3366185176651,-179.1954923805606
102,122,142,149.31206872766393,101.31206872766393,111.34474909671462,-193.59767578000083
103,123,143,178.87205591765928,129.87205591765928,135.04750086165586,-219.51080137591953
104,124,144,200.86278906816824,132.86278906816824,129.1589532264686,-401.961150626154
105,125,145,210.65370990643305,126.65370990643305,107.01366419508372,-478.41544523066614
106,126,146,195.2379443867285,111.23794438672849,104.31637654450196,-483.65610405026337
107,127,147,200.77022748582772,140.77022748582772,139.20193194007857,-252.37895617384697
108,128,148,198.18667443968275,133.7281916692191,127.16770166380252,-250.5151561721275
109,129,149,210.6727879329335,127.63784343868952,115.12941233638185,-320.1130797689889
110,130,150,229.7497387068952,131.7497387068952,111.70245000658451,-347.74649400438466
111,131,151,246.3820558545924,142.39320691640296,121.14692435750408,-495.2748082798348
112,132,152,249.83270945689128,130.51850909995164,99.57350040122083,-628.9991980717573
113,133,153,288.6439692915776,128.6439692915776,86.2542655951579,-808.4387577960943
114,134,154,300.64733383521934,152.03690927264483,108.61381020184922,-773.0588608640087
115,135,155,346.71164587308317,175.71164587308317,108.24019063806259,-975.6549445511628
116,136,156,372.78163049848854,203.78163049848854,144.9112378920936,-940.8271261160044
117,137,157,369.0518722409224,204.05187224092242,143.3803083798116,-909.7721613150716
118,138,158,377.7669481803282,206.7669481803282,139.65208630714937,-875.8252588957748
119,139,159,351.087519506038,208.36087107529443,165.06560583264104,-678.4381178662372
120,140,160,359.87807468848087,188.87807468848087,116.47969311898623,-709.3579862099743
121,141,161,336.9527005791572,171.95270057915718,124.1871224605261,-598.7307988722982
122,142,162,311.08138534749014,174.08138534749014,127.87129992481414,-511.88132195256935
123,143,163,326.3656417408863,187.3656417408863,136.09630105608312,-592.047657395598
124,144,164,339.84637386854547,201.84637386854547,144.8708375150311,-638.7599698800791
125,145,165,325.7180702732114,212.71807027321142,152.4454333719616,-570.7531732428213
126,146,166,326.2819091433041,192.28190914330412,142.46626245702123,-693.2410967064352
127,147,167,334.9107851241447,192.9107851241447,144.04404290600223,-759.1531273490389
128,148,168,317.7928923297675,183.33440955930382,137.07125971557775,-760.2743989961059
129,149,169,265.33825298822694,157.30330849398297,132.9476130259709,-521.5039971572287
130,150,170,258.5971161716584,163.5971161716584,138.05589368605933,-388.68814698275173
131,151,171,236.34459908750887,132.35575014931942,110.39663179157401,-389.27311572412236
132,152,172,229.66189899553774,123.3476986385981,99.90084509983853,-368.7427070162412
133,153,173,274.46856903517846,140.46856903517846,105.48114856177017,-516.2569227027252
134,154,174,260.57863649769797,131.96821193512346,99.97810620995665,-454.94604580748637
135,155,175,216.50151266412558,102.50151266412558,69.75373775302364,-485.6897162820269
136,156,176,215.85477097048442,101.85477097048442,88.18048423282198,-409.63779830707335
137,157,177,178.15476954893415,88.15476954893415,81.62961499788116,-241.6436888626556
138,158,178,176.90534951665813,85.90534951665813,65.72491554561657,-261.5699305243147
139,159,179,169.80732669121903,71.08067826047545,63.83437637469092,-226.09310379729095
140,160,180,197.47698514541253,83.00392489830847,64.60036297516626,-386.2202105195415
141,161,181,203.6782682553462,82.67826825534621,67.06257921246629,-510.4790684428817
142,162,182,153.1503022563163,64.15030225631631,67.88229275688082,-421.73221476969366
143,163,183,142.46926918733925,61.46926918733925,57.03003351701341,-316.36062766564237
144,164,184,148.1120649740185,77.1120649740185,74.09191490818785,-315.5264411113594
145,165,185,152.40332436038102,71.40332436038102,60.88149604552177,-435.9955299350645
146,166,186,223.18957042436705,104.18957042436705,82.83898085783449,-686.7181304797145
147,167,187,191.33848049693597,66.33848049693597,43.28320103758506,-758.3364627485039
148,168,188,149.8514341229327,55.85143412293269,42.82117415755465,-494.28045282353014
149,169,189,146.97782693955514,71.97782693955514,67.12202604075856,-398.43390001045736
150,170,190,211.25688442199612,127.25688442199612,112.56840739767199,-372.59273095848425
151,171,191,245.30061023384405,159.30061023384405,145.99787410875047,-474.46226256444584
152,172,192,241.61899818552047,146.61899818552047,129.16824453647655,-461.19844737251105
153,173,193,250.53347879339162,159.53347879339162,140.22754369509062,-351.5262254383181
154,174,194,222.0685146296753,134.0685146296753,116.30399173587648,-436.3055306725205
155,175,195,191.77650479679596,114.77650479679596,111.84798526437066,-204.86035762212396
156,176,196,178.92358484115175,104.92358484115175,122.06028781249483,-196.26874537860408
157,177,197,158.46283498469757,88.27917981025485,101.24351272185231,-185.62458636285692
158,178,198,172.05856138156582,119.05856138156582,127.28528255149217,-116.89986557821521
159,179,199,155.91711459199087,92.91711459199087,93.37677197110293,-222.07832822097612
160,180,200,167.41070828227384,95.93764803516979,100.53689332218642,-263.764732366463
161,181,201,169.76897910261982,110.76897910261982,117.94353472756484,-276.491679610288
162,182,202,167.56568978786163,106.56568978786163,111.64360061460434,-345.655936255846
163,183,203,181.95270606151348,115.95270606151348,105.95024451940412,-253.79212439317325
164,184,204,193.34523148905487,110.34523148905487,89.29733455701148,-366.47416592006834
165,185,205,208.91519548947576,107.91519548947576,89.52626596424534,-541.2177083493
166,186,206,228.14910126659288,128.14910126659288,99.6450792867015,-591.0325066727962
167,187,207,254.73383696242126,141.73383696242126,97.59506083755718,-631.4853229937858
168,188,208,222.84005025442002,124.84005025442002,112.67499495271386,-375.47304476202385
169,189,209,232.73566195079184,139.73566195079184,115.82968400932828,-439.49429171984684
