Left,Mid,Right,Loss_likeli,Loss_AIC,Loss_BIC,Loss_eBIC
0,20,40,160.49132056889925,59.491320568899255,48.71623004633966,-801.4366536487064
1,21,41,187.84429667243717,69.84429667243717,49.91233464410857,-879.6744289399685
2,22,42,190.21779626163016,73.21779626163016,57.888167359515364,-794.3170667177465
3,23,43,144.8798755113678,19.8798755113678,-1.8042815229998723,-854.3055358858301
4,24,44,158.65023885520554,29.650238855205544,-3.036296073549238,-709.0674757648444
5,25,45,154.92322110598298,31.923221105982975,4.996471720129875,-744.764713014717
6,26,46,148.31000049974773,7.31000049974773,-24.30871632194794,-796.5202455531798
7,27,47,165.24087548222064,15.240875482220645,-17.157067020172235,-1043.4333870149203
8,28,48,162.99466809076694,15.994668090766936,-13.869955230454707,-965.3530468377221
9,29,49,130.8344675828182,-15.165532417181794,-43.839142421066754,-995.7560961020954
10,30,50,104.06172053648947,-61.938279463510526,-101.26235938349532,-1223.6776106116358
11,31,51,82.28715661047295,-54.71284338952705,-78.55908457213877,-1037.7361856084472
12,32,52,82.75866481754338,-63.24133518245662,-85.67662056130189,-1150.6261708397392
13,33,53,118.26146836329553,-26.738531636704465,-52.83483396213251,-1067.3316249729137
14,34,54,122.14715990732202,-14.85284009267798,-36.2730661433302,-1163.558287548473
15,35,55,165.50160462771896,21.50160462771896,-8.602288234571688,-1191.893973383288
16,36,56,137.10507983078242,3.1050798307824152,-13.009238316459005,-1100.973259626041
17,37,57,199.461081869797,31.461081869797,-6.432715191781881,-1313.39418121261
18,38,58,189.86649255530142,35.86649255530142,8.061983721120441,-1220.5928340454047
19,39,59,140.95758466804523,-15.042415331954771,-37.60433181465032,-1408.1647076394697
20,40,60,131.73406051553184,-33.26593948446816,-59.61550401759678,-1237.4599563031848
21,41,61,155.90398992173982,-17.09601007826018,-50.20109242784429,-1467.2143338839956
22,42,62,173.5356731498673,1.535673149867307,-38.349588458819426,-1161.1055511548066
23,43,63,193.64696826567,16.64696826567001,-34.04539019362119,-991.1835580102288
24,44,64,181.9669220508922,19.966922050892208,-24.29716512758364,-886.2145945613365
25,45,65,176.56556929470798,22.565569294707984,-14.59642647703231,-915.6145312425742
26,46,66,187.53623135682324,36.53623135682324,-3.1185761142153297,-876.9854750915911
27,47,67,195.6897841960199,67.6897841960199,35.51274712796612,-704.612433223414
28,48,68,190.92246304619266,64.92246304619266,32.67684953993921,-693.6930040953926
29,49,69,205.29527637734077,76.29527637734077,48.879817503870754,-778.0312569346788
30,50,70,235.6475237653949,113.64752376539491,79.94059512043941,-818.892011519466
31,51,71,240.66397369511674,114.66397369511674,83.02368770726252,-747.259934937073
32,52,72,268.0135251683864,121.01352516838642,76.56228544346345,-806.808813993377
33,53,73,302.11566439374747,154.11566439374747,107.79574129499974,-805.3121586651878
34,54,74,299.3708855597981,142.37088555979813,90.09042738468725,-980.485633222564
35,55,75,309.7030087509911,138.7030087509911,74.36231477892306,-1143.1945205175916
36,56,76,334.50961158776477,129.50961158776477,54.345387601959374,-1150.0033089814096
37,57,77,385.6141150108185,174.61411501081852,90.50910103500519,-1302.8579312753295
38,58,78,409.3335391978351,168.33353919783508,73.55267852103293,-1482.1131560337385
39,59,79,447.04135391104774,185.04135391104774,83.86937145930733,-1679.7880781990825
40,60,80,451.8158190432109,193.81581904321092,89.82911324767701,-1550.0193372892336
41,61,81,461.7263171895827,202.7263171895827,98.01758665928287,-1505.5474819843066
42,62,82,419.7664369177519,193.7664369177519,106.97552041676545,-1269.1554396530278
43,63,83,381.4379859083881,162.4379859083881,83.41142749607684,-1102.1976718135525
44,64,84,393.9175806854655,150.9175806854655,52.67632748565393,-1387.030858007617
45,65,85,344.5371127035621,119.53711270356212,34.49371764484022,-1178.819589345187
46,66,86,310.2720529658159,99.27205296581587,13.802892135278626,-1147.1698468098052
47,67,87,243.57078297529756,80.57078297529756,27.637094867457108,-862.7243311729285
48,68,88,201.82056195671498,71.82056195671498,24.06711388243457,-736.7892647219073
49,69,89,179.78718170365414,61.78718170365414,25.29215954297206,-632.6671477247914
50,70,90,149.25660510942407,52.25660510942407,19.016050127454037,-539.1730347551902
51,71,91,140.28198832953922,34.28198832953922,15.018245449062988,-401.36026900876004
52,72,92,150.005635223813,50.00563522381299,26.181515205169035,-450.06398334798814
53,73,93,177.57944573704503,44.579445737045035,5.034367509392268,-674.0153625278672
54,74,94,209.49009116857042,60.490091168570416,14.673968145899153,-848.7105651517422
55,75,95,200.44554675747827,66.44554675747827,21.21904702671918,-844.4060956516828
56,76,96,149.3011467205706,26.301146720570614,0.6262857074780186,-751.3034672998997
57,77,97,137.87863759672905,31.87863759672905,9.060481329779577,-647.5227937360464
58,78,98,129.3226558332151,21.322655833215094,9.046950090912105,-637.0842867437991
59,79,99,115.66188932890918,3.661889328909183,-4.439220686822182,-583.5526908524453
60,80,100,110.61057190399265,1.6105719039926498,-3.952995082440566,-484.9846363476627
61,81,101,109.5296085074358,2.529608507435796,-5.520538341037309,-491.99489731054155
62,82,102,134.13494696916723,20.13494696916723,6.985308421722266,-462.7602436842867
63,83,103,127.02359737064285,13.023597370642847,1.8687948825145213,-549.1370941791665
64,84,104,188.45962458116173,57.459624581161734,31.961484624092236,-630.3166730931011
65,85,105,141.01301752185373,18.013017521853726,4.199810240903389,-650.8944182277896
66,86,106,163.94376664350557,33.94376664350557,7.3442637932930666,-809.2180891994103
67,87,107,154.3362459745324,43.3362459745324,33.95521835945078,-677.5860680735523
68,88,108,150.76290842352319,61.762908423523186,49.33759255612813,-723.070395904846
69,89,109,149.5010942568913,56.50109425689129,41.044593071548434,-661.4734941769439
70,90,110,133.83111583820573,60.83111583820573,53.05571815980238,-629.4191155525875
71,91,111,108.03173600434843,46.03173600434843,52.24061492401006,-345.35647576329575
72,92,112,121.51274263106188,56.51274263106188,46.67872710875531,-312.8658431201329
73,93,113,92.67404879647006,4.6740487964700606,-15.571167100867342,-476.9950614991885
74,94,114,107.87203559860836,3.872035598608363,-24.630221151176784,-547.6774747388135
75,95,115,116.61622151692222,32.616221516922224,11.589881444453113,-485.9144992183801
76,96,116,106.06320674298695,30.06320674298695,13.019795764733772,-555.7489147915308
77,97,117,116.21401628052104,29.214016280521037,3.9214890754808494,-527.5423763140716
78,98,118,114.70953090378089,41.70953090378089,22.88185681404957,-361.6205682774414
79,99,119,119.6167077392272,39.616707739227195,27.395606293719084,-308.68862422209395
80,100,120,121.402389960233,40.402389960232995,26.021876384376128,-315.91319101531667
81,101,121,146.6681046163999,70.66810461639989,50.00089961999197,-360.94449340214464
82,102,122,136.60338383811063,56.60338383811063,38.5538416332281,-357.8284248638329
83,103,123,151.21775599601415,84.21775599601415,65.41681562371423,-346.9837710185045
84,104,124,130.57866496264387,68.57866496264387,54.36861679735853,-245.37641843427878
85,105,125,168.11466854104856,104.39509282934932,90.96337591238557,-406.9634307775493
86,106,126,163.79331811923885,101.65264353103271,88.71879275084575,-408.4615849443999
87,107,127,151.00017475527625,93.00017475527625,80.26516613934905,-382.5375590054307
88,108,128,131.64523122601577,79.64523122601577,68.65885649565075,-431.69308379945096
89,109,129,128.43513175266958,76.43513175266958,64.06246266118478,-382.8865582798019
90,110,130,125.99196001849646,79.99196001849646,70.60648774767355,-353.61335631815405
91,111,131,160.7673173686128,114.7673173686128,102.95582996583016,-324.55434205657707
92,112,132,143.82334203758182,105.82334203758182,96.56520356425995,-197.6328754160595
93,113,133,151.76294170087567,108.22064204460207,94.99819883805276,-191.03043974177967
94,114,134,165.13488698409628,117.13488698409628,98.17588278182757,-147.89716544292037
95,115,135,153.67564148411066,98.67564148411066,77.79773482133896,-212.27168992045245
96,116,136,128.5825241575767,80.5825241575767,69.98640273130513,-252.53415916678819
97,117,137,136.68363310791506,73.68363310791506,59.767495326315384,-277.7868276809088
98,118,138,131.57784075707468,67.57784075707468,44.91319573161695,-197.7365276873095
99,119,139,153.5545392120432,87.55453921204321,70.49750997727278,-210.89646009687635
100,120,140,167.72303432727108,100.72303432727108,77.04275481340278,-241.20456265998746
101,121,141,193.47449876971496,135.47449876971496,113.18316105196891,-204.55950121385285
102,122,142,196.03184103075318,126.03184103075318,101.31901418416169,-344.9556666903677
103,123,143,214.27365883326706,123.27365883326706,86.40646913096862,-407.7023433493557
104,124,144,187.36389493497518,102.36389493497518,73.23718972101892,-645.0825613965674
105,125,145,174.8639117425896,88.14433603089083,57.369946933296205,-589.9355900046025
106,126,146,165.9644936779864,89.82381908978027,64.02809135995585,-552.1853936264881
107,127,147,165.2350820209665,85.2350820209665,53.92239940978584,-494.86596704467
108,128,148,156.14542834424856,84.14542834424856,60.30507226699092,-531.6198725557326
109,129,149,143.6069504787706,77.60695047877061,55.838140340448035,-499.45718805482215
110,130,150,161.94451481102715,80.94451481102715,49.97484466964988,-581.0656858954658
111,131,151,189.7528654652972,95.75286546529719,67.39015789577456,-580.8985701013003
112,132,152,193.80201215312468,98.80201215312468,61.16550388351379,-727.7143697138208
113,133,153,190.73081835771586,99.18851870144226,65.18766324211697,-633.1772542923193
114,134,154,224.3098699078214,128.3098699078214,86.2483603837668,-696.4391014113787
115,135,155,258.8909713124549,150.8909713124549,108.47013894307452,-772.3737191002767
116,136,156,235.3829799877426,115.3829799877426,69.63364389408753,-810.3192651622423
117,137,157,254.459539501672,114.459539501672,61.514562007683935,-856.9218443707166
118,138,158,348.3726375459296,164.3726375459296,81.42960813596164,-1146.464496610741
119,139,159,401.06810002049383,201.06810002049383,116.74411063741354,-1378.278650764285
120,140,160,434.31917199544705,225.31917199544705,142.75271200641328,-1587.5767919212503
121,141,161,417.945239336864,225.945239336864,154.6150923952789,-1478.8763401361125
122,142,162,368.9381494919676,198.93814949196758,137.52133678863652,-1147.4138169994271
123,143,163,382.284310392871,206.28431039287102,142.69431062712647,-1174.3507900976829
124,144,164,410.8624693192978,241.86246931929782,181.2900963430236,-1238.0252439971573
125,145,165,400.526318424751,237.52631842475103,184.92800337041535,-1189.094314677654
126,146,166,389.5868168668885,243.5868168668885,200.35711607124495,-1094.344051900248
127,147,167,357.031341478131,227.03134147813103,190.72777810007915,-888.9155277809446
128,148,168,336.6961698304965,205.6961698304965,167.730949655715,-989.0201170332216
129,149,169,312.22965966778156,193.22965966778156,162.40262379427668,-1062.898291902739
130,150,170,300.2255438731315,168.22554387313153,134.0454105340457,-1125.9007334019643
131,151,171,284.1806575298481,142.18065752984808,113.833953124348,-1120.059478306734
132,152,172,259.4517269843875,102.4517269843875,59.09898410181222,-1225.5941280262618
133,153,173,262.9218447473879,114.92184474738792,77.28130989350961,-1161.928637001713
134,154,174,243.32916730683928,100.32916730683928,69.3368462202061,-1142.8992991813084
135,155,175,200.43167189313453,84.43167189313453,71.38719317311961,-1049.1264170467389
136,156,176,188.17877322341815,66.17877322341815,51.879965634140945,-1087.6114229968393
137,157,177,176.29193913823815,51.29193913823815,34.046365004806376,-979.5148189183601
138,158,178,139.2735124869696,5.273512486969594,-13.959967972791446,-984.0422734374833
139,159,179,111.19131372240486,-31.808686277595143,-47.20519580162977,-1037.8941234765189
140,160,180,92.63094501416663,-67.36905498583337,-90.18956806423716,-1286.1517744872622
141,161,181,93.30145753843385,-81.69854246156615,-98.40778465462586,-1278.4917720372264
142,162,182,105.46582943317435,-63.53417056682565,-96.7272299109818,-1174.332568170994
143,163,183,99.85422195371848,-52.14577804628152,-85.88602641250804,-1127.463968434281
144,164,184,142.73274535983046,-1.26725464016954,-34.49030981498004,-936.0494082375535
145,165,185,136.38526544385786,9.385265443857861,-16.97210251978686,-959.3839376311853
146,166,186,127.15756878177899,8.157568781778991,-14.698274515286357,-966.074506623158
147,167,187,116.00195284998199,-15.99804715001801,-38.394678419585034,-1020.5301901002167
148,168,188,122.11465242508916,-11.885347574910838,-34.2379903471915,-1070.4028975671804
149,169,189,134.44324466448847,-16.556755335511525,-47.3731224330013,-1219.6732615927249
150,170,190,121.87094095104248,-31.129059048957515,-55.316539433841854,-1236.4241290075129
151,171,191,136.8924302374835,-40.107569762516505,-71.73838075640901,-1499.1213590088983
152,172,192,143.12752595935672,-37.87247404064328,-69.60700006682828,-1375.0272771434838
153,173,193,143.7305580597972,-27.269441940202796,-54.873335342593464,-1464.8642605618757
154,174,194,154.14776419942064,-23.852235800579365,-59.79322242432863,-1376.0184963569718
155,175,195,143.03225883088044,-20.967741169119563,-53.628253080386,-1163.3816683148048
156,176,196,150.09014188522679,-16.909858114773215,-50.840053136775396,-1046.0685598753457
157,177,197,155.54395063881157,-2.456049361188434,-18.109379313702448,-1214.749144981255
158,178,198,147.6322593424361,-14.3677406575639,-41.64972191232141,-1103.8073189595889
159,179,199,151.62000072619344,5.620000726193439,-22.707035687411235,-1046.2922666590925
160,180,200,107.58997327181532,-32.410026728184675,-57.05671914056734,-933.7170976656821
161,181,201,127.14228329247976,-39.85771670752024,-71.99215086204254,-1045.1854878741738
162,182,202,113.53852107068133,-58.46147892931867,-100.77275566996536,-1050.2238071925976
163,183,203,119.26673579061526,-45.73326420938474,-86.98549312455225,-937.1599510514916
164,184,204,129.87914205741959,-47.120857942580415,-91.9214653671122,-1130.0303118000234
165,185,205,119.26262826786001,-42.73737173213999,-84.2288701883765,-1043.8121470935457
166,186,206,131.8592509851287,-31.14074901487129,-68.62465693424497,-1137.8233740735886
167,187,207,123.81086225268177,-46.18913774731823,-85.42524067273098,-1248.1514689277196
168,188,208,122.19720181052526,-43.80279818947474,-79.66114220665963,-1210.8725199447244
169,189,209,140.8508441133074,-33.1491558866926,-71.25756104669358,-1220.25125871841
