Left,Mid,Right,Loss_likeli,Loss_AIC,Loss_BIC,Loss_eBIC
0,20,40,186.085445895083,97.08544589508301,81.03195337419902,-402.05323818780425
1,21,41,194.34358143086774,103.34358143086774,92.01888650433511,-364.73421763126476
2,22,42,180.41202539721053,93.41202539721053,69.39051972047673,-350.6479315871554
3,23,43,177.32300584491668,90.32300584491668,77.13291552779151,-315.6132577588837
4,24,44,183.4467188602871,91.44671886028709,69.4514034228373,-288.94650135474467
5,25,45,201.8853849829593,120.8853849829593,99.30144294099932,-292.1843624080584
6,26,46,212.18598025383426,127.18598025383426,103.92890609318806,-404.8266862955802
7,27,47,204.89569045248982,122.89569045248982,106.05917172426712,-309.53255258612035
8,28,48,192.59490256091544,116.59490256091544,98.16519722154226,-363.2147028558252
9,29,49,159.98206529278696,89.45528102536059,83.04499353646429,-254.06337568973436
10,30,50,172.533235905458,111.87146833516636,110.07329479907389,-158.84774934677876
11,31,51,181.3560657286721,120.00684465330573,113.78452319228859,-325.5893883312651
12,32,52,183.58163464769405,132.41666567990387,135.77640451828142,-105.76243466162441
13,33,53,202.40088515254115,159.6041664714037,155.36797516948695,-54.27732309517569
14,34,54,194.17087523594182,142.17087523594182,136.31554026327944,-116.4410571683527
15,35,55,217.19999430651842,161.74317717822078,149.40194691212582,-133.94613676736935
16,36,56,181.03088859469744,122.03088859469744,107.47851178182941,-117.903348375404
17,37,57,160.28158767347213,103.28158767347213,96.07111852275534,-114.8751125385877
18,38,58,160.47776158631768,101.47776158631768,91.20917877450393,-193.27845166914653
19,39,59,139.85852651100186,91.85852651100186,86.63460188725958,-220.55778731970872
20,40,60,135.1826391345612,84.18263913456121,75.62491505824687,-226.98851040753357
21,41,61,139.38528323764945,75.48557762730411,73.25101982635078,-283.58429765238634
22,42,62,138.1900268572913,78.19002685729129,66.91775969297623,-244.85363172400753
23,43,63,161.30627703050618,78.30627703050618,74.36251106251666,-217.53279493156242
24,44,64,219.75635349293134,101.75635349293134,76.51490454317059,-419.4644782422415
25,45,65,238.27523915068446,92.27523915068446,62.62722970614823,-548.392577426856
26,46,66,250.16490201910688,86.16490201910688,41.929808565971825,-742.3776861384968
27,47,67,265.7002938776461,96.70029387764612,54.61142339662047,-720.1492921337622
28,48,68,259.72225458071443,102.72225458071443,65.1963636680116,-652.4557846462544
29,49,69,258.9139843670205,114.38720009959388,75.13254967909779,-711.393710554099
30,50,70,279.8925044504995,126.23073688020781,79.25887435276604,-832.5350281601231
31,51,71,298.52430661527137,143.175085539905,88.38961330932693,-809.1136909619102
32,52,72,337.84644342248157,169.68147445469094,121.12678196090201,-830.4116857750614
33,53,73,342.85271807179765,188.0559993906602,137.69632179737437,-781.4968959524226
34,54,74,399.51658149677314,232.51658149677314,160.21226893282255,-845.9683637598655
35,55,75,418.8603046499429,239.40348752164505,177.2106091190069,-801.157922553384
36,56,76,395.843862539464,217.843862539464,151.37810278306847,-925.7263877743308
37,57,77,354.15578079567354,201.15578079567354,157.73395894712235,-783.2656612104747
38,58,78,382.11825215240196,219.11825215240196,146.64051580009914,-968.6771648599674
39,59,79,407.8567872301405,231.85678723014053,143.0340129803851,-1214.249792649316
40,60,80,404.3459650480729,212.3459650480729,111.93715608043635,-1315.924320469971
41,61,81,377.4020624614327,176.50235685108737,94.38015712185688,-1338.884114759524
42,62,82,332.0729713755561,155.0729713755561,80.35244741775523,-1107.7876601164476
43,63,83,324.16882729686927,165.16882729686927,98.0170238226533,-989.0069955406188
44,64,84,315.94946996105773,155.94946996105773,99.20806647857694,-909.2865253646664
45,65,85,307.2875180287533,138.2875180287533,105.83003844629297,-973.1923450059585
46,66,86,339.84988787584007,149.84988787584007,101.6811882137822,-1059.0079229439084
47,67,87,327.77227193142767,137.77227193142767,94.51077275747161,-1116.280579474309
48,68,88,299.69410186803384,117.69410186803384,84.44899116082865,-1038.594220958526
49,69,89,312.5609983798488,139.5609983798488,95.60276363174967,-1018.0492722677386
50,70,90,327.68931522539697,154.68931522539697,111.71986792969506,-995.7880001826888
51,71,91,322.2739477956907,128.27394779569067,75.67189726538663,-1232.5495098031015
52,72,92,295.57443602202557,74.57443602202557,27.37950510267956,-1394.098503037375
53,73,93,288.21842443581295,95.21842443581295,52.52358061824657,-1347.1010770741032
54,74,94,253.76718639527462,50.76718639527462,-0.3930423701390282,-1381.0896623423387
55,75,95,254.08662777752988,36.086627777529884,-2.1480638348889443,-1321.030341293616
56,76,96,211.23527030458308,24.235270304583082,2.1779976951333992,-1282.0839489372943
57,77,97,211.7558542028828,51.7558542028828,29.49161498389617,-1036.372567992913
58,78,98,199.20071966004048,48.20071966004048,19.473045434667938,-885.7935802356319
59,79,99,217.062593643843,59.062593643843,31.426428969480412,-1012.0516685091106
60,80,100,205.05687833084903,49.05687833084903,23.4444399655938,-957.3271456115285
61,81,101,258.0575784856626,83.05757848566259,40.66774325898132,-1121.1771489512748
62,82,102,228.5216358028763,63.52163580287629,23.32830002968558,-1047.2611901608293
63,83,103,232.47120508314447,86.47120508314447,58.562718460191945,-902.9943081178858
64,84,104,219.33367505931278,98.33367505931278,77.72791364058457,-743.2162168614232
65,85,105,250.89192558126183,130.89192558126183,117.18334935232178,-783.8128072084951
66,86,106,278.95021633966667,143.95021633966667,114.97511008742936,-880.8469437411486
67,87,107,247.56128319739855,145.56128319739855,142.38933411682478,-530.5421075290869
68,88,108,226.17015913020737,104.17015913020737,92.73584155465392,-917.3506453595573
69,89,109,226.23665310640513,134.23665310640513,137.64641834267786,-621.3489519025338
70,90,110,232.53526606640185,149.53526606640185,152.57379626974785,-537.0994156348884
71,91,111,249.87064656104735,144.87064656104735,141.11500483865893,-913.6764573798705
72,92,112,217.46378647559277,87.46378647559277,68.862198310969,-1087.582045322309
73,93,113,221.26946738780657,101.26946738780657,100.92393275423888,-939.6253000933611
74,94,114,177.73388039986457,55.733880399864574,37.96933690778815,-900.4672263167781
75,95,115,173.73309809060743,36.73309809060743,19.31476875180124,-981.6720236140254
76,96,116,176.57295178419054,73.57295178419054,78.85799935494197,-778.5933265529447
77,97,117,156.9559942702963,64.95599427029629,66.83609378534516,-652.6143917415129
78,98,118,240.330009227162,100.33000922716201,107.31816767575856,-731.3022175280289
79,99,119,251.98885220674788,121.98885220674788,106.30058820864588,-706.1161007789774
80,100,120,298.12009901324654,154.12009901324654,133.57524660868717,-746.7826315004531
81,101,121,346.78058263959906,190.78058263959906,151.7792706903615,-860.738437333338
82,102,122,328.1898052026884,154.18980520268838,122.51381854150009,-898.8672610470185
83,103,123,336.5974507287626,172.59745072876262,146.01761383111284,-813.9535893044967
84,104,124,297.2986352371013,144.29863523710128,121.16480263493804,-874.1067658928591
85,105,125,304.32121064477064,149.32121064477064,106.40381755911699,-946.6085415242164
86,106,126,324.47565328893734,164.47565328893734,109.40968472448708,-1004.5794610432004
87,107,127,299.109040230632,162.109040230632,132.00765005599442,-637.0143157632947
88,108,128,346.43554361143447,189.43554361143447,140.0361681306838,-1122.7733528594167
89,109,129,314.6300493910171,164.6300493910171,114.21028019406594,-909.1937786123276
90,110,130,294.50169511596687,130.50169511596687,86.13457446772964,-797.538944965811
91,111,131,294.4117863092165,144.4117863092165,99.39804310866793,-855.6127264418647
92,112,132,289.16099745403926,139.16099745403926,92.02803574682162,-856.5616760559665
93,113,133,252.41863393467315,101.41863393467315,76.19292067106676,-726.1006839578358
94,114,134,241.54185350075863,116.54185350075863,75.10300182043238,-618.4572142048694
95,115,135,237.5893481818298,98.58934818182979,67.58476764390116,-554.1193081014385
96,116,136,197.6366493514738,101.6366493514738,90.71074823320487,-346.58877060824943
97,117,137,214.66853951262624,110.66853951262624,96.87018485851172,-504.75626492914125
98,118,138,224.49047514283643,96.49047514283643,96.88771665207764,-498.5966534304448
99,119,139,210.63912648638416,94.63912648638416,83.33738324471278,-526.4570481973265
100,120,140,243.13800095508714,106.13800095508714,89.59929919761203,-694.2981995073064
101,121,141,246.61773786564663,106.61773786564663,81.9377270782993,-685.1831243595307
102,122,142,235.27364753393726,73.27364753393726,53.505573609184694,-718.0238663387436
103,123,143,249.00941292201833,94.00941292201833,67.09171282124771,-646.4083669379906
104,124,144,237.27401985412848,86.27401985412848,59.34116857250228,-633.0704397627605
105,125,145,250.49928022005133,104.49928022005133,62.33631353134729,-849.429297110657
106,126,146,250.7115210026634,111.7115210026634,72.80026084268115,-699.9067361779739
107,127,147,296.9199336122165,132.91993361221648,93.15616100110674,-789.7139613042841
108,128,148,290.0165335861493,159.0165335861493,105.23299814760207,-740.5344601828622
109,129,149,270.726676200381,138.726676200381,83.75212744449664,-691.4577119108474
110,130,150,275.83644633990843,143.83644633990843,99.52496795110142,-652.63472648126
111,131,151,270.93013157842825,136.93013157842825,95.70287440366428,-690.8264938500233
112,132,152,279.70249117377625,144.70249117377625,93.96780384500153,-735.9037716091636
113,133,153,278.63183059394714,135.68723904916988,96.66820365497551,-563.2309929712656
114,134,154,280.2117217586374,145.3676995876374,89.95990084817868,-622.23237724565
115,135,155,288.7576310760196,140.6940706345681,98.29341113961186,-533.4564959075456
116,136,156,273.64967667779183,146.64967667779183,95.84283800307435,-552.9258425683622
117,137,157,306.35035779118994,150.35035779118994,83.86097706783585,-755.2529374650373
118,138,158,238.00564821569742,132.00564821569742,91.38245219588634,-352.1635814096858
119,139,159,261.84860800703063,144.84860800703063,93.45251894848138,-473.2468560925995
120,140,160,277.50613014894134,156.50613014894134,102.74580675329025,-517.1739761438187
121,141,161,281.2534855846918,152.25348558469182,113.03311536932756,-468.0360491506606
122,142,162,245.05083154775184,134.05083154775184,108.89138135011217,-376.3609190746531
123,143,163,264.90986973348754,155.90986973348754,124.63064317476415,-452.72187895533943
124,144,164,255.35849077221883,155.35849077221883,126.16526007079756,-478.5923364265507
125,145,165,270.25580831615025,172.25580831615025,143.24663489406294,-474.78750553621103
126,146,166,227.3964725523681,140.3964725523681,119.51598627928115,-422.46149836401173
127,147,167,267.1959119530777,157.1959119530777,128.86773853463637,-506.3584126475016
128,148,168,223.77543419604922,147.77543419604922,115.45101664045274,-371.57855119656347
129,149,169,200.92999314983922,130.92999314983922,112.50331251490252,-265.6020947571983
130,150,170,206.84979183563587,147.84979183563587,127.4193653011805,-247.11637388015743
131,151,171,229.56993456608734,165.56993456608734,151.03030386901105,-327.9585079260503
132,152,172,220.02372328960928,155.02372328960928,129.29067198472603,-352.0201500011342
133,153,173,204.0222636196395,147.07767207486222,143.98140456307056,-237.02180331719183
134,154,174,202.68022763012186,153.83620545912208,153.89778432264916,-219.20348489656726
135,155,175,216.0963486990895,148.032788257638,147.82884893523078,-194.43785753426846
136,156,176,212.92504773642167,141.92504773642167,123.23981198532829,-301.8230030796676
137,157,177,186.0074035506084,117.00740355060839,104.22958443525181,-254.27904998815734
138,158,178,184.52539551511722,124.52539551511722,120.00471844335243,-160.61784133265996
139,159,179,210.5623257731154,149.5623257731154,135.48145017287743,-177.06964895681563
140,160,180,200.96572782938233,151.96572782938233,145.84534155074107,-145.1403140600853
141,161,181,205.6065778308307,159.6065778308307,165.40428811261813,-62.667376710396184
142,162,182,203.63498150130386,156.63498150130386,156.69312541058298,-68.26390003488291
143,163,183,176.44772251373183,128.44772251373183,125.75640535782554,-82.87295178987256
144,164,184,150.49462641784226,93.69245002786852,90.57022793349574,-225.42654447907057
145,165,185,147.44180082174057,97.44180082174057,97.29114961883624,-235.0079727371101
146,166,186,162.49105902505403,104.49105902505403,94.13885570712569,-234.33844820643253
147,167,187,181.29743984754896,123.29743984754896,116.34864798727835,-186.34319507405166
148,168,188,182.99253963689466,121.99253963689466,110.3012570685089,-199.842637363349
149,169,189,171.2512046099282,113.25120460992821,109.95185285680941,-116.14879236773277
150,170,190,202.33508768493857,127.33508768493857,106.15929242128459,-266.51353622715806
151,171,191,217.20756339743184,141.20756339743184,120.30815792839417,-268.4681339652607
152,172,192,222.47792251225064,142.47792251225064,117.58112328388938,-372.86373270009426
153,173,193,211.02211782834388,133.02211782834388,115.79809289871105,-313.3392952424051
154,174,194,211.08864136245757,144.08864136245757,125.6342745804377,-283.48730541326745
155,175,195,237.44946474759172,167.44946474759172,148.19464673580092,-237.48235423735332
156,176,196,223.56790727161206,150.56790727161206,131.89893239116964,-288.9895637452546
157,177,197,190.8130900067929,110.81309000679289,91.89440237602935,-286.31309397176597
158,178,198,181.1351913366509,108.1351913366509,98.18622436376972,-300.24656299058756
159,179,199,265.7102484135978,168.7102484135978,137.0527654796681,-453.80189138126957
160,180,200,265.27921878588086,160.27921878588086,127.31804961856778,-502.78807556946276
161,181,201,257.99502568570256,158.99502568570256,125.99523688793852,-485.3366279606398
162,182,202,265.2066113553301,166.2066113553301,133.21994020725333,-549.2322092948114
163,183,203,179.4515361072597,100.4515361072597,77.34509128753916,-394.1789020608985
164,184,204,143.5903746740414,68.78819828406768,62.18901010684135,-368.74769117342703
165,185,205,150.88780106713966,76.88780106713966,77.76302112717849,-269.7394512644439
166,186,206,167.54696771194222,97.54696771194222,85.74635099010447,-267.08870234930487
167,187,207,151.364789858902,74.36478985890199,64.91456351763031,-298.2180287422559
168,188,208,146.61157862185382,71.61157862185382,79.36975251306353,-200.6728301381395
169,189,209,139.609175437585,82.60917543758501,86.2461610501025,-208.6296400115216
