Left,Mid,Right,Loss_likeli,Loss_AIC,Loss_BIC,Loss_eBIC
0,20,40,216.94088526609767,54.940885266097666,50.84169725855645,-939.8932158097946
1,21,41,177.53153903539692,54.53153903539692,41.929011297363104,-826.454478678329
2,22,42,204.2592512106046,69.25925121060459,48.14161025294629,-1056.1989275623755
3,23,43,219.9724995293127,76.9724995293127,54.29794460939843,-1091.8278585928074
4,24,44,304.1085655993975,155.10856559939748,129.64051561843212,-888.8092966340528
5,25,45,304.4450323956587,151.4450323956587,119.60782956889602,-1081.9843649635973
6,26,46,333.45511842070005,163.45511842070005,130.69633178668187,-1185.1356102420013
7,27,47,330.6033352998986,143.60333529989862,104.31896581819387,-1244.6197276127396
8,28,48,311.16861232645215,133.16861232645215,95.81456830534648,-1202.702680029609
9,29,49,317.0889549579597,131.0889549579597,97.95560065402424,-1292.959131324847
10,30,50,223.25829954742085,71.25829954742085,44.48789554692121,-811.0936047605892
11,31,51,209.51861408750824,64.51861408750824,38.07573817180037,-933.3976209616012
12,32,52,201.09128640584095,64.09128640584095,40.93819240378912,-859.1789032008405
13,33,53,191.5142589696884,39.5142589696884,15.82464472158108,-909.2105613838885
14,34,54,198.0228281181353,76.0228281181353,67.61577156361795,-795.0404338715357
15,35,55,179.5830235238359,47.58302352383589,30.73156969874867,-707.9655833702127
16,36,56,176.4280968474718,67.4280968474718,71.96491648812435,-684.641684550455
17,37,57,149.94455397171964,45.94455397171964,49.6182501917076,-710.4399411346826
18,38,58,153.00350667059638,48.00350667059638,48.40674803156776,-720.5452632494403
19,39,59,172.20656952967897,68.20656952967897,64.9487939440678,-723.2814411123454
20,40,60,175.756389798011,62.756389798011014,56.50150085373707,-645.9906170516433
21,41,61,192.85945449170072,71.85945449170072,52.628040041061695,-772.7036837473911
22,42,62,174.454486903207,69.454486903207,51.48932797934003,-696.30821716226
23,43,63,211.13689107967707,100.13689107967707,78.4913881545881,-742.8953456510326
24,44,64,219.58917559703605,96.58917559703605,67.58298466950305,-809.8680163837207
25,45,65,267.2509074735151,140.2509074735151,106.99048297911304,-693.7854160935367
26,46,66,366.5702774417023,232.57027744170227,195.79046264720546,-873.0276826026252
27,47,67,381.92496717008817,244.92496717008817,208.6997683395948,-854.3408537916357
28,48,68,367.3416908898944,236.7356233551186,209.06430230982232,-765.1562378643057
29,49,69,357.3427338340191,235.84397509513224,222.14392021578897,-545.1203036913903
30,50,70,315.3349803279616,210.3349803279616,188.22672313224416,-463.3200445234547
31,51,71,345.41637372243827,224.16898071762284,196.7145300289544,-664.7613879260066
32,52,72,338.09568874853176,234.09568874853176,207.48752753961617,-564.1478525290852
33,53,73,323.61990998310057,216.88049303942853,187.06318210610948,-539.3031354977857
34,54,74,331.38952606578255,233.2148755208725,205.5596487357975,-438.5553130428855
35,55,75,334.3717571280313,227.56918788559278,193.2464202786341,-426.76509337779135
36,56,76,356.2891817927007,231.37008593692963,197.54454110571623,-530.641123115982
37,57,77,361.76439700285255,259.163251179491,230.07774153601054,-370.1495052316709
38,58,78,372.37964237603273,262.37964237603273,219.35721041231977,-511.01486475037314
39,59,79,392.82806371239076,251.82806371239076,193.4197700931211,-633.3315738864655
40,60,80,387.81413110016365,243.81413110016365,189.62912802045412,-617.3370335938255
41,61,81,368.54173967097586,208.54173967097586,139.57073884225565,-916.2159423869996
42,62,82,344.45315595795887,170.45315595795887,111.20271318456571,-865.7481450132857
43,63,83,324.58662692843996,164.58662692843996,97.50366702561905,-889.0036752203528
44,64,84,342.60598936852944,159.60598936852944,89.76258946196845,-1035.5805058587384
45,65,85,310.0298323450106,151.02983234501062,83.81586477918609,-867.6396797022282
46,66,86,270.48649303627485,152.48649303627485,107.84459951710687,-614.8429368346535
47,67,87,328.2954274042138,172.2954274042138,120.79070062550363,-729.3820524551099
48,68,88,339.03192200846865,192.42585447369288,153.1723407028337,-629.4635881795211
49,69,89,357.39251301456125,196.89375427567438,146.80898935502955,-724.2937699370468
50,70,90,300.65575205997993,180.65575205997993,128.68365578525732,-557.2892322126995
51,71,91,278.1105912897051,159.86319828488968,119.24404823320697,-620.4388787193834
52,72,92,271.04389656613216,146.04389656613216,99.77371996702232,-669.0036738066392
53,73,93,219.42626011880952,115.68684317513748,85.09856798450983,-551.3241662462558
54,74,94,214.60350139372554,131.4288508488155,107.31028350221845,-396.7059802602953
55,75,95,205.3008130368246,123.4982437943861,105.4804732683076,-349.0055469158042
56,76,96,197.38250084513402,99.46340498936297,83.08903010363338,-471.33429992202355
57,77,97,195.99945394404358,105.39830812068203,105.30417605242042,-339.72850039436753
58,78,98,198.1933852154309,124.19338521543091,120.18064653149577,-353.8472618678943
59,79,99,209.01485552543045,111.01485552543045,98.44052680703658,-436.3969048411559
60,80,100,195.10616314926233,78.10616314926233,69.49341888599906,-439.6819959332097
61,81,101,182.82672926465284,66.82672926465284,59.40786140711862,-499.2832152071587
62,82,102,140.64954655362226,-0.3504534463777418,-5.112241731407721,-809.9953726815679
63,83,103,149.30253740334751,7.3025374033475146,-10.995468871386947,-699.6801706922138
64,84,104,182.26420636127295,23.264206361272954,-4.13193031800256,-950.6325099074838
65,85,105,191.01691599370588,35.01691599370588,-2.794238461308396,-1017.0398193389237
66,86,106,200.5690164837681,56.56901648376811,24.500130319573373,-920.1690915936397
67,87,107,170.52432473543013,47.52432473543013,39.828494102478544,-640.1813851764914
68,88,108,203.3392940545168,66.33929405451681,56.465606634299775,-640.7740633025078
69,89,109,213.16078047989413,81.16078047989413,54.50846232618801,-784.5413678124555
70,90,110,207.01565389608595,82.01565389608595,56.721733741192566,-676.0727942403846
71,91,111,231.87646844694746,98.87646844694746,79.61890149868941,-711.6463958353861
72,92,112,220.90882447141757,97.90882447141757,71.32864867584408,-663.8154375618114
73,93,113,202.60814853575675,95.60814853575675,86.02268473745289,-511.55652947966973
74,94,114,192.80881042908368,107.80881042908368,101.18726860187644,-412.5376130043387
75,95,115,177.67184030733824,78.99059089465891,84.97281012275766,-412.9021229555383
76,96,116,160.8290623698856,63.829062369885605,50.276599091689604,-573.8624334443839
77,97,117,190.74078523432217,79.74078523432217,62.0507187777298,-570.266286895298
78,98,118,180.064159372336,72.06415937233601,56.74520913985589,-566.5822054165706
79,99,119,189.710186630723,86.710186630723,71.63919763167655,-493.0914793066927
80,100,120,275.39351030375315,148.39351030375315,118.26670781578082,-735.0418954254237
81,101,121,248.58340436730623,138.58340436730623,127.27646176791472,-529.0465680951634
82,102,122,228.586374713841,115.586374713841,86.98936552436362,-639.9259996300293
83,103,123,247.10387772055992,131.10387772055992,107.01625184447266,-609.6365536562535
84,104,124,288.0260509515524,169.0260509515524,137.99726739881226,-734.4900054391919
85,105,125,300.465599903642,175.465599903642,142.09464494555664,-788.862148478534
86,106,126,336.410946695775,201.410946695775,161.7776986047338,-803.5872044402813
87,107,127,290.3964462563447,198.3964462563447,177.09180056312448,-503.52946232864997
88,108,128,264.4687554303266,163.4687554303266,142.92197865667003,-507.90801749055345
89,109,129,203.02374442341466,114.02374442341466,104.02444368797956,-547.1514781475671
90,110,130,216.18606107098913,138.18606107098913,134.90555498349454,-557.5388926944838
91,111,131,215.78700092232634,121.78700092232634,118.48924814506631,-575.0086231498685
92,112,132,234.47394213283724,152.47394213283724,145.3411282975453,-573.2033969949507
93,113,133,236.24737681495094,148.24737681495094,138.60438241993643,-476.3707151022611
94,114,134,215.24569463946682,133.24569463946682,124.80838160037797,-404.2371062679895
95,115,135,218.24485452247086,126.56360510979152,115.89866156696189,-450.64562426240855
96,116,136,205.5416635336942,123.54166353369419,107.94145466405757,-477.6453561803014
97,117,137,183.7930208130888,109.79302081308879,96.16312145481402,-406.95974095333395
98,118,138,164.09915405135553,91.09915405135553,78.70390446558395,-426.7420146373747
99,119,139,178.1577310048408,111.1577310048408,99.28826243814069,-497.1257581481684
100,120,140,148.4335300790308,83.43353007903079,73.37929822226579,-417.2880627599152
101,121,141,151.35577519240837,87.35577519240837,74.20731631379954,-469.3484437594361
102,122,142,137.66761971944698,88.66761971944698,76.54247826804385,-172.45151905213584
103,123,143,117.35923742747104,74.35923742747104,64.97740783845984,-109.35947845720034
104,124,144,149.20242082544155,99.20242082544155,93.28005884972913,-68.9032777190198
105,125,145,197.40561303433105,152.40561303433105,139.2491627811346,-151.98020989737574
106,126,146,239.62544401393598,197.62544401393598,181.2584624575661,-46.19251468155244
107,127,147,249.29743530203496,202.29743530203496,185.95373638426463,-71.40852128064307
108,128,148,230.40611839158282,179.40611839158282,161.59506799655173,-122.03233359254932
109,129,149,248.9248045341376,172.9248045341376,144.72704217316073,-317.34779187164486
110,130,150,248.32928624410124,167.48324236066037,139.97397373407534,-390.4808533272005
111,131,151,245.02162196525342,169.02162196525342,146.12528770394692,-296.8314505846149
112,132,152,257.0294975371678,174.0294975371678,145.49281585681365,-325.101288840963
113,133,153,268.76134780473194,185.24041497057897,151.56470617444552,-317.2527437045467
114,134,154,277.33110823190054,193.33110823190054,171.92981993884246,-243.10535940481827
115,135,155,260.0205450833537,187.68748375322684,163.68279179811816,-220.12299348475312
116,136,156,261.97828503727897,178.97828503727897,149.08952540471796,-311.4140092212176
117,137,157,259.0085951347198,163.00859513471983,122.63976158241849,-368.2303481827005
118,138,158,244.19919879465624,145.19919879465624,100.4639105829358,-421.6565898616593
119,139,159,247.42934391024664,146.42934391024664,109.86965046123714,-397.8950202359133
120,140,160,248.66717842433354,147.66717842433354,100.9747917684781,-438.239717717948
121,141,161,229.54799873496836,136.54799873496836,98.09860356440413,-329.22205442495056
122,142,162,233.25867783143622,139.25867783143622,94.14259690258086,-366.2990146792497
123,143,163,242.21047548855267,138.21047548855267,96.83966886411395,-440.90769071445425
124,144,164,247.15906998230844,124.15906998230844,79.66821256915114,-516.222727584633
125,145,165,278.7421830260987,164.0350502320514,127.96809976585723,-454.6829806347753
126,146,166,224.01871578274063,139.01871578274063,108.95480855913752,-293.4857299119021
127,147,167,235.2433654208437,132.2433654208437,93.56193899972527,-417.05878945092286
128,148,168,227.85365456225054,131.85365456225054,94.76581427951578,-364.9627103849389
129,149,169,253.9033555269741,99.90335552697411,68.55500358352037,-732.4570818534453
130,150,170,217.75952629063772,79.91348240719685,64.05945222136006,-602.8837701359016
131,151,171,209.91179812803375,79.91179812803375,62.92998130895444,-484.2609479983744
132,152,172,223.77424224980587,74.77424224980587,52.324724951932694,-639.4735951159842
133,153,173,195.63319063735253,73.11225780319955,55.066908145870684,-469.3323371667334
134,154,174,231.08941067100432,102.08941067100432,84.3646611511092,-492.6939676284992
135,155,175,287.4161430568513,132.08308172672446,89.21169069310986,-911.7243594968973
136,156,176,259.623916112552,103.62391611255202,78.21248697667943,-799.0747225814757
137,157,177,201.171750719878,62.17175071987799,47.258345978730176,-592.3291765044496
138,158,178,201.95684945498374,64.95684945498374,45.39646096700562,-643.7643310904723
139,159,179,193.60578768135179,58.605787681351785,35.96369511684179,-803.9427929305693
140,160,180,225.16721886288406,85.16721886288406,58.520145500305716,-833.3100492899625
141,161,181,269.65947056623986,83.65947056623986,44.770903516006,-1136.4913580938787
142,162,182,247.9789516126773,72.97895161267729,52.704946888403356,-1181.361106886633
143,163,183,231.53667572993822,55.536675729938224,28.140755924882797,-1432.578489555418
144,164,184,224.777648417215,41.777648417215005,6.466493422100257,-1360.730742506992
145,165,185,232.7165258429966,82.0093930489495,75.14722489687529,-1198.317486921787
146,166,186,259.0553894672041,115.05538946720412,95.14758389641906,-1165.2903341977894
147,167,187,235.0003180098622,76.00031800986221,45.89580221179904,-1287.5700430694405
148,168,188,229.68049219051318,71.68049219051318,43.61738676062373,-1280.384729205848
149,169,189,267.439577730938,100.43957773093803,90.06227613526562,-1271.820040712516
150,170,190,210.2201169147304,58.2201169147304,61.843026472764905,-1019.6477833510326
151,171,191,236.7005859397541,82.70058593975409,75.1037123172091,-1039.8430342348665
152,172,192,256.165621892485,90.16562189248498,78.63813956382523,-1047.3564527792228
153,173,193,222.9840987755049,90.98409877550489,85.40573603524899,-903.7546298850398
154,174,194,216.18862822886467,72.18862822886467,74.21336761004841,-1098.251675442912
155,175,195,207.3607568822356,59.36075688223559,39.64648084545388,-1139.3274376206195
156,176,196,181.0627809724483,27.06278097244831,27.282071797255185,-956.7833027088345
157,177,197,155.2140956387675,31.214095638767503,47.86557723275655,-740.114047900533
158,178,198,143.21037693745416,5.210376937454157,14.674343174280693,-779.9818098764235
159,179,199,143.49967816987578,-0.5003218301242214,-10.849520046456519,-1050.9197629179243
160,180,200,147.415138859026,8.415138859026001,11.724686807021953,-965.897816372993
161,181,201,194.77041198711777,-2.229588012882232,-31.892511550945073,-1289.7811151164656
162,182,202,173.57412899144288,0.5741289914428762,-3.471852989516492,-1138.572554809004
163,183,203,177.72901346747085,-9.27098653252915,-34.912603714885336,-1318.3953998146662
164,184,204,221.33235290344328,31.33235290344328,-1.4959316023180236,-1244.959252610939
165,185,205,218.6118240854505,49.61182408545051,21.617368595493872,-1298.1081336227767
166,186,206,249.85469724512427,99.85469724512427,78.92700883840325,-1263.6022953577135
167,187,207,262.44126468699574,112.44126468699574,90.18087588443768,-1085.5239436975003
168,188,208,256.0363755231765,90.0363755231765,59.93067437496643,-1212.4080964178052
169,189,209,241.2965070982109,125.2965070982109,107.59437610281111,-815.9275720557011
