Left,Mid,Right,Loss,Loss_left,Loss_right,gain,glasso
0,20,40,9392.001902801758,8143.835802710987,8223.515791418791,-6975.34969132802,24.228879163345027
1,21,41,9386.585120190835,8146.290481893003,8220.143954004881,-6979.84931570705,23.671776914352904
2,22,42,9382.60129211795,8138.1876774072625,8216.607550729443,-6972.193936018755,22.465917689480193
3,23,43,9372.788024109028,8138.924104614484,8208.181875080683,-6974.317955586139,25.856793862758877
4,24,44,9365.909320233666,8148.517706724431,8192.773131708109,-6975.381518198874,20.049376845062852
5,25,45,9358.14075013197,8132.24796093369,8189.213417636425,-6963.320628438145,24.984204795572623
6,26,46,9348.766580898473,8114.425413227134,8198.145562542577,-6963.804394871238,20.691426908278572
7,27,47,9357.022620500504,8132.935070235081,8174.749601668689,-6950.6620514032675,25.234156989399708
8,28,48,9375.622328707987,8122.381108737065,8196.031746542538,-6942.790526571616,33.60476318101428
9,29,49,9377.025430949874,8135.902965375157,8198.609109560039,-6957.486643985321,36.26632419291218
10,30,50,9377.919014222656,8153.186941019884,8191.740349032648,-6967.008275829876,30.653320958090262
11,31,51,9374.856418910344,8151.132921157844,8200.392971592617,-6976.669473840118,23.570898272710565
12,32,52,9380.20610093773,8181.907706931659,8177.563407051582,-6979.2650130455095,17.403903097532748
13,33,53,9375.927365979627,8212.844007263448,8137.7563104890105,-6974.672951772831,15.245913718669271
14,34,54,9382.604439977598,8217.454311090243,8142.53177201015,-6977.381643122795,17.24738592956055
15,35,55,9372.422187868964,8216.019867430612,8124.141171329269,-6967.738850890917,14.618046343759033
16,36,56,9388.11792129976,8221.587078443243,8133.436150289689,-6966.905307433171,19.76690918427903
17,37,57,9399.268024039982,8234.718920098818,8139.971485185524,-6975.42238124436,19.901822801150956
18,38,58,9395.783850276388,8228.326102382453,8148.1994570845,-6980.7417091905645,22.98208505218554
19,39,59,9409.297671223168,8230.283051271728,8165.392572949929,-6986.3779529984895,24.23516166410127
20,40,60,9407.628015531445,8223.515791418791,8167.909492592353,-6983.797268479699,24.68332726263816
21,41,61,9408.337148320137,8220.143954004881,8182.03257442711,-6993.839380111855,19.645725472906634
22,42,62,9426.953428794328,8216.607550729443,8204.891082574122,-6994.545204509235,18.27666523433254
23,43,63,9465.411142033685,8208.181875080683,8243.948373485406,-6986.719106532404,19.37631767798439
24,44,64,9455.811304338135,8192.773131708109,8244.554355620146,-6981.516182990123,17.441843099953076
25,45,65,9479.04142991991,8189.213417636425,8267.926009526424,-6978.0979972429395,17.84173908279172
26,46,66,9485.930109751518,8198.145562542577,8276.133440074971,-6988.348892866032,14.0620576174897
27,47,67,9505.654838104465,8174.749601668689,8298.81506689981,-6967.909830464034,22.317677566541988
28,48,68,9510.97505299719,8196.031746542538,8285.303416055616,-6970.3601096009625,19.68160664125844
29,49,69,9513.226669234431,8198.609109560039,8279.90654853989,-6965.288988865497,23.598144781205065
30,50,70,9526.106440377398,8191.740349032648,8297.696193314541,-6963.330101969792,25.013322265616807
31,51,71,9520.931804031885,8200.392971592617,8287.963241230498,-6967.424408791228,24.99906205624211
32,52,72,9515.228992899329,8177.563407051582,8295.566253363531,-6957.900667515785,24.16321268046613
33,53,73,9488.70673003174,8137.7563104890105,8285.670438800636,-6934.720019257908,30.81385442183864
34,54,74,9493.533016906891,8142.53177201015,8253.312263486489,-6902.311018589746,43.556900887471784
35,55,75,9476.904674478788,8124.141171329269,8264.68366072473,-6911.920157575212,36.09820070057367
36,56,76,9491.00910549343,8133.436150289689,8261.39974106596,-6903.8267858622185,34.65776727147204
37,57,77,9481.130280279329,8139.971485185524,8219.686615188246,-6878.527820094441,18.598493472153677
38,58,78,9476.63022642152,8148.1994570845,8219.203260257967,-6890.772490920948,36.398193560452
39,59,79,9484.22812414142,8165.392572949929,8203.766536196576,-6884.930985005085,34.22695147949571
40,60,80,9521.505053162138,8167.909492592353,8205.845016306446,-6852.249455736661,47.582780236185044
41,61,81,9546.315203671353,8182.03257442711,8215.682606017945,-6851.399976773702,51.78700220382461
42,62,82,9559.395383614794,8204.891082574122,8219.729316049852,-6865.22501500918,51.166273330500644
43,63,83,9564.921768026463,8243.948373485406,8203.599879409876,-6882.626484868819,45.217455440254525
44,64,84,9559.669964405775,8244.554355620146,8203.894971396103,-6888.779362610474,43.52423564995843
45,65,85,9594.472259837485,8267.926009526424,8209.272282184242,-6882.726031873181,52.20957127558404
46,66,86,9579.143512440087,8276.133440074971,8203.880481870592,-6900.870409505476,50.51401340347729
47,67,87,9583.38888743068,8298.81506689981,8185.216243097564,-6900.642422566692,44.97840117709393
48,68,88,9556.959387582565,8285.303416055616,8190.723687637905,-6919.067716110958,37.38116679766108
49,69,89,9538.113239856473,8279.90654853989,8189.115174149312,-6930.908482832729,34.504005921887256
50,70,90,9525.223745147194,8297.696193314541,8183.219443009693,-6955.691891177043,33.24327134674786
51,71,91,9532.557143841896,8287.963241230498,8189.632588269162,-6945.038685657764,34.778261493267564
52,72,92,9541.082324696099,8295.566253363531,8201.617927300298,-6956.10185596773,32.58677091222398
53,73,93,9516.100306181124,8285.670438800636,8191.245479479305,-6960.815612098817,39.635941347649805
54,74,94,9485.795055610297,8253.312263486489,8187.436942739663,-6954.954150615855,35.966337729835686
55,75,95,9488.556046055674,8264.68366072473,8188.835228139775,-6964.962842808833,34.511755853834075
56,76,96,9471.735641523872,8261.39974106596,8175.499241501895,-6965.163341043983,29.563131630956832
57,77,97,9433.063073827787,8219.686615188246,8181.544469663569,-6968.168011024027,39.805711639525725
58,78,98,9447.039488301532,8219.203260257967,8177.1990070325855,-6949.36277898902,32.60199470057796
59,79,99,9445.011939096938,8203.766536196576,8187.936889886507,-6946.691486986147,32.71116632969506
60,80,100,9414.866241483574,8205.845016306446,8133.3831685518735,-6924.361943374744,40.99584954893453
61,81,101,9438.289145273424,8215.682606017945,8178.497472562986,-6955.890933307508,35.66790385227387
62,82,102,9421.232315731773,8219.729316049852,8170.244047427711,-6968.741047745789,25.158353184168845
63,83,103,9408.745830690128,8203.599879409876,8178.438323582466,-6973.292372302214,23.635876443298002
64,84,104,9415.65400788982,8203.894971396103,8176.442223138283,-6964.683186644566,25.8959208052529
65,85,105,9410.280654416538,8209.272282184242,8148.251749444984,-6947.243377212688,34.04369397350092
66,86,106,9409.185343684465,8203.880481870592,8148.466855742569,-6943.1619939286975,23.864183683684587
67,87,107,9390.916557036891,8185.216243097564,8177.078104370027,-6971.377790430701,18.10561800719597
68,88,108,9391.239856217086,8190.723687637905,8162.0160228094755,-6961.499854230295,18.85536674044579
69,89,109,9397.646041941429,8189.115174149312,8186.1332012080475,-6977.602333415931,14.255533765733162
70,90,110,9381.777039416138,8183.219443009693,8174.954514396681,-6976.396917990236,11.693998207975255
71,91,111,9375.210180420234,8189.632588269162,8166.241643533481,-6980.664051382408,11.935162614726323
72,92,112,9383.12875979641,8201.617927300298,8169.142544143416,-6987.631711647306,14.063298446532826
73,93,113,9371.791357690563,8191.245479479305,8157.382690183114,-6976.836811971856,16.05230427119841
74,94,114,9373.101905570624,8187.436942739663,8171.470030846827,-6985.805068015867,20.304231990905464
75,95,115,9384.17645337569,8188.835228139775,8189.9841676918,-6994.642942455885,18.047529108194794
76,96,116,9398.28815427613,8175.499241501895,8198.05447384648,-6975.265561072245,26.86064884110874
77,97,117,9397.970528103888,8181.544469663569,8191.550897706008,-6975.124839265689,25.13187837069927
78,98,118,9394.83899010261,8177.1990070325855,8191.487507861699,-6973.847524791676,26.532585326704066
79,99,119,9408.015634282723,8187.936889886507,8190.683521728717,-6970.604777332501,27.501987937987906
80,100,120,9364.659698753267,8133.3831685518735,8193.324547755927,-6962.048017554533,24.86104491848073
81,101,121,9374.92822021311,8178.497472562986,8159.9731060677,-6963.542358417577,15.506397351014584
82,102,122,9369.615939498752,8170.244047427711,8154.716961140353,-6955.3450690693135,14.775274631406319
83,103,123,9379.689964829138,8178.438323582466,8167.753225602216,-6966.501584355543,11.804271460196105
84,104,124,9371.289102542005,8176.442223138283,8164.656690292628,-6969.809810888906,3.5131916163973074
85,105,125,9338.689586820212,8148.251749444984,8150.202006156882,-6959.764168781654,12.80995302034944
86,106,126,9329.542183816466,8148.466855742569,8146.2531825707165,-6965.17785449682,22.691058154839993
87,107,127,9357.176809153287,8177.078104370027,8145.509125617484,-6965.410420834225,13.642161761480565
88,108,128,9356.009468249009,8162.0160228094755,8147.659874936746,-6953.666429497212,15.01869197643282
89,109,129,9369.076483992067,8186.1332012080475,8153.0192434408555,-6970.075960656835,13.773734644584692
90,110,130,9370.586512866414,8174.954514396681,8167.513300243959,-6971.881301774227,17.310898051545337
91,111,131,9362.873791682647,8166.241643533481,8167.0704538962445,-6970.438305747079,19.86199413418035
92,112,132,9363.204285641066,8169.142544143416,8164.591623341646,-6970.529881843995,19.138913961990966
93,113,133,9375.40594375425,8157.382690183114,8191.211671430428,-6973.188417859294,25.347674800179902
94,114,134,9371.300944634346,8171.470030846827,8170.21079236569,-6970.379878578173,17.243123810246743
95,115,135,9368.561457396074,8189.9841676918,8180.217008239851,-7001.639718535578,11.878647023785106
96,116,136,9405.861200250007,8198.05447384648,8212.878483853248,-7005.071757449719,15.807319387433836
97,117,137,9396.103809018567,8191.550897706008,8203.062849527687,-6998.509938215129,15.154735423731836
98,118,138,9425.615984138287,8191.487507861699,8241.335485083144,-7007.207008806556,22.869781146572677
99,119,139,9412.762044033336,8190.683521728717,8225.866034180264,-7003.787511875647,20.403223441127466
100,120,140,9423.118469956997,8193.324547755927,8228.964080819096,-6999.170158618024,21.513511925713374
101,121,141,9406.677290163141,8159.9731060677,8228.100536943852,-6981.396352848409,10.929294584657328
102,122,142,9412.094500238863,8154.716961140353,8238.575723251874,-6981.198184153362,11.709894164961952
103,123,143,9454.593421982623,8167.753225602216,8261.25263451081,-6974.412438130403,17.148260768725322
104,124,144,9460.903420844366,8164.656690292628,8262.837750859246,-6966.591020307507,15.441755434798779
105,125,145,9462.0626600039,8150.202006156882,8255.256928603809,-6943.396274756789,18.0997689631954
106,126,146,9477.660255279934,8146.2531825707165,8274.792691873672,-6943.385619164455,22.02516127220224
107,127,147,9488.631412882529,8145.509125617484,8265.309162821903,-6922.186875556858,24.093150212952423
108,128,148,9493.280612591894,8147.659874936746,8270.677002193699,-6925.056264538551,24.442583963477773
109,129,149,9501.58581188737,8153.0192434408555,8275.840816614014,-6927.274248167501,28.35109686731903
110,130,150,9522.405303037965,8167.513300243959,8273.62423511764,-6918.732232323633,29.592208324309922
111,131,151,9515.118222978113,8167.0704538962445,8263.331685016923,-6915.283915935053,28.013310630130036
112,132,152,9513.618116326712,8164.591623341646,8264.54292928408,-6915.516436299013,25.632581558394577
113,133,153,9519.584451476181,8191.211671430428,8207.315801518665,-6878.943021472911,38.5597134480513
114,134,154,9513.901198739422,8170.21079236569,8225.561311589801,-6881.87090521607,33.75171896643451
115,135,155,9504.36590729834,8180.217008239851,8213.220997042145,-6889.072097983655,27.957761345271138
116,136,156,9506.805106999804,8212.878483853248,8194.769875206865,-6900.843252060309,36.34859074489714
117,137,157,9499.932200438996,8203.062849527687,8174.558835339181,-6877.689484427872,46.59047451823335
118,138,158,9499.089216376902,8241.335485083144,8155.6553378354865,-6897.901606541727,42.05478576821724
119,139,159,9474.078297351458,8225.866034180264,8135.82305673088,-6887.6107935596865,32.885021562803104
120,140,160,9483.364872385599,8228.964080819096,8112.381589108601,-6857.980797542099,38.62086579820971
121,141,161,9447.298556668482,8228.100536943852,8092.414210758361,-6873.216191033731,23.36522903754212
122,142,162,9445.2321683445,8238.575723251874,8092.120117548183,-6885.463672455557,23.308724784714286
123,143,163,9399.891623390635,8261.25263451081,8051.308938342554,-6912.66994946273,0.44028043934804373
124,144,164,9405.015891177258,8262.837750859246,8064.80825960978,-6922.630119291769,1.002507736732241
125,145,165,9391.46736122302,8255.256928603809,8056.424524221774,-6920.214091602562,0.9280543151371603
126,146,166,9392.85496926102,8274.792691873672,8035.06902265697,-6917.006745269622,-11.386586183824875
127,147,167,9374.76269242883,8265.309162821903,8045.304054847968,-6935.85052524104,-20.25420822632077
128,148,168,9397.589996667171,8270.677002193699,8057.550946019587,-6930.637951546116,-16.723943615982535
129,149,169,9387.18246595019,8275.840816614014,8053.579721108537,-6942.238071772361,-19.63592858678112
130,150,170,9373.912730037908,8273.62423511764,8039.127765684775,-6938.839270764507,-22.196006079155268
131,151,171,9355.591463090272,8263.331685016923,8035.496452879995,-6943.236674806647,-25.09753431748868
132,152,172,9372.893652281055,8264.54292928408,8049.30352537527,-6940.952802378295,-20.044047058721844
133,153,173,9320.53081187595,8207.315801518665,8035.189045986888,-6921.974035629604,-20.095216648805035
134,154,174,9329.999768923008,8225.561311589801,8025.965079605351,-6921.526622272144,-8.026439676375048
135,155,175,9329.944744305185,8213.220997042145,8043.358591762677,-6926.6348444996365,-7.714666651203061
136,156,176,9279.070160363108,8194.769875206865,8028.933840602134,-6944.633555445891,-8.796945363949817
137,157,177,9246.493103979572,8174.558835339181,8031.972792721834,-6960.038524081443,-9.561651196224375
138,158,178,9218.509721123151,8155.6553378354865,8047.01501652753,-6984.160633239866,-13.360533052272785
139,159,179,9204.278240015708,8135.82305673088,8049.621005766221,-6981.165822481393,-13.487683072126856
140,160,180,9184.628479388339,8112.381589108601,8043.731804629377,-6971.484914349639,-14.770178528499855
141,161,181,9207.097086252223,8092.414210758361,8094.767270054443,-6980.084394560581,-5.0221606197883375
142,162,182,9205.476859131359,8092.120117548183,8086.325526987991,-6972.968785404815,-3.296216465593261
143,163,183,9183.57853504135,8051.308938342554,8094.321091233965,-6962.051494535168,-16.65625506351762
144,164,184,9185.510255483015,8064.80825960978,8074.884823107763,-6954.1828272345265,-16.97814997946125
145,165,185,9185.8638758554,8056.424524221774,8070.477784250847,-6941.038432617221,-18.186719776702375
146,166,186,9147.178179359973,8035.06902265697,8053.156061784931,-6941.046905081928,-23.641829266804052
147,167,187,9157.68696216313,8045.304054847968,8050.535004241763,-6938.1520969266,-24.307977964453585
148,168,188,9151.04876188824,8057.550946019587,8039.196574627174,-6945.698758758521,-26.16644511161212
149,169,189,9155.36500909237,8053.579721108537,8046.883469584924,-6945.098181601092,-27.656457366133964
150,170,190,9162.542107864387,8039.127765684775,8061.020822704508,-6937.606480524895,-24.042868360857483
151,171,191,9175.463773940837,8035.496452879995,8083.181634242763,-6943.214313181919,-25.178191452107058
152,172,192,9184.666204515423,8049.30352537527,8077.499640667998,-6942.136961527845,-16.811192035460408
153,173,193,9182.977544025844,8035.189045986888,8085.914677740694,-6938.126179701738,-21.915847534748536
154,174,194,9165.340176075377,8025.965079605351,8084.333712565394,-6944.9586160953695,-14.261275338056748
155,175,195,9193.92517247977,8043.358591762677,8091.113806925836,-6940.547226208742,-13.589467777278514
156,176,196,9189.8590662508,8028.933840602134,8096.829099717839,-6935.903874069174,-13.308995608438636
157,177,197,9206.460043899144,8031.972792721834,8114.368900335401,-6939.881649158091,-8.055002700967634
158,178,198,9201.573205741428,8047.01501652753,8094.997576615837,-6940.439387401939,-12.387350926586805
159,179,199,9203.024420836311,8049.621005766221,8085.579171071422,-6932.175756001332,-1.520584962657722
160,180,200,9185.5345370302,8043.731804629377,8068.1574385798785,-6926.354706179054,-6.99984163751742
161,181,201,9207.038684858053,8094.767270054443,8042.174662026837,-6929.903247223227,-7.42786312176122
162,182,202,9208.333487201831,8086.325526987991,8030.648850688043,-6908.640890474202,-12.314191274406767
163,183,203,9243.359540946632,8094.321091233965,8047.51247651343,-6898.474026800763,-8.220045779256907
164,184,204,9234.546510392302,8074.884823107763,8063.264624205896,-6903.6029369213575,-14.460509641378394
165,185,205,9236.00117608904,8070.477784250847,8076.160434931668,-6910.637043093475,-15.92927872576547
166,186,206,9239.862636570002,8053.156061784931,8100.157672123606,-6913.451097338535,-10.213696199851256
167,187,207,9227.388278753984,8050.535004241763,8098.500833492119,-6921.647558979897,-15.69575195627749
168,188,208,9223.865290205458,8039.196574627174,8099.541767306494,-6914.873051728211,-20.842089523956474
169,189,209,9221.082078727275,8046.883469584924,8093.591832014273,-6919.39322287192,-22.2989046143839
