Left,Mid,Right,Loss,Loss_left,Loss_right,gain,glasso
0,20,40,9414.836747031091,8206.084653059992,8184.073458250919,-6975.321364279822,20.5613330258293
1,21,41,9438.560275145017,8214.406734937389,8210.122318327672,-6985.968778120045,27.59894927214191
2,22,42,9420.767630449302,8196.338418237,8220.974881547232,-6996.5456693349315,27.328967829487283
3,23,43,9430.127542427103,8196.26990127683,8223.721786299644,-6989.864145149373,31.490665650345818
4,24,44,9433.35123405934,8199.042351272028,8219.746740152365,-6985.43785736505,33.92609716818379
5,25,45,9421.261989338263,8186.450468146726,8208.196539523298,-6973.385018331761,32.97639485539503
6,26,46,9437.686770832119,8193.908605533905,8215.399373732993,-6971.621208434779,34.63744803384361
7,27,47,9406.247746561006,8187.182458978306,8173.574850829394,-6954.509563246695,33.13602547438995
8,28,48,9401.64476915291,8177.346775258786,8181.330240475203,-6957.032246581079,29.57813328946395
9,29,49,9395.334567955455,8159.291634591849,8173.887932892303,-6937.844999528697,31.40162783183132
10,30,50,9390.3875856872,8142.295182334804,8177.475677108925,-6929.383273756528,22.196265052399212
11,31,51,9392.483051678248,8131.232476450128,8187.149392707215,-6925.898817479096,25.831336040208498
12,32,52,9370.861821504754,8119.647415036086,8197.758573126357,-6946.54416665769,14.187327621316399
13,33,53,9368.982552381112,8165.01733442705,8145.190998478687,-6941.2257805246245,29.223829167193344
14,34,54,9382.483042659627,8169.735155675762,8143.047514513618,-6930.299627529752,32.44742324059598
15,35,55,9367.799427519752,8155.96506811095,8132.36296771106,-6920.528608302258,32.70232212160545
16,36,56,9362.696528325107,8152.535517593115,8146.265610937628,-6936.104600205637,26.536414656812667
17,37,57,9369.433918489478,8151.9906394945865,8145.778838184204,-6928.335559189312,33.47489679404225
18,38,58,9369.656653194503,8175.400488877999,8130.417251062647,-6936.161086746142,30.78034694861435
19,39,59,9368.70802793288,8174.415957471008,8136.3106866029775,-6942.018616141106,26.244136501800313
20,40,60,9369.362930957072,8184.073458250919,8135.44521174759,-6950.155739041438,24.69347349642794
21,41,61,9365.950037595543,8210.122318327672,8093.330445608498,-6937.502726340626,11.531463897441427
22,42,62,9394.352189701684,8220.974881547232,8117.692039203682,-6944.314731049231,12.493045294704189
23,43,63,9430.84892779317,8223.721786299644,8145.000300128423,-6937.873158634899,30.33599939181613
24,44,64,9440.97944256621,8219.746740152365,8129.608966079465,-6908.376263665619,36.022699599331645
25,45,65,9454.512635317593,8208.196539523298,8145.220172541263,-6898.904076746969,36.046499404776114
26,46,66,9445.14335836783,8215.399373732993,8120.748071422642,-6891.004086787805,38.55259148970026
27,47,67,9414.565880321474,8173.574850829394,8136.259072419378,-6895.268042927297,32.38309431869084
28,48,68,9420.163908262964,8181.330240475203,8123.566177797102,-6884.73251000934,35.910668425637596
29,49,69,9442.983535704585,8173.887932892303,8152.034864207708,-6882.939261395426,35.11262130544765
30,50,70,9443.431536563909,8177.475677108925,8130.142622943062,-6864.186763488078,35.456152051798654
31,51,71,9439.952403200672,8187.149392707215,8104.815147358833,-6852.012136865376,44.101341015539674
32,52,72,9468.531418052751,8197.758573126357,8149.330349549976,-6878.557504623581,40.367695241812726
33,53,73,9417.873725099864,8145.190998478687,8134.24890967509,-6861.566183053914,25.597028424141627
34,54,74,9411.847543168828,8143.047514513618,8122.70148252058,-6853.90145386537,26.486572183465796
35,55,75,9398.553103710843,8132.36296771106,8115.117889497429,-6848.927753497646,26.575802852004472
36,56,76,9402.17079860615,8146.265610937628,8111.479851066882,-6855.57466339836,19.06734747560131
37,57,77,9399.90344539961,8145.778838184204,8104.474718724664,-6850.350111509259,6.7150935949794075
38,58,78,9374.40878506609,8130.417251062647,8098.7832740865315,-6854.791740083088,2.142374990911776
39,59,79,9376.255343833574,8136.3106866029775,8095.904195403835,-6855.959538173238,-14.818456305846667
40,60,80,9349.891599264161,8135.44521174759,8062.224712660822,-6847.778325144251,-0.29562088197917546
41,61,81,9311.164678758534,8093.330445608498,8077.395749472202,-6859.561516322166,-16.739894556396393
42,62,82,9310.055544842411,8117.692039203682,8063.984433905266,-6871.620928266537,-15.449301190596998
43,63,83,9294.973914878443,8145.000300128423,8041.9204378429895,-6891.946823092971,-8.225053770224804
44,64,84,9277.314502197272,8129.608966079465,8024.418513328641,-6876.712977210833,-24.213460924155697
45,65,85,9295.23615225091,8145.220172541263,8028.129327183922,-6878.113347474275,-36.59981493082705
46,66,86,9260.36164898977,8120.748071422642,8026.821951856686,-6887.2083742895575,-27.369755020784396
47,67,87,9284.77604341999,8136.259072419378,8047.8856258404185,-6899.3686548398055,-12.466446132961664
48,68,88,9302.30189077941,8123.566177797102,8068.486062484492,-6889.750349502185,-3.9399153335853043
49,69,89,9323.973941989092,8152.034864207708,8073.164410619159,-6901.225332837776,1.0368370025807963
50,70,90,9321.941067056963,8130.142622943062,8081.025363327489,-6889.226919213586,7.545421086096667
51,71,91,9307.775410472528,8104.815147358833,8099.59804720088,-6896.637784087185,6.708409191906412
52,72,92,9301.34715774165,8149.330349549976,8056.706525561784,-6904.689717370111,1.8590557959046237
53,73,93,9305.5907646955,8134.24890967509,8074.947546904408,-6903.605691883999,-1.2066094761994464
54,74,94,9301.724124279805,8122.70148252058,8087.82736981834,-6908.804728059116,-1.2374112082807187
55,75,95,9315.237079685541,8115.117889497429,8102.570717898101,-6902.451527709989,-12.592201895856306
56,76,96,9304.587218842782,8111.479851066882,8099.6576677218145,-6906.550299945913,-24.347008253192143
57,77,97,9289.12595810953,8104.474718724664,8101.935142374453,-6917.283902989588,-37.34787027523362
58,78,98,9289.23144006939,8098.7832740865315,8100.756721861964,-6910.308555879106,-26.834029524793095
59,79,99,9283.05832724311,8095.904195403835,8096.310883942104,-6909.156752102828,-17.855950215719986
60,80,100,9270.837782629276,8062.224712660822,8106.95941250028,-6898.346342531826,0.35920353198025623
61,81,101,9279.498774702104,8077.395749472202,8099.915640124247,-6897.812614894345,-1.646803343438478
62,82,102,9261.147793965145,8063.984433905266,8099.459450192369,-6902.296090132491,2.3186001180397398
63,83,103,9249.303475243487,8041.9204378429895,8110.179204373887,-6902.796166973389,0.9991137977058315
64,84,104,9256.459849479292,8024.418513328641,8144.233869897265,-6912.192533746615,-21.62046762907312
65,85,105,9256.663656654577,8028.129327183922,8140.599610351111,-6912.065280880457,-27.134658775928074
66,86,106,9259.570775551694,8026.821951856686,8156.252659657162,-6923.503835962154,-16.274323799179456
67,87,107,9269.20137612128,8047.8856258404185,8145.188773476992,-6923.873023196131,0.07056171070325945
68,88,108,9282.578586432071,8068.486062484492,8135.648047051912,-6921.555523104333,7.3621623072149305
69,89,109,9282.182049937584,8073.164410619159,8150.707126352212,-6941.689487033787,10.756157117768453
70,90,110,9294.834524759153,8081.025363327489,8156.212591389472,-6942.403429957809,15.735599104255925
71,91,111,9294.444539787717,8099.59804720088,8151.332160661232,-6956.485668074394,10.757595746496008
72,92,112,9263.096086798028,8056.706525561784,8139.112217046653,-6932.7226558104085,5.489837512899612
73,93,113,9269.118484605706,8074.947546904408,8132.790828347087,-6938.6198906457885,2.8160805416036965
74,94,114,9271.57890178034,8087.82736981834,8121.700041953962,-6937.948509991962,2.5463050086987096
75,95,115,9256.670176502012,8102.570717898101,8086.259774894808,-6932.160316290898,-7.088505265312506
76,96,116,9255.036607435304,8099.6576677218145,8077.554886490814,-6922.1759467773245,-17.07767142671355
77,97,117,9281.324557891767,8101.935142374453,8094.284416193952,-6914.895000676639,-14.254683356515216
78,98,118,9270.455332299367,8100.756721861964,8062.714034711196,-6893.0154242737935,-10.275050425610516
79,99,119,9297.770375727136,8096.310883942104,8098.627647733562,-6897.168155948531,23.06290651110703
80,100,120,9323.840916333305,8106.95941250028,8106.311665798668,-6889.4301619656435,35.953585830153315
81,101,121,9309.283622828441,8099.915640124247,8092.309128359362,-6882.941145655168,29.808665623420893
82,102,122,9333.82630491277,8099.459450192369,8130.108002412895,-6895.7411476924935,25.330430234998403
83,103,123,9334.56929481714,8110.179204373887,8132.085748885129,-6907.695658441875,27.65874560879456
84,104,124,9348.287412132882,8144.233869897265,8136.843624810106,-6932.790082574489,17.80720937763408
85,105,125,9331.424082156747,8140.599610351111,8129.275149727769,-6938.450677922132,13.57208320119571
86,106,126,9346.223105449058,8156.252659657162,8137.289325872065,-6947.318880080169,14.102341695847826
87,107,127,9321.990572049233,8145.188773476992,8123.412159993531,-6946.61036142129,-1.8325456241814209
88,108,128,9336.790286598492,8135.648047051912,8139.400169648136,-6938.257930101556,7.441240751521036
89,109,129,9327.631204878617,8150.707126352212,8097.865098372056,-6920.941019845652,2.4830538501646515
90,110,130,9321.42166021537,8156.212591389472,8090.845184696109,-6925.636115870211,0.2553445733010449
91,111,131,9318.336272478886,8151.332160661232,8097.7562984530305,-6930.752186635376,1.620598370175685
92,112,132,9312.858915154477,8139.112217046653,8097.85592895334,-6924.109230845515,-2.889071302609409
93,113,133,9302.40809666354,8132.790828347087,8104.080645223894,-6934.463376907441,-0.7454122831777568
94,114,134,9309.83368936857,8121.700041953962,8115.6302845584305,-6927.496637143822,-0.46065019156230846
95,115,135,9296.297123417056,8086.259774894808,8120.665898878311,-6910.628550356063,7.423016795312378
96,116,136,9280.35618343915,8077.554886490814,8102.129034478263,-6899.327737529928,6.913303763849854
97,117,137,9278.402823297929,8094.284416193952,8097.901829212967,-6913.783422108991,5.481612034745012
98,118,138,9310.356840907545,8062.714034711196,8140.754778798324,-6893.111972601975,16.840031370002635
99,119,139,9314.090438269744,8098.627647733562,8082.240589908089,-6866.777799371906,29.05305793414891
100,120,140,9313.39743275103,8106.311665798668,8061.115664417614,-6854.029897465254,42.44739433336008
101,121,141,9323.853564845052,8092.309128359362,8083.827906951561,-6852.283470465871,43.956853463625066
102,122,142,9378.849286705023,8130.108002412895,8122.195190496775,-6873.453906204646,37.774971549566544
103,123,143,9365.60520404475,8132.085748885129,8111.827292390709,-6878.307837231088,35.901300479232304
104,124,144,9349.907961245874,8136.843624810106,8118.920996166181,-6905.8566597304125,19.169268925273172
105,125,145,9367.711388261549,8129.275149727769,8141.535017367767,-6903.098778833988,21.854816371323523
106,126,146,9384.312999693206,8137.289325872065,8152.7445742330365,-6905.720900411896,19.602651613960006
107,127,147,9403.199114974756,8123.412159993531,8181.77292224132,-6901.985967260094,16.202491660434134
108,128,148,9391.280117045992,8139.400169648136,8125.160224480121,-6873.2802770822655,19.591151658143644
109,129,149,9352.346219643594,8097.865098372056,8127.986812307958,-6873.50569103642,3.31538240412101
110,130,150,9346.599350227872,8090.845184696109,8128.098309789708,-6872.344144257944,5.823139906295182
111,131,151,9362.63026089751,8097.7562984530305,8134.890719783756,-6870.016757339277,8.554547909061057
112,132,152,9373.99883642809,8097.85592895334,8122.237044795037,-6846.094137320286,0.35934547176111664
113,133,153,9384.38569096514,8104.080645223894,8124.306564479924,-6844.001518738678,-32.281454177336855
114,134,154,9391.949427246223,8115.6302845584305,8128.007278635862,-6851.68813594807,-35.88516949246787
115,135,155,9426.823309621097,8120.665898878311,8157.816041147424,-6851.658630404638,1.3687122445912792
116,136,156,9456.934131943977,8102.129034478263,8203.717693233264,-6848.91259576755,17.540620290685183
117,137,157,9517.212964019316,8097.901829212967,8246.206869658752,-6826.895734852402,36.511219992120914
118,138,158,9525.2308065041,8140.754778798324,8215.784906869741,-6831.308879163966,29.263798252878587
119,139,159,9468.395188696728,8082.240589908089,8195.223651216485,-6809.069052427845,25.9513224868856
120,140,160,9456.99696944697,8061.115664417614,8198.669421503102,-6802.788116473748,45.62060359127918
121,141,161,9463.87801735618,8083.827906951561,8189.857783505402,-6809.807673100782,46.373697109153454
122,142,162,9450.148032561345,8122.195190496775,8168.9350541106,-6840.98221204603,33.01686703918995
123,143,163,9512.950476234199,8111.827292390709,8226.945037243207,-6825.821853399719,52.31182977189883
124,144,164,9507.05419992544,8118.920996166181,8230.996825850701,-6842.863622091443,49.437906335154366
125,145,165,9521.931652658517,8141.535017367767,8226.628941102757,-6846.232305812007,51.238922351933525
126,146,166,9516.97987738698,8152.7445742330365,8226.341119559438,-6862.105816405494,45.40353838241481
127,147,167,9516.559460006061,8181.77292224132,8200.290036001346,-6865.503498236605,44.36331026177186
128,148,168,9465.47306316416,8125.160224480121,8196.203706716266,-6855.890868032226,39.91896800934046
129,149,169,9488.839385331388,8127.986812307958,8227.383519625597,-6866.530946602166,41.00049440295879
130,150,170,9486.716300248401,8128.098309789708,8226.42185238119,-6867.803861922497,39.74976124611976
131,151,171,9477.627872095343,8134.890719783756,8218.424226907659,-6875.687074596071,38.379387104314446
132,152,172,9477.95999690465,8122.237044795037,8225.978731559764,-6870.255779450152,31.300575161429606
133,153,173,9490.51004883907,8124.306564479924,8247.654469579096,-6881.45098521995,0.5475907586687754
134,154,174,9461.666250534388,8128.007278635862,8237.326511688196,-6903.667539789669,-5.025714360173879
135,155,175,9455.699642044348,8157.816041147424,8226.172337894055,-6928.28873699713,27.0971331253063
136,156,176,9474.00970990173,8203.717693233264,8225.895511356734,-6955.603494688268,34.039172375750695
137,157,177,9474.471817077789,8246.206869658752,8198.546848278942,-6970.281900859907,26.381860082972707
138,158,178,9456.716081776402,8215.784906869741,8210.037643827633,-6969.106468920974,12.761282753084743
139,159,179,9460.459400854283,8195.223651216485,8242.166290807429,-6976.930541169631,15.344091413265232
140,160,180,9448.16334692054,8198.669421503102,8237.025244598144,-6987.531319180707,26.002238692927676
141,161,181,9447.41109653524,8189.857783505402,8243.196514744399,-6985.643201714562,25.85161589548261
142,162,182,9444.984418594122,8168.9350541106,8250.1516456239,-6974.102281140378,26.590397909527383
143,163,183,9443.737880541461,8226.945037243207,8186.8293801525915,-6970.036536854337,30.878680100423026
144,164,184,9434.02823061796,8230.996825850701,8174.823575933497,-6971.79217116624,30.67071606566742
145,165,185,9434.866307495548,8226.628941102757,8159.656827278632,-6951.4194608858415,39.01562300076057
146,166,186,9433.860568248892,8226.341119559438,8173.295204183885,-6965.775755494433,35.07094092482248
147,167,187,9438.594904983463,8200.290036001346,8191.980907820884,-6953.6760388387665,34.262508890269146
148,168,188,9450.856780868824,8196.203706716266,8210.989519990198,-6956.336445837638,30.907920346930496
149,169,189,9469.701086174342,8227.383519625597,8210.33197022648,-6968.014403677733,34.31438729392357
150,170,190,9474.912235308362,8226.42185238119,8204.351358234859,-6955.860975307685,40.954494132660784
151,171,191,9468.511332523263,8218.424226907659,8205.730139277819,-6955.643033662214,37.70945476598581
152,172,192,9457.787127003357,8225.978731559764,8184.3697999599735,-6952.561404516382,37.99587743268421
153,173,193,9453.496110835476,8247.654469579096,8156.305046119453,-6950.463404863072,39.41367745115895
154,174,194,9457.395054560018,8237.326511688196,8165.486952168329,-6945.418409296506,31.18907887721025
155,175,195,9460.87566193226,8226.172337894055,8169.872957478935,-6935.169633440732,39.30080080677362
156,176,196,9448.396244388352,8225.895511356734,8145.71924377065,-6923.2185107390305,14.030158627112996
157,177,197,9418.361438945543,8198.546848278942,8118.98663343421,-6899.172042767608,4.749462013956418
158,178,198,9418.987942699252,8210.037643827633,8089.9932704310195,-6881.0429715594,8.279766443636618
159,179,199,9419.68693833266,8242.166290807429,8056.349754924558,-6878.829107399328,-3.2548775118293634
160,180,200,9421.96131579797,8237.025244598144,8088.671890989104,-6903.735819789279,26.590516685442708
161,181,201,9438.064283377094,8243.196514744399,8127.859897941906,-6932.99212930921,36.73196507736611
162,182,202,9443.249490573613,8250.1516456239,8146.952595488777,-6953.854750539063,31.4336784721213
163,183,203,9394.038035954956,8186.8293801525915,8167.539975884884,-6960.33132008252,24.626372064551106
164,184,204,9394.291644910667,8174.823575933497,8172.069484060377,-6952.601415083207,27.89492712860101
165,185,205,9400.711383382662,8159.656827278632,8185.87146580379,-6944.816909699759,30.54018471724885
166,186,206,9394.423852364982,8173.295204183885,8177.382555119297,-6956.2539069382,23.87892098993916
167,187,207,9396.212179170381,8191.980907820884,8166.324917354168,-6962.0936460046705,21.980617598424033
168,188,208,9394.33149101094,8210.989519990198,8149.279042420394,-6965.937071399652,10.115913138502037
169,189,209,9361.615252391137,8210.33197022648,8102.699374505505,-6951.416092340849,9.610121174891901
