Left,Mid,Right,Loss,Loss_left,Loss_right,gain,glasso
0,20,40,9345.380475543698,8157.946597412019,8153.642154293964,-6966.208276162286,24.49045245395564
1,21,41,9348.029873013444,8163.737528493104,8155.376069709548,-6971.083725189208,23.967956167824013
2,22,42,9358.582683104978,8170.940633060543,8159.0821208853595,-6971.440070840925,25.189163728487983
3,23,43,9346.111422408325,8174.5417672070525,8138.29445277362,-6966.724797572348,15.565604150624495
4,24,44,9341.8341384795,8163.133947803895,8142.520426642026,-6963.820235966421,17.964150540667106
5,25,45,9347.332259042005,8172.575064859202,8149.12625569071,-6974.369061507909,17.970254540183305
6,26,46,9374.763511873847,8181.406335164564,8185.947686491858,-6992.590509782574,16.37249895706509
7,27,47,9383.154276124935,8184.183017950345,8191.561916847213,-6992.590658672623,15.721316037984707
8,28,48,9393.851496433777,8192.993747302775,8184.005168700141,-6983.147419569139,19.053928034850287
9,29,49,9402.516831347926,8194.139885727227,8157.51429431677,-6949.137348696071,35.01303201553446
10,30,50,9396.889489385589,8192.672738184452,8163.874793665972,-6959.658042464836,36.75638296435909
11,31,51,9382.891359551828,8183.140546538165,8153.049138904473,-6953.29832589081,34.260644766535734
12,32,52,9395.198414255708,8195.939376740016,8165.457187946193,-6966.1981504305,31.3965641138916
13,33,53,9409.12566313505,8204.46663557652,8173.172040884141,-6968.513013325612,30.667400092566368
14,34,54,9399.703195152255,8169.810317937423,8183.817261279249,-6953.924384064416,5.82424155671697
15,35,55,9379.301369769875,8128.260829453315,8186.110782837652,-6935.070242521091,-6.795467198850929
16,36,56,9380.64048209512,8125.152056061978,8196.212147582375,-6940.723721549233,25.54295663479752
17,37,57,9380.283509983632,8129.793087069242,8162.188566461409,-6911.698143547019,29.202584379431755
18,38,58,9383.642322378655,8132.516535190989,8178.693053624745,-6927.5672664370795,29.0301228973467
19,39,59,9398.45223581012,8134.0059921615075,8190.648724239577,-6926.202480590964,28.27840825598878
20,40,60,9394.096651888987,8153.642154293964,8172.417765086518,-6931.963267491494,26.727811079547337
21,41,61,9417.478143129358,8155.376069709548,8194.96451712135,-6932.8624437015405,26.52023022478943
22,42,62,9423.77663028968,8159.0821208853595,8212.194350961716,-6947.4998415573955,25.721652311610796
23,43,63,9408.702917021947,8138.29445277362,8210.278273401584,-6939.869809153257,19.07227614373778
24,44,64,9415.243786151814,8142.520426642026,8203.183690676065,-6930.460331166278,25.40060319169379
25,45,65,9428.866764812234,8149.12625569071,8209.952075737701,-6930.211566616179,28.690822369331727
26,46,66,9449.874546079242,8185.947686491858,8205.337648103292,-6941.41078851591,23.46349721504066
27,47,67,9458.21998912302,8191.561916847213,8210.904767402686,-6944.24669512688,22.288600754128765
28,48,68,9470.85733911242,8184.005168700141,8227.702792867982,-6940.850622455702,22.9505359129339
29,49,69,9442.880483542334,8157.51429431677,8194.851661910823,-6909.485472685259,23.23318175340637
30,50,70,9466.492894660985,8163.874793665972,8206.929820637957,-6904.311719642943,25.312949440487955
31,51,71,9438.965076458595,8153.049138904473,8195.43809337615,-6909.522155822027,24.07315775946836
32,52,72,9430.628538379651,8165.457187946193,8175.167718582812,-6909.996368149354,17.019978347791948
33,53,73,9415.03736225327,8173.172040884141,8168.627702164945,-6926.762380795817,16.35638835470263
34,54,74,9389.488396953348,8183.817261279249,8129.96496124497,-6924.293825570872,43.53816255703532
35,55,75,9405.26098489899,8186.110782837652,8136.306860499657,-6917.156658438318,42.038308220987346
36,56,76,9418.87239518117,8196.212147582375,8146.718074360853,-6924.0578267620585,27.002295223084275
37,57,77,9378.081521955113,8162.188566461409,8138.890421052766,-6922.997465559061,9.650349907253712
38,58,78,9371.257630027714,8178.693053624745,8115.418044660804,-6922.853468257836,17.53471498179988
39,59,79,9380.439391434864,8190.648724239577,8106.049126715831,-6916.258459520544,22.02852457678773
40,60,80,9394.84239617375,8172.417765086518,8125.62433820919,-6903.1997071219575,18.068715494483058
41,61,81,9414.225780157989,8194.96451712135,8137.122258201848,-6917.860995165209,29.17735273939661
42,62,82,9414.242948614583,8212.194350961716,8128.964377792367,-6926.9157801394995,17.988957632823258
43,63,83,9436.087680471825,8210.278273401584,8151.4036213868585,-6925.594214316618,23.216924128234496
44,64,84,9435.1661704182,8203.183690676065,8161.778660594955,-6929.79618085282,21.158885347195792
45,65,85,9451.900930946282,8209.952075737701,8167.487489212681,-6925.5386340041005,23.14204231070744
46,66,86,9438.346905656554,8205.337648103292,8164.877066794642,-6931.867809241381,14.75052870572199
47,67,87,9431.502610266309,8210.904767402686,8146.681134257087,-6926.083291393465,12.212175395329268
48,68,88,9433.810239097387,8227.702792867982,8120.108477073126,-6914.0010308437195,11.532554991600591
49,69,89,9409.886239951542,8194.851661910823,8154.076075668504,-6939.041497627786,1.5898872569696323
50,70,90,9420.590865565795,8206.929820637957,8164.383681670701,-6950.722636742863,0.4985573175299578
51,71,91,9453.311059852567,8195.43809337615,8207.846472008692,-6949.973505532274,10.191228541964847
52,72,92,9436.428118213214,8175.167718582812,8219.58521460191,-6958.324814971507,10.892335860010462
53,73,93,9438.090954310603,8168.627702164945,8225.212812757396,-6955.749560611737,15.042038307200983
54,74,94,9417.215404209986,8129.96496124497,8225.235469378908,-6937.985026413891,-7.729735575663653
55,75,95,9434.005823083695,8136.306860499657,8230.599385594449,-6932.900423010411,4.751960251213859
56,76,96,9418.73346063478,8146.718074360853,8219.422027473725,-6947.406641199799,19.939969203379405
57,77,97,9414.46578662523,8138.890421052766,8225.53679749104,-6949.961431918577,18.629244020974966
58,78,98,9388.946859870415,8115.418044660804,8222.631021068415,-6949.102205858804,12.018762839976262
59,79,99,9377.290830875922,8106.049126715831,8212.580493403362,-6941.338789243273,10.104100202438985
60,80,100,9369.519196313322,8125.62433820919,8197.56334717503,-6953.668489070897,11.4463419386866
61,81,101,9359.457886006223,8137.122258201848,8179.790377403092,-6957.454749598717,14.212708244222085
62,82,102,9358.148327104092,8128.964377792367,8193.401705756696,-6964.21775644497,13.589837200099737
63,83,103,9392.622450642279,8151.4036213868585,8206.573418709591,-6965.354589454171,20.384583394709807
64,84,104,9404.22109459321,8161.778660594955,8197.335410318934,-6954.89297632068,24.978259216157767
65,85,105,9416.928353178948,8167.487489212681,8205.327139065672,-6955.886275099405,28.211023658847807
66,86,106,9397.24467175212,8164.877066794642,8202.213333546308,-6969.845728588829,22.470065092150435
67,87,107,9382.188194134536,8146.681134257087,8203.315606099473,-6967.808546222024,28.714691110159947
68,88,108,9350.945023429802,8120.108477073126,8196.955987388807,-6966.1194410321295,24.72822666091497
69,89,109,9388.855209418085,8154.076075668504,8197.391373944349,-6962.612240194769,25.481527416663994
70,90,110,9386.110605436777,8164.383681670701,8190.298872620535,-6968.571948854458,27.894262120570602
71,91,111,9402.11113637797,8207.846472008692,8175.279709513164,-6981.015045143888,22.013537225763685
72,92,112,9399.858081073186,8219.58521460191,8157.694126728414,-6977.421260257137,21.08949500861536
73,93,113,9391.652592640461,8225.212812757396,8143.095851905266,-6976.6560720222005,20.42459974920257
74,94,114,9393.694649481291,8225.235469378908,8141.956329377127,-6973.497149274743,25.210465437683524
75,95,115,9394.634376044018,8230.599385594449,8134.963293793226,-6970.928303343657,26.482461540940676
76,96,116,9401.774234992175,8219.422027473725,8145.2164333187775,-6962.864225800327,29.780775087707298
77,97,117,9400.620848193572,8225.53679749104,8148.286765368626,-6973.202714666095,26.21719488945655
78,98,118,9394.88694094339,8222.631021068415,8146.4117183913595,-6974.155798516385,27.55527131520921
79,99,119,9382.01679779963,8212.580493403362,8149.609787302279,-6980.1734829060115,23.72126676330072
80,100,120,9383.451822741805,8197.56334717503,8165.710692164484,-6979.8222165977095,23.115539015830564
81,101,121,9381.35943980062,8179.790377403092,8168.644627145196,-6967.075564747667,24.37783349608935
82,102,122,9371.43713369914,8193.401705756696,8158.640959888909,-6980.605531946463,21.506461369793215
83,103,123,9370.24159333732,8206.573418709591,8145.601424307319,-6981.9332496795905,23.635087868658047
84,104,124,9361.608772778576,8197.335410318934,8143.196991742922,-6978.923629283281,25.31842008176818
85,105,125,9363.022633007595,8205.327139065672,8126.155521794368,-6968.460027852445,24.809897527265548
86,106,126,9362.123958705759,8202.213333546308,8122.830970352187,-6962.920345192737,16.310150951535434
87,107,127,9362.137162550025,8203.315606099473,8122.892392218468,-6964.070835767916,29.552926417668004
88,108,128,9348.442449244398,8196.955987388807,8127.8698902298165,-6976.383428374225,25.11566670462662
89,109,129,9345.780006279743,8197.391373944349,8115.59153224827,-6967.202899912874,27.425121546865284
90,110,130,9336.4072040436,8190.298872620535,8110.133676591305,-6964.02534516824,28.88401569821235
91,111,131,9327.082420077946,8175.279709513164,8119.44676014153,-6967.644049576747,18.436961719131432
92,112,132,9323.2766682584,8157.694126728414,8131.8347045368155,-6966.2521630068295,7.822630157884305
93,113,133,9320.392107085649,8143.095851905266,8133.4123707910985,-6956.1161156107155,12.618263158461104
94,114,134,9316.266970431516,8141.956329377127,8134.178383974053,-6959.867742919665,14.737081260786908
95,115,135,9314.751071319912,8134.963293793226,8139.371352636967,-6959.58357511028,14.478464397588596
96,116,136,9309.537416724757,8145.2164333187775,8112.109817600074,-6947.788834194094,19.81767641914803
97,117,137,9331.103661434692,8148.286765368626,8120.408514786827,-6937.591618720762,23.838931997392137
98,118,138,9329.258911172457,8146.4117183913595,8123.582868306007,-6940.735675524909,23.466076239451013
99,119,139,9340.885958127705,8149.609787302279,8146.910310755547,-6955.634139930122,21.62507298136279
100,120,140,9339.753070005167,8165.710692164484,8115.581948117186,-6941.539570276504,22.01204422488263
101,121,141,9350.523779204594,8168.644627145196,8116.3251588890325,-6934.446006829634,24.562616461219477
102,122,142,9348.98805195327,8158.640959888909,8110.831629036404,-6920.484536972042,19.49179612796388
103,123,143,9334.362654418475,8145.601424307319,8125.444753606478,-6936.683523495321,7.584233635942837
104,124,144,9350.102420148582,8143.196991742922,8136.916319080757,-6930.0108906750975,5.873737397352215
105,125,145,9328.063839930932,8126.155521794368,8128.549463902625,-6926.6411457660615,3.835412575990631
106,126,146,9324.994974700983,8122.830970352187,8122.458604844067,-6920.29460049527,21.10519236225082
107,127,147,9351.61411643395,8122.892392218468,8139.251383159599,-6910.529658944117,6.5418808347831146
108,128,148,9362.312531374235,8127.8698902298165,8144.970865345023,-6910.528224200605,14.281972806425529
109,129,149,9349.6045182321,8115.59153224827,8144.436930132396,-6910.423944148566,6.37171443676425
110,130,150,9346.250076933151,8110.133676591305,8154.870213980315,-6918.75381363847,4.424105881395008
111,131,151,9345.535132300298,8119.44676014153,8148.322308447223,-6922.233936288456,-1.99069404394686
112,132,152,9364.998056348719,8131.8347045368155,8152.313721024481,-6919.150369212577,2.9948639528092826
113,133,153,9353.30322039123,8133.4123707910985,8151.362643135883,-6931.471793535751,1.4504420453863531
114,134,154,9352.334646318772,8134.178383974053,8139.929088246654,-6921.772825901935,-6.816012683492318
115,135,155,9338.641141234475,8139.371352636967,8131.477130476773,-6932.207341879264,-11.196884138693349
116,136,156,9315.562594688792,8112.109817600074,8132.806700831337,-6929.353923742619,-16.253430064820805
117,137,157,9333.174268413306,8120.408514786827,8131.831414942454,-6919.065661315975,-15.11348736877244
118,138,158,9326.17173841138,8123.582868306007,8124.87578656262,-6922.286916457248,-17.444660417968407
119,139,159,9299.738291994949,8146.910310755547,8081.538413834425,-6928.710432595024,-12.106423768547756
120,140,160,9305.701270645044,8115.581948117186,8110.078099962888,-6919.958777435029,-10.162384667150036
121,141,161,9312.573381847944,8116.3251588890325,8115.201746751784,-6918.953523792874,-4.127936062640401
122,142,162,9311.949010716995,8110.831629036404,8109.472022015489,-6908.354640334897,-2.827495869620634
123,143,163,9333.239389533031,8125.444753606478,8126.0977330631795,-6918.303097136626,1.8814212899583254
124,144,164,9344.28373910451,8136.916319080757,8119.583358115291,-6912.215938091536,8.421142171642714
125,145,165,9344.805128988612,8128.549463902625,8135.16048188383,-6918.904816797842,4.431724150634182
126,146,166,9324.243266518984,8122.458604844067,8114.11741916233,-6912.332757487413,6.392799526734052
127,147,167,9335.839924290138,8139.251383159599,8105.456434154372,-6908.867893023833,12.580252466374077
128,148,168,9327.19737846519,8144.970865345023,8101.983165105549,-6919.756651985383,13.292994299681595
129,149,169,9324.398160448625,8144.436930132396,8098.153818197179,-6918.192587880949,10.669992594785526
130,150,170,9328.07375814531,8154.870213980315,8100.849120471676,-6927.645576306681,14.11850430611321
131,151,171,9306.225311172337,8148.322308447223,8100.924106812035,-6943.021104086922,3.9387458105256883
132,152,172,9312.449370386217,8152.313721024481,8097.247061635495,-6937.11141227376,11.930768812977021
133,153,173,9340.925088002927,8151.362643135883,8113.767452728806,-6924.205007861763,23.07039039873871
134,154,174,9318.97680576908,8139.929088246654,8108.409638275395,-6929.361920752968,22.786893732100907
135,155,175,9318.195564218202,8131.477130476773,8120.302187468042,-6933.5837537266125,21.810557662360225
136,156,176,9315.52317133603,8132.806700831337,8119.00478002537,-6936.288309520678,26.664987403005398
137,157,177,9303.80423714891,8131.831414942454,8126.719128525279,-6954.7463063188225,19.497310368416493
138,158,178,9300.122110685114,8124.87578656262,8127.047831531599,-6951.801507409105,15.99857865465765
139,159,179,9290.700595047729,8081.538413834425,8146.46183251898,-6937.299651305677,12.068518005716669
140,160,180,9297.201621620881,8110.078099962888,8134.138605228794,-6947.015083570801,17.04181894873045
141,161,181,9282.638600190505,8115.201746751784,8130.249557029538,-6962.812703590818,13.091705785589511
142,162,182,9278.87118413923,8109.472022015489,8140.077525392118,-6970.678363268376,7.246174062880527
143,163,183,9275.02596970628,8126.0977330631795,8113.295726748076,-6964.367490104976,7.6598708656083545
144,164,184,9259.907651421863,8119.583358115291,8116.52114913759,-6976.196855831018,2.599702263929885
145,165,185,9255.166293227177,8135.16048188383,8104.88354340681,-6984.877732063462,-0.21913969812567302
146,166,186,9249.717751724189,8114.11741916233,8108.615964876715,-6973.015632314857,-1.5138634541267493
147,167,187,9254.298695416344,8105.456434154372,8121.7302396962,-6972.887978434228,7.102001749338342
148,168,188,9264.351930453588,8101.983165105549,8135.736384517049,-6973.36761916901,3.5421143025864694
149,169,189,9275.332118698716,8098.153818197179,8137.515283082429,-6960.336982580891,20.03206485468081
150,170,190,9281.245130180947,8100.849120471676,8145.238385074022,-6964.842375364749,21.37080063959229
151,171,191,9288.265849463125,8100.924106812035,8158.639112581492,-6971.297369930402,22.38038293632235
152,172,192,9292.407494100033,8097.247061635495,8164.144182865799,-6968.983750401261,19.90181115495261
153,173,193,9300.467777959064,8113.767452728806,8142.116188488707,-6955.4158632584495,21.47784992893139
154,174,194,9311.408216664004,8108.409638275395,8146.602398207353,-6943.603819818745,19.571534686377618
155,175,195,9334.602196940763,8120.302187468042,8144.46644762921,-6930.166438156488,26.395036847497977
156,176,196,9344.453630292675,8119.00478002537,8167.241015125264,-6941.792164857958,31.571452276704804
157,177,197,9345.566833591625,8126.719128525279,8170.767784159105,-6951.920079092759,23.760323858079573
158,178,198,9355.159787010074,8127.047831531599,8177.357488970214,-6949.2455334917395,25.61056936795194
159,179,199,9370.546330058129,8146.46183251898,8176.04365323154,-6951.9591556923915,27.637033272508233
160,180,200,9362.963926618444,8134.138605228794,8190.532767886096,-6961.707446496446,25.482686242107775
161,181,201,9361.103233800943,8130.249557029538,8200.96280830433,-6970.109131532925,29.39082371050108
162,182,202,9374.921534787249,8140.077525392118,8206.275956209462,-6971.431946814331,25.364030895720134
163,183,203,9354.727745203745,8113.295726748076,8210.595944707817,-6969.163926252148,26.125455566404526
164,184,204,9385.430905739016,8116.52114913759,8227.53096058755,-6958.621203986124,34.984001187870035
165,185,205,9381.518348128624,8104.88354340681,8234.321163786002,-6957.686359064188,32.75262493645096
166,186,206,9407.140759842197,8108.615964876715,8242.857173156357,-6944.332378190875,40.55264791748323
167,187,207,9401.850365831204,8121.7302396962,8229.352541486525,-6949.232415351522,44.798560678452304
168,188,208,9405.604346185179,8135.736384517049,8230.329755466819,-6960.4617937986895,37.55580004135754
169,189,209,9404.174586654135,8137.515283082429,8212.28562598716,-6945.626322415454,45.986565249595515
