Left,Mid,Right,Loss_likeli,Loss_AIC,Loss_BIC,Loss_eBIC
0,20,40,210.52172955148194,102.52172955148194,95.24241348600776,-602.3434084549358
1,21,41,222.3953274181706,112.39532741817061,102.36370308291498,-498.70239202648145
2,22,42,216.91300408806842,104.8319686749062,102.78330890478992,-619.7462880333342
3,23,43,174.34447476475088,87.34447476475088,98.08187735625211,-387.3479111103079
4,24,44,191.98280967524806,101.98280967524806,103.28057708127744,-603.4767705387994
5,25,45,175.96496525107386,80.96496525107386,71.28323761924321,-391.82156158196403
6,26,46,160.71618962449975,96.71618962449975,115.04481533833109,-178.5368196112331
7,27,47,131.54083804576317,41.54083804576317,43.577669632431935,-297.010466016362
8,28,48,108.00343396297899,-1.9965660370210117,-9.901761345741534,-441.12331554563525
9,29,49,92.83857867808206,-19.161421321917942,-33.10441945864636,-653.3751226599375
10,30,50,108.18184069085191,-14.818159309148086,-1.9694933171397224,-569.3044405199671
11,31,51,133.99948533873658,23.999485338736577,18.101638413421142,-736.5036159126948
12,32,52,151.99576352774852,23.995763527748522,0.12486090248989967,-872.4325498667522
13,33,53,153.840569346733,29.84056934673299,17.092982603034443,-707.4971949511682
14,34,54,138.11084978301415,10.110849783014146,-2.9842055061826613,-682.0052692134118
15,35,55,194.2448471823559,61.2448471823559,32.39292967240044,-610.9170939110641
16,36,56,243.89902489132828,101.89902489132828,72.57784334229723,-741.9096920955858
17,37,57,240.71489574794714,110.71489574794714,88.1633152668403,-842.3450069541595
18,38,58,252.4584905001766,113.4584905001766,88.97483984061319,-703.3667377697143
19,39,59,237.6818063194005,142.6818063194005,138.2683352263864,-291.66247264525555
20,40,60,271.4118345884874,181.4118345884874,177.36081443240778,-326.745007551071
21,41,61,255.59681439598012,167.59681439598012,159.90774161302556,-252.6622542693567
22,42,62,217.45227427206055,132.3712388588981,133.5075802048466,-233.04710212900454
23,43,63,202.69804261958348,143.69804261958348,144.14380854261753,-146.2503863823722
24,44,64,208.29156358987757,152.29156358987757,153.88124731288644,-106.33936801473146
25,45,65,289.65661525035944,226.65661525035944,215.2543379857202,-80.80941629977815
26,46,66,298.02692633553465,233.02692633553465,223.88936027437308,-111.36872371653067
27,47,67,265.8539032648582,185.85390326485822,175.43582049246993,-224.46011588114607
28,48,68,318.08726178892266,180.08726178892266,129.06048274169234,-730.8364860571469
29,49,69,321.48852241700183,180.48852241700183,128.72341293080171,-762.3844792382256
30,50,70,325.20627680646703,173.20627680646703,133.67122026755214,-666.232061002213
31,51,71,329.75862046302973,158.75862046302973,103.62693740250893,-835.6587778757212
32,52,72,343.8737665540018,173.8737665540018,102.19844262617062,-911.5795959146585
33,53,73,337.1709122650518,162.1709122650518,98.64800195551311,-807.7590452710256
34,54,74,326.764033441485,138.76403344148503,83.12749323499838,-901.2086650004048
35,55,75,325.8381668177424,153.0254434973849,100.81661875928648,-797.4010899989494
36,56,76,332.2552328366719,153.2552328366719,90.92888771480489,-915.8291897062945
37,57,77,360.4432815430664,173.4432815430664,93.40441156096585,-1172.365368739673
38,58,78,323.17699868306545,163.17699868306545,117.57189977046392,-672.1477631156713
39,59,79,346.6480020105778,180.64800201057778,117.80524807309916,-883.564325034462
40,60,80,365.6208559505253,195.6208559505253,138.79736777592757,-823.8739564479456
41,61,81,377.7627011941886,202.7627011941886,148.03559350227715,-879.5064186073637
42,62,82,370.07008387654514,194.07008387654514,135.5353431227254,-906.2014011538374
43,63,83,380.71715925517196,211.71715925517196,148.44197280985395,-853.4562655743207
44,64,84,374.81764634324054,215.81764634324054,163.72119498419352,-784.2222333275938
45,65,85,382.3591506778755,233.3591506778755,186.54251859757233,-745.0618643601906
46,66,86,339.7639382757179,199.76393827571792,148.05848144018614,-580.5799262235994
47,67,87,296.273012934917,171.273012934917,129.94382102842837,-461.47760092035105
48,68,88,369.3664516603849,272.3664516603849,231.35148178889585,-425.91967230915975
49,69,89,380.38174501800086,276.38174501800086,231.9473277035902,-475.2943615938359
50,70,90,321.04605730889534,229.04605730889534,203.79105241092884,-340.0095392016267
51,71,91,348.54917589925003,245.54917589925003,214.22120413076777,-456.1573341001001
52,72,92,311.73589209480065,212.73589209480065,172.7315227056788,-364.7681158458006
53,73,93,313.6990656801854,208.6990656801854,175.1028884579664,-408.00312049695776
54,74,94,278.5349086828355,174.53490868283552,154.81378165011324,-363.9827729480969
55,75,95,284.0066728504139,185.19394953005644,166.66621359695137,-351.59146620298293
56,76,96,271.7342862275789,174.67664115578327,148.72625660178028,-435.5227176346946
57,77,97,256.47313671137795,171.07566199607368,146.69049528378537,-519.3376893685361
58,78,98,258.80014058713346,157.80014058713346,142.2027871585326,-419.5506290889723
59,79,99,281.58171209047896,156.58171209047896,116.40776857876267,-718.0111254372684
60,80,100,278.79577040702407,154.79577040702407,128.6867530947286,-699.6653698794296
61,81,101,317.0615174325917,189.0615174325917,160.64280168074515,-720.6650256344319
62,82,102,292.1605045008662,168.16050450086618,139.88043640160504,-732.0627317201042
63,83,103,288.7596389676578,161.7596389676578,124.91167239926745,-718.6501260167713
64,84,104,279.1210939225107,156.12109392251068,129.8361654996288,-687.8588515602901
65,85,105,281.25757145220587,158.25757145220587,136.8621081781837,-703.8911489459927
66,86,106,278.9284653377381,154.9284653377381,120.45086105223913,-673.1791617777876
67,87,107,243.43904414420263,140.43904414420263,116.05348276330915,-412.8203671963099
68,88,108,225.0794307013275,167.0794307013275,151.7327679449661,-217.6335858422308
69,89,109,239.90243880967978,180.90243880967978,161.8421798694735,-268.369128368666
70,90,110,200.94115093432447,155.44626406346902,148.0275948971073,-197.8025839414263
71,91,111,218.04394208466556,173.04394208466556,160.71711324094076,-120.06038682225744
72,92,112,180.13398471237315,141.13398471237315,136.19725625432125,-49.42692313896987
73,93,113,173.68731520779966,135.68731520779966,133.10643251745478,-43.76266067531196
74,94,114,149.94508080504943,125.94508080504943,129.95715343191955,59.041338293720855
75,95,115,156.368866864271,127.36886686427101,128.3431426192376,41.77137054129412
76,96,116,151.7330612927692,118.6754162209736,118.78468881563958,67.80224468563551
77,97,117,166.18943575308663,131.79196103778236,129.71075440596383,29.510461952212836
78,98,118,172.49896760972047,145.11217245722628,150.71717177817413,85.24533264235947
79,99,119,162.60527823435564,150.60527823435564,154.96275045525022,78.32533359396643
80,100,120,174.64275619583532,127.64275619583532,117.54658142435437,-123.84990987712081
81,101,121,201.41749902192578,132.41749902192578,118.57892345239497,-248.83998121895706
82,102,122,222.3243164750536,132.3243164750536,105.5381908596828,-459.22382379822557
83,103,123,207.45527388067762,107.45527388067762,81.96669781416131,-508.53002617870175
84,104,124,192.81851014704807,109.81851014704807,84.75801620785569,-557.6944108353105
85,105,125,175.9651836632297,107.96518366322971,98.44409769594267,-388.5927924540865
86,106,126,151.8468899011557,84.84688990115569,85.35790359493899,-294.7456910550957
87,107,127,159.16329846478106,81.16329846478106,81.43475876302614,-261.76867405249254
88,108,128,167.41871831196386,96.41871831196386,93.35240923656556,-258.9757521471047
89,109,129,196.2710450896634,126.2710450896634,129.02876908171334,-221.4900132108587
90,110,130,208.6206094660763,141.12572259522085,139.82546709789267,-232.92063072431256
91,111,131,218.231518649191,142.231518649191,133.40968464850926,-254.6718753788159
92,112,132,230.298458676976,154.298458676976,142.4696267737952,-338.4191037573471
93,113,133,244.79386833149874,145.79386833149874,120.78018876981537,-480.5607350895407
94,114,134,269.52812923669603,167.52812923669603,143.7109592653394,-443.64428126772737
95,115,135,240.14469001396856,160.14469001396856,144.50537251199876,-349.1838528905846
96,116,136,250.72972519537598,157.72972519537598,142.28327403356298,-472.5047010927801
97,117,137,266.9644696750611,164.96446967506108,141.13911434756687,-452.0315582269636
98,118,138,251.0711172256929,167.68432207319893,158.4361496822412,-302.2986556295955
99,119,139,233.7469239298191,172.7469239298191,170.24505866011987,-203.50580007536655
100,120,140,260.81629700287544,182.81629700287544,167.95031439304807,-319.08400140866434
101,121,141,252.28220625752556,147.28220625752556,122.4519215696223,-460.95608679807947
102,122,142,256.2838198742413,139.7820471594241,108.21254122006621,-534.8544229808886
103,123,143,233.05470209292707,121.05470209292707,85.86555436074786,-563.224246700727
104,124,144,203.50601186384438,105.50601186384438,75.70915239749456,-547.6374354348313
105,125,145,218.6488694175075,127.64886941750751,103.18326467289057,-441.65872866226664
106,126,146,192.63863586742673,123.63863586742673,107.17173906503626,-240.89313766097098
107,127,147,202.8643437693413,125.10418824034332,122.25115183806133,-179.30890290295838
108,128,148,226.38049532454033,144.55835548089863,132.08315162411554,-195.95923614249205
109,129,149,259.7754549840961,175.42021295100017,163.64189517812838,-206.58834752205485
110,130,150,277.61184968766656,195.65777393062967,174.81377691676562,-248.31598589691953
111,131,151,265.3492311807049,181.34923118070492,161.70231469908185,-250.2585460666428
112,132,152,322.0420774708907,225.22175440716387,189.00234021824303,-331.5477696373107
113,133,153,362.9363701801851,235.9135537982197,183.5065679377867,-568.93798271236
114,134,154,391.0176021631578,257.62542232475494,203.18847969291778,-583.8830743364229
115,135,155,350.83846078767715,242.83846078767715,197.61054391574498,-460.0074863404393
116,136,156,338.96460443892215,208.96460443892215,150.87115190564464,-613.5870989683788
117,137,157,358.39829221486366,216.80982484665242,160.1035432858107,-631.8455324450006
118,138,158,359.80994603562885,221.80994603562885,162.9318884860088,-569.2936430732575
119,139,159,348.33370880462076,214.33370880462076,159.1986568070422,-559.6383684718733
120,140,160,360.2328987267963,255.2328987267963,208.50213180969126,-436.6052402135831
121,141,161,355.82090750551674,241.82090750551674,190.95591894769882,-469.3043767543122
122,142,162,325.616345925888,226.11457321107082,196.26827293097654,-252.8354451934365
123,143,163,316.85871739632717,199.85871739632717,139.50516186242407,-710.3887705479135
124,144,164,306.60543155848336,185.60543155848336,133.41644625636218,-662.4140622701707
125,145,165,212.1911297629731,117.1911297629731,91.62627972705513,-533.7050400790508
126,146,166,236.57833347738529,146.57833347738529,122.91137017453389,-561.0884359007318
127,147,167,251.64845246581513,150.88829693681714,128.67094354701112,-569.4249867886888
128,148,168,241.0801000521144,157.25796020847247,145.34450314448623,-486.09799567012897
129,149,169,222.94640326352783,155.5911612304319,147.85591430444447,-410.8607342943769
130,150,170,203.79778937792207,129.8437136208854,130.21162476319523,-553.8087223953266
131,151,171,224.4606520930347,150.4606520930347,147.69860143096912,-542.6165884323855
132,152,172,248.10877659032803,177.2884535266012,176.66063239535697,-516.2469121032632
133,153,173,236.51016662591474,169.48735024394932,173.62358238205275,-469.8340644505829
134,154,174,247.8906289782076,163.4984491398045,159.17095695269927,-570.1354221912138
135,155,175,237.333798177473,167.333798177473,174.0217228189863,-518.1238833332068
136,156,176,214.58004892533313,128.58004892533313,125.7176754088814,-513.9814630174983
137,157,177,176.370549299701,109.78208193148998,123.85630975049412,-381.97031050759097
138,158,178,143.02696050474924,65.02696050474924,76.56998122450545,-345.54722335113775
139,159,179,158.29559722345402,102.29559722345402,122.5888226128584,-228.70368364667547
140,160,180,180.29933252117917,125.29933252117917,161.74965479846446,-126.14665743570322
141,161,181,179.3833502442701,102.3833502442701,117.76656420583708,-323.22045567959185
142,162,182,223.2076702389245,142.2076702389245,168.01426935724407,-259.31257169438913
143,163,183,237.4922655348421,85.49226553484209,79.47790439101323,-1115.8495554039919
144,164,184,234.842958233211,77.842958233211,69.85298497232361,-1171.6243206104787
145,165,185,227.65291324945724,66.65291324945724,47.76614920683346,-1210.0761267836501
146,166,186,219.0411414957614,70.0411414957614,61.69697399180518,-1095.988369700318
147,167,187,209.56704401460775,52.567044014607745,43.023631416054286,-1106.313611462805
148,168,188,227.1651843675263,73.16518436752631,76.59939787881467,-1184.8565045731248
149,169,189,243.4743389173659,72.47433891736591,54.22793245253456,-1376.8302263147316
150,170,190,212.37379440600603,49.37379440600603,41.40581003866782,-1347.4987777240976
151,171,191,204.7161897249382,36.716189724938204,24.81541193435737,-1379.7396738948255
152,172,192,189.865055111723,33.865055111722995,33.13727481666547,-1302.806764726558
153,173,193,165.0770440263343,6.077044026334306,7.664837375523803,-1289.706095935323
154,174,194,147.6410016730665,-23.358998326933488,-16.289467906821756,-1516.6604967542467
155,175,195,172.24606705847464,-12.753932941525363,-19.255491446116594,-1526.5222615136072
156,176,196,181.06862373435456,-26.93137626564544,-45.41829334109889,-1605.181502498377
157,177,197,194.41621152004723,5.416211520047227,-4.99042034372178,-1586.5166119640617
158,178,198,180.0071496900798,-4.992850309920186,-21.29593982198344,-1541.7131421592112
159,179,199,226.87129972706612,38.871299727066116,14.933757659265439,-1506.8177682728674
160,180,200,232.12704078380898,54.12704078380898,52.16802668255855,-1386.4306719170418
161,181,201,190.48551043304997,17.485510433049967,-0.023760353935585954,-1485.5064918993885
162,182,202,218.8366896253674,61.8366896253674,54.37271856849338,-1448.466210658842
163,183,203,177.77715036876657,21.77715036876657,21.49176215621378,-1220.7806712149513
164,184,204,155.12582515055055,7.125825150550554,10.394205599164934,-1214.1733996247722
165,185,205,157.42392486037443,-7.576075139625573,-2.9842925691193614,-1104.2544241002697
166,186,206,133.95350816424252,-18.04649183575748,-27.53872993321147,-974.3352446204158
167,187,207,188.052199180574,49.05219918057401,41.24385640011974,-934.7835542622188
168,188,208,184.98435057479605,42.98435057479605,57.87889728494997,-951.8432471773485
169,189,209,203.2862790891545,50.286279089154505,47.87727085608435,-1017.6091137748031
