Left,Mid,Right,Loss,Loss_left,Loss_right,gain,glasso
0,20,40,9333.578530094146,8182.332096503198,8132.6696886918,-6981.423255100852,19.68077278886176
1,21,41,9331.407924882722,8170.4467214075985,8136.752373522009,-6975.791170046887,24.43776512009572
2,22,42,9337.939332853077,8170.208245739572,8141.662894020622,-6973.931806907118,24.131613685367483
3,23,43,9345.187529107401,8170.235477619807,8155.379148231046,-6980.427096743451,23.603175622485196
4,24,44,9350.08492769908,8170.19683279526,8157.668881693718,-6977.780786789897,24.624993340583387
5,25,45,9355.382679363387,8172.7796953793895,8165.7255941135045,-6983.122610129507,22.34959254804653
6,26,46,9349.097339019416,8159.368973124285,8150.667761690111,-6960.93939579498,32.75986612079669
7,27,47,9349.204123579346,8168.241958974263,8150.406870437878,-6969.444705832795,26.76028852876516
8,28,48,9367.993301231905,8167.155853060555,8190.383198722491,-6989.54575055114,17.307184415557458
9,29,49,9376.295477525662,8176.780315250919,8192.39928564331,-6992.884123368567,18.235772589564476
10,30,50,9375.7305423207,8173.443703811903,8200.774857673665,-6998.488019164868,18.768794579086716
11,31,51,9372.585961025781,8165.384250868432,8195.898018098032,-6988.696307940683,15.453549006824687
12,32,52,9377.707889228433,8159.525455726667,8199.763986364602,-6981.581552862835,9.020217680381393
13,33,53,9364.848596760716,8160.256901522853,8185.60235955091,-6981.010664313046,12.06953588525721
14,34,54,9362.326857454707,8161.946484097383,8191.416513658376,-6991.036140301052,12.230422720494971
15,35,55,9349.836816161154,8152.925977203919,8182.793103728931,-6985.882264771695,16.676234500809187
16,36,56,9342.59087220085,8151.473332256395,8159.05678698293,-6967.9392470384755,25.877072348742786
17,37,57,9342.37792388435,8131.0771099559215,8175.540830620515,-6964.240016692087,17.73651137304114
18,38,58,9336.884098430375,8145.157495783853,8151.872117463821,-6960.145514817299,21.274570152594606
19,39,59,9323.754980121224,8135.80416688748,8151.910823835819,-6963.960010602075,20.49259382864966
20,40,60,9325.697929976632,8132.6696886918,8136.926203377407,-6943.897962092575,35.249724976097696
21,41,61,9348.717862314576,8136.752373522009,8151.302170048177,-6939.3366812556105,32.02031604529475
22,42,62,9364.091770136974,8141.662894020622,8165.873078491801,-6943.444202375447,28.365412991043286
23,43,63,9374.172785807707,8155.379148231046,8165.046817687699,-6946.253180111038,21.5424466064228
24,44,64,9378.005444584363,8157.668881693718,8143.238621603446,-6922.9020587128,27.65258196408331
25,45,65,9394.1073202248,8165.7255941135045,8122.274566800343,-6893.892840689046,47.01978402690338
26,46,66,9394.72172481798,8150.667761690111,8139.513136495842,-6895.459173367974,49.66169251628207
27,47,67,9423.839099559998,8150.406870437878,8204.531470910902,-6931.099241788783,36.75440625899682
28,48,68,9471.292600396497,8190.383198722491,8204.694274442538,-6923.784872768534,42.80535110331357
29,49,69,9482.981579656915,8192.39928564331,8195.943784210749,-6905.361490197147,47.91621708960383
30,50,70,9502.175479892316,8200.774857673665,8199.712879030438,-6898.312256811789,50.54601562026937
31,51,71,9503.485857477783,8195.898018098032,8200.55483930286,-6892.966999923112,47.864931881191296
32,52,72,9496.284057099196,8199.763986364602,8182.016637491026,-6885.496566756432,39.4311580260528
33,53,73,9511.473479790087,8185.60235955091,8206.732967575072,-6880.861847335893,48.25335661805775
34,54,74,9525.266279101048,8191.416513658376,8209.526902487502,-6875.67713704483,53.11819656493117
35,55,75,9513.51952102426,8182.793103728931,8214.30334883477,-6883.576931539443,50.84154269631608
36,56,76,9503.207998141517,8159.05678698293,8219.607468185288,-6875.456257026701,51.78047672557477
37,57,77,9507.510336705334,8175.540830620515,8202.382026647045,-6870.412520562226,49.92853838298288
38,58,78,9480.25155277877,8151.872117463821,8196.043512281118,-6867.66407696617,46.47645144020635
39,59,79,9482.917383591552,8151.910823835819,8192.336708058383,-6861.33014830265,54.100473058148964
40,60,80,9479.247590166846,8136.926203377407,8195.397300391296,-6853.075913601857,56.18695487824152
41,61,81,9499.490969413317,8151.302170048177,8195.342162946077,-6847.153363580937,56.205581691725456
42,62,82,9507.168393445107,8165.873078491801,8186.684354876254,-6845.389039922948,55.03708480651949
43,63,83,9495.936967951304,8165.046817687699,8181.675098022717,-6850.784947759112,53.144900200511074
44,64,84,9492.285475335715,8143.238621603446,8195.45778851789,-6846.410934785619,52.099133036314015
45,65,85,9466.539097923527,8122.274566800343,8189.151855171788,-6844.887324048603,52.536015374415
46,66,86,9456.878687711096,8139.513136495842,8186.480205691511,-6869.114654476258,43.30229233192949
47,67,87,9458.565310596136,8204.531470910902,8178.534449074979,-6924.500609389746,29.32801452751937
48,68,88,9423.278713072166,8204.694274442538,8101.934134237242,-6883.349695607612,33.96013592546524
49,69,89,9399.31272884016,8195.943784210749,8098.614999068867,-6895.246054439456,31.104628821820825
50,70,90,9397.282630839945,8199.712879030438,8111.8013403798395,-6914.231588570332,31.595105307153062
51,71,91,9388.969310424982,8200.55483930286,8099.820257728938,-6911.405786606816,33.418946123507794
52,72,92,9378.225814918496,8182.016637491026,8115.74190378932,-6919.532726361849,27.980266145949827
53,73,93,9376.257419772097,8206.732967575072,8094.408681078679,-6924.884228881654,27.549232915603625
54,74,94,9368.620843846908,8209.526902487502,8092.593965475175,-6933.500024115769,24.463972301449758
55,75,95,9371.053457559778,8214.30334883477,8089.657655293468,-6932.907546568462,27.09158374305389
56,76,96,9370.911742113225,8219.607468185288,8090.945563643155,-6939.641289715219,20.58555817301658
57,77,97,9351.214953862393,8202.382026647045,8098.1527033490775,-6949.319776133729,19.467909463466185
58,78,98,9336.111015927378,8196.043512281118,8109.639834019479,-6969.572330373219,23.084873056554443
59,79,99,9328.733675179046,8192.336708058383,8110.259273986963,-6973.8623068663,20.81622755013268
60,80,100,9326.937954421845,8195.397300391296,8108.263562971805,-6976.722908941256,25.576538285185052
61,81,101,9323.845977674235,8195.342162946077,8077.183895688591,-6948.680080960434,25.895227550287018
62,82,102,9321.342718751048,8186.684354876254,8078.377787388513,-6943.719423513719,23.381832383081473
63,83,103,9326.41634616585,8181.675098022717,8093.146298390582,-6948.405050247449,19.494776709863345
64,84,104,9328.839362608873,8195.45778851789,8075.9567604697995,-6942.575186378817,15.968735774866673
65,85,105,9313.765091390685,8189.151855171788,8084.550972843746,-6959.93773662485,21.304306643738073
66,86,106,9311.921245725165,8186.480205691511,8100.684058622837,-6975.243018589184,27.178799383043042
67,87,107,9306.22708110176,8178.534449074979,8102.463109446986,-6974.770477420205,3.0552499597947644
68,88,108,9248.177170987552,8101.934134237242,8108.688442494178,-6962.445405743869,-3.334834244313697
69,89,109,9258.02520513154,8098.614999068867,8121.707656608752,-6962.297450546079,-0.7776356258805208
70,90,110,9253.160993715775,8111.8013403798395,8108.265481939826,-6966.905828603891,-0.3482024203108267
71,91,111,9264.335921294398,8099.820257728938,8124.083452429008,-6959.567788863547,-0.7436895887899482
72,92,112,9270.170609902465,8115.74190378932,8123.708704605609,-6969.279998492462,-2.7635210597404694
73,93,113,9247.167347427483,8094.408681078679,8121.416986389606,-6968.658320040802,-0.56125718690555
74,94,114,9242.38616662336,8092.593965475175,8117.95714238873,-6968.164941240544,2.4417864104902947
75,95,115,9257.295358892494,8089.657655293468,8135.205511303959,-6967.567807704934,7.257536780365172
76,96,116,9270.635124380504,8090.945563643155,8135.81179682065,-6956.122236083302,6.348570889194889
77,97,117,9280.317071757963,8098.1527033490775,8134.84409184339,-6952.679723434503,6.515584398625833
78,98,118,9285.03873834802,8109.639834019479,8126.638670732949,-6951.239766404409,12.245867130492115
79,99,119,9272.53061607152,8110.259273986963,8122.975092637446,-6960.703750552888,13.710584647287305
80,100,120,9301.610853177637,8108.263562971805,8159.532176371282,-6966.184886165451,10.269429362791016
81,101,121,9275.248678230968,8077.183895688591,8164.426395253704,-6966.361612711327,25.19664871562918
82,102,122,9305.794474153801,8078.377787388513,8177.209523361504,-6949.792836596214,14.720242102540851
83,103,123,9328.07135624919,8093.146298390582,8195.609231481441,-6960.684173622834,8.548037142466
84,104,124,9315.229492392386,8075.9567604697995,8213.7194273921,-6974.446695469514,-2.9478415294661318
85,105,125,9333.685893646776,8084.550972843746,8181.601571223193,-6932.466650420163,7.222005871013607
86,106,126,9333.39696457288,8100.684058622837,8170.83328661623,-6938.120380666187,9.195814361198245
87,107,127,9326.135807828701,8102.463109446986,8175.928903952066,-6952.256205570351,0.3066429380410227
88,108,128,9324.311380917017,8108.688442494178,8181.540313693072,-6965.917375270234,-1.9706883803046367
89,109,129,9341.7349364765,8121.707656608752,8190.475583564296,-6970.4483036965485,-12.009600314698218
90,110,130,9346.132827113772,8108.265481939826,8191.800763934047,-6953.933418760102,-1.8453233817053842
91,111,131,9380.412684188279,8124.083452429008,8209.633838872123,-6953.304607112852,6.429482510574417
92,112,132,9395.290363594082,8123.708704605609,8224.303011083655,-6952.721352095181,10.409144637354984
93,113,133,9411.770035283696,8121.416986389606,8236.160596908661,-6945.807548014571,17.77688386581076
94,114,134,9411.722881393454,8117.95714238873,8238.783485131675,-6945.01774612695,25.1434109379461
95,115,135,9405.252700272673,8135.205511303959,8229.436242423875,-6959.389053455161,22.39770985873838
96,116,136,9409.469625049333,8135.81179682065,8236.943524435374,-6963.285696206691,22.857717967989174
97,117,137,9408.588130740074,8134.84409184339,8222.41664985334,-6948.672610956655,22.13712846496992
98,118,138,9414.167216231323,8126.638670732949,8222.350582847437,-6934.822037349064,31.818367840240626
99,119,139,9388.802966742249,8122.975092637446,8212.851582088826,-6947.023707984023,31.41866660510459
100,120,140,9385.946618887092,8159.532176371282,8169.046008970532,-6942.631566454722,32.94510188914228
101,121,141,9386.238082056065,8164.426395253704,8162.220793932633,-6940.409107130272,4.382448537866821
102,122,142,9404.27540568278,8177.209523361504,8157.377505404364,-6930.311623083087,21.335310421454324
103,123,143,9413.507942400924,8195.609231481441,8166.385266238395,-6948.486555318912,19.23367771014273
104,124,144,9429.263428188593,8213.7194273921,8174.989499479982,-6959.445498683488,19.928906316789835
105,125,145,9438.109286234865,8181.601571223193,8198.01072446819,-6941.503009456517,19.957551045998116
106,126,146,9426.75175686824,8170.83328661623,8203.556101085589,-6947.63763083358,17.010930249435205
107,127,147,9429.406764874511,8175.928903952066,8199.385136238796,-6945.907275316351,22.741148157171665
108,128,148,9472.061857923445,8181.540313693072,8218.324579929551,-6927.8030356991785,34.49551549396574
109,129,149,9476.608230168724,8190.475583564296,8202.271836912056,-6916.139190307629,36.08679801865537
110,130,150,9479.610993501574,8191.800763934047,8197.816877706613,-6910.006648139086,33.19456869102942
111,131,151,9459.301451892192,8209.633838872123,8150.558360951611,-6900.890747931542,30.94624198547899
112,132,152,9480.772972510695,8224.303011083655,8135.040584390061,-6878.570622963021,35.652409557967076
113,133,153,9493.04483436024,8236.160596908661,8115.970877130868,-6859.086639679288,41.33456204535196
114,134,154,9482.69957631269,8238.783485131675,8092.264785750646,-6848.348694569631,34.8040470795454
115,135,155,9467.500046792575,8229.436242423875,8097.252718181615,-6859.188913812915,28.44832916181622
116,136,156,9471.434743770975,8236.943524435374,8092.135539042462,-6857.64431970686,26.585724155061143
117,137,157,9461.917522459533,8222.41664985334,8090.859586940688,-6851.358714334494,26.90562010474696
118,138,158,9472.41999461979,8222.350582847437,8083.390254673663,-6833.32084290131,33.312789698701636
119,139,159,9516.970211983493,8212.851582088826,8120.974362280249,-6816.855732385582,39.02232985389537
120,140,160,9457.075368954575,8169.046008970532,8107.902914122751,-6819.873554138709,27.69512136936828
121,141,161,9454.219678802476,8162.220793932633,8119.761049368861,-6827.762164499018,27.565419613619724
122,142,162,9433.082227691142,8157.377505404364,8115.770831988538,-6840.066109701758,23.51952622197632
123,143,163,9435.745133224173,8166.385266238395,8131.404913390379,-6862.045046404601,25.00790597410787
124,144,164,9422.866930735985,8174.989499479982,8127.719399574527,-6879.841968318524,22.09644344135222
125,145,165,9440.365835211902,8198.01072446819,8134.593814114492,-6892.238703370778,17.095585187644247
126,146,166,9462.963229635136,8203.556101085589,8141.128254459825,-6881.721125910279,22.768397858412754
127,147,167,9461.56305725941,8199.385136238796,8152.090778768783,-6889.91285774817,18.35058959625985
128,148,168,9447.617036906602,8218.324579929551,8131.050284566301,-6901.75782758925,17.403374615936627
129,149,169,9411.4201161369,8202.271836912056,8127.874002016783,-6918.725722791938,7.753797006462264
130,150,170,9408.737930385709,8197.816877706613,8130.139593535857,-6919.21854085676,15.989663621420277
131,151,171,9357.554410735911,8150.558360951611,8126.448350257142,-6919.452300472842,10.938267364398143
132,152,172,9356.081612672242,8135.040584390061,8136.091845239691,-6915.05081695751,9.967938163144936
133,153,173,9323.96040835404,8115.970877130868,8134.39356155984,-6926.404030336667,-3.760451963271862
134,154,174,9314.304010489017,8092.264785750646,8163.420297558883,-6941.3810728205135,-6.785027505135531
135,155,175,9306.4456064233,8097.252718181615,8153.598219505699,-6944.4053312640135,-5.821907344449755
136,156,176,9300.647166401533,8092.135539042462,8155.849116185129,-6947.337488826059,-2.8185353907510944
137,157,177,9315.53591915802,8090.859586940688,8177.4609589747015,-6952.784626757371,-5.3528374825468745
138,158,178,9315.632754816057,8083.390254673663,8186.464213044609,-6954.221712902216,2.0757121393021407
139,159,179,9335.003362727432,8120.974362280249,8150.232462284162,-6936.20346183698,15.942626984549861
140,160,180,9338.600153709822,8107.902914122751,8162.303314123252,-6931.606074536181,22.968087471884246
141,161,181,9347.890983790547,8119.761049368861,8171.972723285496,-6943.842788863809,31.998746204177223
142,162,182,9356.071628488495,8115.770831988538,8167.276109227268,-6926.975312727311,36.63844109246702
143,163,183,9386.361671306966,8131.404913390379,8186.240521598741,-6931.283763682155,36.16268741741078
144,164,184,9377.411652246612,8127.719399574527,8182.860493214488,-6933.1682405424035,33.973221703152376
145,165,185,9371.2191642897,8134.593814114492,8176.265192448409,-6939.6398422732,27.510292163634404
146,166,186,9371.754715124905,8141.128254459825,8158.681348879805,-6928.054888214725,23.9038094518487
147,167,187,9404.544474384476,8152.090778768783,8170.512525275824,-6918.058829660131,30.240336854291854
148,168,188,9390.78145387465,8131.050284566301,8180.024685894893,-6920.293516586546,27.091911978008284
149,169,189,9407.680756341124,8127.874002016783,8196.830811764532,-6917.0240574401905,33.53207562935995
150,170,190,9406.36894191374,8130.139593535857,8190.64390376032,-6914.414555382436,35.8496558336019
151,171,191,9413.118534133053,8126.448350257142,8200.904674504538,-6914.234490628627,38.52188426887324
152,172,192,9413.000057199553,8136.091845239691,8203.687151965949,-6926.7789400060865,36.68503933970533
153,173,193,9421.196441718585,8134.39356155984,8221.622004989058,-6934.819124830314,40.210196107384036
154,174,194,9436.05856346094,8163.420297558883,8221.410862675637,-6948.7725967735805,36.7202743361413
155,175,195,9453.09118277096,8153.598219505699,8235.144621159776,-6935.651657894512,41.27210994248526
156,176,196,9442.98207783009,8155.849116185129,8232.478766647822,-6945.34580500286,39.954469101181985
157,177,197,9445.233731006385,8177.4609589747015,8227.398186028991,-6959.625413997306,37.94755384235668
158,178,198,9449.045706020082,8186.464213044609,8219.081138690408,-6956.4996457149355,37.96212093175336
159,179,199,9417.539374160911,8150.232462284162,8226.783861040196,-6959.476949163447,30.209020362477986
160,180,200,9420.73808597135,8162.303314123252,8219.384892918733,-6960.950121070635,32.62560452069556
161,181,201,9415.611846711095,8171.972723285496,8220.396538131543,-6976.757414705944,27.10686070858719
162,182,202,9411.426497020222,8167.276109227268,8207.204965428447,-6963.054577635494,29.581797880177874
163,183,203,9427.991000746144,8186.240521598741,8216.074533192601,-6974.324054045199,24.625527173988758
164,184,204,9426.796206001653,8182.860493214488,8218.338351003273,-6974.402638216108,21.80774585906238
165,185,205,9418.80896160062,8176.265192448409,8211.305261341287,-6968.761492189076,18.413427264784332
166,186,206,9403.830749377905,8158.681348879805,8218.85028172547,-6973.700881227371,18.22303795659127
167,187,207,9404.758704372349,8170.512525275824,8182.155071907808,-6947.908892811283,31.264982856701863
168,188,208,9415.1179248132,8180.024685894893,8181.040308949791,-6945.947070031485,37.488674355249714
169,189,209,9416.711123144858,8196.830811764532,8164.4220057027715,-6944.5416943224445,39.804568287334405
