Left,Mid,Right,Loss_likeli,Loss_AIC,Loss_BIC,Loss_eBIC
0,20,40,253.21538646347244,70.21538646347244,41.105415787344555,-1152.4753536155258
1,21,41,167.1702099086849,-35.82979009131509,-57.66166349567311,-1152.1328390167641
2,22,42,146.47996497100166,-40.520035028998336,-32.789432618842966,-860.8104181485669
3,23,43,158.98698557514513,-3.559843495814903,5.513823217916524,-837.3955282346069
4,24,44,181.63865859133512,7.6386585913351155,3.6420962381903337,-986.1077105603499
5,25,45,213.21185699140506,12.211856991405057,-25.57907607312768,-1271.431758871102
6,26,46,206.58948191848526,2.589481918485262,-32.700636405777686,-1323.918242690967
7,27,47,205.58817247354568,13.588172473545683,-17.512965093620778,-1258.6028471431528
8,28,48,198.31281235639108,18.312812356391078,1.5725107459572882,-1149.451681686065
9,29,49,220.31115303453976,39.31115303453976,1.3608527761355163,-1213.9859134673839
10,30,50,222.45512484958476,22.455124849584763,6.692460200136566,-1253.1944272603664
11,31,51,215.1127594428633,21.112759442863307,1.6896669362899956,-1187.328050761961
12,32,52,205.60489193653143,22.60489193653143,1.032718269992074,-1296.815845417611
13,33,53,208.11440055101093,24.11440055101093,-2.1931426801356793,-1377.8475503207796
14,34,54,177.38185855551137,-16.61814144448863,-49.78120495799044,-1464.471899396076
15,35,55,148.19463087856275,-57.80536912143725,-60.3155864266223,-1279.8330461594305
16,36,56,237.57065361881246,64.57065361881246,43.249073338747166,-1650.135423892816
17,37,57,247.54580784489895,37.545807844898945,3.3511653011955786,-1750.4485481221732
18,38,58,225.91196669931196,46.91196669931196,30.3473326735741,-1685.688912873422
19,39,59,261.3599591572688,93.3599591572688,67.03175632795205,-1582.4989618293503
20,40,60,245.15734745153395,91.15734745153395,82.53550879598629,-1310.6609710135708
21,41,61,215.00595917182864,52.005959171828636,51.15880647499898,-981.9425020635899
22,42,62,205.21081621361304,49.21081621361304,53.68418308684477,-886.4632795417115
23,43,63,207.38031266609323,68.38031266609323,62.854262606604834,-1042.8433614807805
24,44,64,237.14015074468193,81.14015074468193,73.16317680705902,-1102.3969084324035
25,45,65,281.3416090097785,97.3416090097785,58.03550626849028,-1474.0716136266028
26,46,66,256.8571284507959,79.85712845079593,42.36152573704089,-1376.806715293505
27,47,67,237.8491012600275,77.84910126002751,42.420448806847844,-1333.181517696673
28,48,68,227.67731306467272,69.67731306467272,55.15173802157847,-1217.4020568691767
29,49,69,216.1655327052431,46.165532705243095,14.432890272721124,-1270.0218469147749
30,50,70,194.42043424512758,13.42043424512758,5.726686735213207,-1371.4904130681098
31,51,71,205.60098648806797,17.600986488067974,19.483023462271376,-1216.2846108274944
32,52,72,211.8283074392209,27.828307439220907,16.012093744338472,-1379.7968472563316
33,53,73,260.71477844361516,48.71477844361516,11.80473886495156,-1556.5127458139905
34,54,74,272.99710579161524,56.99710579161524,-0.6412736337692877,-1707.4772018550093
35,55,75,309.2548595977446,42.2548595977446,-6.150489589354493,-1711.956731224533
36,56,76,331.2652850635934,86.26528506359341,13.61818531994777,-1902.2398061189351
37,57,77,336.50991871363135,75.50991871363135,-2.5052196907636244,-1968.1897722293152
38,58,78,371.7315456134786,98.73154561347883,5.020169893685761,-2067.2624574879023
39,59,79,383.178795078627,112.17879507862699,19.108175122166358,-2040.0706096545605
40,60,80,376.8200958862219,117.8200958862219,29.229046213995616,-1730.2408938749604
41,61,81,338.39203439864673,140.39203439864673,80.55700166190854,-1238.2855619009629
42,62,82,344.76035059608444,154.76035059608444,93.11453329695087,-1188.5047316216792
43,63,83,296.39960293536683,146.39960293536683,92.81237181007032,-716.5714998588223
44,64,84,309.47852029613864,150.47852029613864,91.35896159582671,-844.8648680377341
45,65,85,305.73325695953145,144.73325695953145,93.0417285781059,-873.8558269888899
46,66,86,320.61528791245064,166.61528791245064,110.47870032206083,-879.4185456917617
47,67,87,296.2365311767978,161.23653117679783,104.9742661584337,-807.6656258487433
48,68,88,314.393289550904,155.393289550904,95.24543220334613,-972.7932738620425
49,69,89,258.99092449136265,120.99092449136265,76.19481487119242,-699.7458317605806
50,70,90,256.38596680721344,138.38596680721344,99.48921441974562,-581.2719523845049
51,71,91,246.27909844477517,135.27909844477517,117.06455252617684,-404.57340080653967
52,72,92,248.64831325966657,145.64831325966657,138.1920785429911,-349.94387656115987
53,73,93,275.449005432773,173.449005432773,158.90324158829276,-366.67844397965246
54,74,94,247.8050982923737,147.8050982923737,126.86288143501474,-483.0585564889375
55,75,95,191.19025169413908,111.19025169413908,99.8505091790189,-359.71466321670323
56,76,96,154.23773954821718,102.23773954821718,99.68578493153382,-244.94547542645523
57,77,97,139.87818670169554,86.87818670169554,89.19862091613504,-271.59296685884556
58,78,98,141.6573683579345,81.6573683579345,84.62983500996347,-191.14793796465847
59,79,99,119.83654301821298,37.83654301821298,45.44752112792435,-600.7086107748273
60,80,100,119.13485829882279,9.134858298822792,4.980228454571261,-772.4730013522244
61,81,101,99.63157778225172,-9.368422217748275,-9.497025320786406,-594.0546783013865
62,82,102,109.58492556975352,1.5849255697535227,-3.4618565069856686,-629.0378793206
63,83,103,106.89092094081684,2.890920940816841,17.66368104119988,-541.6182412792796
64,84,104,127.50126533379944,36.50126533379944,43.87463260964864,-590.839757497356
65,85,105,121.29547531175808,16.295475311758082,33.31022565037074,-730.1871568431729
66,86,106,140.3811976972911,30.3811976972911,43.977875583725336,-894.2724951799637
67,87,107,162.28513979327795,39.28513979327795,35.92539454646294,-1075.7826302743633
68,88,108,163.5261636807072,25.526163680707214,20.073091008499887,-1174.8604352747361
69,89,109,144.59303902456918,32.59303902456918,30.8975117892212,-881.4384031992622
70,90,110,145.90086596725791,31.900865967257914,34.85154100909517,-811.1236715796713
71,91,111,144.35820232397577,33.358202323975775,37.028260217739216,-745.1205804795468
72,92,112,131.2581323225388,21.258132322538813,51.81126628957077,-661.4008551607321
73,93,113,153.7746965217816,44.77469652178161,60.14291480730071,-878.033399439274
74,94,114,161.35674926249885,28.35674926249885,32.5737807250955,-989.3595379276389
75,95,115,164.73696538442846,30.73696538442846,31.44660609335756,-757.5504931017654
76,96,116,186.3877027342901,40.38770273429009,28.941568790797646,-884.5994480874269
77,97,117,186.1590151197529,43.159015119752894,30.90343895870842,-808.8113387017434
78,98,118,200.17304291656387,67.17304291656387,56.7510369361803,-849.8622358126236
79,99,119,174.34971648191868,48.349716481918676,42.18249868697558,-780.8095495714924
80,100,120,164.13682938275429,9.136829382754286,-8.393186850241818,-1006.136630808327
81,101,121,128.9602625526802,-13.039737447319794,-13.935491496938539,-769.2451836920854
82,102,122,123.06019880376152,-13.939801196238477,-4.106611101541375,-700.5054799691784
83,103,123,115.73962362237876,-11.260376377621242,8.130523058322751,-742.4593919804415
84,104,124,126.5408677970288,3.5408677970287954,-0.6252688282816052,-829.8797167557045
85,105,125,133.7526200944112,8.752620094411213,7.116450334685851,-867.8651015012997
86,106,126,142.601611763316,29.601611763315987,37.329617452587854,-968.368090294277
87,107,127,163.49974330927466,7.499743309274663,-1.2554121991192915,-1164.0393456333509
88,108,128,207.77808127743378,54.778081277433785,43.122930186820895,-1198.9751183164203
89,109,129,206.20260317366638,54.202603173666375,31.425730599260078,-1023.1590353351748
90,110,130,215.41932453812115,61.419324538121145,37.427125197019905,-1143.4483811339846
91,111,131,201.28299371163575,47.282993711635754,25.03642463544861,-1131.5924581036675
92,112,132,220.47517786462413,52.47517786462413,28.235840265528623,-1120.2143768458986
93,113,133,284.3490580532548,92.3490580532548,48.768531713328684,-1461.0958497566203
94,114,134,282.23822596079594,76.23822596079594,25.674174658892525,-1503.337715047433
95,115,135,259.4465690071761,71.4465690071761,42.689090525772826,-1274.4292543300025
96,116,136,264.52945440234157,59.52945440234157,18.36264479872625,-1420.1815502341105
97,117,137,241.62385287571396,52.623852875713965,17.8712765428254,-1299.6867544880338
98,118,138,250.40041295293508,69.40041295293508,37.1644317730545,-1339.5297571392484
99,119,139,292.52449536549943,135.52449536549943,98.67418935815067,-1005.2334673521241
100,120,140,270.07796652855836,102.07796652855836,61.44015818402272,-1052.779251166935
101,121,141,264.36129956020204,118.36129956020204,91.19230178336466,-934.9262973027621
102,122,142,326.73292247793074,140.73292247793074,104.8272248074968,-1144.5642053484244
103,123,143,317.43154290338134,127.43154290338134,77.28484760991341,-1204.6172320286519
104,124,144,301.1128561936989,118.11285619369892,66.18257933318318,-1115.2312822526264
105,125,145,292.5704750072882,120.57047500728822,68.00670786090473,-983.4389671903573
106,126,146,291.7686915858317,132.76869158583168,89.34707814540002,-845.795569412146
107,127,147,307.40600390279815,163.40600390279815,126.92069105342898,-780.9083075386179
108,128,148,306.4389874263102,157.43898742631018,114.08228290683019,-827.5697933811693
109,129,149,336.58566987306335,166.58566987306335,106.35518388589162,-865.1783786104584
110,130,150,327.33267435173525,170.33267435173525,121.95927542624577,-855.5946150940599
111,131,151,313.21145105479854,156.21145105479854,118.47398870087954,-816.5519458304984
112,132,152,366.7753063443547,182.7753063443547,110.95192846704572,-1203.3860053508583
113,133,153,423.71930978201567,223.71930978201567,147.73681994491608,-1354.5414193357637
114,134,154,399.77883065034916,206.77883065034916,146.65418641769156,-1119.2736585735042
115,135,155,377.5817619247571,207.58176192475707,150.20175636202202,-1085.5267697818754
116,136,156,396.9680885203643,217.9680885203643,156.21878372197307,-1065.5525684975137
117,137,157,398.29803695755595,223.29803695755595,157.3124520286599,-1122.1217891709666
118,138,158,433.18316188287235,252.18316188287235,177.20632100561784,-1113.697770725048
119,139,159,432.95314090315287,268.95314090315287,207.40436270796408,-1059.8606986825089
120,140,160,388.37203721613696,221.37203721613696,156.25021906893744,-986.703418630455
121,141,161,379.7623590144292,241.7623590144292,193.83061394363995,-826.120649570239
122,142,162,396.7085066436648,224.7085066436648,159.8699465348202,-1148.566739367328
123,143,163,411.9520852962121,245.9520852962121,184.88011581729052,-971.1707269940321
124,144,164,391.11505584869565,202.11505584869565,137.25405765054347,-1154.9990849053124
125,145,165,400.26165804927814,218.26165804927814,150.36037778371133,-1169.5073640050118
126,146,166,388.27475317420635,195.27475317420635,125.20630990041536,-1249.6386093835704
127,147,167,297.4282004289048,138.4282004289048,82.67229390672674,-872.3074606009336
128,148,168,278.0943349549898,124.09433495498979,79.72424605902074,-839.8890369262649
129,149,169,268.4795520815949,117.47955208159487,81.7611248069345,-751.9168154445006
130,150,170,232.27584931700858,82.27584931700858,43.97241156427776,-816.3954635383957
131,151,171,223.10061761966494,74.10061761966494,47.80726140823185,-770.1718644646248
132,152,172,261.82743389955726,120.82743389955726,87.59212548853498,-782.210299232087
133,153,173,262.32114478128824,111.32114478128824,68.82179886557742,-929.7569519665517
134,154,174,240.21140218606502,96.83940578491365,74.41562251129562,-862.2328345199348
135,155,175,210.86034251894898,80.86034251894898,56.319600623730366,-791.7683686892619
136,156,176,184.61657308230883,57.61657308230883,37.891796421760546,-621.0798972768221
137,157,177,158.04972036956656,43.04972036956656,17.141601820708274,-679.6717743992012
138,158,178,192.87147109598732,86.87147109598732,65.63585731310354,-600.1200895687402
139,159,179,163.57854225706865,62.57854225706865,56.531828993734734,-621.5017816481254
140,160,180,127.83768985696338,40.83768985696338,31.922479332024523,-546.4792350981375
141,161,181,143.50648947604964,71.92945344304053,64.68813162743118,-454.0114803991478
142,162,182,152.65450795419565,85.65450795419565,88.21915390500635,-408.699845049935
143,163,183,156.37107271666878,79.37107271666878,88.2668151703499,-283.7718115306452
144,164,184,233.00410096800374,74.00410096800374,51.731627750578355,-985.5559090260949
145,165,185,261.7985078811223,109.7985078811223,70.63355987298542,-1052.5559729148672
146,166,186,254.3860127286357,90.3860127286357,60.8264942668352,-1061.8281042608642
147,167,187,241.91176886318522,93.91176886318522,53.42336309853522,-983.1939576120153
148,168,188,240.99538704225847,85.99538704225847,48.5760060275511,-984.7569140406586
149,169,189,249.5034409733462,105.50344097334619,74.86617352806638,-797.0061265589634
150,170,190,250.00762451271862,115.00762451271862,80.49112562595747,-881.7809824391184
151,171,191,238.24306079177677,126.24306079177677,104.62464529191107,-808.9063516642923
152,172,192,223.69265297545803,122.69265297545803,106.64189292195601,-543.9532903285872
153,173,193,234.89309108110092,136.89309108110092,128.63432288249874,-516.5586461719527
154,174,194,230.7224840495178,135.3504876483662,134.17794325257069,-536.3776866869639
155,175,195,224.16732984547798,127.16732984547798,123.87394399816867,-670.5410144415678
156,176,196,210.58422603363192,99.58422603363192,91.30162341174196,-747.5143320666539
157,177,197,201.5244842415466,78.52448424154659,74.79659280481383,-693.7414951541014
158,178,198,259.33910848099686,140.33910848099686,139.38574178860563,-865.6706832498385
159,179,199,242.21444946890279,79.21444946890279,89.41976352929964,-988.6710351219808
160,180,200,246.0639515371845,93.0639515371845,79.68449724210836,-1123.4247611923406
161,181,201,162.19731863238758,24.620282599378697,23.57978209986527,-830.2118215519636
162,182,202,140.30707168803474,6.307071688034739,7.642033908281064,-943.6804017098016
163,183,203,118.43078510632927,-22.569214893670733,-13.491339422492274,-907.1456881412728
164,184,204,99.59764343693064,-56.40235656306936,-58.58038872692964,-1080.8527554486059
165,185,205,103.4642641841142,-37.5357358158858,-35.55920593787755,-989.9704789589987
166,186,206,102.79558038449386,-49.20441961550614,-50.58386419750991,-919.9440264402801
167,187,207,117.72581375055393,-39.274186249446075,-53.92576805039357,-1111.0426757244045
168,188,208,129.27594316798968,-33.72405683201032,-51.369914808964495,-1266.7194329280246
169,189,209,142.61117501136732,-23.388824988632678,-44.21216735063808,-1150.1673826034034
