Left,Mid,Right,Loss,Loss_left,Loss_right,gain,glasso
0,20,40,9384.012604058284,8177.832582271305,8194.185991385912,-6988.005969598933,8.684762858178146
1,21,41,9383.553099765339,8178.907356201871,8193.005599738217,-6988.359856174749,9.807032554546822
2,22,42,9376.47712585364,8180.900870861236,8191.976133283086,-6996.399878290682,17.066104707690556
3,23,43,9383.981918993837,8200.81716928948,8198.398119120448,-7015.23336941609,16.185129885156584
4,24,44,9400.617407471142,8199.644931966268,8205.703038973423,-7004.730563468551,18.02833548451781
5,25,45,9406.62150674357,8214.753546016194,8205.64191430415,-7013.773953576776,14.105075811781717
6,26,46,9406.440235949243,8222.073245144282,8175.930293266791,-6991.563302461831,20.55924624499903
7,27,47,9402.37214445561,8213.291625646,8189.84626994284,-7000.765751133229,18.622176289368326
8,28,48,9418.72405884337,8198.931532925473,8219.063641833394,-6999.271115915497,22.74358381519687
9,29,49,9415.973961906866,8209.913576460904,8209.441051384316,-7003.380665938354,23.16830964971541
10,30,50,9419.995814748534,8210.96801445491,8209.044190789087,-7000.016390495464,23.817237187706723
11,31,51,9420.921115826904,8211.725414205339,8218.759027887303,-7009.5633262657375,18.628280514818016
12,32,52,9425.743701838896,8221.918975355493,8204.09697663087,-7000.272250147467,17.87075114081972
13,33,53,9447.748900135124,8232.233933220114,8222.00797064505,-7006.49300373004,17.75481843404259
14,34,54,9439.538236174518,8221.49452058699,8219.982534154922,-7001.938818567392,18.28694002670818
15,35,55,9437.75169065534,8216.69109645935,8226.254232704005,-7005.193638508015,18.39835289429402
16,36,56,9426.32868996435,8204.4984983893,8220.903171609001,-6999.07298003395,20.034953295451487
17,37,57,9417.844546108037,8198.522060605352,8214.806641194618,-6995.484155691931,19.791817070840352
18,38,58,9420.711521775538,8200.336051441016,8214.62200356629,-6994.24653323177,25.969113684524018
19,39,59,9413.074766805365,8181.465963379938,8221.524467588773,-6989.915664163347,28.926839887262304
20,40,60,9418.48399697572,8194.185991385912,8215.951315663444,-6991.653310073638,26.46321103471837
21,41,61,9419.710801236986,8193.005599738217,8213.00102307308,-6986.295821574313,29.164031758328747
22,42,62,9438.781449116188,8191.976133283086,8224.05153625786,-6977.24622042476,31.219128216786885
23,43,63,9453.874252006906,8198.398119120448,8228.337282046867,-6972.86114916041,30.271884167770168
24,44,64,9452.823263185604,8205.703038973423,8217.533844368314,-6970.4136201561305,28.554765555608355
25,45,65,9479.797125703242,8205.64191430415,8245.264299046137,-6971.109087647046,30.30783718231396
26,46,66,9464.536413615135,8175.930293266791,8249.570944062294,-6960.96482371395,29.15639739416747
27,47,67,9495.470753864636,8189.84626994284,8254.464799085545,-6948.84031516375,35.20949534416286
28,48,68,9523.614803837183,8219.063641833394,8222.614083049011,-6918.062921045224,43.50984959643074
29,49,69,9512.527056347048,8209.441051384316,8222.845358681694,-6919.7593537189605,40.18022040927144
30,50,70,9549.245611666454,8209.044190789087,8266.14731212777,-6925.945891250405,42.853552745646994
31,51,71,9557.464376589818,8218.759027887303,8259.804103888031,-6921.098755185518,48.19982635719589
32,52,72,9552.802973643868,8204.09697663087,8260.281213585291,-6911.575216572293,40.43801770829032
33,53,73,9563.610480206467,8222.00797064505,8242.500214565496,-6900.897705004079,41.519211393566366
34,54,74,9568.347796581354,8219.982534154922,8245.882256833169,-6897.516994406735,44.87314158666868
35,55,75,9579.487454265041,8226.254232704005,8246.16234146337,-6892.929119902334,47.45273386852659
36,56,76,9562.73125438423,8220.903171609001,8228.334989944564,-6886.506907169332,45.68929901526326
37,57,77,9563.691576766632,8214.806641194618,8222.545219255546,-6873.660283683534,46.08024782351458
38,58,78,9560.554855564307,8214.62200356629,8207.454628431808,-6861.52177643379,51.67900458828308
39,59,79,9561.71410930678,8221.524467588773,8183.176446606228,-6842.98680488822,53.008532231904155
40,60,80,9546.865712679853,8215.951315663444,8160.800575999011,-6829.8861789826005,55.08726112413251
41,61,81,9540.36922837627,8213.00102307308,8179.716342335315,-6852.348137032126,54.62768973302036
42,62,82,9545.483283714511,8224.05153625786,8175.738379481781,-6854.306632025131,52.08358906048579
43,63,83,9530.795357229086,8228.337282046867,8175.929153360823,-6873.471078178605,45.082250981704874
44,64,84,9520.546121474245,8217.533844368314,8181.011893209016,-6877.999616103085,42.43287747483055
45,65,85,9550.844164499451,8245.264299046137,8185.3346434689265,-6879.754778015611,47.11880964205511
46,66,86,9557.450018299109,8249.570944062294,8192.144200559222,-6884.265126322405,45.02815521798766
47,67,87,9566.736105374575,8254.464799085545,8209.799923710892,-6897.528617421862,46.81928501355878
48,68,88,9505.636249948202,8222.614083049011,8192.124755429284,-6909.102588530095,38.712828914576676
49,69,89,9509.059616853134,8222.845358681694,8206.196195085588,-6919.981936914148,40.17149593839258
50,70,90,9507.291514321758,8266.14731212777,8185.49770464527,-6944.353502451282,33.05698057658992
51,71,91,9482.376202672873,8259.804103888031,8187.697600277355,-6965.125501492512,25.72016330899669
52,72,92,9489.710719665989,8260.281213585291,8188.841166097784,-6959.4116600170855,22.547388928870532
53,73,93,9491.834736153201,8242.500214565496,8191.165258682889,-6941.8307370951825,28.646980385386087
54,74,94,9474.217615315072,8245.882256833169,8187.655357461625,-6959.319998979721,20.606655603572108
55,75,95,9479.95492402532,8246.16234146337,8198.87301030694,-6965.0804277449915,24.517480703188085
56,76,96,9476.87679602037,8228.334989944564,8217.871887465137,-6969.330081389329,28.473762835154957
57,77,97,9480.37469619526,8222.545219255546,8223.064360622722,-6965.23488368301,27.451959611646544
58,78,98,9444.176498934099,8207.454628431808,8216.936412221341,-6980.214541719051,21.435661384517516
59,79,99,9431.56235557307,8183.176446606228,8228.813102588712,-6980.427193621868,18.729565433232892
60,80,100,9395.983389324181,8160.800575999011,8224.245296099023,-6989.062482773854,19.61807721244122
61,81,101,9402.809240389208,8179.716342335315,8212.2428809048,-6989.149982850908,23.572700645666373
62,82,102,9396.056780176943,8175.738379481781,8210.294357917468,-6989.975957222305,23.242361665621956
63,83,103,9404.153919807573,8175.929153360823,8207.638435632263,-6979.413669185513,24.24171891931701
64,84,104,9410.003084592907,8181.011893209016,8203.160180187248,-6974.168988803358,18.07830656691567
65,85,105,9413.267946749536,8185.3346434689265,8208.86520061781,-6980.931897337203,16.681957605533626
66,86,106,9404.72036366666,8192.144200559222,8198.323874848067,-6985.747711740631,2.9031119238456995
67,87,107,9408.41392800362,8209.799923710892,8187.014012867312,-6988.400008574585,28.311361621831566
68,88,108,9403.315686721358,8192.124755429284,8180.889502960768,-6969.698571668694,31.7879659576588
69,89,109,9418.864947243208,8206.196195085588,8184.607407235653,-6971.938655078033,33.089389563912846
70,90,110,9396.876634995704,8185.49770464527,8187.369644906026,-6975.990714555592,28.293665822704497
71,91,111,9396.22065919769,8187.697600277355,8185.215968303904,-6976.69290938357,27.794956707485653
72,92,112,9403.701208281625,8188.841166097784,8203.712543857719,-6988.852501673875,25.303879527034496
73,93,113,9404.84993007666,8191.165258682889,8214.675269107507,-7000.990597713735,25.988484939613954
74,94,114,9396.63278154499,8187.655357461625,8217.220171262887,-7008.242747179522,17.863896761194155
75,95,115,9402.381245735709,8198.87301030694,8211.866608061562,-7008.358372632792,15.654808223751388
76,96,116,9433.167838865185,8217.871887465137,8192.599369361844,-6977.303417961797,29.667707987534868
77,97,117,9425.714852059344,8223.064360622722,8174.160701017478,-6971.510209580858,30.511041571837268
78,98,118,9414.791956274505,8216.936412221341,8181.278811303329,-6983.423267250164,23.30998158285638
79,99,119,9422.638762357848,8228.813102588712,8177.159291617372,-6983.333631848236,26.632418140726713
80,100,120,9422.608457386374,8224.245296099023,8174.253561472877,-6975.890400185526,27.44659298656734
81,101,121,9405.049009155553,8212.2428809048,8176.327056010572,-6983.520927759821,22.04456580725582
82,102,122,9397.18210035636,8210.294357917468,8174.955012441698,-6988.067270002808,19.282228586905603
83,103,123,9403.106626719167,8207.638435632263,8167.210607679899,-6971.742416592995,24.015582621339945
84,104,124,9401.837083470451,8203.160180187248,8176.850966979255,-6978.174063696051,31.748075958532354
85,105,125,9398.705364324875,8208.86520061781,8172.92252549886,-6983.082361791796,26.129695468329828
86,106,126,9384.937860678336,8198.323874848067,8173.544677361659,-6986.93069153139,38.15935834660377
87,107,127,9367.152424948727,8187.014012867312,8154.785366690606,-6974.64695460919,14.305856530845631
88,108,128,9357.922172499177,8180.889502960768,8141.709730268647,-6964.677060730239,15.986566567736645
89,109,129,9354.262445458131,8184.607407235653,8139.0495710034465,-6969.394532780969,7.381683515750865
90,110,130,9340.298581367602,8187.369644906026,8107.072045991628,-6954.143109530052,7.355364140297297
91,111,131,9326.678634205302,8185.215968303904,8107.512653173099,-6966.049987271701,2.2360016693264697
92,112,132,9334.461772381452,8203.712543857719,8086.130232831152,-6955.381004307419,4.127558249990216
93,113,133,9333.305271137973,8214.675269107507,8078.1779747680575,-6959.547972737591,10.406224287168243
94,114,134,9336.861408416684,8217.220171262887,8065.7958916690895,-6946.154654515292,13.803664494033
95,115,135,9325.078821629046,8211.866608061562,8048.432302917295,-6935.220089349812,11.65117814928044
96,116,136,9283.286252646041,8192.599369361844,8022.26482071558,-6931.577937431382,5.678467563248887
97,117,137,9272.352141442741,8174.160701017478,8039.171143811243,-6940.9797033859795,6.598778540966123
98,118,138,9291.711304542585,8181.278811303329,8056.915296813431,-6946.482803574176,8.412541524627613
99,119,139,9293.873754585966,8177.159291617372,8063.838465514189,-6947.124002545595,8.518104635897544
100,120,140,9298.320107170252,8174.253561472877,8066.03554437065,-6941.968998673276,13.333022935884856
101,121,141,9307.345244344784,8176.327056010572,8069.631626447198,-6938.613438112987,12.22033320134642
102,122,142,9320.188634520984,8174.955012441698,8081.97792859023,-6936.744306510944,11.280359114791281
103,123,143,9321.191850721312,8167.210607679899,8086.120729579392,-6932.139486537979,4.721615644445137
104,124,144,9332.213371861995,8176.850966979255,8098.879255101484,-6943.516850218744,2.627037134880993
105,125,145,9334.77574627718,8172.92252549886,8105.6342862554775,-6943.7810654771565,1.4248123313523138
106,126,146,9350.38743202217,8173.544677361659,8110.418760313287,-6933.576005652776,1.8400228844557205
107,127,147,9386.668915194687,8154.785366690606,8146.763019893233,-6914.879471389153,9.35317555105712
108,128,148,9391.79123292974,8141.709730268647,8154.335347085666,-6904.253844424573,5.868598303607996
109,129,149,9388.936001975106,8139.0495710034465,8170.612272435004,-6920.725841463345,-8.456399225256519
110,130,150,9387.150004488303,8107.072045991628,8187.5112333903235,-6907.433274893649,-6.502135460055342
111,131,151,9398.055678583485,8107.512653173099,8194.294338799911,-6903.751313389526,-12.328214525058229
112,132,152,9414.716415972822,8086.130232831152,8225.236023928686,-6896.649840787017,-9.524190329842895
113,133,153,9406.442165713055,8078.1779747680575,8230.860926343925,-6902.596735398927,-4.64402022170907
114,134,154,9391.616981408744,8065.7958916690895,8212.336539617483,-6886.515449877828,-6.663500067806126
115,135,155,9378.223133363299,8048.432302917295,8217.511244972713,-6887.72041452671,-6.2829828917115265
116,136,156,9391.817993735942,8022.26482071558,8235.665187047767,-6866.112014027405,5.758797017650068
117,137,157,9413.620181252914,8039.171143811243,8238.494558974711,-6864.04552153304,4.014432253061841
118,138,158,9429.233147574789,8056.915296813431,8231.215761571708,-6858.89791081035,-0.9318310600456243
119,139,159,9430.737264665466,8063.838465514189,8209.136419405455,-6842.237620254178,8.700649916469501
120,140,160,9430.814015855858,8066.03554437065,8219.795577726554,-6855.0171062413465,12.039055217247551
121,141,161,9425.871371396586,8069.631626447198,8220.564772232625,-6864.325027283236,5.967971671360829
122,142,162,9429.284361035498,8081.97792859023,8216.776688552267,-6869.470256106999,5.090183929501109
123,143,163,9391.329099764747,8086.120729579392,8190.145790360186,-6884.937420174831,20.27802089283523
124,144,164,9445.433954503922,8098.879255101484,8222.01460028346,-6875.459900881022,19.536662113139755
125,145,165,9445.4292848129,8105.6342862554775,8213.721834194006,-6873.926835636583,22.419166900433993
126,146,166,9453.920811093227,8110.418760313287,8229.995493041419,-6886.493442261479,23.567807248237386
127,147,167,9456.047172236327,8146.763019893233,8214.777081372597,-6905.492929029502,18.844893616434092
128,148,168,9468.163881266379,8154.335347085666,8207.1989576229,-6893.3704234421875,12.144270844352377
129,149,169,9476.310055604084,8170.612272435004,8211.729743365158,-6906.031960196078,10.827990961281102
130,150,170,9464.580396091025,8187.5112333903235,8207.548281297735,-6930.479118597033,23.395558156626066
131,151,171,9490.290514897004,8194.294338799911,8225.837010769648,-6929.840834672554,32.63290417400094
132,152,172,9488.815833966444,8225.236023928686,8206.337931566612,-6942.758121528852,31.57353743617523
133,153,173,9476.41430857522,8230.860926343925,8195.181831681237,-6949.628449449943,29.43906855249179
134,154,174,9466.003344706362,8212.336539617483,8199.323638613725,-6945.656833524845,29.826630150768324
135,155,175,9463.759419362566,8217.511244972713,8195.41932995122,-6949.171155561369,29.291416739463784
136,156,176,9472.465013649711,8235.665187047767,8195.127861351217,-6958.328034749273,25.4368208079577
137,157,177,9468.088717352392,8238.494558974711,8193.830344971204,-6964.236186593524,26.013840153412275
138,158,178,9452.51483522656,8231.215761571708,8189.169035760451,-6967.8699621056,42.06447190710196
139,159,179,9437.37819132181,8209.136419405455,8202.977361925667,-6974.735590009312,38.69510184150204
140,160,180,9442.68624203629,8219.795577726554,8215.116054233531,-6992.225389923797,25.151579343725643
141,161,181,9435.678251149711,8220.564772232625,8204.635535203352,-6989.522056286263,20.695681159837477
142,162,182,9458.637252758883,8216.776688552267,8233.35572073394,-6991.495156527322,30.32926473435964
143,163,183,9451.783230664947,8190.145790360186,8240.439104398825,-6978.801664094066,18.93184892789168
144,164,184,9439.82105174124,8222.01460028346,8196.985288063595,-6979.178836605814,43.64823013355135
145,165,185,9446.781960742735,8213.721834194006,8213.955540664712,-6980.895414115983,41.27846022679023
146,166,186,9448.092067896798,8229.995493041419,8218.077956644422,-6999.9813817890445,32.4463733607804
147,167,187,9436.091178294566,8214.777081372597,8216.52809556821,-6995.213998646239,31.33101237894607
148,168,188,9430.013617304867,8207.1989576229,8221.603007370879,-6998.788347688911,35.06331857789746
149,169,189,9434.996659150525,8211.729743365158,8222.775763515623,-6999.508847730256,31.625486328659463
150,170,190,9453.761442131683,8207.548281297735,8219.150486447588,-6972.937325613639,31.8521516696469
151,171,191,9450.504323486712,8225.837010769648,8190.260022635208,-6965.592709918143,36.58053077746263
152,172,192,9435.70436912974,8206.337931566612,8167.8676422353965,-6938.501204672268,36.316380455126364
153,173,193,9417.947631953204,8195.181831681237,8174.657413039944,-6951.891612767977,32.77272416744381
154,174,194,9428.823844668714,8199.323638613725,8191.3280727497395,-6961.827866694752,33.04462660484887
155,175,195,9433.436805119994,8195.41932995122,8200.813363000065,-6962.795887831291,36.676082170146856
156,176,196,9425.499105943363,8195.127861351217,8193.905659260588,-6963.53441466844,30.286866201712655
157,177,197,9422.942641531592,8193.830344971204,8191.449205922214,-6962.336909361826,31.031387599246045
158,178,198,9407.35615420721,8189.169035760451,8182.925213905947,-6964.73809545919,27.028053607487436
159,179,199,9412.700287872463,8202.977361925667,8183.213181489477,-6973.490255542682,22.444393618616687
160,180,200,9411.43566687466,8215.116054233531,8164.212040199714,-6967.892427558583,27.1653206743631
161,181,201,9410.444890485784,8204.635535203352,8172.756909439085,-6966.947554156652,31.467938748160122
162,182,202,9428.132724975583,8233.35572073394,8138.795533727351,-6944.018529485707,39.26090108738617
163,183,203,9437.2740789655,8240.439104398825,8137.663939051998,-6940.828964485323,44.52521932436912
164,184,204,9373.95312724384,8196.985288063595,8130.518479669151,-6953.550640488906,32.58001185798821
165,185,205,9376.72865993543,8213.955540664712,8116.3308028404135,-6953.557683569696,36.01765631847002
166,186,206,9379.121312494877,8218.077956644422,8111.013276168056,-6949.969920317601,34.87142810610612
167,187,207,9425.418943501503,8216.52809556821,8165.235621098216,-6956.344773164923,41.84182501865507
168,188,208,9423.375062248397,8221.603007370879,8158.244208748469,-6956.472153870951,39.3135914205036
169,189,209,9435.720190632597,8222.775763515623,8158.475550720269,-6945.531123603294,45.58748874469893
