Left,Mid,Right,Loss_likeli,Loss_AIC,Loss_BIC,Loss_eBIC
0,20,40,157.9215081829127,18.921508182912703,-11.465642717732862,-1084.1926793352845
1,21,41,134.24880824484558,11.248808244845577,-24.342280898006948,-576.6501899172445
2,22,42,152.385962698228,19.385962698228013,-18.411199090154696,-739.9545726967622
3,23,43,171.6213562098569,44.62135620985691,9.464817651856492,-780.8011725428264
4,24,44,146.34093778470856,20.340937784708558,-6.3465420600757625,-801.3197969748708
5,25,45,157.03054192124728,17.030541921247277,-6.229856130015605,-1007.289590680029
6,26,46,153.06004598571462,18.060045985714623,-0.9781534302635464,-954.1612966936245
7,27,47,148.93803845635034,19.93803845635034,5.044775561809729,-958.8946979196544
8,28,48,149.28413982862253,28.28413982862253,11.710609653882557,-880.3853201458933
9,29,49,155.74605769875848,44.74605769875848,36.61692479458816,-934.1777559439975
10,30,50,139.49304154436072,33.49304154436072,29.239533685195283,-963.7895821802795
11,31,51,108.19102309524442,34.19102309524442,48.2952467449029,-642.6302319687989
12,32,52,150.93219439850918,54.93219439850918,52.88475918487393,-740.3170181459714
13,33,53,130.73870454290454,33.73870454290454,32.57969755361228,-785.6158049811738
14,34,54,86.95583688173383,-21.04416311826617,-21.441372987065733,-711.4881866359833
15,35,55,140.11329926332087,5.113299263320869,-8.726296298457783,-928.3596246853799
16,36,56,182.3133053188128,51.31330531881281,39.46517430414224,-877.8758266839118
17,37,57,173.87350194656688,20.873501946566876,-3.313978438317463,-944.2757437336663
18,38,58,163.32598168844174,10.325981688441743,-13.514925106162764,-889.914208834608
19,39,59,124.5752836967431,-13.4247163032569,-24.603758347505845,-738.3897405994344
20,40,60,118.5107051497971,-11.489294850202896,-21.799838957256725,-843.6844080567444
21,41,61,134.65219768369047,1.6521976836904742,-13.7401646418366,-655.0437288778498
22,42,62,178.3522302496449,49.35223024964489,26.02318225844897,-747.0787356489977
23,43,63,207.48900387755634,35.48900387755634,-5.160045157866307,-940.1089859046497
24,44,64,152.48192617568657,19.481926175686567,-9.304322265417113,-803.7345910812624
25,45,65,257.2270033696907,101.22700336969069,60.42738415486156,-1080.8323203093191
26,46,66,280.1461563702676,120.14615637026759,77.38057535246548,-1084.5443530326183
27,47,67,316.8827039864509,150.8827039864509,106.7434777596261,-1276.212544510554
28,48,68,322.69558643362166,157.69558643362166,102.23384031697515,-1265.3464604654441
29,49,69,363.8305709217382,187.83057092173817,124.46628216858517,-1338.1434286458289
30,50,70,383.73436145392566,210.73436145392566,155.25402864148668,-1257.7331165825694
31,51,71,421.7090871550531,236.85369206586756,185.1468698144622,-1277.4866661231881
32,52,72,433.08329470669173,251.12254427298126,195.4408556699052,-1298.4420524604511
33,53,73,435.97892711983786,257.97892711983786,193.43231014258777,-1315.6755568750991
34,54,74,381.20981711807826,226.20981711807826,161.51721516772295,-1038.412217259312
35,55,75,391.41881208881955,216.41881208881955,143.925952075346,-1102.640723422849
36,56,76,380.78716353556365,206.78716353556365,138.93399411121027,-1185.7899442331366
37,57,77,382.6515873332021,190.6515873332021,113.34552068546441,-1227.2878772909935
38,58,78,375.98051449668355,184.98051449668355,108.90918611794154,-1104.763714524855
39,59,79,353.4371506386726,156.43715063867262,79.26994580162159,-927.143485079383
40,60,80,393.21126363513827,187.21126363513827,99.90007743139608,-1170.4718345114989
41,61,81,445.00708751476736,182.00708751476736,73.5243601412169,-1533.901669549483
42,62,82,412.2173380643035,184.21733806430348,92.191421476507,-1374.3745709390973
43,63,83,424.3597801277306,150.35978012773057,39.635178991806924,-1541.5071593604634
44,64,84,392.02549272640954,151.02549272640954,52.52731636051203,-1583.0960579673438
45,65,85,403.20685390527956,179.20685390527956,87.22365787561648,-1347.8709836831686
46,66,86,425.77767396128775,212.77767396128775,129.0690969025461,-1334.778109115237
47,67,87,399.68051706453866,188.68051706453866,111.74010697434983,-1379.8953694237234
48,68,88,373.2688670532111,181.26886705321112,110.97844088246597,-1283.6508789111417
49,69,89,361.93557776264356,168.93557776264356,106.46505162184098,-1435.6950421938786
50,70,90,319.3602359425604,152.3602359425604,113.73004356198248,-1159.9177053593248
51,71,91,330.43284179738544,150.5774467082001,112.45031002963901,-1317.5959060752184
52,72,92,282.1190973398179,117.15834690610745,85.5361941908393,-1118.8413707017448
53,73,93,228.47690658756164,84.47690658756164,56.26585931640784,-1124.975433740472
54,74,94,237.61470192754405,108.61470192754405,80.7801972627085,-955.6395952467387
55,75,95,227.78861479041984,96.78861479041984,72.54145765641192,-1032.257376908834
56,76,96,217.2993366338926,75.29933663389261,54.22293312132092,-1267.263725959649
57,77,97,195.76192642093542,52.761926420935424,33.81551232270772,-1021.2333942924743
58,78,98,153.22999311150807,21.229993111508065,9.536699420885952,-945.8264755452537
59,79,99,121.9815314150162,-36.01846858498379,-59.79995108479534,-1028.4203769121614
60,80,100,96.4748764797248,-56.5251235202752,-79.32630954403976,-981.8033876032191
61,81,101,98.7024407592121,-54.297559240787905,-76.00775735776847,-965.0195979134874
62,82,102,107.09738499569039,-55.90261500430961,-84.0290359861242,-998.0870682866516
63,83,103,106.54318751616938,-66.45681248383062,-101.17984787838373,-1066.2266543715136
64,84,104,88.79487546098471,-70.20512453901529,-91.44006866300765,-1000.415948325839
65,85,105,84.86190296166797,-76.13809703833203,-106.13427102563287,-874.8398861118008
66,86,106,104.28000170068071,-31.719998299319286,-50.21634308123453,-1008.1631327755563
67,87,107,82.56793355647847,-40.432066443521535,-53.14929862789609,-867.9522473186053
68,88,108,72.41812723914359,-19.581872760856413,-17.633238814994456,-677.4978404596204
69,89,109,117.67543101171918,1.6754310117191835,-2.3179659311488194,-870.2164445256867
70,90,110,143.6869946341401,32.68699463414009,26.45816194497411,-847.4938937182415
71,91,111,146.57453076171487,51.57453076171487,51.30179244840201,-786.8363763153047
72,92,112,122.90880165217663,19.908801652176635,16.7556519974637,-772.1974545427311
73,93,113,91.02778204328274,-10.972217956717259,-13.421624093645505,-808.0891610817639
74,94,114,111.93803869324006,-0.06196130675994027,-14.23413779218663,-799.3364750683513
75,95,115,106.46481881313548,-11.53518118686452,-24.535671409593533,-1034.6255882975292
76,96,116,133.05143810972186,0.05143810972185747,-18.33760262298233,-1217.6605406299673
77,97,117,164.26340863852215,19.26340863852215,-9.25890881886562,-1015.1463742356968
78,98,118,180.16709589151606,46.167095891516055,22.08158516783533,-1156.8313055838694
79,99,119,205.56466066933967,62.56466066933967,34.34492830494605,-1194.8899161812328
80,100,120,156.1600973491063,25.16009734910631,1.875037855196524,-1087.5404542252181
81,101,121,186.2844406865172,65.2844406865172,34.84796690057851,-939.9340724966173
82,102,122,176.79519880588578,51.795198805885775,21.446702014518678,-965.6656107908534
83,103,123,143.8680740372199,22.868074037219912,4.421517817986796,-1030.6600258948106
84,104,124,150.67044847158672,18.670448471586724,-9.959768416174484,-779.7606488585893
85,105,125,155.50432002100797,26.50432002100797,-4.526063119057426,-728.622906262794
86,106,126,169.34216449476912,58.34216449476912,31.45139622973352,-738.828355282435
87,107,127,136.4155327479923,41.4155327479923,21.78151165026202,-547.4889281150618
88,108,128,134.14856802338772,61.148568023387725,55.9211262345741,-505.3532161612661
89,109,129,156.73020043811448,60.73020043811448,47.22999051271586,-533.5547794084241
90,110,130,184.42907113608567,104.42907113608567,92.14652608964798,-532.2407847740699
91,111,131,175.64351681311996,101.64351681311996,91.67503312080476,-394.098382851701
92,112,132,148.47549944940647,75.47549944940647,70.00067003336858,-386.6740113774913
93,113,133,173.76288987881344,101.76288987881344,92.06875806727703,-270.0329420380226
94,114,134,191.08417698826042,89.08417698826042,72.92947656576416,-343.56396907264434
95,115,135,179.49923771340377,78.49923771340377,52.821482808805285,-511.0871888731499
96,116,136,172.24964139283497,71.24964139283497,46.75981715187436,-521.5259785059548
97,117,137,185.0001707386591,67.00017073865911,29.046382015771997,-499.99582000482724
98,118,138,197.57479516085277,81.57479516085277,47.042753843479204,-704.5800018149737
99,119,139,159.66199899045455,67.66199899045455,40.57328828208961,-407.9863058333335
100,120,140,209.70027004583017,71.70027004583017,33.127696536600524,-738.1008336226419
101,121,141,223.57112987958294,76.57112987958294,30.070974224922793,-857.9148159618599
102,122,142,209.93062824649087,83.93062824649087,53.41374908704961,-784.9733667895357
103,123,143,183.93604087502376,64.93604087502376,36.484468798665375,-659.8529273178174
104,124,144,225.64200370488015,111.64200370488015,79.14323171814385,-578.7442310840443
105,125,145,212.531349928194,87.531349928194,54.16559511644755,-553.3762278184265
106,126,146,219.35185940822907,91.35185940822907,70.40512820885283,-556.5685861596435
107,127,147,277.8300999948299,134.83009999482988,93.72262760482977,-765.6976323122931
108,128,148,265.3021971116766,146.3021971116766,109.6720809939709,-716.3937849237104
109,129,149,264.78208457525466,120.78208457525466,82.87500051576671,-853.1312754174523
110,130,150,274.49638269431375,130.49638269431375,92.47098454758475,-812.1357763329088
111,131,151,303.2511929220891,142.2511929220891,107.57498872980932,-830.1329845642595
112,132,152,343.22283626250965,166.22283626250965,125.96068414735464,-1025.3454604385397
113,133,153,342.3667916770057,180.36679167700572,134.21169353525102,-783.1925136528862
114,134,154,347.2176859041733,187.21768590417332,140.51967630822628,-711.9993664728654
115,135,155,354.59406121344114,213.59406121344114,167.92231687920935,-617.2053417662514
116,136,156,362.89941732049965,211.89941732049965,167.68515815612864,-685.1389165296946
117,137,157,388.9703831111797,209.97038311117967,154.7061080579051,-834.461575037079
118,138,158,391.54084533881587,228.54084533881587,165.7570653290038,-854.2594632138903
119,139,159,415.9217103334263,244.9217103334263,174.68926532659884,-735.5171048413763
120,140,160,478.1561701382759,259.1561701382759,172.69188906876298,-1069.814733920542
121,141,161,492.9575872484306,254.95758724843063,155.1804205706244,-1430.1594029105531
122,142,162,429.6456062382631,212.6456062382631,131.9708783681956,-1157.4469426595365
123,143,163,380.4785859201529,186.4785859201529,135.2883912316454,-890.5499707456356
124,144,164,338.48911471454403,158.48911471454403,90.70306751821363,-832.8769698252836
125,145,165,325.7620567402091,145.76205674020912,89.9288826756881,-753.0165764971948
126,146,166,291.03498444303455,125.03498444303455,76.89823536516019,-677.780041808634
127,147,167,267.6454436696497,106.6454436696497,49.70753433837763,-717.9456119532415
128,148,168,236.1870599935928,99.18705999359281,46.719344564317,-572.9035491949146
129,149,169,196.2997756875434,75.29977568754339,35.38325741539916,-542.9338608899532
130,150,170,192.18836511272025,74.18836511272025,42.522588306873786,-539.1852610719332
131,151,171,237.29882338982088,92.29882338982088,57.82188993058071,-615.3602916039688
132,152,172,228.97391100914206,76.97391100914206,30.02584919864944,-738.199659431024
133,153,173,192.8878024779865,58.8878024779865,16.968895638148524,-555.767502045418
134,154,174,132.873636402383,41.873636402383,9.579972634149271,-443.8899005890505
135,155,175,132.63445807739254,51.63445807739254,30.636078095580842,-315.67857310872546
136,156,176,153.46640538310498,64.46640538310498,46.11960654219047,-413.25790923632303
137,157,177,125.82728287958525,40.827282879585255,29.93640955138835,-330.9923199460891
138,158,178,127.07474919918718,61.07474919918718,42.77167496366428,-302.7824857324167
139,159,179,144.40808904102414,70.40808904102414,50.326070996339695,-317.4420684766674
140,160,180,140.4323265328319,81.4323265328319,71.52641402348036,-206.9746973881147
141,161,181,155.46311604585753,70.46311604585753,42.700585211571706,-497.4151216466287
142,162,182,182.5108173413778,87.51081734137779,57.11649430605189,-459.8756779325706
143,163,183,168.45388583783574,82.45388583783574,75.97605771211579,-307.1648730414163
144,164,184,189.95619300688872,97.95619300688872,75.36780069419865,-445.66012099652926
145,165,185,180.08270817337916,92.08270817337916,79.65138196723206,-358.50628925246156
146,166,186,164.0764328662408,87.0764328662408,69.23715418060374,-333.37604034027663
147,167,187,154.19357082222518,88.19357082222518,72.51515831040365,-252.08723548438684
148,168,188,159.15178267504257,79.15178267504257,57.431699808221765,-310.06321355723185
149,169,189,141.46339888735974,87.46339888735974,73.74842393204085,-215.76120935919312
150,170,190,138.9723234177727,91.97232341777271,83.4752793712928,-178.43156172983458
151,171,191,169.6168337249137,108.6168337249137,92.8030901732759,-236.36092461542944
152,172,192,165.13865182466566,120.13865182466566,108.73942395230915,-80.96147719259693
153,173,193,167.76845836731354,120.76845836731354,113.3241356430417,-98.45247380085402
154,174,194,140.8736930422731,99.87369304227309,93.0972679758163,-49.42197693323055
155,175,195,159.69595625884835,106.69595625884835,88.6268171763868,-129.51196802485947
156,176,196,213.6959740836437,146.6959740836437,123.73615062798422,-271.2397466447169
157,177,197,163.11743879952655,120.11743879952655,108.75982903623503,-163.7858479852173
158,178,198,192.131006113088,110.131006113088,84.8431246583259,-385.9316731293293
159,179,199,197.4084023647174,98.4084023647174,63.80028935892801,-587.1752051930994
160,180,200,184.11997312613266,84.11997312613266,46.81000869851232,-703.5251983236276
161,181,201,184.3589054805252,76.35890548052521,35.75915913924882,-749.6007394638389
162,182,202,176.11166904395031,69.11166904395031,28.930642874220666,-682.6247662168914
163,183,203,179.20487393371354,79.20487393371354,43.67112135392381,-683.6382521014414
164,184,204,174.47273836816794,83.47273836816794,52.07006334499761,-578.406434007735
165,185,205,157.94331864001333,70.94331864001333,40.90866347595352,-476.2708305258234
166,186,206,143.12985971177886,66.12985971177886,45.17141871362196,-339.53243414622784
167,187,207,149.40768759003754,74.40768759003754,53.2087590763831,-351.6554387794474
168,188,208,147.21306681229498,61.21306681229498,31.363812460408326,-343.52502443833146
169,189,209,141.46886930688197,49.46886930688197,15.795260383197501,-453.9195952702587
