Left,Mid,Right,Loss,Loss_left,Loss_right,gain,glasso
0,20,40,9402.218730817345,8170.697570049277,8192.135925552991,-6960.614764784923,30.310836037398076
1,21,41,9397.170427705785,8150.385548973782,8187.160622135714,-6940.375743403711,29.716202718499517
2,22,42,9398.605161326124,8150.5761008731915,8187.7370229493445,-6939.707962496412,36.569024491807795
3,23,43,9405.791358475206,8194.297615745372,8194.493109717803,-6982.99936698797,21.162841528712306
4,24,44,9376.6513483756,8164.348246982214,8189.273351458303,-6976.970250064916,17.91942995080899
5,25,45,9382.565387908675,8164.079987788494,8202.486616499064,-6984.0012163788815,16.33468990538904
6,26,46,9384.10561625019,8173.08444184914,8199.118473507046,-6988.097299105995,13.339186759656513
7,27,47,9395.136106181244,8187.832038378163,8188.084169108894,-6980.780101305812,12.694977115124402
8,28,48,9409.977181748713,8180.108471537829,8199.288875968667,-6969.420165757783,14.868159797715634
9,29,49,9411.755680574559,8181.759209909439,8205.706975358806,-6975.710504693685,11.931166935460169
10,30,50,9390.752068876323,8193.481333772388,8194.930477692775,-6997.659742588841,72.16980680314146
11,31,51,9391.2334110506,8201.461621468035,8189.27750638945,-6999.505716806887,77.23868165388103
12,32,52,9395.452410069014,8203.583714469962,8193.149978869857,-7001.281283270804,32.07251801630355
13,33,53,9394.006459763606,8191.327069806562,8193.055198916209,-6990.375808959163,15.471454528737013
14,34,54,9396.00347487501,8186.597016472282,8193.360847965207,-6983.954389562479,13.70732646632132
15,35,55,9388.697611200003,8171.899405220274,8184.19763214802,-6967.399426168291,19.55618648026848
16,36,56,9396.5337329735,8171.17211659142,8189.809213803232,-6964.447597421151,19.63524339793048
17,37,57,9404.329150126181,8155.58322205664,8195.526689311593,-6946.780761242051,26.330387683329718
18,38,58,9418.563305915248,8184.387833615002,8183.429327226606,-6949.253854926361,32.04493584696593
19,39,59,9418.978072607102,8196.053971553389,8197.937713281157,-6975.013612227443,32.38960845786096
20,40,60,9417.142283074814,8192.135925552991,8195.343017344729,-6970.336659822906,30.790118569997503
21,41,61,9414.8823786487,8187.160622135714,8206.638089216653,-6978.916332703668,28.358745886066572
22,42,62,9459.420907614905,8187.7370229493445,8231.638827959894,-6959.954943294331,34.20066964073749
23,43,63,9475.655075729252,8194.493109717803,8247.035324350578,-6965.873358339128,30.88182071699748
24,44,64,9483.034777469753,8189.273351458303,8253.868304673639,-6960.106878662189,29.87204075164209
25,45,65,9508.870817873663,8202.486616499064,8270.643641073018,-6964.2594396984205,26.399189369481974
26,46,66,9515.042264456859,8199.118473507046,8272.512763527568,-6956.588972577754,31.94579660798263
27,47,67,9521.386630840356,8188.084169108894,8269.432834780973,-6936.130373049509,32.27762185698839
28,48,68,9527.084273168366,8199.288875968667,8274.102991219857,-6946.30759402016,32.626004469152576
29,49,69,9515.888122908638,8205.706975358806,8250.170169467925,-6939.989021918091,36.176867945073354
30,50,70,9537.235675621796,8194.930477692775,8262.569094621927,-6920.263896692904,-22.04195505778398
31,51,71,9536.22464704219,8189.27750638945,8284.835495558142,-6937.888354905399,-25.881252597074763
32,52,72,9529.932061754924,8193.149978869857,8262.165807447713,-6925.3837245626455,22.824737191210716
33,53,73,9538.594612592278,8193.055198916209,8250.855853709782,-6905.316440033712,52.9245478899652
34,54,74,9550.975239575724,8193.360847965207,8266.428603244216,-6908.814211633697,51.136942751736115
35,55,75,9546.073403177117,8184.19763214802,8255.153499103739,-6893.277728074641,49.76243104637706
36,56,76,9554.99042627783,8189.809213803232,8238.913392973906,-6873.732180499308,55.607821231626076
37,57,77,9560.119981227517,8195.526689311593,8218.572432212144,-6853.97914029622,55.840426290205414
38,58,78,9545.34621466517,8183.429327226606,8209.250962607575,-6847.334075169012,57.47929847770092
39,59,79,9561.218753767005,8197.937713281157,8194.459071749461,-6831.178031263613,63.93185028909011
40,60,80,9559.477636991736,8195.343017344729,8188.3014613663245,-6824.166841719316,60.086306220302504
41,61,81,9554.570534876555,8206.638089216653,8172.858081523854,-6824.92563586395,64.13824705064508
42,62,82,9547.518755342835,8231.638827959894,8153.511125657073,-6837.63119827413,61.01035025448391
43,63,83,9539.573142103945,8247.035324350578,8148.421881824613,-6855.884064071244,41.288151255916546
44,64,84,9546.758741880054,8253.868304673639,8150.923510379006,-6858.033073172592,56.22207423319833
45,65,85,9539.429389590563,8270.643641073018,8144.442485045396,-6875.6567365278515,50.084500225979355
46,66,86,9534.108836394185,8272.512763527568,8142.519748527074,-6880.923675660455,41.52385995048871
47,67,87,9516.621577860025,8269.432834780973,8145.111508029586,-6897.922764950532,30.819933523375767
48,68,88,9519.925869346549,8274.102991219857,8150.87971261742,-6905.05683449073,30.525210273947778
49,69,89,9496.166811035033,8250.170169467925,8167.335261862192,-6921.338620295082,22.705587547878167
50,70,90,9492.916787930088,8262.569094621927,8162.940126209519,-6932.592432901358,17.723283922102837
51,71,91,9488.057571802055,8284.835495558142,8157.110957267256,-6953.88888102334,12.621707399398474
52,72,92,9472.127865532017,8262.165807447713,8163.133204087377,-6953.171146003075,17.04106145771766
53,73,93,9451.528394671135,8250.855853709782,8156.084691864196,-6955.412150902841,14.579809694367214
54,74,94,9457.172064407454,8266.428603244216,8144.890807765799,-6954.147346602562,18.44514630810636
55,75,95,9448.625522396374,8255.153499103739,8148.127655790667,-6954.65563249803,21.126706773421574
56,76,96,9415.76129187493,8238.913392973906,8146.026299277865,-6969.178400376841,10.954805779995695
57,77,97,9386.536278661892,8218.572432212144,8133.062488756722,-6965.098642306975,6.667524675253844
58,78,98,9378.920697194339,8209.250962607575,8127.637388828103,-6957.96765424134,16.216316682957768
59,79,99,9346.49881387204,8194.459071749461,8123.462016672274,-6971.422274549695,16.215174983386987
60,80,100,9330.139182961018,8188.3014613663245,8126.9337522699225,-6985.096030675228,18.964885656987917
61,81,101,9309.02151098778,8172.858081523854,8112.384895800118,-6976.22146633619,12.742289528464426
62,82,102,9284.074562972048,8153.511125657073,8105.385193103899,-6974.821755788924,11.943570158942293
63,83,103,9283.91380598204,8148.421881824613,8112.885328419695,-6977.393404262268,28.603354065214717
64,84,104,9307.84743552992,8150.923510379006,8097.89313333519,-6940.969208184275,13.543969943617412
65,85,105,9302.647569508921,8144.442485045396,8111.856162345959,-6953.651077882434,14.224046533922774
66,86,106,9298.505785114648,8142.519748527074,8099.710192469829,-6943.724155882253,16.37240414985854
67,87,107,9298.258011489084,8145.111508029586,8100.495962295778,-6947.349458836279,12.22143298199444
68,88,108,9290.571164012747,8150.87971261742,8086.910289723996,-6947.21883832867,13.327705289746518
69,89,109,9288.692864604924,8167.335261862192,8072.822275578322,-6951.464672835591,7.026852903058625
70,90,110,9273.958674068304,8162.940126209519,8065.9594228361275,-6954.940874977343,4.2708915356106445
71,91,111,9250.413421550076,8157.110957267256,8048.735837414187,-6955.433373131365,0.5699774139447982
72,92,112,9263.159307159462,8163.133204087377,8042.40005320885,-6942.373950136765,7.121303023982364
73,93,113,9244.848205585211,8156.084691864196,8053.013080211038,-6964.249566490023,21.03662142428675
74,94,114,9237.843925635134,8144.890807765799,8062.985498290353,-6970.032380421017,5.124106235999989
75,95,115,9252.062028883423,8148.127655790667,8059.236270565978,-6955.30189747322,8.018240610350858
76,96,116,9250.314892802642,8146.026299277865,8071.6689700428105,-6967.380376518035,5.14833466199434
77,97,117,9239.826879705004,8133.062488756722,8062.901079532954,-6956.136688584673,4.998208879674621
78,98,118,9212.029764273724,8127.637388828103,8023.142609601536,-6938.750234155916,-9.01124171508809
79,99,119,9224.956240066356,8123.462016672274,8046.41860170466,-6944.924378310578,-6.335108625199609
80,100,120,9212.621037048651,8126.9337522699225,8040.314819179411,-6954.627534400683,-14.816900903488659
81,101,121,9207.322571264727,8112.384895800118,8034.165068310189,-6939.22739284558,-22.90950729879387
82,102,122,9209.053665745942,8105.385193103899,8052.661517404334,-6948.99304476229,-19.258627018050447
83,103,123,9219.948889688558,8112.885328419695,8040.2548668248055,-6933.1913055559435,-13.870489383449694
84,104,124,9197.667863852894,8097.89313333519,8049.577189094256,-6949.802458576552,-1.3718574434001312
85,105,125,9231.247551440694,8111.856162345959,8054.45852950674,-6935.067140412004,-3.7981004236321496
86,106,126,9224.72682484239,8099.710192469829,8058.969372599466,-6933.952740226905,-2.672416736820651
87,107,127,9222.539566271711,8100.495962295778,8071.108738111306,-6949.065134135371,-6.188257790252919
88,108,128,9216.982623829648,8086.910289723996,8086.738467489591,-6956.66613338394,-11.050893488764359
89,109,129,9206.704254396504,8072.822275578322,8094.578800695702,-6960.69682187752,-13.529817654436101
90,110,130,9195.861481521093,8065.9594228361275,8088.781660182698,-6958.879601497732,-16.012649140354824
91,111,131,9207.215342642266,8048.735837414187,8088.594874960567,-6930.115369732488,-5.999569716854694
92,112,132,9184.527042157431,8042.40005320885,8072.11583328705,-6929.98884433847,-6.36795991587951
93,113,133,9187.942656285597,8053.013080211038,8067.873955524567,-6932.944379450008,-26.09403753708193
94,114,134,9181.508303884642,8062.985498290353,8054.179571963878,-6935.656766369588,-14.351766892657906
95,115,135,9186.901942920578,8059.236270565978,8065.693684844909,-6938.028012490309,-8.201777402342032
96,116,136,9208.605182585245,8071.6689700428105,8085.241420212571,-6948.305207670137,-7.098687438975958
97,117,137,9235.142806562832,8062.901079532954,8116.433606237112,-6944.191879207236,-8.638414589491276
98,118,138,9208.377005559307,8023.142609601536,8125.84232919849,-6940.607933240719,-15.22579089600822
99,119,139,9219.000541756914,8046.41860170466,8105.884240958678,-6933.302300906425,-17.10425945192219
100,120,140,9216.37351901428,8040.314819179411,8113.23076155283,-6937.17206171796,-21.22373120348493
101,121,141,9243.727436208816,8034.165068310189,8136.899986482666,-6927.337618584039,-22.370639362469774
102,122,142,9288.719045253087,8052.661517404334,8172.996520623072,-6936.93899277432,-6.876443832310542
103,123,143,9318.828861850154,8040.2548668248055,8204.187402564443,-6925.613407539095,-4.066272807806399
104,124,144,9334.938319390467,8049.577189094256,8217.238619886759,-6931.877489590548,7.040744322445789
105,125,145,9329.565776158955,8054.45852950674,8210.992564537068,-6935.885317884853,7.893272947091191
106,126,146,9342.096179751967,8058.969372599466,8216.899977507934,-6933.773170355433,9.870129486634141
107,127,147,9365.68322163648,8071.108738111306,8233.171476555977,-6938.596993030804,10.115087371426853
108,128,148,9390.619085656033,8086.738467489591,8232.096446623082,-6928.215828456639,15.880813807028971
109,129,149,9399.3799325221,8094.578800695702,8236.880814842594,-6932.079683016196,17.203748456120593
110,130,150,9405.242334284087,8088.781660182698,8242.618182688126,-6926.157508586737,19.62074657779658
111,131,151,9422.468133375394,8088.594874960567,8253.38428669177,-6919.511028276942,26.99693968989004
112,132,152,9406.658835817678,8072.11583328705,8249.876105229518,-6915.333102698889,23.295934456027226
113,133,153,9400.936465476578,8067.873955524567,8245.908909777543,-6912.846399825532,17.466221499755648
114,134,154,9416.586112039153,8054.179571963878,8257.220073245213,-6894.813533169938,18.25813534140707
115,135,155,9435.949140713426,8065.693684844909,8256.738882119644,-6886.483426251125,15.408396570174318
116,136,156,9423.12992626328,8085.241420212571,8230.87101047308,-6892.982504422371,4.2031656419626415
117,137,157,9449.994264695366,8116.433606237112,8215.325737519097,-6881.765079060844,13.82517728260882
118,138,158,9505.934406225932,8125.84232919849,8235.661226141527,-6855.569149114084,29.855647342341854
119,139,159,9500.262665882923,8105.884240958678,8238.60611987636,-6844.227694952115,36.091388046938846
120,140,160,9516.399129334468,8113.23076155283,8232.124510914724,-6828.956143133086,40.00614471793506
121,141,161,9534.10454418691,8136.899986482666,8235.651636260432,-6838.447078556188,44.34234504514643
122,142,162,9525.63803725487,8172.996520623072,8223.883710084674,-6871.242193452876,35.754978680570275
123,143,163,9538.835129576937,8204.187402564443,8192.535889300276,-6857.888162287783,41.60028097688246
124,144,164,9545.691443117445,8217.238619886759,8164.078133976562,-6835.625310745876,49.64707546935415
125,145,165,9542.108915578887,8210.992564537068,8170.395738511903,-6839.279387470084,47.34506649040077
126,146,166,9551.763501165287,8216.899977507934,8171.451992006192,-6836.588468348838,53.564291544111256
127,147,167,9546.46355570302,8233.171476555977,8159.653402268501,-6846.361323121459,50.126604782978575
128,148,168,9528.880214592242,8232.096446623082,8153.4505203844565,-6856.666752415298,52.45887672212302
129,149,169,9517.124957218308,8236.880814842594,8153.019093880814,-6872.7749515051,45.99191946756173
130,150,170,9517.390895927654,8242.618182688126,8162.256845044592,-6887.484131805066,50.829630952551724
131,151,171,9508.77109290906,8253.38428669177,8148.6787881085575,-6893.291981891267,47.02225087832767
132,152,172,9507.870981402528,8249.876105229518,8159.730394097811,-6901.735517924801,46.51443678349824
133,153,173,9506.892822522777,8245.908909777543,8156.870078868611,-6895.886166123377,49.07529284063139
134,154,174,9512.817011704448,8257.220073245213,8145.332336918975,-6889.735398459738,50.81730375267398
135,155,175,9477.807446193576,8256.738882119644,8142.463940666073,-6921.39537659214,40.494297061398356
136,156,176,9451.703965700815,8230.87101047308,8148.944463801266,-6928.111508573531,38.36331516324117
137,157,177,9416.938352522433,8215.325737519097,8140.643803977944,-6939.031188974608,33.30321749164705
138,158,178,9420.278359350199,8235.661226141527,8145.862828268832,-6961.245695060159,26.66386019178617
139,159,179,9420.55832969868,8238.60611987636,8153.415128958477,-6971.462919136156,33.177651810843145
140,160,180,9415.418395046609,8232.124510914724,8166.747402453863,-6983.45351832198,28.17194324430693
141,161,181,9407.085827353028,8235.651636260432,8161.598301273265,-6990.164110180671,24.702020786965477
142,162,182,9394.153281038642,8223.883710084674,8163.561484826444,-6993.291913872476,15.907404150473212
143,163,183,9362.400660223175,8192.535889300276,8147.182934884681,-6977.318163961783,21.965205980759492
144,164,184,9330.83416041538,8164.078133976562,8132.797336574542,-6966.041310135724,20.318227545875743
145,165,185,9339.442305457591,8170.395738511903,8135.843980335902,-6966.797413390215,29.065618209680906
146,166,186,9332.757478078,8171.451992006192,8126.487160227267,-6965.181674155459,25.60164095322216
147,167,187,9359.694231501255,8159.653402268501,8171.116736343609,-6971.075907110855,33.694150810697465
148,168,188,9361.05649972367,8153.4505203844565,8178.025140981087,-6970.419161641874,32.099497774560405
149,169,189,9366.433522536641,8153.019093880814,8185.857272340281,-6972.442843684454,24.901478147680336
150,170,190,9385.600171414611,8162.256845044592,8182.233952051198,-6958.890625681179,24.286348934429952
151,171,191,9378.63405645435,8148.6787881085575,8193.500719220187,-6963.545450874393,24.97091872632609
152,172,192,9398.302467307334,8159.730394097811,8203.00796546412,-6964.435892254596,27.253977035505613
153,173,193,9395.17262070341,8156.870078868611,8198.31003670262,-6960.007494867821,26.063822174988218
154,174,194,9375.113223702001,8145.332336918975,8188.299578208216,-6958.51869142519,25.926246012376396
155,175,195,9360.758074441997,8142.463940666073,8179.591235409074,-6961.29710163315,26.506201912358392
156,176,196,9373.390707227849,8148.944463801266,8182.152033690478,-6957.705790263895,17.629516231495018
157,177,197,9391.56338267451,8140.643803977944,8211.562507201663,-6960.642928505096,22.508493681310938
158,178,198,9387.429739871339,8145.862828268832,8212.16260939799,-6970.595697795485,17.598257808462222
159,179,199,9374.82300518774,8153.415128958477,8201.590685860718,-6980.182809631455,12.716930432178287
160,180,200,9376.873376303209,8166.747402453863,8195.474498126583,-6985.3485242772385,10.862617008803682
161,181,201,9364.72621453705,8161.598301273265,8198.573608732773,-6995.445695468989,5.523958827535807
162,182,202,9360.926533489812,8163.561484826444,8198.862425988711,-7001.497377325344,3.645772138825123
163,183,203,9365.120997344482,8147.182934884681,8197.542478953656,-6979.604416493854,15.190118639091907
164,184,204,9367.452908224433,8132.797336574542,8214.891170602554,-6980.235598952662,15.575380351773674
165,185,205,9360.62017390375,8135.843980335902,8206.72350901418,-6981.947315446334,10.817043477779862
166,186,206,9381.520341444273,8126.487160227267,8222.037474288181,-6967.004293071175,16.53738110572158
167,187,207,9399.04759285044,8171.116736343609,8193.818835488222,-6965.887978981391,16.79402026778962
168,188,208,9405.493142917847,8178.025140981087,8194.318534763073,-6966.850532826313,19.725831374345944
169,189,209,9413.77694688493,8185.857272340281,8186.363642152091,-6958.4439676074435,18.83448028746625
