Left,Mid,Right,Loss_likeli,Loss_AIC,Loss_BIC,Loss_eBIC
0,20,40,96.32946015075322,-57.67053984924678,-74.38469379446883,-1091.3921557820981
1,21,41,103.11298041740633,-76.88701958259367,-106.36574627610071,-1167.1501988733594
2,22,42,96.48294119888055,-85.51705880111945,-114.2436343390566,-1076.8612391864767
3,23,43,114.67914215261885,-50.32085784738115,-77.71014315134971,-1236.7000510359544
4,24,44,106.11819023378712,-73.88180976621288,-110.47195507323613,-1267.6511872506699
5,25,45,128.19714144611635,-50.80285855388365,-82.73625464077054,-1471.0490534880782
6,26,46,116.32970362906053,-50.67029637093947,-82.17447626098192,-1377.140844625349
7,27,47,122.48596432164345,-36.51403567835655,-65.76815442558268,-1354.9147055448784
8,28,48,101.65647103747187,-70.34352896252813,-103.29731876561527,-1302.9074774385163
9,29,49,72.43526755439598,-77.56473244560402,-100.42981229629004,-1086.4392431367783
10,30,50,77.21307376071263,-61.78692623928737,-81.08372225097378,-1010.9877656170079
11,31,51,85.69241664973174,-64.30758335026826,-90.8137748179015,-1058.9980841666247
12,32,52,93.65543073955723,-38.34456926044277,-61.087774120289396,-831.2021539637681
13,33,53,100.6141929466919,3.614192946691901,-8.63516893155952,-669.7761775831705
14,34,54,123.79279719393003,24.792797193930028,8.651272263427245,-644.6319349413275
15,35,55,119.68147047017396,20.681470470173963,5.676330428957954,-538.5915147700271
16,36,56,171.35379533910373,86.35379533910373,81.73853805273052,-488.93524428582487
17,37,57,198.76048548099902,73.76048548099902,47.038952795011255,-788.6175343064078
18,38,58,208.13902643353958,63.139026433539584,34.103269663846504,-867.1073815693853
19,39,59,211.73115265693173,78.73115265693173,51.67777216722857,-896.8414630505395
20,40,60,204.83347241060756,62.833472410607556,33.050603000696356,-945.1243439529799
21,41,61,231.94256196911988,81.94256196911988,54.36534137046192,-1006.3967857807074
22,42,62,242.5333621213365,94.5333621213365,59.318842399418145,-1043.199026468054
23,43,63,205.2751240362595,94.27512403625951,69.51045879865069,-820.9661761535922
24,44,64,227.45417514575502,119.45417514575502,94.67156313995133,-685.9928236924084
25,45,65,231.7566012631687,126.7566012631687,100.50768446652842,-662.7670266555033
26,46,66,230.36908508917895,121.36908508917895,86.85637082644485,-715.4348030803326
27,47,67,228.5160716377677,115.51607163776771,78.81841519836257,-656.6962527092469
28,48,68,241.11468181086002,129.11468181086002,89.98920682527546,-570.760407666719
29,49,69,186.12746037775878,89.12746037775878,58.50969821466879,-510.7084701036306
30,50,70,176.28167998579738,81.28167998579738,50.73976596110765,-482.89091604253736
31,51,71,167.28823118684318,58.28823118684318,28.62259933469818,-569.0289608806661
32,52,72,193.25097524406533,71.25097524406533,27.839986071270687,-709.5536530753766
33,53,73,201.5326056205622,81.53260562056221,39.11734872132138,-679.661362212606
34,54,74,204.2523095296449,78.25230952964489,32.72601375328463,-798.7528131702347
35,55,75,224.69246409297398,79.69246409297398,28.615685329376902,-759.5948841796212
36,56,76,244.4743920638532,93.4743920638532,41.763622026121084,-815.7348224186103
37,57,77,266.4306103037911,127.43061030379113,69.47880038332733,-698.4008266966475
38,58,78,279.28377286106115,130.28377286106115,75.78904537869812,-745.909551198396
39,59,79,347.8425662128436,176.84256621284362,101.75809094209671,-1089.1809195415997
40,60,80,389.8609859603357,200.8609859603357,119.87521386686444,-1278.957371814901
41,61,81,359.5507700867747,184.55077008677472,113.84847331613764,-1216.2475317379171
42,62,82,371.8664382640129,193.8664382640129,120.14893029974655,-1359.8783518684866
43,63,83,364.96865151199177,184.96865151199177,112.33485281585126,-1454.5786000910418
44,64,84,335.62819944812077,164.62819944812077,95.65679798500764,-1300.9786401567176
45,65,85,344.310164823115,175.31016482311497,108.53347551574757,-1188.366581559955
46,66,86,325.2855098806515,176.2855098806515,117.35269347319809,-947.6119314676394
47,67,87,319.1117256049931,158.11172560499313,94.05075869749248,-992.4242346617116
48,68,88,281.428887060797,157.42888706079702,111.28929766304827,-786.7533743412816
49,69,89,239.7691833426436,129.7691833426436,87.82713113753312,-617.2486372602041
50,70,90,243.71520551437197,139.71520551437197,101.9199075364495,-477.7960254647742
51,71,91,223.6113448379408,125.6113448379408,98.30307817782318,-557.225229755913
52,72,92,184.45365389596327,92.45365389596327,71.25669422235774,-564.5484589991634
53,73,93,170.88806420290553,56.888064202905525,25.084623110486064,-574.8682097833735
54,74,94,166.5406975447604,65.5406975447604,40.20951623044198,-691.1984206010798
55,75,95,148.18546258011338,55.18546258011338,35.570078311410725,-592.7012572373569
56,76,96,145.41153381849813,34.41153381849813,15.593175049699084,-602.1135613886795
57,77,97,129.00505321764945,35.00505321764945,18.835166668197417,-500.20843129771265
58,78,98,131.57803688041463,40.57803688041463,26.40008195852306,-560.2059054719548
59,79,99,176.11784002138484,55.117840021384836,33.69227958272518,-840.8083844879502
60,80,100,168.77262738627974,70.77262738627974,64.53299055392722,-822.8088822031259
61,81,101,156.32346508297633,46.32346508297633,39.18974588427227,-770.7948132463785
62,82,102,154.742231981739,49.742231981738996,44.946869488510856,-822.8884201119645
63,83,103,174.6722336783855,55.67223367838551,40.44100936747941,-974.57031944768
64,84,104,165.3389929498221,39.338992949822114,23.842869907395425,-954.3208369663962
65,85,105,187.14896604668252,60.14896604668252,39.201944690160644,-988.4145154635694
66,86,106,157.6336737441286,40.6336737441286,18.773562720617292,-810.8336745928391
67,87,107,144.7744873043655,-13.225512695634507,-40.59547094496361,-1043.6785604607735
68,88,108,132.27645397606875,-29.72354602393125,-64.28357267456818,-1040.4110271774216
69,89,109,135.08133812573533,-39.91866187426467,-83.0303898446823,-1153.4393914322645
70,90,110,106.3753078608504,-54.6246921391496,-92.49916214608902,-954.0954411149196
71,91,111,131.14397626782647,-27.856023732173526,-61.72510511606629,-1016.5026175616808
72,92,112,115.09488042314433,-7.905119576855668,-41.76334076830835,-790.1936117940645
73,93,113,123.70734422764417,1.707344227644171,-32.346158007591384,-731.5317473288837
74,94,114,116.02917918957678,11.02917918957678,-7.282553324570472,-792.5250615946425
75,95,115,119.00936812607756,36.00936812607756,21.71921881542471,-511.0567620879315
76,96,116,89.79114597579064,13.791145975790641,6.879755072305215,-385.6318247422282
77,97,117,101.95750915373446,14.957509153734463,0.19324402004167496,-482.61851620674724
78,98,118,127.23766776236494,25.237667762364936,8.072960068268912,-732.0288971275504
79,99,119,159.3127955673865,50.3127955673865,32.782187228371185,-695.6697196516257
80,100,120,180.14725269166274,69.14725269166274,44.03601386377386,-579.8066609034131
81,101,121,168.12937311257247,79.12937311257247,72.40020866806594,-458.5229866085874
82,102,122,171.38833088880438,88.38833088880438,73.75160798787147,-472.5312998532313
83,103,123,152.6403758797187,82.6403758797187,74.82248634716689,-397.0847588347906
84,104,124,126.01615960406457,26.01615960406457,14.453642770560236,-615.0393362508612
85,105,125,115.53665587406158,9.53665587406158,-5.114059693502895,-693.5934445537587
86,106,126,147.29297957415542,30.292979574155424,7.739721370084226,-760.813555295425
87,107,127,135.75367670522814,-1.2463232947718552,-32.37060987326299,-845.602648611979
88,108,128,159.29015206950544,12.290152069505439,-25.19909023787568,-1000.6797935589748
89,109,129,182.24025258677102,23.24025258677102,-18.49051541053427,-1075.2403935502894
90,110,130,155.17820436519514,-5.821795634804857,-47.16200154454418,-913.0569077711211
91,111,131,183.74713743284838,9.747137432848376,-30.20364164157968,-1063.0371559803557
92,112,132,171.98927213982984,15.989272139829836,-26.673912579104126,-975.1205315623315
93,113,133,177.68277766817664,32.68277766817664,-6.929894678170058,-898.8734779314627
94,114,134,202.2022730687372,33.20227306873721,-17.319465789417336,-1069.013436546118
95,115,135,160.1806205311509,19.180620531150907,-5.270790837449113,-941.8276899285884
96,116,136,161.6382189667006,31.638218966700606,7.464731248447833,-900.3011873852829
97,117,137,175.9098713557412,23.90987135574119,-12.949539323005183,-960.7504351138691
98,118,138,164.44913680938316,-7.5508631906168375,-52.634728653503316,-1140.9037817769577
99,119,139,110.2952288114036,-5.704771188596396,-26.027295304490735,-976.448769879451
100,120,140,88.67645719473671,-22.323542805263287,-41.889604188672365,-711.1463057485953
101,121,141,87.88414639436519,5.884146394365189,-0.9766649739112836,-622.7800395336894
102,122,142,82.59541178817676,11.595411788176762,7.785112792487553,-513.127901061664
103,123,143,93.63043646526035,27.630436465260345,23.536879431216676,-507.10594219663244
104,124,144,143.2531881514774,49.25318815147739,30.872805697397553,-622.572026649379
105,125,145,146.15736574925154,38.15736574925154,10.727415838613979,-663.6297305211851
106,126,146,148.44880909359335,34.448809093593354,3.338515181733783,-698.6993026236623
107,127,147,167.63604963279545,84.63604963279545,60.98841338458351,-380.4471753573548
108,128,148,162.45762625507518,87.45762625507518,67.09977192051906,-431.88498961027517
109,129,149,176.7276891125216,96.7276891125216,71.10791537184082,-378.4682792379913
110,130,150,186.8741428993203,96.8741428993203,66.6222813811496,-407.5247926586512
111,131,151,208.5809186114675,110.5809186114675,77.73242236020087,-558.7826189363368
112,132,152,229.4219111157986,104.4219111157986,58.21927087470726,-621.4857601228327
113,133,153,266.4530443543538,113.45304435435378,57.27305441899375,-794.4297150676716
114,134,154,292.71287602812254,133.71287602812254,72.22741338485866,-804.4673677192509
115,135,155,330.64992543046765,143.64992543046765,75.65264194488236,-1022.8555228056443
116,136,156,339.4645837483599,154.46458374835993,79.68802795861438,-1000.122439830549
117,137,157,369.94047318794674,170.94047318794674,88.50064430276348,-1059.27920374297
118,138,158,391.2783321192346,181.27833211923462,94.75547861319069,-1123.542011815317
119,139,159,396.08059440670104,209.08059440670104,129.84257044060178,-1202.8175761743005
120,140,160,447.34457987376754,224.34457987376754,127.83427099084884,-1394.048709793546
121,141,161,413.4440311494525,202.44403114945248,109.1777783590253,-1330.2988252016994
122,142,162,371.5989669094729,183.5989669094729,101.0904880843566,-1061.3609386236499
123,143,163,346.8853589727248,162.88535897272482,88.57054247056703,-1025.4492612967479
124,144,164,362.72202974825404,167.72202974825404,86.94926293230264,-1129.4163104095564
125,145,165,299.0440491604204,144.0440491604204,78.31172643922514,-912.9042084099167
126,146,166,300.84175040232526,126.84175040232526,58.23486929768683,-1334.2805780124218
127,147,167,317.0980456274906,124.09804562749059,48.111149465768904,-1342.0635395466802
128,148,168,314.55073927766034,129.55073927766034,62.745376064354105,-1342.061506320967
129,149,169,292.1816454389491,121.18164543894909,60.999834550241076,-1136.304578714734
130,150,170,286.3668710790239,114.3668710790239,56.45978277577865,-1236.4357038945518
131,151,171,257.032414652592,89.03241465259202,28.96445431275515,-1064.0367977306496
132,152,172,258.8880922635235,85.8880922635235,22.719349262735932,-955.3715521755616
133,153,173,269.5392966101797,75.53929661017969,13.143287243707391,-1004.9726133996128
134,154,174,238.65730832545682,63.657308325456825,3.910048021600687,-967.0910057458691
135,155,175,186.28701669180214,38.28701669180214,3.9160297419982726,-806.7125677107447
136,156,176,185.423623757722,35.423623757722,-5.985232091949911,-808.1968075674858
137,157,177,175.64011549113002,36.64011549113002,0.014639965444985137,-767.479554724543
138,158,178,154.84612833795268,13.846128337952678,-22.035002987319785,-675.5131425926256
139,159,179,118.86643137181409,-25.133568628185913,-61.47578611551626,-787.7977260587782
140,160,180,156.5992027146483,5.5992027146483,-30.45801941044897,-913.4501887034871
141,161,181,138.60987153895712,4.6098715389571225,-21.555080726403503,-843.8931006262214
142,162,182,111.63361053783251,1.63361053783251,-13.622275215720038,-648.4871132563844
143,163,183,95.02437673792565,-3.9756232620743504,-9.632225276909367,-570.8835624671092
144,164,184,110.02897583097479,-15.971024169025213,-34.658762902592116,-599.6054029205052
145,165,185,125.71134548921577,10.711345489215773,-10.846180441301385,-596.2617428289914
146,166,186,226.4177637576979,74.41776375769791,34.43919076643169,-1117.1831879276042
147,167,187,212.5979025121144,51.59790251211439,16.909334029225192,-1174.9610291979616
148,168,188,196.47435263395187,37.47435263395187,-2.1769738216733003,-1141.432654052076
149,169,189,164.9204149723273,24.920414972327308,-8.39061719705478,-1009.6910675762706
150,170,190,231.05251967182994,73.05251967182994,26.621013957102377,-1039.376548874256
151,171,191,238.8973454803654,101.8973454803654,64.88785436677449,-834.3661620535358
152,172,192,218.95226613564478,82.95226613564478,47.47381543001097,-788.4617632168279
153,173,193,250.24195557931898,112.24195557931898,75.06160039483643,-724.3958837911371
154,174,194,207.6743907972732,78.67439079727319,40.44267842403906,-722.6640227507828
155,175,195,213.47802838522352,92.47802838522352,57.43762841783132,-593.0925853529006
156,176,196,215.24444576308997,98.24444576308997,63.561111899219895,-694.7481699148061
157,177,197,207.18795304125,90.18795304125001,60.321612322765986,-601.118880855993
158,178,198,183.0178945272994,85.0178945272994,58.603456547215046,-422.95072812325134
159,179,199,125.85247133840971,30.852471338409714,9.201634025313297,-480.0060052741701
160,180,200,140.12852966198102,53.12852966198102,35.807195033380594,-366.6444075630061
161,181,201,95.5569889815647,-1.4430110184352998,-19.237550341166298,-388.05675720795625
162,182,202,96.80135700090545,4.801357000905455,-10.750002863417421,-358.16459415435975
163,183,203,118.4629632888541,27.462963288854098,8.239729506854701,-410.10083252308095
164,184,204,142.04150953700423,27.04150953700423,-2.4808315475786458,-562.1582979558784
165,185,205,135.6436086992162,17.643608699216202,-6.793810002751798,-789.0892691323702
166,186,206,156.70422529306825,23.704225293068248,-14.439510085594293,-783.2983353875661
167,187,207,212.63387257956333,72.63387257956333,27.952651142472405,-939.8183556418255
168,188,208,183.7341822883791,61.73418228837909,26.987532872583415,-860.122845028952
169,189,209,199.86334282955477,65.86334282955477,23.756005411315527,-958.3074607553767
