Left,Mid,Right,Loss_likeli,Loss_AIC,Loss_BIC,Loss_eBIC
0,20,40,115.9699454879626,-26.030054512037395,-42.54816146415487,-771.9943834201158
1,21,41,117.49618616470343,-33.50381383529657,-53.922973224387306,-907.5168375733397
2,22,42,88.36967229608308,-26.63032770391692,-28.779732578755784,-934.7158233169835
3,23,43,94.31232104408286,-75.68767895591714,-104.18000058265079,-1111.8154613136635
4,24,44,112.40161683380029,-68.59838316619971,-100.1412171655204,-1274.6034016368403
5,25,45,59.57375509661051,-96.42624490338949,-115.86899907356542,-925.6766391015667
6,26,46,59.33065728978818,-69.66934271021182,-75.66971118740912,-726.880630332801
7,27,47,38.59411229982197,-77.40588770017803,-73.03769547237562,-631.2362793563075
8,28,48,76.63435792545283,-94.36564207454717,-111.22575417825874,-1052.2756803375614
9,29,49,62.64604125748724,-85.35395874251276,-89.72342892951337,-1157.2061338993353
10,30,50,60.39697269737803,-98.60302730262197,-109.43273193279879,-1009.7977598073053
11,31,51,81.62859167575084,-82.37140832424916,-98.86561978304144,-1132.0100183358672
12,32,52,99.93048073819409,-87.06951926180591,-114.32150468590908,-1304.5857073611387
13,33,53,112.69401606805013,-121.30598393194987,-167.45222111093244,-1559.3881444104854
14,34,54,108.17418597478513,-111.82581402521487,-160.01283863659842,-1400.4969661493028
15,35,55,112.00976273911442,-112.99023726088558,-163.3200189658744,-1523.7871397920226
16,36,56,109.95116252807748,-110.04883747192252,-161.35502439582615,-1552.535895643453
17,37,57,112.9875198310931,-94.0124801689069,-138.15326013414938,-1534.3150549473985
18,38,58,69.5012219348555,-140.4987780651445,-174.56407984680686,-1359.1619410205549
19,39,59,98.18109178567784,-99.81890821432216,-137.71306823231112,-1394.9209047517193
20,40,60,60.407783303329325,-104.59221669667068,-102.01800322537042,-1056.6763786354804
21,41,61,84.48694300707666,-71.51305699292334,-85.75720730889952,-978.6412455476384
22,42,62,117.13210342731963,-38.867896572680365,-59.00379792341619,-1099.4898920137134
23,43,63,153.5589107469466,-20.880269310817084,-35.67160864886364,-1210.3151813814475
24,44,64,193.2922157815342,19.292215781534196,-7.031280032203767,-1356.6682667644163
25,45,65,204.9153622069423,45.91536220694229,15.27494909859638,-1101.7928451628513
26,46,66,189.54407104065353,61.544071040653535,40.675837754147096,-913.6863242672052
27,47,67,225.13992448278555,80.13992448278555,56.88182761222197,-1008.6232333258522
28,48,68,299.3352736170277,113.33527361702772,70.99748455664417,-1142.412403770768
29,49,69,292.29295859450394,106.29295859450394,47.654069001419884,-1230.306838544544
30,50,70,282.58860528731816,86.58860528731816,33.36826203486385,-1321.4207044205923
31,51,71,343.75573248667274,133.75573248667274,71.48582177766048,-1627.6742972410161
32,52,72,327.0126703553851,105.01267035538513,36.65052010160434,-1536.6946641022455
33,53,73,353.1413500550191,102.14135005501907,11.141161571430303,-1647.0169004347863
34,54,74,357.63137802745246,119.63137802745246,35.450022912245004,-1569.4343469835903
35,55,75,360.616378793904,114.616378793904,25.412373813640897,-1631.0580336181201
36,56,76,373.72194263720917,109.72194263720917,6.704316931040012,-1762.5648894859441
37,57,77,395.26220207667257,127.26220207667257,21.906538233115725,-1765.9181809501874
38,58,78,420.0303054225685,119.03030542256852,0.8429430828423392,-1883.8541819999182
39,59,79,451.57055072963226,133.57055072963226,0.5819480898467191,-2211.518376018281
40,60,80,465.26222371388576,182.26222371388576,84.84597580218383,-1863.6127827855912
41,61,81,450.12949032960773,188.12949032960773,82.988434584473,-1874.7225608449457
42,62,82,422.99818427429886,156.99818427429886,51.25195834317583,-1846.6195355980713
43,63,83,416.8212280192074,143.38204796144373,50.536353089236854,-1742.6024010612468
44,64,84,416.0842924369831,149.0842924369831,45.9607699583471,-1762.0687753343295
45,65,85,386.415551047839,136.41555104783902,40.02147766626831,-1724.5245032575835
46,66,86,367.6071673332249,130.60716733322488,42.64830229766676,-1667.6490187845047
47,67,87,372.04928214856545,126.04928214856545,53.5464262343653,-1967.4122283920588
48,68,88,360.7808906933724,119.78089069337238,41.049550762974604,-1606.9299750201994
49,69,89,343.2312027200942,114.23120272009419,35.91693719699947,-1667.2878726946715
50,70,90,285.04165783809526,72.04165783809526,2.039824093712241,-1503.6362769724437
51,71,91,249.30020368757778,41.30020368757778,-26.5588729632002,-1440.2321706990092
52,72,92,233.33908179749255,40.339081797492554,-12.891803309195438,-1197.9346442001583
53,73,93,238.3181602779673,57.31816027796731,2.9014693201681894,-1273.43608576699
54,74,94,204.65236351285785,29.652363512857846,-15.538805999239685,-1162.4810802794113
55,75,95,210.4068757752284,10.4068757752284,-40.99262253125448,-1470.0898063600407
56,76,96,155.81636383099067,-24.183636169009333,-54.18888326071328,-1383.8155076241792
57,77,97,141.72129713945856,-66.27870286054144,-106.41189228892154,-1572.3982264169608
58,78,98,97.71646397761629,-98.28353602238371,-131.10158805720084,-1217.049738311467
59,79,99,98.01517077542462,-106.98482922457538,-146.3175674231843,-1437.6771862982987
60,80,100,68.96080672944026,-103.03919327055974,-123.16976023328812,-1346.872787795939
61,81,101,70.9699693725463,-88.0300306274537,-103.76777935376072,-1194.794357705564
62,82,102,74.59672329595514,-87.40327670404486,-105.32777102124305,-1154.1835514062855
63,83,103,66.920041695902,-105.079958304098,-127.63654039878634,-970.8222141062824
64,84,104,73.72944683685637,-96.27055316314363,-114.36566708147802,-1008.9178649754572
65,85,105,82.04966317925255,-86.95033682074745,-109.05304127594445,-1121.249752451713
66,86,106,83.98481074770189,-81.01518925229811,-102.51272352150727,-1179.699849483413
67,87,107,70.64231570495849,-63.35768429504151,-67.34192678248382,-1224.7151639747403
68,88,108,124.43016516874468,-30.56983483125532,-46.048986961854325,-1170.3538465577126
69,89,109,111.98365181765121,-78.01634818234879,-107.10850560706308,-1477.2423843202469
70,90,110,105.72805536810438,-43.27194463189562,-54.724179170992784,-1152.2405543414256
71,91,111,116.7023717133543,-40.297628286645704,-59.891675003318824,-1198.8508557938417
72,92,112,76.22497185131351,-75.77502814868649,-91.49344982035427,-1046.9036083055094
73,93,113,68.4859018978791,-75.5140981021209,-82.39756041565329,-1089.4358086922534
74,94,114,80.99599074135403,-72.00400925864597,-82.67511962261142,-1235.4684692054093
75,95,115,82.12675839772919,-80.87324160227081,-94.44357179232634,-1241.9464761323547
76,96,116,108.59528903605428,-42.40471096394572,-49.30750033211734,-1179.6465016112497
77,97,117,105.72887464914743,-60.27112535085257,-77.06792190263923,-1342.2204150938915
78,98,118,112.19818005710181,-43.80181994289819,-61.21068318027528,-1022.7874575451197
79,99,119,136.1067754462963,-36.8932245537037,-64.45312945880846,-1122.7265159638155
80,100,120,134.9158715709466,-28.084128429053408,-53.78453427890804,-1124.3892708710337
81,101,121,100.51617598736948,-32.48382401263052,-42.31116635333092,-716.5947883205181
82,102,122,125.53521209025189,-13.464787909748111,-34.147878282554075,-927.3693477635438
83,103,123,107.14715174191542,-12.852848258084578,-21.65046690016834,-756.2571556933926
84,104,124,89.60667600683155,-38.39332399316845,-47.795359291144905,-882.6624677511704
85,105,125,115.24944035173098,-15.750559648269018,-34.876736058819006,-872.9031159549759
86,106,126,112.03070024509725,-27.96929975490275,-55.388580889525656,-901.8641501540865
87,107,127,135.57950930796642,30.57950930796642,7.415746529899479,-652.3673775427901
88,108,128,143.42300573081366,31.423005730813657,7.645784476045492,-679.3056970662174
89,109,129,161.32251661274722,34.32251661274722,2.6317139575462534,-901.7851757265112
90,110,130,178.21140887588967,62.211408875889674,36.69028090579582,-894.766613766712
91,111,131,154.82294788849572,35.82294788849572,8.461647917790515,-833.0347978549999
92,112,132,130.31651235182426,15.316512351824258,-9.360175891212748,-770.2826050353651
93,113,133,157.50588309521686,38.50588309521686,9.41171517311227,-804.7159919260575
94,114,134,144.77557588442983,34.77557588442983,12.588218325277694,-810.111254309687
95,115,135,185.81910277934844,97.81910277934844,81.38619637509055,-654.0658186622422
96,116,136,183.76801447641355,106.76801447641355,89.22673736138336,-655.4100226230012
97,117,137,154.1640235743364,90.85162417266633,77.96176188976528,-541.0113329055068
98,118,138,148.68395713899736,77.26851817815282,66.76068252992536,-456.5930027996253
99,119,139,151.373105340939,79.60187857612686,76.49269097771685,-433.48156195505567
100,120,140,154.26665734838093,75.26665734838093,59.29648585850396,-466.6470423554724
101,121,141,185.12667971925384,101.12667971925384,86.8033322756553,-443.67950706361194
102,122,142,200.07560611696454,119.07560611696454,101.15671838414596,-504.0898247589744
103,123,143,177.7073121786775,103.70731217867751,86.92953998161397,-408.7514537923728
104,124,144,181.39538645131825,94.39538645131825,70.69644506394866,-487.76278226163413
105,125,145,198.78503238940334,108.78503238940334,75.4140085587128,-494.7884309163976
106,126,146,217.3828303342184,109.3828303342184,66.70364245126189,-578.7309504445805
107,127,147,220.28565597827742,113.28565597827742,71.21786570766608,-502.1902639846378
108,128,148,213.3446393597419,111.3446393597419,71.40509046566581,-514.0469082826098
109,129,149,178.58729357823654,106.58729357823654,81.81004248790691,-390.1550040595928
110,130,150,178.1241969267246,116.12419692672461,96.36314137441036,-248.70236448902529
111,131,151,190.38409751705285,113.38409751705285,90.22545349408779,-281.11556028117434
112,132,152,199.2829830682697,107.28298306826969,73.1115722305326,-316.25911048920034
113,133,153,192.88174474607695,101.88174474607695,64.86880889527743,-351.48483341250744
114,134,154,174.21586029507375,97.21586029507375,62.97663949599996,-241.09627340373004
115,135,155,182.75773233591894,111.75773233591894,78.88555079441608,-195.08797949117843
116,136,156,256.6517244204972,144.6517244204972,90.78709361724805,-540.2194420285232
117,137,157,253.52804286907394,153.21564346740388,108.04179051255505,-472.02688946040394
118,138,158,298.62105141559687,174.2056124547521,118.29788893105138,-596.211196096506
119,139,159,303.6179301741545,161.84670340934235,107.68917492035484,-652.999223476799
120,140,160,306.7160407324684,151.7160407324684,83.69852564606072,-802.2557637604687
121,141,161,291.31199800665354,141.31199800665354,80.02260969929011,-769.9403205371104
122,142,162,297.8118591035079,148.8118591035079,84.5614248197744,-834.0874534743573
123,143,163,250.193395151701,106.193395151701,52.30484426174303,-744.830526495218
124,144,164,282.4803785606757,137.48037856067572,82.45170300311042,-1002.7616194942043
125,145,165,281.3195884088209,135.3195884088209,80.99953272421817,-984.0383046662498
126,146,166,301.59631375087156,130.59631375087156,67.25007214655375,-1086.4668998708307
127,147,167,237.67742503163572,112.67742503163572,69.86491755448651,-835.6860653232552
128,148,168,256.2415192149042,140.2415192149042,105.70947789753086,-833.1576185173512
129,149,169,216.2680285026529,104.2680285026529,72.74592837188266,-702.3617434080697
130,150,170,173.5898202203589,66.58982022035889,40.02060007567843,-677.7507146698445
131,151,171,198.56306956054982,63.56306956054982,36.828061694957114,-718.9402230455489
132,152,172,175.23782501995447,56.23782501995447,38.66136171354856,-613.1504261647237
133,153,173,159.71660937889624,33.71660937889624,9.77683468553937,-751.4513204056975
134,154,174,156.79935462663343,33.79935462663343,8.889635431855368,-737.6134036960188
135,155,175,152.45286353172014,23.45286353172014,-3.984768505131342,-852.4476340508359
136,156,176,155.36341050889337,1.3634105088933666,-33.671496317326955,-996.5568091474338
137,157,177,138.50268821876807,0.5026882187680712,-29.733170135380306,-984.8350179235617
138,158,178,121.03900611677227,-18.96099388322773,-48.45971655953008,-893.1173693001192
139,159,179,106.52993864967334,-43.47006135032666,-73.00416770350876,-1001.8274344044494
140,160,180,90.64845280745112,-80.35154719254888,-111.60322308715877,-1152.5094808695617
141,161,181,94.51980606098982,-93.48019393901018,-129.99759291545752,-1297.8425620161256
142,162,182,87.17308337746135,-110.82691662253865,-146.3280182734286,-1386.2536244001176
143,163,183,99.42174125922816,-104.57825874077184,-129.69143083327276,-1621.9478518629471
144,164,184,77.5420509991252,-44.457949000874805,-43.160945027553225,-1029.6434686914554
145,165,185,67.05919338964941,-59.94080661035059,-61.133133320913885,-901.018312673431
146,166,186,62.183346687906806,-110.8166533120932,-130.79720763412865,-1133.1205271877452
147,167,187,78.1929216428723,-53.80707835712769,-61.99419242521549,-941.0186040151984
148,168,188,89.655181911,-70.344818089,-95.24477270908346,-1127.7935928491434
149,169,189,88.76075000787705,-83.23924999212295,-115.15331902437038,-1188.4396043095903
150,170,190,103.46764524478067,-67.53235475521933,-98.6019840604099,-1208.598012937191
151,171,191,132.84040260725192,-30.159597392748083,-62.09832786764218,-892.1431746459521
152,172,192,163.64032974968814,40.640329749688135,24.45736166251436,-592.1909754521721
153,173,193,153.99336166484636,22.99336166484636,2.827464483456197,-849.9130633438567
154,174,194,125.95933899316401,-1.0406610068359896,-16.442504918878058,-778.3181951877868
155,175,195,137.77180473439466,-2.2281952656053363,-23.062578184908716,-969.4808298699004
156,176,196,146.77731508126294,21.77731508126294,2.172599588575167,-825.8383966463025
157,177,197,131.38133146848395,15.38133146848395,6.495735831828597,-973.351505321099
158,178,198,120.20424335176449,-0.7957566482355105,-13.903550920175576,-863.8374507971139
159,179,199,120.00187105730652,-17.998128942693484,-37.034885640069206,-985.4314465020066
160,180,200,146.96905770178319,2.9690577017831856,-23.50457225684727,-1091.324590351689
161,181,201,151.40950270036456,-5.5904972996354445,-30.83292911935564,-1108.935821878109
162,182,202,192.9771344772803,35.97713447728029,7.664625493415997,-1075.4587754304366
163,183,203,196.39559795804098,29.39559795804098,5.007315245136624,-1492.5257926618315
164,184,204,176.53011515154208,83.53011515154208,65.99417242451932,-637.7643430003054
165,185,205,172.3122126514761,93.3122126514761,84.13269020045095,-564.6906228865291
166,186,206,193.139331757852,83.139331757852,60.31654724548321,-670.253566142565
167,187,207,152.48012609269813,42.48012609269813,36.966685989279995,-643.3174095080371
168,188,208,146.86455053138593,43.86455053138593,33.48002209639208,-560.9143195360753
169,189,209,150.5199322477572,51.5199322477572,51.44463452659056,-636.0454633598301
