Left,Mid,Right,Loss,Loss_left,Loss_right,gain,glasso
0,20,40,9438.739468434853,8217.83196649735,8213.3273269658,-6992.419825028295,25.150790673671054
1,21,41,9459.987278349885,8224.252687022761,8230.407689347154,-6994.673098020032,31.82714346257444
2,22,42,9453.688073408794,8211.530603773193,8233.849654653755,-6991.692185018157,25.018934800854822
3,23,43,9456.844381064908,8212.130527951374,8237.36429425234,-6992.650441138805,28.229648111308506
4,24,44,9453.639460636186,8212.949186006268,8229.885934778138,-6989.19566014822,27.18678972051748
5,25,45,9439.101257906179,8210.741434130498,8219.478278471473,-6991.118454695792,23.303767908885675
6,26,46,9451.272580438386,8215.819916408065,8222.63963703539,-6987.186973005069,22.216018343619908
7,27,47,9414.695463230455,8209.251124813569,8189.724223931373,-6984.2798855144865,22.78468815246788
8,28,48,9412.220836616005,8199.463011111195,8188.259256049428,-6975.501430544617,21.235530898264642
9,29,49,9403.65675230094,8191.176902082598,8183.608373411943,-6971.128523193602,20.81429317375796
10,30,50,9405.424282150983,8188.01856064954,8189.564076700035,-6972.158355198591,10.1615177383851
11,31,51,9402.436369881978,8187.143682610251,8192.081899086665,-6976.7892118149375,11.171397515486206
12,32,52,9370.681992214975,8181.676877522044,8185.236582525445,-6996.231467832515,-1.1299698389502737
13,33,53,9365.495973365712,8220.19358752587,8142.11455009816,-6996.812164258317,13.865091502687392
14,34,54,9382.199856548112,8229.46907072128,8145.559027581426,-6992.828241754592,11.421412639298524
15,35,55,9369.428385132873,8214.40735660443,8133.424327719076,-6978.403299190633,17.709207348781092
16,36,56,9369.23534939812,8215.69845808149,8143.39145451191,-6989.854563195278,8.210804358206587
17,37,57,9389.67718924287,8224.224018764911,8159.335046658949,-6993.881876180991,17.876529631129415
18,38,58,9395.784186741925,8236.329510539254,8151.107416422717,-6991.652740220046,18.757381531211195
19,39,59,9399.405125499543,8224.061672261701,8156.736426920698,-6981.392973682858,23.597371377076342
20,40,60,9399.715947875544,8213.3273269658,8158.830782590036,-6972.442161680292,26.513236836316082
21,41,61,9403.78048928953,8230.407689347154,8137.100356179088,-6963.727556236712,22.895252829333003
22,42,62,9414.792916088454,8233.849654653755,8151.6010201796735,-6970.657758744974,16.786631105875585
23,43,63,9449.262227718868,8237.36429425234,8172.039679237968,-6960.1417457714415,20.704614005660915
24,44,64,9460.716116790485,8229.885934778138,8172.040907020772,-6941.210725008423,27.527357531427697
25,45,65,9501.144816866708,8219.478278471473,8203.332653805168,-6921.666115409931,33.06297312089282
26,46,66,9506.889391455305,8222.63963703539,8190.338490258156,-6906.088735838242,4.496383387378955
27,47,67,9487.108007523946,8189.724223931373,8213.520540809619,-6916.1367572170475,29.44909062310171
28,48,68,9490.226822269917,8188.259256049428,8205.821049731547,-6903.853483511059,35.03492145511382
29,49,69,9518.109574242946,8183.608373411943,8236.177764070111,-6901.676563239107,37.77836981889368
30,50,70,9526.002167839157,8189.564076700035,8225.54109135224,-6889.103000213116,39.58812889598266
31,51,71,9529.463235669222,8192.081899086665,8214.714253404025,-6877.332916821468,46.11468442928526
32,52,72,9564.931117288146,8185.236582525445,8257.749224324325,-6878.054689561624,39.58147121292632
33,53,73,9515.24268032688,8142.11455009816,8247.6242057237,-6874.496075494981,30.525616101120704
34,54,74,9511.305428990461,8145.559027581426,8229.415126276937,-6863.668724867901,26.68613547512996
35,55,75,9498.090968335146,8133.424327719076,8222.518790801194,-6857.852150185125,28.70931917566213
36,56,76,9486.42968828311,8143.39145451191,8205.906663361688,-6862.868429590488,25.772418884914714
37,57,77,9494.671813206121,8159.335046658949,8183.203854989765,-6847.867088442592,30.735901969965653
38,58,78,9479.942784258406,8151.107416422717,8179.75700191913,-6850.921634083441,22.57236342995475
39,59,79,9475.886830059382,8156.736426920698,8170.745664631176,-6851.595261492492,19.96029975054398
40,60,80,9455.622877277172,8158.830782590036,8141.119826092063,-6844.327731404926,20.63388555068923
41,61,81,9431.60626960699,8137.100356179088,8148.038039614579,-6853.5321261866775,14.085427271297704
42,62,82,9402.760690661773,8151.6010201796735,8130.214882603897,-6879.055212121799,23.74654402014994
43,63,83,9389.621175502029,8172.039679237968,8118.493669568619,-6900.9121733045595,14.915431482277654
44,64,84,9393.10489400869,8172.040907020772,8105.796798184576,-6884.732811196658,-1.0086880730700614
45,65,85,9406.095132552417,8203.332653805168,8107.038336490278,-6904.27585774303,-16.96054380687292
46,66,86,9375.24733150934,8190.338490258156,8102.759769073427,-6917.850927822243,18.602040603500882
47,67,87,9397.097782459756,8213.520540809619,8110.189726000773,-6926.612484350635,-14.679804053736461
48,68,88,9408.447753519287,8205.821049731547,8125.358722109599,-6922.732018321858,-8.678828573832561
49,69,89,9424.65267035514,8236.177764070111,8110.714905739082,-6922.239999454052,-5.577107299366162
50,70,90,9405.15182401439,8225.54109135224,8116.035584358462,-6936.424851696311,-4.38188429618549
51,71,91,9400.333878773323,8214.714253404025,8122.175812576968,-6936.5561872076705,0.33399017324245506
52,72,92,9392.364066374495,8257.749224324325,8086.992313619257,-6952.377471569087,-13.332650568429472
53,73,93,9393.94932099308,8247.6242057237,8100.868963015651,-6954.54384774627,-6.922722094690926
54,74,94,9390.14885210021,8229.415126276937,8130.466305561957,-6969.732579738684,-8.194067694681962
55,75,95,9394.1024027613,8222.518790801194,8139.938530796143,-6968.354918836036,-0.49306019696769
56,76,96,9385.365794389207,8205.906663361688,8158.816080044884,-6979.356949017365,-2.3472300535067916
57,77,97,9368.724221648075,8183.203854989765,8152.149488952629,-6966.62912229432,-4.382382139062429
58,78,98,9363.713824110966,8179.75700191913,8149.068719751503,-6965.111897559667,-0.7070043022390564
59,79,99,9343.264506420841,8170.745664631176,8138.032222283952,-6965.513380494287,-4.794684308471915
60,80,100,9321.621433581417,8141.119826092063,8132.494371911037,-6951.992764421682,2.3492176345939697
61,81,101,9328.939899833069,8148.038039614579,8129.494925089626,-6948.593064871136,0.9194541780475447
62,82,102,9322.1423187843,8130.214882603897,8132.348120038739,-6940.420683858338,-15.525997967068179
63,83,103,9306.52598229159,8118.493669568619,8155.116473464377,-6967.084160741406,-19.467048413127486
64,84,104,9303.250650654736,8105.796798184576,8166.094573607384,-6968.640721137224,-28.67002272689615
65,85,105,9295.655050049467,8107.038336490278,8166.345697105706,-6977.728983546516,-24.042947825495048
66,86,106,9301.244362193323,8102.759769073427,8171.865938176859,-6973.381345056963,-13.306544784728885
67,87,107,9309.859903336594,8110.189726000773,8165.795937930128,-6966.1257605943065,-5.489943407322244
68,88,108,9331.001502841289,8125.358722109599,8167.309726071475,-6961.666945339784,2.6510867365036574
69,89,109,9308.831881486152,8110.714905739082,8178.561355082984,-6980.444379335913,-0.04755579468064752
70,90,110,9324.386516591905,8116.035584358462,8181.199748216659,-6972.848815983216,4.706571901395364
71,91,111,9322.963199708278,8122.175812576968,8178.984165148494,-6978.196778017185,0.4988484755499485
72,92,112,9284.389058136156,8086.992313619257,8165.557423994278,-6968.16067947738,-11.737211301690877
73,93,113,9300.75193068989,8100.868963015651,8167.794999245563,-6967.912031571324,-0.8086933942095129
74,94,114,9301.121572536358,8130.466305561957,8153.098653646197,-6982.443386671795,-6.160415222353549
75,95,115,9284.86877250381,8139.938530796143,8128.7215168579905,-6983.791275150323,-2.0608065062051537
76,96,116,9294.55653594666,8158.816080044884,8128.044782572888,-6992.304326671112,-13.666786895211317
77,97,117,9316.017949307869,8152.149488952629,8142.758010276433,-6978.889549921194,-4.221788083997126
78,98,118,9308.797618470844,8149.068719751503,8127.605035143957,-6967.876136424615,6.642716283323352
79,99,119,9323.652939788666,8138.032222283952,8155.171051928948,-6969.550334424235,15.132885023926974
80,100,120,9346.361572231544,8132.494371911037,8162.2735888917205,-6948.406388571213,26.290333941239624
81,101,121,9333.434458422833,8129.494925089626,8146.986398462499,-6943.046865129292,19.09993409516892
82,102,122,9348.737150952835,8132.348120038739,8154.485239542093,-6938.096208627998,13.978384151520459
83,103,123,9347.8018643838,8155.116473464377,8154.82324390109,-6962.137852981667,10.897278292329702
84,104,124,9357.174142710346,8166.094573607384,8174.962196811236,-6983.8826277082735,8.38642150499254
85,105,125,9351.591890300013,8166.345697105706,8177.207197551347,-6991.961004357039,2.1945828635684848
86,106,126,9358.965262062951,8171.865938176859,8181.198586171874,-6994.099262285783,5.38234535012225
87,107,127,9352.513673155565,8165.795937930128,8180.4991068632635,-6993.781371637826,-4.073334394447102
88,108,128,9358.803518565133,8167.309726071475,8185.156912218448,-6993.66311972479,-0.39364498501845446
89,109,129,9349.272973435054,8178.561355082984,8153.06112518977,-6982.3495068377,0.03024370930825171
90,110,130,9353.18258908677,8181.199748216659,8157.1019061400475,-6985.119065269937,0.506288996652529
91,111,131,9351.199468418408,8178.984165148494,8164.761193021896,-6992.545889751982,0.11069986934217013
92,112,132,9334.875442014427,8165.557423994278,8157.269789455634,-6987.951771435486,11.255687484481768
93,113,133,9335.86043232895,8167.794999245563,8160.889373093789,-6992.823940010403,-2.6145966380181562
94,114,134,9335.37903037996,8153.098653646197,8159.916254929957,-6977.635878196195,5.364864805246725
95,115,135,9328.03973435578,8128.7215168579905,8166.26937207854,-6966.951154580751,16.352135303831346
96,116,136,9319.8114155728,8128.044782572888,8142.814148657786,-6951.047515657874,21.59645519814694
97,117,137,9321.233005180857,8142.758010276433,8135.984809005013,-6957.509814100589,13.67587627020066
98,118,138,9344.443824967642,8127.605035143957,8158.837036019309,-6941.998246195624,8.124822501508788
99,119,139,9346.550450561233,8155.171051928948,8118.6545018821935,-6927.275103249907,15.543825124994783
100,120,140,9337.272712704187,8162.2735888917205,8101.3540656184,-6926.354941805934,21.617844998035253
101,121,141,9344.97659939326,8146.986398462499,8126.282752791401,-6928.292551860641,23.289342543675048
102,122,142,9379.942926963962,8154.485239542093,8168.429548895828,-6942.971861473958,26.365178981111967
103,123,143,9373.499066099519,8154.82324390109,8164.909511212447,-6946.233689014018,26.62341135599263
104,124,144,9405.638776965618,8174.962196811236,8173.308141887561,-6942.631561733178,15.073789446496448
105,125,145,9429.534042031675,8177.207197551347,8182.762118450738,-6930.43527397041,14.031753729248521
106,126,146,9434.071908174952,8181.198586171874,8200.303823759734,-6947.430501756655,10.475293206670358
107,127,147,9448.340665735655,8180.4991068632635,8212.8138623974,-6944.972303525008,10.821176318516791
108,128,148,9442.21307319968,8185.156912218448,8179.280118878436,-6922.223957897204,15.361036437565872
109,129,149,9408.619212805279,8153.06112518977,8185.508392979728,-6929.950305364218,7.342413465052687
110,130,150,9395.707859285505,8157.1019061400475,8178.151643215144,-6939.545690069686,10.042536290274711
111,131,151,9406.318754563896,8164.761193021896,8182.720915910613,-6941.163354368613,11.935184157877757
112,132,152,9415.427325680703,8157.269789455634,8172.398014042604,-6914.240477817535,16.24387149270933
113,133,153,9420.339942453062,8160.889373093789,8176.497790915191,-6917.047221555918,12.593793890725465
114,134,154,9427.544704453216,8159.916254929957,8173.111134299043,-6905.482684775785,14.213908050344344
115,135,155,9441.047190264184,8166.26937207854,8186.7097841592695,-6911.931965973625,19.527547362472887
116,136,156,9457.616749466899,8142.814148657786,8225.205304014928,-6910.402703205815,21.293281813595513
117,137,157,9488.632361689764,8135.984809005013,8246.405433229993,-6893.757880545241,38.500439008088506
118,138,158,9499.282570056183,8158.837036019309,8234.353343023997,-6893.907808987124,40.909155704934165
119,139,159,9466.076741507111,8118.6545018821935,8222.08413459617,-6874.661894971252,38.84706397597802
120,140,160,9473.172475665031,8101.3540656184,8220.75007778919,-6848.931667742558,44.70479424439782
121,141,161,9482.178529671179,8126.282752791401,8207.576836624612,-6851.681059744835,40.09475152333653
122,142,162,9458.417600372433,8168.429548895828,8178.05369499569,-6888.065643519085,29.916013734046373
123,143,163,9518.017790198395,8164.909511212447,8208.756309624086,-6855.648030638138,34.592829858820096
124,144,164,9508.760033757695,8173.308141887561,8204.340129529959,-6868.888237659825,30.513592761961718
125,145,165,9518.104659604112,8182.762118450738,8206.61154106143,-6871.268999908054,27.415178345522236
126,146,166,9526.515031463292,8200.303823759734,8202.165323742405,-6875.954116038847,23.874572590056687
127,147,167,9510.14917496583,8212.8138623974,8181.492094878586,-6884.156782310154,25.938173824396017
128,148,168,9470.762664603353,8179.280118878436,8174.696538158957,-6883.213992434041,23.623381800079187
129,149,169,9490.899356444112,8185.508392979728,8191.897019579819,-6886.506056115435,36.89270998626034
130,150,170,9487.763036588462,8178.151643215144,8187.36823131816,-6877.756837944842,39.73260854918453
131,151,171,9477.858321229933,8182.720915910613,8195.233517880937,-6900.096112561618,32.578325298820346
132,152,172,9470.102451564977,8172.398014042604,8200.23937155855,-6902.534934036175,35.997149349028405
133,153,173,9477.33166059585,8176.497790915191,8212.455190706438,-6911.621321025781,44.155752056043184
134,154,174,9450.49963008455,8173.111134299043,8205.214553848233,-6927.826058062727,33.17280056905656
135,155,175,9447.042984708736,8186.7097841592695,8216.416516926813,-6956.083316377346,30.95268600222198
136,156,176,9460.530164093103,8225.205304014928,8213.412388200451,-6978.087528122276,28.24222565251921
137,157,177,9458.405113618015,8246.405433229993,8195.448934602799,-6983.449254214776,23.525999231001606
138,158,178,9451.139093465807,8234.353343023997,8205.942474082207,-6989.156723640399,18.235218970959977
139,159,179,9451.666365869129,8222.08413459617,8225.257396906161,-6995.675165633202,18.281315680543685
140,160,180,9426.509536946578,8220.75007778919,8219.179095796546,-7013.419636639155,13.943126275133181
141,161,181,9415.322538162633,8207.576836624612,8220.173709568699,-7012.428008030678,11.428221726975153
142,162,182,9405.318705686805,8178.05369499569,8224.156445177621,-6996.891434486508,6.492136034502892
143,163,183,9414.979989324609,8208.756309624086,8191.493481287684,-6985.269801587161,20.106390446171645
144,164,184,9399.380840235233,8204.340129529959,8189.154052115908,-6994.113341410633,20.737884902219776
145,165,185,9395.871910601347,8206.61154106143,8189.630523397063,-7000.370153857146,19.111073998351912
146,166,186,9390.928513493383,8202.165323742405,8189.83007068004,-7001.066880929064,26.98780735363607
147,167,187,9392.146788998447,8181.492094878586,8204.126582119186,-6993.471887999325,26.92097591868469
148,168,188,9399.370110528711,8174.696538158957,8216.431906129832,-6991.758333760077,25.700428126413954
149,169,189,9401.429956146949,8191.897019579819,8213.432930659532,-7003.8999940924,17.155427514347593
150,170,190,9402.19133506897,8187.36823131816,8203.70704542087,-6988.883941670059,19.73352666025039
151,171,191,9405.592138257738,8195.233517880937,8207.860930796425,-6997.502310419624,16.482100366758914
152,172,192,9397.999907472327,8200.23937155855,8198.332288399619,-7000.571752485841,16.24601515040058
153,173,193,9397.573955405693,8212.455190706438,8177.701613417157,-6992.582848717902,24.08281008308313
154,174,194,9403.424871033327,8205.214553848233,8183.794623153839,-6985.584305968747,26.76445109716815
155,175,195,9414.286757729875,8216.416516926813,8176.5098432226405,-6978.639602419578,24.342722042283185
156,176,196,9406.307937705033,8213.412388200451,8155.536187672215,-6962.640638167633,14.557257144128926
157,177,197,9381.979686178185,8195.448934602799,8138.157279785676,-6951.626528210289,11.685263108932304
158,178,198,9381.58713781181,8205.942474082207,8129.237322811065,-6953.5926590814615,9.179828018006901
159,179,199,9385.135667563045,8225.257396906161,8110.610305147967,-6950.732034491084,-4.358128172366833
160,180,200,9389.927635306189,8219.179095796546,8129.77194118584,-6959.023401676197,13.189942282343509
161,181,201,9406.297023098594,8220.173709568699,8156.8216233726525,-6970.698309842757,20.720251289696535
162,182,202,9410.377921942483,8224.156445177621,8164.132012514385,-6977.910535749521,21.623415105314507
163,183,203,9403.196245021605,8191.493481287684,8178.979801285432,-6967.27703755151,18.222607349742248
164,184,204,9399.197065458216,8189.154052115908,8176.2002482590615,-6966.157234916753,21.68704591963251
165,185,205,9397.457123953784,8189.630523397063,8185.01774822697,-6977.19114767025,21.609991614033788
166,186,206,9385.697846909738,8189.83007068004,8177.052523160166,-6981.1847469304685,18.512720901359444
167,187,207,9391.835948747394,8204.126582119186,8170.372820762424,-6982.663454134217,18.27492391286023
168,188,208,9396.320043002725,8216.431906129832,8160.922089057991,-6981.033952185098,14.225931992275491
169,189,209,9384.801067778624,8213.432930659532,8150.545257017151,-6979.177119898059,10.70514945585819
