Left,Mid,Right,Loss_likeli,Loss_AIC,Loss_BIC,Loss_eBIC
0,20,40,253.09964261036976,71.09964261036976,15.301951933309965,-1030.9269540768578
1,21,41,227.6047897514336,99.6047897514336,73.52759354114573,-672.1469117456654
2,22,42,224.67465850561803,88.67465850561803,69.09783201181403,-614.0078841224968
3,23,43,225.01063878037553,114.84913124670243,119.99070363489113,-393.0273247954897
4,24,44,228.59965205221965,115.59965205221965,92.84128406992363,-491.4359241701668
5,25,45,240.74356172892362,120.74356172892362,94.69292297294373,-602.9756902117267
6,26,46,244.2105030069904,120.2105030069904,90.96065590145395,-753.9401029862568
7,27,47,173.48579766524995,87.48579766524995,93.17822583595967,-281.05876817924536
8,28,48,209.28664287668516,110.28664287668516,120.54301385077724,-424.3910816830776
9,29,49,180.7723404964304,76.77234049643039,81.33572428781508,-725.9829388195235
10,30,50,185.6536016588293,47.6536016588293,59.52271690331236,-943.6691827880686
11,31,51,179.4494410001921,27.44944100019211,13.631749998227633,-1192.795121766594
12,32,52,183.83607120863098,24.836071208630983,8.283400034322767,-1204.263620880235
13,33,53,222.68715192019044,35.687151920190445,16.904193526821928,-1307.275848211169
14,34,54,227.42926580896096,12.429265808960963,-34.514006653044135,-1650.6448330794456
15,35,55,217.79216765307956,3.7921676530795594,-40.1841442979387,-1332.5286344511483
16,36,56,231.95967056927884,43.95967056927884,10.780175224986579,-1238.7898293313365
17,37,57,202.69529548651326,10.69529548651326,-10.891429794474107,-1395.168346661852
18,38,58,194.10755989986524,10.107559899865237,-8.334005821224537,-1316.460500246877
19,39,59,187.36014708336552,-1.6398529166344815,-28.82045337265822,-1462.4587159638386
20,40,60,182.952441962703,-20.047558037296994,-50.17017893433285,-1305.7472676493517
21,41,61,150.16164731981576,-16.838352680184244,-23.738715561186837,-1101.0736919236633
22,42,62,140.90160976312904,-16.098390236870955,-13.962227597650326,-1059.3145354221288
23,43,63,146.7486093924781,-20.2513906075219,-15.40702917794897,-957.6496533581912
24,44,64,151.61855868264843,18.618558682648427,16.16766697216144,-949.8184532891455
25,45,65,154.6759245499884,9.675924549988395,15.941000049083414,-1022.6234593985682
26,46,66,157.08498396028767,-21.915016039712327,-33.81691356900819,-1332.1790009792308
27,47,67,187.80982408649697,42.8098240864972,44.36081137439987,-759.8868332658526
28,48,68,133.40630858586292,43.0617016052247,82.82731318697802,-233.9657089710622
29,49,69,167.35742455396417,56.10518682543193,76.4877628343445,-586.8899733958228
30,50,70,193.87060470527103,16.870604705271035,14.709354225783727,-1068.4853882100824
31,51,71,223.5960180611621,33.59601806116211,2.3321090717254265,-1360.8399554786606
32,52,72,263.5376729223997,91.53767292239968,61.655788056847996,-1116.4010752929835
33,53,73,319.89023372824454,175.89023372824454,127.36491134368748,-996.7160282286213
34,54,74,381.3937491302986,174.3937491302986,102.77774443875978,-1427.3516921165115
35,55,75,374.1112581052512,166.11125810525118,99.93564115947265,-1319.5183188001834
36,56,76,387.4723210983734,187.4723210983734,112.2510976891408,-1324.428981343498
37,57,77,426.82242524716,208.82242524716003,130.14086305042315,-1381.7290658100787
38,58,78,417.8683359710992,209.8683359710992,137.04283023924586,-1299.7702677890388
39,59,79,440.8306808908917,222.8306808908917,132.49330217400075,-1476.6404332258012
40,60,80,504.0127913363251,258.0127913363251,159.35281061263913,-1512.314432480619
41,61,81,455.11935581797457,210.11935581797457,108.37454072340847,-1620.2559517035938
42,62,82,426.0553268577437,175.0553268577437,75.73737220743578,-1661.9595901502494
43,63,83,355.08576438968066,156.08576438968066,95.53626871747156,-1242.0023078701447
44,64,84,357.6143235463562,161.61432354635622,106.63764223299722,-1148.7639560323942
45,65,85,376.78035024785163,145.78035024785163,77.28068062368948,-1499.1199834724084
46,66,86,376.334660020593,121.33466002059299,55.16496280187266,-1596.6459830664708
47,67,87,318.80589431476574,140.80589431476596,105.10584753172498,-1014.474275702345
48,68,88,268.9861645998528,130.64155761921438,106.19569511310874,-699.4400636485711
49,69,89,255.04833159067084,139.7960938621386,115.97418586542744,-612.1084255540495
50,70,90,294.32425884538384,138.32425884538384,102.07145992215555,-944.902497582264
51,71,91,297.8260083383243,143.8260083383243,98.60349325656784,-1000.7873359756131
52,72,92,293.0075724937001,138.00757249370008,106.1610615507891,-916.112257648414
53,73,93,298.7089116434356,153.7089116434356,110.74009774638057,-936.5741992569133
54,74,94,309.78387360808824,149.78387360808824,111.00621829687566,-888.5192069835998
55,75,95,274.2109921398783,117.21099213987827,84.55978949301448,-892.1255219587115
56,76,96,258.73758962051556,117.73758962051556,85.58769591992996,-842.2220149259483
57,77,97,256.5558168571406,135.5558168571406,99.7577421192725,-721.1150713026889
58,78,98,268.8951665752945,146.89516657529452,107.22559688371302,-752.2528314784468
59,79,99,291.43870472185904,158.43870472185904,119.4219147778781,-857.9915481000689
60,80,100,373.44922451422804,219.44922451422804,161.4928133256892,-923.2083846516337
61,81,101,321.370288590404,164.37028859040402,109.64521714865964,-852.868167905749
62,82,102,276.32220208356307,121.32220208356307,70.07022056273286,-801.7200116436143
63,83,103,232.6611632878596,120.66116328785961,90.53151894818257,-364.12469038512336
64,84,104,237.96336343363487,116.96336343363487,92.82024462126674,-375.0154776343843
65,85,105,321.4405494052048,164.44054940520482,112.3613487926848,-650.2726023704322
66,86,106,310.403482906652,155.40348290665202,116.56874788167511,-582.8935885457711
67,87,107,229.19661454495213,128.19661454495213,106.35857238425274,-405.5916549484625
68,88,108,241.65215718324635,143.65215718324635,119.5517857023251,-518.8308359841283
69,89,109,200.35570771792823,116.35570771792823,96.37240039345238,-484.2940737734518
70,90,110,189.03234051732647,105.03234051732647,97.6927709302995,-414.0085934786234
71,91,111,207.64692335489258,108.64692335489258,85.84353989321335,-517.9031002553445
72,92,112,231.78047410565864,123.78047410565864,91.2510681792021,-626.5007399962453
73,93,113,237.47875611842437,133.47875611842437,108.43874193428951,-644.0548178407685
74,94,114,206.48342475893946,108.48342475893946,94.56787639634649,-489.64822086050367
75,95,115,230.68655730265323,126.68655730265323,101.94121911968364,-692.0940932701074
76,96,116,253.5519268032765,138.5519268032765,111.89191826566139,-736.5835998851212
77,97,117,214.55537353805857,100.55537353805857,72.78496748656926,-733.6757570004629
78,98,118,227.1673046109504,120.1673046109504,96.20032276476763,-638.8146178382226
79,99,119,236.84962349508078,140.84962349508078,126.67211262164665,-692.5200503186393
80,100,120,252.48355146587164,165.48355146587164,155.7381813851548,-481.5738749297425
81,101,121,207.70121185855078,137.70121185855078,135.89127869051026,-373.1774890769061
82,102,122,226.76058899185887,150.76058899185887,138.14688509585153,-327.3426213365351
83,103,123,185.68809837517233,94.68809837517233,80.52288691271815,-420.9980219080403
84,104,124,180.2879920861808,78.2879920861808,69.27322976952019,-478.31231648405856
85,105,125,208.2243237735829,108.22432377358291,100.13303523314562,-397.57026082113225
86,106,126,235.76384738871866,136.76384738871866,123.32879235695464,-402.39955235368143
87,107,127,227.4693233263897,122.46932332638971,115.03877027324825,-532.2521766597665
88,108,128,242.59733243590927,160.59733243590927,155.97991303824642,-325.9943132981905
89,109,129,185.0063332415432,110.00633324154319,94.84708276118704,-362.10085368999034
90,110,130,187.47445734468624,107.47445734468624,109.39535229146782,-301.4563840105875
91,111,131,191.232575679006,103.232575679006,105.32899372731981,-298.30013033761793
92,112,132,193.03355824429082,101.03355824429082,99.02360335628032,-318.33589670626907
93,113,133,220.91676941512333,80.91676941512333,67.85148071171511,-789.0450672676068
94,114,134,223.34803932082832,95.34803932082832,101.46291037805372,-511.69651287901115
95,115,135,204.2503977186136,104.25039771861361,95.4614558419737,-495.516628832022
96,116,136,213.59548289736745,82.59548289736745,74.86862047659952,-606.077334168062
97,117,137,203.61018398829674,87.61018398829674,69.42616970587164,-635.316168160185
98,118,138,277.0930324810163,122.09303248101628,92.28950734553587,-923.0723051823729
99,119,139,285.9173711576793,139.91737115767933,106.68313861453316,-918.9312129109389
100,120,140,294.6755201875849,127.67552018758488,93.79944483515078,-1074.791716483936
101,121,141,282.7785500128962,140.77855001289618,110.70566251618379,-781.9370504315243
102,122,142,290.9285326784816,158.9285326784816,132.1770497290886,-687.2408007801764
103,123,143,314.0146763001053,150.0146763001053,106.07536488736923,-1007.661673158876
104,124,144,339.5716873997212,154.5716873997212,97.44124751988215,-1183.7914017322819
105,125,145,372.788079062977,197.78807906297698,138.4002414987367,-1134.6271709162215
106,126,146,375.91428080273477,204.91428080273477,140.67279536841306,-1172.6273619397302
107,127,147,403.69432555000253,207.69432555000253,144.863275622728,-1196.7071421942942
108,128,148,419.20461989915134,237.20461989915134,178.10926970509036,-1273.9719910710078
109,129,149,408.9661918898978,226.9661918898978,151.34229976378174,-1195.2140331931935
110,130,150,415.66444698927876,212.66444698927876,149.19623057372678,-1163.2304007556527
111,131,151,412.5087069065248,211.50870690652482,150.2475255018935,-1101.4033299408884
112,132,152,403.4762198562951,206.47621985629507,142.56237018590127,-1143.4027534766867
113,133,153,444.47951055588896,217.47951055588896,142.81272820755294,-1325.4907459101355
114,134,154,436.2136235413677,213.21362354136772,153.5583882814667,-1225.7346717900932
115,135,155,378.1937901497206,211.1937901497206,153.07427925293996,-1004.1887999011146
116,136,156,331.7770553737532,161.77705537375323,116.86203926730218,-806.4232964502562
117,137,157,343.29737929211933,200.29737929211933,154.58731015766602,-667.20680393709
118,138,158,363.1613878393541,179.16138783935412,126.43804631734452,-874.6354593962928
119,139,159,343.37908284492823,170.37908284492823,107.06693227536448,-966.4765067601174
120,140,160,419.33660226348206,200.33660226348206,107.7245275495361,-1344.2147021254918
121,141,161,365.6517238572767,174.6517238572767,110.22458729493724,-1083.7079963114638
122,142,162,366.8343730879351,179.8343730879351,124.98488123472475,-1021.8046204491309
123,143,163,313.84801859131494,169.84801859131494,123.45061509109883,-744.2880724523682
124,144,164,305.0817902832789,173.0817902832789,123.42937915882999,-816.2092737038708
125,145,165,323.55106671198587,190.55106671198587,139.47761802968193,-807.9910700498115
126,146,166,332.8468744850752,199.8468744850752,146.99466632334452,-821.5428232332197
127,147,167,336.14731484622575,203.14731484622575,154.3624465887017,-741.3292021348625
128,148,168,333.453791631335,205.45379163133498,157.96174046610804,-871.8376082450909
129,149,169,317.2672911676225,195.89940605295078,149.3616121489622,-710.1863128783275
130,150,170,358.1724496379097,232.05632854679334,185.44432693551562,-686.6107073409032
131,151,171,344.7639494290752,224.57904301430608,177.96091453441977,-643.0108504532438
132,152,172,349.6037904292607,213.6037904292607,161.84601141439248,-829.0916130850844
133,153,173,305.3010548807795,202.35895700754327,174.51098353912516,-548.7299505775784
134,154,174,308.5305126377009,203.26751024807504,172.56165824680397,-691.2535904985934
135,155,175,289.4469384657066,179.51458706331846,143.93749058709773,-746.471130174298
136,156,176,258.4159955076409,165.06216110160904,134.98091918457476,-513.3736425973184
137,157,177,253.85526078549992,161.85526078549992,129.9831106227207,-485.4749784721664
138,158,178,206.24188736081237,126.2418873608126,106.1141113388926,-368.4944124178619
139,159,179,189.46655676718365,111.46655676718365,80.9507642652975,-418.4350987179564
140,160,180,201.21198397325406,117.21198397325406,84.40214183126568,-474.1368345866383
141,161,181,177.17156894725576,97.17156894725576,70.9474299944452,-446.69717037547093
142,162,182,189.63606180136844,108.63606180136844,87.2700586426588,-461.49727674427095
143,163,183,186.60289230806075,131.60289230806075,114.64988314187599,-168.0808121643115
144,164,184,204.09062948178598,160.09062948178598,142.3434025469578,-82.24482312027385
145,165,185,216.4324521604574,174.4324521604574,161.3867765289806,-48.206344411248665
146,166,186,233.23715842394097,187.23715842394097,175.52287289721448,-55.089423350121706
147,167,187,246.14421254584977,187.14421254584977,176.01178121159842,-54.78538268868874
148,168,188,201.53059892843328,154.5305989284334,145.60530834284737,-7.91948008239774
149,169,189,196.5082716721754,165.69199382464421,172.88206222595193,110.94185880004034
150,170,190,244.69070684926805,203.57458575815178,186.43252900931168,-70.37370139937457
151,171,191,260.46015023314044,215.27524381837122,197.3327358397603,-67.97861154544194
152,172,192,274.64022963645607,224.64022963645607,209.3785739176917,-46.33741790393674
153,173,193,291.3693826393561,236.42728476612,223.07387429014943,-85.95532579607539
154,174,194,254.53762273278494,207.27462034315909,192.11986519075344,-66.53220732195132
155,175,195,250.035704393424,203.103352991036,189.5493084063021,-71.73106743208791
156,176,196,258.2384868183201,219.88465241228846,208.02980286510933,-46.482662297165234
157,177,197,226.98042444611383,177.98042444611383,159.545325588306,-123.51429901597521
158,178,198,244.13925240852063,196.13925240852063,177.44028169742455,-202.6745701432544
159,179,199,275.9175187742335,222.91751877423349,202.76893815009225,-183.0761672975657
160,180,200,276.4480398820216,232.44803988202148,216.30493968904625,-130.4087995791615
161,181,201,251.54436784243808,193.54436784243808,172.6393244858118,-247.5691231054002
162,182,202,301.02420162830754,237.0242016283073,213.82510863157927,-287.4426118067181
163,183,203,308.45820485489935,228.45820485489935,201.84988564767855,-545.2872780559494
164,184,204,298.98874692303184,215.98874692303184,183.74493806954843,-515.3379727458439
165,185,205,278.916957657126,214.91695765712598,196.916468514597,-490.03738713851567
166,186,206,286.3354802967972,197.3354802967972,179.50336358809,-515.891465862803
167,187,207,284.08222665961375,181.08222665961375,160.5022360421283,-534.519596055824
168,188,208,262.9345646761094,194.9345646761094,185.7361843471192,-398.7395413544043
169,189,209,246.2832763817321,172.83488364887262,165.76812246079862,-357.5886519043954
