Left,Mid,Right,Loss_likeli,Loss_AIC,Loss_BIC,Loss_eBIC
0,20,40,109.6960021972377,7.6960021972377035,-12.893108604956751,-449.6173126300432
1,21,41,125.86567469329339,27.865674693293386,1.255503067066229,-521.1623036664782
2,22,42,161.13037465273555,47.130374652735554,15.843014993493625,-755.5812488107451
3,23,43,178.37198567419455,57.37198567419455,27.81714929889654,-715.9848870047174
4,24,44,183.7114151084386,69.71141510843859,46.923338974988155,-649.9748732471423
5,25,45,185.31820475143923,98.31820475143923,72.16647121398,-448.1590198680351
6,26,46,216.08974870105408,128.08974870105408,102.62934208380375,-423.48190204361435
7,27,47,216.03573592148268,128.03573592148268,106.44737369173936,-587.3186555729901
8,28,48,192.5975498685366,108.59754986853659,90.87737670771776,-487.3199019244689
9,29,49,190.1655173695931,102.16551736959309,77.86873747687423,-467.32892847399694
10,30,50,165.38111186526453,81.38111186526453,64.39470802118467,-458.3327545696509
11,31,51,130.75165878357416,63.75165878357416,47.376733543234195,-456.4755992491944
12,32,52,145.0816455944621,55.08164559446209,30.68952008303131,-414.1233077916472
13,33,53,182.52307029738267,106.6235141468469,88.5157209551071,-372.4386299718651
14,34,54,152.40354053157307,87.40354053157307,67.43449991500665,-295.33538734460217
15,35,55,188.46840623453636,109.46840623453636,84.64895442174088,-463.84655106051855
16,36,56,247.37573822633522,135.0560432438749,87.94933682317719,-572.1122893947029
17,37,57,230.45027674853281,124.45027674853281,81.0339531877305,-554.0295561334183
18,38,58,194.10297080818918,106.10297080818918,73.17806834903558,-365.9648832589253
19,39,59,212.0252109144435,124.0252109144435,89.20537260982815,-387.0428048182257
20,40,60,187.43507204484308,91.43507204484308,63.089376764631425,-323.8562403978374
21,41,61,183.7861838832282,99.7861838832282,70.78865123431956,-365.75824555590157
22,42,62,148.1075856530697,76.10758565306969,55.60441955783085,-324.4468566914561
23,43,63,129.53500791450915,58.53500791450915,34.50223968686191,-305.48389524337836
24,44,64,128.0599160484128,50.05991604841279,30.985503637455395,-266.6248715411873
25,45,65,96.8903133994163,61.8903133994163,50.83518883575198,-83.97400691987059
26,46,66,125.14421082538047,86.14421082538047,75.27288196873747,-37.94166643756898
27,47,67,112.23198691652442,77.23198691652442,69.55388068588263,-68.16480135148322
28,48,68,82.69626090016959,49.69626090016959,45.23718505517854,-29.73095156692466
29,49,69,95.69645961384253,45.696459613842535,35.206621584369486,-89.80993046239723
30,50,70,116.02432560276407,40.024325602764065,30.3367642068406,-188.73511315064093
31,51,71,147.1078344178702,63.10783441787021,43.835430292851015,-246.48450917951664
32,52,72,140.85302500592798,63.853025005927975,48.082242736216585,-199.98537878506568
33,53,73,161.45828816064363,80.55873201010786,54.54764572604313,-275.10238987555294
34,54,74,166.76291133274185,88.76291133274185,57.24218711882281,-284.52755662261575
35,55,75,279.5022011935848,165.50220119358482,123.4979164237443,-576.1635585873953
36,56,76,288.2927624677882,169.97306748532765,118.83944347312809,-595.680335240108
37,57,77,286.8030658086102,153.8030658086102,93.53828601601026,-841.3771737732893
38,58,78,305.260612941267,149.26061294126703,80.74794522987781,-989.739669089664
39,59,79,315.4885931574647,147.48859315746472,70.08540680396891,-1008.4698791846024
40,60,80,311.2970900599305,158.2970900599305,92.52077884144933,-1001.496394337373
41,61,81,284.31238992750605,148.31238992750605,91.34637662451405,-985.7210464603324
42,62,82,318.31971723098764,182.31971723098764,130.13018412940391,-877.2350104833756
43,63,83,303.93835825298356,159.93835825298356,101.41543098773536,-963.0419695109081
44,64,84,239.5216946300593,128.5216946300593,87.46807064929158,-673.3027081739281
45,65,85,226.70660290846035,121.70660290846035,83.64017574835475,-618.6050636210384
46,66,86,272.2862006144326,144.28620061443257,96.39941784622988,-764.3986597856615
47,67,87,262.1143411296971,137.1143411296971,91.86317995629133,-799.0922642759679
48,68,88,211.69169960278668,97.69169960278668,54.92340235161146,-682.3248949628278
49,69,89,130.53686206953375,32.536862069533754,6.3598965535061325,-610.6707874456561
50,70,90,129.45025506622596,32.450255066225964,16.931908326595476,-516.3006809984245
51,71,91,114.57516770969164,4.575167709691641,-6.847340554730636,-513.7907502856565
52,72,92,110.70198889715152,-3.298011102848477,-11.118232544011562,-648.4060409780477
53,73,93,102.81858072945283,-19.181419270547167,-39.58733644882409,-711.8743260292576
54,74,94,112.84504247004043,-10.154957529959574,-29.022628123903814,-781.2712999103023
55,75,95,123.49228109288765,-20.50771890711235,-40.36461362030559,-921.9733226378285
56,76,96,124.21737582458809,-34.78262417541191,-64.03674292263804,-993.311612261221
57,77,97,95.7787694394708,-105.2212305605292,-142.90907780231032,-1456.1966615653218
58,78,98,80.95757047055486,-127.04242952944514,-159.55099997166576,-1638.8428677666643
59,79,99,57.18151860025296,-150.81848139974704,-179.51474234888815,-1700.1808226899575
60,80,100,55.928655183039155,-137.07134481696085,-161.07220243668667,-1580.0435628527457
61,81,101,77.52412003817244,-101.47587996182756,-120.23947961807539,-1575.3812308503748
62,82,102,81.15880123721786,-114.84119876278214,-131.58648481879118,-1585.9292649443873
63,83,103,70.50427804285073,-126.49572195714927,-153.87433848510273,-1624.9735415172072
64,84,104,77.63462994257179,-84.36537005742821,-103.32958514546613,-1462.5992646157265
65,85,105,66.3868395748434,-105.6131604251566,-130.2491840615246,-1354.4705725084323
66,86,106,58.58480384243876,-107.41519615756124,-125.94486066074774,-1351.2045352491386
67,87,107,71.2660548889055,-84.7339451110945,-100.36438978819046,-1210.4190273413142
68,88,108,82.11863796650573,-64.88136203349427,-74.6447171184775,-1063.5532742832957
69,89,109,89.28851159295255,-34.711488407047455,-38.569099790639484,-880.150031331752
70,90,110,65.7992012318864,-72.2007987681136,-74.2473709159276,-1059.6838350013945
71,91,111,62.592602173855084,-77.40739782614492,-89.57744098844887,-1020.8939785501266
72,92,112,76.35458749392183,-72.64541250607817,-88.2565301285349,-1027.2489333140284
73,93,113,97.02083078151327,-67.97916921848673,-91.20957143909573,-1240.2423152927831
74,94,114,92.89201891430025,-89.10798108569975,-115.95007736759794,-1298.4362056562977
75,95,115,93.43179566214712,-64.56820433785288,-83.62039642046284,-1074.2130391905148
76,96,116,89.25623547756527,-73.74376452243473,-93.89899292781001,-1174.3022094654898
77,97,117,87.5053870467143,-111.4946129532857,-143.11761450631002,-1226.02771821625
78,98,118,97.09586605945833,-81.90413394054167,-104.00846987111368,-1272.4318907321353
79,99,119,79.31660624730375,-118.68339375269625,-147.25302359798684,-1484.0052323703521
80,100,120,40.80149682103752,-157.19850317896248,-177.45036685753394,-1459.8599988338065
81,101,121,50.137607540123554,-152.86239245987645,-171.4447037389732,-1489.4906243493724
82,102,122,43.601742936168876,-160.39825706383112,-176.62101554041647,-1262.3195233656152
83,103,123,42.76414589390879,-156.2358541060912,-179.4115990533992,-1422.1118924093307
84,104,124,41.88250796491275,-138.11749203508725,-152.18035397391236,-1380.0442792413214
85,105,125,50.322664355839834,-143.67733564416017,-160.55144041450353,-1569.4160743038274
86,106,126,56.65604872392305,-134.34395127607695,-152.84361994860933,-1548.672788093184
87,107,127,58.77366548440796,-116.22633451559204,-130.91902808305213,-1366.0807646853818
88,108,128,51.86508504943458,-117.13491495056542,-127.8006909265232,-1262.6232262595904
89,109,129,61.490677836867235,-114.50932216313277,-134.2053385410095,-1126.6764529048942
90,110,130,73.5122810735495,-122.4877189264505,-141.62702493781126,-1441.4042753080403
91,111,131,57.93320427878848,-121.06679572121152,-141.90983691913902,-1228.0523950659226
92,112,132,83.99912395703836,-76.00087604296164,-94.66250603800563,-1193.822492723004
93,113,133,103.16853351736427,-83.83146648263573,-112.81631985813874,-1395.57163403508
94,114,134,147.86969608972072,-57.13030391027928,-98.5424836505681,-1472.4711878973994
95,115,135,160.4593458474501,-21.540654152549905,-54.96764864976785,-1401.7106889305023
96,116,136,124.53489991177821,-15.465100088221789,-33.87346787556521,-1168.0720437730579
97,117,137,118.50232267993988,-7.49767732006012,-28.076322978801954,-739.8001338839413
98,118,138,148.04188181565155,43.04188181565155,28.320884832779257,-621.246968770487
99,119,139,183.228313854318,68.228313854318,45.22722814541544,-781.924397316523
100,120,140,186.53899147697257,52.53899147697257,30.053816097388562,-810.3563330371835
101,121,141,247.91234415531858,109.91234415531858,73.43816117613073,-974.7274590542261
102,122,142,201.2325193252541,79.23251932525409,47.60503222197826,-722.3072446549322
103,123,143,219.31022654984963,92.31022654984963,57.50026158212904,-743.4899797266421
104,124,144,245.94106682517736,115.94106682517736,76.51834113460586,-760.6353459761785
105,125,145,277.8647867469208,140.11106027284086,101.87934789960627,-1010.3463031537281
106,126,146,300.6592550631128,146.65925506311282,94.9411684996137,-1096.3145841194896
107,127,147,302.61580956096986,150.61580956096986,98.16058731962471,-1088.5567263350144
108,128,148,311.9638869042278,144.96388690422782,83.86603881844985,-984.6899113192974
109,129,149,311.22150171680596,140.22150171680596,75.02271770859511,-1025.6496898613193
110,130,150,309.8446368792679,143.8446368792679,79.22068486884541,-1121.130220477998
111,131,151,354.22294128986914,194.22294128986914,133.09947002027502,-1090.3431463238276
112,132,152,354.2110544092159,192.21105440921588,130.28128878231155,-1094.8191922170847
113,133,153,368.3516091607032,189.35160916070322,117.25431512145133,-1182.4489336714432
114,134,154,355.6479005283968,189.6479005283968,124.2351883859601,-1076.2354375969217
115,135,155,359.0406796079981,196.04067960799807,118.29361234356134,-1115.1232385947208
116,136,156,309.6263291295095,172.6263291295095,109.06840542373493,-870.5664321480435
117,137,157,258.9892281916657,132.9892281916657,77.1895667633637,-688.1835108340267
118,138,158,277.6607446277794,146.66074462777942,89.06489969615245,-734.545164966421
119,139,159,273.10743106974905,134.10743106974905,73.16453880720064,-787.9765844865451
120,140,160,323.3867553220243,159.38675532202433,92.15796421495861,-897.8538875953807
121,141,161,446.8006109279336,229.80061092793358,132.50744054600455,-1328.4363160098403
122,142,162,405.48416801283065,198.48416801283065,104.43679104727175,-1131.9342555411354
123,143,163,402.75195813813366,205.75195813813366,117.0298161306248,-1198.0501583494367
124,144,164,444.90858745205514,199.90858745205514,93.8737690945702,-1755.1584114984016
125,145,165,402.5811754309607,171.82744895688074,75.85725738414658,-1679.7970227646829
126,146,166,403.1997440157693,188.19974401576928,97.79405694215393,-1501.7547167155308
127,147,167,361.24267783445043,168.24267783445043,89.1366193602089,-1307.1859269544434
128,148,168,368.4365752681074,174.4365752681074,99.2031943087909,-1400.0929193957681
129,149,169,328.51646697229626,141.51646697229626,69.04497195621366,-1317.7260676627625
130,150,170,300.0919341392462,135.09193413924618,73.04528980728014,-1355.8856034283372
131,151,171,266.7807050903284,102.78070509032841,45.455353513603086,-1209.5810177644084
132,152,172,251.21970264500465,86.21970264500465,34.57984067728785,-1167.2331258603763
133,153,173,218.4047421950795,50.40474219507951,0.41950799381334036,-1304.049018108411
134,154,174,251.8212007957004,75.8212007957004,26.53744998516777,-1435.951488886506
135,155,175,246.3685878922729,54.3685878922729,-4.046708674056163,-1455.5617914991135
136,156,176,235.80215008343544,50.802150083435436,0.28574561328764503,-1690.3241269446876
137,157,177,166.2033777545239,-4.796622245476101,-46.956606439625375,-1359.5251984903116
138,158,178,157.39685092888726,7.396850928887261,-25.34766516378545,-1135.4067532944682
139,159,179,147.10230776208823,-4.8976922379117696,-37.25164624301874,-1087.585163935361
140,160,180,137.9999931883749,-15.000006811625099,-41.960075918749226,-875.6493037970067
141,161,181,155.96455367837711,-19.035446321622885,-43.11778219126745,-913.2780465611268
142,162,182,139.42945394758976,-23.570546052410236,-49.36101160579187,-736.9173631743483
143,163,183,131.7767958424729,-21.223204157527107,-34.941060588256505,-823.0420518587066
144,164,184,176.51818635058135,6.518186350581345,-22.6672824567122,-1326.2693867283178
145,165,185,164.637167721168,2.637167721167998,-23.258519172469732,-1342.7974209860395
146,166,186,154.86160974334825,-2.1383902566517463,-25.891320056684435,-1232.0125644920581
147,167,187,134.604722779535,-6.395277220465005,-23.22206960290555,-1026.378579268524
148,168,188,140.39085307479718,2.390853074797178,-11.209472945912239,-1136.991087543738
149,169,189,155.26435551507006,19.264355515070065,3.8871730456744444,-1212.7060183725912
150,170,190,163.01939295215857,42.01939295215857,33.417055353857904,-1137.3120532421294
151,171,191,139.83642598076722,21.836425980767217,18.88656987615741,-949.9189040955689
152,172,192,147.45578114368732,18.455781143687318,9.336250353970627,-894.0164332084364
153,173,193,150.685975320338,-14.314024679661998,-32.14400618516515,-1198.8663715390098
154,174,194,176.1567690048696,10.156769004869602,-16.690661665036032,-1235.3320371589148
155,175,195,160.69515093659788,-27.304849063402116,-57.48071575624226,-1369.7990416488065
156,176,196,144.83288155160676,-56.16711844839324,-85.19062593317517,-1654.9411708411935
157,177,197,141.82133767519053,-54.178662324809466,-87.64431093130565,-1389.8140920347964
158,178,198,172.71339521465097,-7.286604785349027,-37.29185187705275,-1307.4747401935306
159,179,199,173.56518446277482,-8.434815537225177,-46.02069311780224,-1345.3634348933606
160,180,200,161.896475551006,-6.103524448993994,-37.412423295253575,-1162.4551627745686
161,181,201,172.22346849268433,49.22346849268433,38.90009607564457,-796.7525239848364
162,182,202,157.2788978783567,16.2788978783567,5.946944007708225,-974.9090793007372
163,183,203,131.3347551425702,-10.665244857429798,-15.787411471092355,-860.382715717576
164,184,204,151.16100960948188,46.16100960948188,39.286205574573614,-872.0447077672015
165,185,205,148.29134566478,48.29134566478001,47.02503462627669,-895.5161776817654
166,186,206,121.95530039617142,20.955300396171424,16.418534498651297,-775.4151496012873
167,187,207,132.5085327340248,3.5085327340248114,-11.502749090451289,-937.8894507092214
168,188,208,119.42433852466593,-21.575661475334073,-41.175042580014406,-989.9438449424574
169,189,209,130.60173148137187,-24.39826851862813,-48.54176040622633,-1066.4657249718298
