Left,Mid,Right,Loss,Loss_left,Loss_right,gain,glasso
0,20,40,1313.3724499363232,975.028591332117,969.5622979560662,-631.2184393518601,1.429409184109204
1,21,41,1305.93787611732,964.5843765961746,970.9258353274672,-629.5723358063217,0.8966466793690415
2,22,42,1306.248933061423,956.2394207528962,977.4485398479574,-627.4390275394305,1.390563985278959
3,23,43,1315.8221410487893,964.5659043441034,981.8520379801347,-630.5958012754488,2.9540359283128055
4,24,44,1308.8142228173574,955.553424061522,982.1330713954169,-628.8722726395815,3.0584690560485797
5,25,45,1310.7234834249466,951.3458352774599,984.1219368904259,-624.7442887429393,4.284087749784817
6,26,46,1315.265483361678,948.9687605474148,989.6263099363678,-623.3295871221046,4.6580144221638875
7,27,47,1305.0920991963949,938.2290652792517,988.1421743629737,-621.2791404458305,1.8791997750500968
8,28,48,1308.3850011106438,946.0293208662999,982.2341717032743,-619.8784914589305,3.595329043993843
9,29,49,1311.5601831258266,946.5255757040904,985.3158825909414,-620.2812751692052,3.5577500334244405
10,30,50,1308.2187794801898,953.4467271485826,973.7274893015135,-618.9554369699063,1.3615974094043395
11,31,51,1308.9211725932005,962.754189329354,965.9181983095493,-619.7512150457028,2.6777776814351455
12,32,52,1304.3216651033094,961.5070422293672,964.8755484471172,-622.0609255731752,1.6544384012426008
13,33,53,1309.0331027281177,963.9739330998895,968.6833905558153,-623.624220927587,5.418264480994026
14,34,54,1305.262352362776,961.057715776345,971.291024825512,-627.0863882390811,5.023742052408807
15,35,55,1312.9310149705057,965.1163700113536,975.4522420964148,-627.6375971372627,3.9807720078774764
16,36,56,1320.4075597627389,968.8859020212866,978.2000490019478,-626.6783912604956,3.6976599203708247
17,37,57,1326.3548983885894,980.9786586915213,966.1024318873892,-620.7261921903212,6.428264940602844
18,38,58,1320.705588006521,973.0499943740961,967.1930647345123,-619.5374711020872,2.3644568232343772
19,39,59,1324.4758606131882,971.2881953247679,971.6793254671315,-618.4916601787113,2.1371975549769786
20,40,60,1322.879924906143,969.5622979560662,969.3067007578506,-615.9890738077738,1.808295996002471
21,41,61,1337.3986571755886,970.9258353274672,985.4034461443388,-618.9306242962175,4.225143028934895
22,42,62,1342.553615620177,977.4485398479574,988.7286428399975,-623.6235670677779,2.748930041295125
23,43,63,1349.595949022041,981.8520379801347,994.7256408756884,-626.9817298337823,2.047413348319992
24,44,64,1357.9377469244755,982.1330713954169,1004.971926749861,-629.1672512208024,2.0066501932574283
25,45,65,1371.7870168681052,984.1219368904259,1019.5301601063134,-631.865080128634,3.9351721221407843
26,46,66,1376.5023081825136,989.6263099363678,1015.43297886032,-628.5569806141741,3.638948743992046
27,47,67,1381.6095413210178,988.1421743629737,1022.3952740684973,-628.9279071104534,4.860542210630001
28,48,68,1381.1134290120071,982.2341717032743,1019.7189967665747,-620.8397394578419,7.878363066287989
29,49,69,1386.8290583466978,985.3158825909414,1015.2541470538848,-613.7409712981284,7.634669838104628
30,50,70,1383.515892175245,973.7274893015135,1021.8857320798127,-612.0973292060812,7.051945787265026
31,51,71,1378.6145265866237,965.9181983095493,1019.2524286716867,-606.5561003946125,7.6174885114203335
32,52,72,1381.9368630101699,964.8755484471172,1023.7176390790872,-606.6563245160346,7.473795538962577
33,53,73,1377.8263726310229,968.6833905558153,1014.306133098783,-605.1631510235754,9.536735041974339
34,54,74,1379.3048173372526,971.291024825512,1011.8473783909411,-603.8335858792004,9.26252856333008
35,55,75,1384.7596129292715,975.4522420964148,1012.0579170027526,-602.7505461698959,9.629480438704036
36,56,76,1384.5034850734091,978.2000490019478,1005.9413717641863,-599.637935692725,8.264404962727554
37,57,77,1376.6409892943277,966.1024318873892,1002.8880338690014,-592.349476462063,5.289831344166146
38,58,78,1377.0050756832884,967.1930647345123,996.634433628343,-586.8224226795669,6.503265087985824
39,59,79,1390.0701174683154,971.6793254671315,997.2266760194398,-578.8358840182559,8.306932154364063
40,60,80,1391.9690844382937,969.3067007578506,996.6971940534427,-574.0348103729996,9.357385696844858
41,61,81,1399.8555006933218,985.4034461443388,995.5494238318975,-581.0973692829145,11.649617323766051
42,62,82,1400.1366582728951,988.7286428399975,996.6800213757463,-585.2720059428486,11.223882908097721
43,63,83,1393.8011649101231,994.7256408756884,989.5141645901687,-590.4386405557339,11.103732649635731
44,64,84,1401.4125915208192,1004.971926749861,989.2825535871366,-592.8418888161784,10.000223665524572
45,65,85,1402.3716882533472,1019.5301601063134,976.7518166667746,-593.9102885197408,10.801526348786524
46,66,86,1399.3219629093237,1015.43297886032,982.0669865151552,-598.1780024661516,10.18019936150688
47,67,87,1414.3702598823284,1022.3952740684973,999.3653430922213,-607.3903572783902,8.709546975071476
48,68,88,1401.071141127592,1019.7189967665747,997.2479367075466,-615.8957923465293,7.404198278705849
49,69,89,1395.4910339428686,1015.2541470538848,1002.6781012340366,-622.4412143450529,7.1462220553228235
50,70,90,1399.3786601552015,1021.8857320798127,1000.3928926896662,-622.8999646142775,8.612036748186597
51,71,91,1400.1156994568205,1019.2524286716867,1004.3460920249266,-623.4828212397929,10.73120931170638
52,72,92,1413.0219558757071,1023.7176390790872,1013.5994927036598,-624.29517590704,10.278628006406962
53,73,93,1411.1719882896073,1014.306133098783,1017.1522790368037,-620.2864238459795,11.838451667836239
54,74,94,1407.1313694960832,1011.8473783909411,1014.537604129483,-619.2536130243411,13.329005916570509
55,75,95,1394.722353941309,1012.0579170027526,1012.8414378750533,-630.1770009364968,10.906185637176804
56,76,96,1390.886896605055,1005.9413717641863,1011.5667301041437,-626.621205263275,12.85553678947872
57,77,97,1385.8610585121196,1002.8880338690014,1015.2116929187623,-632.2386682756442,10.405595197435332
58,78,98,1382.842918522112,996.634433628343,1015.5133792680747,-629.3048943743056,14.2013623662491
59,79,99,1380.2985044834527,997.2266760194398,1011.6396418521706,-628.5678133881577,14.758269817532323
60,80,100,1384.5297651006154,996.6971940534427,1021.1597354403209,-633.3271643931482,13.782208328499337
61,81,101,1384.3403300881819,995.5494238318975,1020.8574152751298,-632.0665090188454,12.979962673170917
62,82,102,1386.5789333643038,996.6800213757463,1020.6108524831626,-630.7119404946052,14.073414807232552
63,83,103,1382.6482688229444,989.5141645901687,1020.0491133850232,-626.9150091522474,15.981362791016295
64,84,104,1379.5567605642768,989.2825535871366,1016.2545143095236,-625.9803073323833,16.90461090098063
65,85,105,1371.426403669951,976.7518166667746,1016.6379341151595,-621.9633471119832,15.904319431596605
66,86,106,1370.015223400382,982.0669865151552,1013.374609007437,-625.4263721222103,15.435274586158812
67,87,107,1368.7003269353181,999.3653430922213,1005.5857555729174,-636.2507717298206,10.112122259120383
68,88,108,1368.4490612293603,997.2479367075466,1006.0671583961187,-634.866033874305,10.04207620024249
69,89,109,1371.1699622539986,1002.6781012340366,1007.2220918139324,-638.7302307939703,8.517380035507358
70,90,110,1369.2207025483267,1000.3928926896662,1005.0282001230762,-636.2003902644155,11.781376930522015
71,91,111,1369.694278775576,1004.3460920249266,994.9288114639158,-629.5806247132664,16.8207413912412
72,92,112,1367.6567299758317,1013.5994927036598,987.8217408830928,-633.7645036109211,15.190215722574749
73,93,113,1367.5577918327785,1017.1522790368037,983.1830743181728,-632.7775615221981,13.261740330636712
74,94,114,1364.6252651566097,1014.537604129483,981.0409034647314,-630.9532424376048,13.776054012609052
75,95,115,1366.3649196444599,1012.8414378750533,989.5883493592634,-636.0648675898569,10.159578782473432
76,96,116,1367.6388294449162,1011.5667301041437,996.8284421329811,-640.7563427922087,7.783286723740048
77,97,117,1367.7418984613935,1015.2116929187623,996.1851674802955,-643.6549619376644,5.148723464689738
78,98,118,1372.6040114300931,1015.5133792680747,995.6475000778305,-638.5568679158121,8.52227347910241
79,99,119,1365.02839046484,1011.6396418521706,991.8721012495621,-638.4833526368927,6.315895788636908
80,100,120,1365.469577469227,1021.1597354403209,976.2087601895065,-631.8989181606005,10.225018120908771
81,101,121,1364.514734420564,1020.8574152751298,968.2419607064579,-624.5846415610238,10.977441568207382
82,102,122,1366.8488428815535,1020.6108524831626,973.6072464730005,-627.3692560746094,11.665204401184155
83,103,123,1369.763130053674,1020.0491133850232,979.9069715759184,-630.1929549072674,10.589650016022006
84,104,124,1366.8443122549934,1016.2545143095236,980.9771840589199,-630.3873861134502,11.968347507702447
85,105,125,1364.7919880459021,1016.6379341151595,977.3571012002335,-629.203047269491,12.361375699131031
86,106,126,1365.2706160384319,1013.374609007437,990.5906880436162,-638.6946810126215,9.309343630756416
87,107,127,1357.9389044848863,1005.5857555729174,987.3894578489909,-635.0363089370221,11.045234926805506
88,108,128,1357.613262831981,1006.0671583961187,988.0874916687728,-636.5413872329104,10.429629546805018
89,109,129,1355.3766368715346,1007.2220918139324,988.6943455358289,-640.5398004782267,8.292596167531315
90,110,130,1356.207980675376,1005.0282001230762,980.4047028187817,-629.224922266482,11.84439089031821
91,111,131,1350.5011151168428,994.9288114639158,977.9529715734484,-622.3806679205213,14.99982745857369
92,112,132,1342.5824313443495,987.8217408830928,981.1066543588491,-626.3459638975924,11.408479484490158
93,113,133,1345.0085559615218,983.1830743181728,999.8129759612165,-637.9874943178675,8.276945545462922
94,114,134,1348.5171627804052,981.0409034647314,1001.9148483331642,-634.4385890174904,9.160023703511683
95,115,135,1350.4122602861107,989.5883493592634,995.291574655271,-634.4676637284238,8.817516733180696
96,116,136,1348.9326147812458,996.8284421329811,990.2522559494325,-638.1480833011678,7.946823889705229
97,117,137,1345.4822683741345,996.1851674802955,987.7197029135468,-638.4226020197079,6.621720753664363
98,118,138,1343.311398535052,995.6475000778305,986.2016461246064,-638.537747667385,6.717728824267169
99,119,139,1345.0936934833785,991.8721012495621,993.6614035583473,-640.4398113245309,5.728179348487174
100,120,140,1330.1444257101957,976.2087601895065,990.2407399184574,-636.3050743977683,4.74895852715224
101,121,141,1329.6301553827825,968.2419607064579,982.924810611745,-621.5366159354203,9.429886805007186
102,122,142,1334.9312835730937,973.6072464730005,989.016907486078,-627.6928703859849,9.00333211231191
103,123,143,1342.9622067088592,979.9069715759184,985.7882025980433,-622.7329674651025,7.77386097258875
104,124,144,1344.9515512813184,980.9771840589199,983.6677836154419,-619.6934163930434,9.347301436065777
105,125,145,1348.113597452747,977.3571012002335,991.4053220891913,-620.6488258366778,7.7742604489759515
106,126,146,1358.9589978644074,990.5906880436162,995.5551229166475,-627.1868130958562,7.924582640207291
107,127,147,1352.7563002717752,987.3894578489909,994.9233428327079,-629.5565004099235,6.618735484251943
108,128,148,1352.5567511183785,988.0874916687728,984.5202156260988,-620.050956176493,8.405621151851278
109,129,149,1358.2918856971205,988.6943455358289,989.5190197177409,-619.9214795564494,6.5987503351682335
110,130,150,1355.2042615864445,980.4047028187817,982.9012279942292,-608.1016692265664,8.425727815692312
111,131,151,1360.1577674535065,977.9529715734484,982.4724047661432,-600.2676088860851,10.575567170646764
112,132,152,1357.9151731506347,981.1066543588491,981.4161341565427,-604.6076153647571,7.082754907834669
113,133,153,1367.5375568140714,999.8129759612165,979.0699334825958,-611.345352629741,7.782500934348036
114,134,154,1378.9204328178268,1001.9148483331642,988.759670984351,-611.7540864996884,6.79776807455039
115,135,155,1378.9026967772948,995.291574655271,994.7258010646176,-611.1146789425939,7.185659957447797
116,136,156,1376.5425224575322,990.2522559494325,997.6503068922175,-611.3600403841178,6.561296596761736
117,137,157,1381.2154973124652,987.7197029135468,998.5478425964695,-605.0520481975511,8.370149534572306
118,138,158,1370.349433993013,986.2016461246064,990.267139050984,-606.1193511825775,5.798270274185597
119,139,159,1372.5576926580147,993.6614035583473,983.8554794636515,-604.9591903639839,4.0288669303001825
120,140,160,1372.0575575856692,990.2407399184574,985.2253974951502,-603.4085798279384,3.8020891326237916
121,141,161,1381.750822124246,982.924810611745,996.8999571148921,-598.0739456023912,10.405244208919157
122,142,162,1381.9305733362903,989.016907486078,989.6339102003419,-596.7202443501296,6.13472666177438
123,143,163,1373.7292514696792,985.7882025980433,989.626946962099,-601.6858980904631,4.230422691490162
124,144,164,1367.3770251318929,983.6677836154419,988.9997444183423,-605.2905029018912,4.288076615943396
125,145,165,1383.0732611494595,991.4053220891913,999.9367439797888,-608.2688049195206,8.664393050306444
126,146,166,1373.9043618555243,995.5551229166475,995.7362139801132,-617.3869750412364,5.859623902345675
127,147,167,1388.0590162734843,994.9233428327079,1005.2990203673528,-612.1633469265764,13.103724615235592
128,148,168,1381.363090239581,984.5202156260988,1005.7712988861902,-608.9284242727078,15.279175229515431
129,149,169,1387.2106550320705,989.5190197177409,1005.6668010587872,-607.9751657444576,17.14848439258435
130,150,170,1381.8260775288297,982.9012279942292,1003.2581036682034,-604.3332541336028,18.578855505923343
131,151,171,1374.590403110325,982.4724047661432,998.4434146786255,-606.3254163344436,18.0458645066484
132,152,172,1377.822570903943,981.4161341565427,1003.0486399415897,-606.6422031941895,17.013635078073662
133,153,173,1367.5954915332686,979.0699334825958,1001.4989855159293,-612.9734274652565,13.43510173534844
134,154,174,1363.7627110726103,988.759670984351,997.9449870716858,-622.9419469834265,8.302444589455718
135,155,175,1361.3815726991857,994.7258010646176,999.7260501817692,-633.0702785472013,6.926980577264544
136,156,176,1367.2548814250213,997.6503068922175,1004.1142757635771,-634.5097012307733,7.492298098674382
137,157,177,1366.8999229576175,998.5478425964695,998.5008594520862,-630.1487790909382,9.061082583782763
138,158,178,1360.415822939085,990.267139050984,997.8642014692675,-627.7155175811665,11.0632646547798
139,159,179,1350.5966959705074,983.8554794636515,995.5500572223946,-628.8088407155387,9.398768883462367
140,160,180,1365.3653375007761,985.2253974951502,1006.8061594116455,-626.6662194060195,12.328540958405029
141,161,181,1362.7732410009653,996.8999571148921,996.032382925472,-630.1590990393988,9.969025369023939
142,162,182,1359.8710662172293,989.6339102003419,999.2641080519177,-629.0269520350303,4.911812013110193
143,163,183,1359.0915441345678,989.626946962099,1002.5340945706555,-633.0694973981867,3.931273761101238
144,164,184,1363.3134834286623,988.9997444183423,1006.6187076457541,-632.3049686354341,4.943657704035559
145,165,185,1362.6913084310165,999.9367439797888,998.2274659366054,-635.4729014853776,6.642419719091208
146,166,186,1357.3330173119177,995.7362139801132,997.607292234479,-636.0104889026745,7.535229274981361
147,167,187,1361.7209295579214,1005.2990203673528,993.4892882083833,-637.0673790178148,7.754007674556647
148,168,188,1363.867207435112,1005.7712988861902,993.9740487037622,-635.8781401548404,9.200877670844534
149,169,189,1360.2888498008192,1005.6668010587872,983.6246367916565,-629.0025880496246,12.902354971285831
150,170,190,1360.1007448526602,1003.2581036682034,983.8274729154783,-626.9848317310216,13.523319207609916
151,171,191,1365.0591229284773,998.4434146786255,993.9699423074989,-627.3542340576469,15.803121882279129
152,172,192,1367.0300095276284,1003.0486399415897,993.5476749587692,-629.5663053727305,15.804539998588325
153,173,193,1363.929130588144,1001.4989855159293,998.2725960315602,-635.8424509593453,11.547665573273662
154,174,194,1360.2188597791585,997.9449870716858,998.5119130148357,-636.238040307363,10.56994488217174
155,175,195,1352.2963333637408,999.7260501817692,988.0599822454619,-635.4896990634902,9.57058557808466
156,176,196,1352.2762348541632,1004.1142757635771,985.6616514559978,-637.4996923654116,9.995720061959105
157,177,197,1351.9555365870317,998.5008594520862,988.1555448207364,-634.7008676857909,6.23538544061887
158,178,198,1352.0456174650192,997.8642014692675,987.9746997994748,-633.7932838037232,7.618241274414686
159,179,199,1350.1964553137905,995.5500572223946,989.2764132270545,-634.6300151356586,7.321266303574703
160,180,200,1345.6716212594156,1006.8061594116455,966.0964742181623,-627.2310123703921,10.233013836230839
161,181,201,1333.391446580873,996.032382925472,965.3276444935236,-627.9685808381228,7.111459398537477
162,182,202,1334.3910221545125,999.2641080519177,957.2789532478797,-622.152039145285,8.560987650123593
163,183,203,1336.0481354796325,1002.5340945706555,958.2879919087216,-624.7739509997446,10.466924627291633
164,184,204,1342.9310413297949,1006.6187076457541,965.2589887340673,-628.9466550500265,9.674029686785161
165,185,205,1337.5399728079576,998.2274659366054,966.4908986943294,-627.1783918229773,9.387092000501411
166,186,206,1337.4073854758192,997.607292234479,969.0573861046944,-629.2572928633542,8.521863356434551
167,187,207,1326.1237557716663,993.4892882083833,965.4087320911826,-632.7742645278995,5.256081619023121
168,188,208,1327.902755346348,993.9740487037622,970.7462093593119,-636.8175027167263,5.537270994400274
169,189,209,1330.87878829305,983.6246367916565,975.60447127104,-628.3503197696464,8.161841711335455
