Left,Mid,Right,Loss_likeli,Loss_AIC,Loss_BIC,Loss_eBIC
0,20,40,49.10374322668889,14.103743226688891,6.729062557613247,-131.3054271737641
1,21,41,39.327596138812,7.327596138812055,1.9667965317835296,-122.89616256879651
2,22,42,37.77566123639758,5.775661236397582,1.9087012970938986,-93.68513831165353
3,23,43,20.67326243305604,-13.326737566943962,-11.385563995969846,-110.48210610983699
4,24,44,24.373575161898657,-12.626424838101343,-19.95711700989102,-106.08680379444309
5,25,45,27.4512780857537,-9.548721914246244,-13.132785569863245,-137.22575819696794
6,26,46,27.83359016819236,-9.166409831807641,-9.447248037867894,-134.03249078722547
7,27,47,38.46137890837315,16.46137890837315,19.71784110075805,-108.26755609110853
8,28,48,75.62503291774942,45.62503291774942,45.24513960619845,-140.92216777959106
9,29,49,70.33528492847358,38.335284928473584,38.301041974891916,-115.37155933368956
10,30,50,48.04332776092798,20.043327760927923,20.65916672293099,-150.37469538191817
11,31,51,46.532014861348046,18.532014861348046,17.41498587195133,-180.06106190730554
12,32,52,45.240254434538826,14.240254434538826,10.589906263970988,-204.114844343841
13,33,53,51.14539147649873,16.14539147649873,9.463857987983033,-186.39884087224038
14,34,54,46.765409239115115,8.765409239115115,3.7039175656819907,-162.58890255053302
15,35,55,41.69393296047741,7.693932960477412,9.21666357706249,-146.74489371523873
16,36,56,38.09767636813001,5.09767636813001,2.0197636507930383,-183.12527049415598
17,37,57,34.7294030381064,-4.270596961893602,-11.557300636397372,-212.59608713020543
18,38,58,35.94030880574775,-5.0596911942522524,-14.38184791314984,-195.23266800139038
19,39,59,28.263888069605173,-6.736111930394827,-11.512404572910441,-153.9460621476086
20,40,60,41.17748650772603,3.17748650772603,-5.344218981400559,-139.36296694733187
21,41,61,27.34973045203384,-6.650269547966161,-13.00680142854867,-153.81164019244557
22,42,62,27.713137675265955,-5.286862324733988,-8.037460230544184,-82.33502762352941
23,43,63,19.347168631709906,-14.476432426082454,-10.329186209578324,-89.23088776575173
24,44,64,29.29167655947026,-3.708323440529739,-6.874500642157955,-119.19791826578137
25,45,65,34.59063536207964,1.590635362079638,-5.409743301780168,-158.78688811746747
26,46,66,38.57137336607161,8.571373366071612,5.217384907793189,-114.62746309809631
27,47,67,74.70863160991297,45.412398116853524,40.39508263980497,-111.6929898824277
28,48,68,96.64762566269673,62.13442981684307,56.27267461273766,-115.12263747083773
29,49,69,98.25333951759228,63.1891943907724,59.01631864078098,-112.46105454750989
30,50,70,95.36600057043421,66.00357385164739,59.24951303558089,-124.7350093746345
31,51,71,96.5356071901594,63.32377611164134,56.466288633982,-159.3396615310536
32,52,72,107.30022114462861,65.30022114462861,51.94511257780243,-207.28238729783777
33,53,73,116.0253056531107,71.0253056531107,56.618069584277464,-239.34176532943138
34,54,74,119.6597160933012,73.6597160933012,63.23140022800271,-204.1372457139771
35,55,75,126.18793806569465,80.18793806569465,65.25756140492194,-268.02760946421824
36,56,76,140.307828619928,86.30782861992793,69.82026494236936,-339.86393858033625
37,57,77,144.2785645346928,89.2785645346928,67.44110445643753,-256.2724678117245
38,58,78,159.88808526791843,97.88808526791843,72.56556223222424,-234.29222241359957
39,59,79,148.12135989292346,86.12135989292346,59.75911608638933,-199.15841610749305
40,60,80,170.84992748963504,90.84992748963509,57.95210835307478,-286.45927105739327
41,61,81,159.80415120809147,81.80415120809153,48.8623435742453,-295.1200333273091
42,62,82,143.64918301173321,76.64918301173316,50.77782100682066,-204.09548090724832
43,63,83,122.75140999572966,70.92780893793736,54.17631427666322,-154.31487697407022
44,64,84,130.8028821397566,79.8028821397566,62.129937031662735,-151.3729266195063
45,65,85,148.42189855147694,92.42189855147694,70.50486283894645,-225.50072663703008
46,66,86,124.13938918200796,74.13938918200802,58.74863644650975,-180.21082132405206
47,67,87,91.00477425189536,56.708540758835966,49.89504177846243,-140.74163842108317
48,68,88,96.01291997842623,47.499724132572624,37.09385814554912,-208.60605615214763
49,69,89,93.72662221954874,45.662477092728864,37.789930286876256,-226.3313761787183
50,70,90,115.73319924806503,68.37077252927827,53.694842022065814,-273.7109632379097
51,71,91,73.86337322686785,39.65154214834979,34.37563007559322,-174.1157772753894
52,72,92,55.60553099880377,14.605530998803715,8.914053380304608,-190.56923872293657
53,73,93,55.261755174572045,9.261755174572045,-2.8707583087982584,-152.51621329674606
54,74,94,54.02804559440557,16.028045594405512,10.627901681269236,-122.12554108023221
55,75,95,58.99924485775318,13.99924485775307,3.378770772307462,-238.46839129308535
56,76,96,35.076662570224244,6.076662570224244,3.7686202634904475,-149.28910287389454
57,77,97,23.20475708002317,-13.795242919976772,-19.046493550086666,-137.20063373895607
58,78,98,6.4308341400617905,-28.569165859938153,-27.972653952574547,-133.18050864376323
59,79,99,13.850990627084002,-43.149009372916,-51.42611093296637,-257.33139275398923
60,80,100,14.22002066803492,-50.77997933196502,-61.65371562511143,-274.90673025865794
61,81,101,13.845104686493869,-55.15489531350613,-68.20896633943937,-275.2703212352076
62,82,102,27.401165335456085,-44.59883466454386,-55.17560448872587,-292.4407839582675
63,83,103,28.187984804464577,-37.81201519553542,-49.182265009061894,-298.95919215616686
64,84,104,28.293534778520268,-36.706465221479675,-47.23362792434614,-306.1907411271609
65,85,105,33.19582425338831,-49.80417574661169,-68.946355321184,-371.79113985535196
66,86,106,37.58049500967536,-39.41950499032464,-55.92106133451489,-346.19865941885087
67,87,107,38.24956318955685,-31.750436810443148,-39.95677971863756,-297.1159548188316
68,88,108,25.52524796592735,-27.474752034072594,-31.334373915055153,-302.38435964858286
69,89,109,25.79645152564609,-43.20354847435385,-55.375602134048336,-356.4530754616924
70,90,110,38.970701723845195,-37.029298276154805,-52.33984130300814,-427.0821253879699
71,91,111,34.32284477546568,-29.677155224534317,-39.3598782003437,-405.3547860250874
72,92,112,28.851062933157323,-41.14893706684268,-53.93113744764355,-419.79534521236894
73,93,113,27.37784607896367,-46.62215392103633,-63.70955339657564,-349.63575811298404
74,94,114,37.78387473092994,-35.21612526907006,-52.84537937867219,-352.14454908827213
75,95,115,40.623562266065335,-33.37643773393472,-53.2364259317136,-370.20952733240506
76,96,116,26.07246640815788,-25.92753359184212,-36.91390832220702,-277.4898574000881
77,97,117,49.34910053856743,-14.650899461432573,-28.492505520601753,-314.38580970200974
78,98,118,52.331937796545446,-2.6680622034544967,-13.415167392750618,-282.3049996282656
79,99,119,58.923617332840934,-10.07638266715901,-26.060745819933118,-364.2253744597522
80,100,120,50.080072723557464,-16.919927276442536,-31.215410975102827,-258.7640391249611
81,101,121,53.17543470740998,-10.824565292590023,-23.815320766598006,-285.7023869370711
82,102,122,30.69884455862035,-49.301155441379706,-59.07587772687498,-323.49220295431496
83,103,123,32.89457381758217,-48.10542618241789,-58.54932064883769,-278.20996725039186
84,104,124,28.608967880393493,-40.39103211960651,-52.21651218902093,-386.1910825543557
85,105,125,31.05373349761817,-47.94626650238183,-65.44355512012612,-405.81963136662466
86,106,126,22.059339115883745,-47.940660884116255,-52.26120832835454,-363.313718399603
87,107,127,28.28959017381493,-38.710409826185014,-42.30399201152886,-307.8346265224975
88,108,128,35.64261219272646,-25.35738780727354,-33.19993878247192,-375.6655497079346
89,109,129,26.761837233960478,-39.099172106260426,-37.48226648269599,-312.9132596424324
90,110,130,22.490867842323382,-41.00173827536014,-30.785274797978673,-250.63490408376038
91,111,131,25.198734386801902,-35.8012656131981,-41.156488595504925,-320.31785617589685
92,112,132,23.96618268092061,-31.03381731907939,-33.46132668061932,-240.8156676694773
93,113,133,14.82850705126043,-46.021455971095406,-39.883142848975126,-271.68614881390704
94,114,134,14.106113012644585,-57.89388698735536,-68.78695033514111,-317.63531100442674
95,115,135,20.560549800132264,-50.43945019986768,-61.527794591436304,-385.36826710474656
96,116,136,10.275810798068505,-42.724189201931495,-44.850943131514214,-318.1876429019717
97,117,137,30.37510255551979,-27.62489744448021,-31.201261287107968,-353.4080916781219
98,118,138,47.776375858527615,-12.223624141472328,-24.81278568449875,-216.67555011967534
99,119,139,48.115522991788396,-7.884477008211547,-21.55546346624442,-229.11799587129076
100,120,140,42.89581770781507,-7.104182292184873,-16.401677568435957,-136.26821550678096
101,121,141,35.12369287050842,-6.876307129491579,-12.884020492086506,-106.90795970766669
102,122,142,22.671546712398822,-29.328453287601064,-33.79698343366363,-180.36285474855288
103,123,143,28.665258895036516,-24.33474110496354,-26.038340212223716,-194.20134271455856
104,124,144,30.737605018545025,-3.262394981454918,-3.5543112984340723,-226.7335286939848
105,125,145,34.18640660043087,-6.813593399569072,-12.323440625387093,-178.762920631547
106,126,146,36.700528749751754,1.7005287497518111,5.447809155149002,-141.2651350510995
107,127,147,45.042307740645356,0.04230774064535581,-6.438019009438449,-167.48007737953662
108,128,148,73.52132696940635,15.18100367835575,-0.6574013159287233,-274.4040524738042
109,129,149,71.19263341588237,17.33162407566158,12.532368551044328,-179.3585541454579
110,130,150,72.3851762465348,19.89257012885139,18.60345518706106,-130.01409085287605
111,131,151,75.20287157244638,27.202871572446384,13.070670395921752,-182.79030133257095
112,132,152,69.26912515472497,26.269125154724975,15.953065823309998,-139.58969816985848
113,133,153,79.18612775554232,20.336164733186592,9.448383434302173,-210.52163020938121
114,134,154,104.20018355615503,29.200183556155025,-3.287746438200088,-310.25981217314927
115,135,155,138.7134792695224,62.713479269522395,30.420830318950266,-368.8624359659734
116,136,156,114.96957499560506,49.96957499560506,24.381621766868307,-314.03601172347703
117,137,157,112.81786700799398,45.81786700799398,20.085454830094818,-343.8074058951901
118,138,158,111.43857245564186,47.43857245564186,25.23332737934811,-320.7943717429746
119,139,159,121.05847087214204,52.05847087214204,24.637179240128944,-245.62159234216085
120,140,160,132.74932994602875,68.74932994602875,44.16394258818059,-196.1089741928622
121,141,161,124.63646317016543,68.63646317016548,48.72715208709303,-191.0746311418104
122,142,162,133.6224774932341,61.6224774932341,32.01444027032994,-243.9438463909753
123,143,163,140.4761122639768,66.4761122639768,37.65736786222021,-338.42379312889943
124,144,164,117.96784818561355,60.96784818561355,39.520950194924126,-270.8352688156423
125,145,165,113.13259197100967,56.13259197100956,33.64597320948042,-252.21717196509167
126,146,166,112.38149561858461,58.38149561858461,37.041901677106466,-235.3496719327983
127,147,167,123.07784136866184,60.07784136866189,38.74417312183266,-275.7111652793086
128,148,168,112.04505847099,57.70473517993946,39.35233805912321,-251.04447525484534
129,149,169,106.86920269987684,53.86920269987684,36.2327316682688,-227.63364950080745
130,150,170,108.02982828366277,55.02982828366282,35.227821249801536,-262.07768040109954
131,151,171,116.68168370571948,65.68168370571948,46.875408945412346,-291.96344969503207
132,152,172,106.79608507429327,62.79608507429322,47.82144686170477,-269.507660615336
133,153,173,67.14075912469116,24.140759124691158,10.010560639159849,-220.75664244694633
134,154,174,78.3476112899894,32.34761128998946,15.68409362328714,-219.93616574967916
135,155,175,69.4247530194516,28.4247530194516,16.237514719499927,-123.72041454343275
136,156,176,60.21816872083821,24.7516220640274,22.65135425838139,-99.75639084551199
137,157,177,52.91803221087662,7.918032210876618,-4.088736235688998,-205.6482803194375
138,158,178,50.76459404318962,3.764594043189618,-8.198185906090089,-241.36717704441025
139,159,179,35.42765096816623,-1.5723490318337667,-8.209894023063498,-180.7411914203101
140,160,180,27.949155319168256,-14.050844680831744,-22.831146765666517,-206.93662787488734
141,161,181,13.416046149227043,-29.5839538507729,-38.05467474651175,-185.44424348837583
142,162,182,32.8236400225976,-28.1763599774024,-39.13807326512074,-275.43284214732216
143,163,183,29.61144129631157,-24.38855870368843,-31.11990471010597,-235.4369507428528
144,164,184,29.12305133211038,-21.87694866788962,-26.127132636437977,-317.1408880408885
145,165,185,35.16461867330321,-13.83538132669679,-19.515848153651064,-324.50166053368866
146,166,186,40.355915494730596,-6.644084505269404,-10.635671878109747,-273.34674874268444
147,167,187,67.25245916142802,10.252459161428021,2.6685047819375995,-319.5140382214388
148,168,188,56.372419724514714,1.3724197245147138,-4.522655200861664,-335.17509057949223
149,169,189,44.911258700188,-9.088741299812,-14.485950088411414,-348.34523248765106
150,170,190,40.03701056770302,-15.962989432296979,-22.355930494450377,-364.239770298321
151,171,191,48.358398475451565,-8.641601524548435,-16.918703084598746,-386.207970207289
152,172,192,38.48269199147785,-12.51730800852215,-16.767491977070677,-380.09976652151454
153,173,193,31.692172649448082,-21.307827350551918,-27.593464363494263,-315.28986335252193
154,174,194,34.33345681640026,-15.666543183599742,-20.458581786211198,-313.17426356792373
155,175,195,28.06907599404434,-14.93092400595566,-13.211230197422651,-193.47180402053732
156,176,196,10.163913224977762,-25.302633431833044,-15.807846614408618,-129.28202990760462
157,177,197,10.373672598874805,-31.626327401125195,-31.39571613868077,-219.98957057281677
158,178,198,11.092706640369215,-37.9072933596309,-40.46859787406527,-239.0410486520143
159,179,199,-0.3844240656518991,-40.38442406565184,-38.46493334909337,-245.48989935661598
160,180,200,2.7976800737976646,-31.202319926202335,-28.02850034038181,-214.8643066306788
161,181,201,-6.530576553210892,-41.53057655321089,-38.74032295885422,-186.2272215165924
162,182,202,14.231198612708454,-35.768801387291546,-42.64028153158279,-296.3311540276211
163,183,203,25.455101995311566,-16.544898004688434,-20.819743415883636,-206.04428851676198
164,184,204,19.121013059115114,-41.87898694088483,-47.00314510255919,-327.61474456771043
165,185,205,22.656017818799228,-32.34398218120077,-37.545909926017316,-332.1691221309811
166,186,206,35.195512163346166,-17.804487836653834,-21.317536127356334,-327.53238747815044
167,187,207,57.880985573009696,-1.1190144269903044,-9.352127489754707,-389.9233653858096
168,188,208,53.085352693542006,-10.914647306457994,-21.637091053107383,-387.0940104360661
169,189,209,25.74491777066828,-25.255082229331776,-28.812119017320242,-313.18377773365637
