Left,Mid,Right,Loss_likeli,Loss_AIC,Loss_BIC,Loss_eBIC
0,20,40,38.69629288826758,27.69629288826758,23.774081936092728,-10.977176262687124
1,21,41,52.40434942340522,35.40434942340522,29.06790137099574,-30.028814158374814
2,22,42,54.330308740727105,38.500826360099495,33.38270218251597,-25.526801851696177
3,23,43,52.79049818997845,31.79049818997845,25.9396741082071,-43.32271307001861
4,24,44,51.04928680628234,34.04928680628234,25.004017252049152,-52.307724656777395
5,25,45,49.15598389162744,30.155983891627443,23.815689605384307,-75.6018146823929
6,26,46,50.99297492710252,27.992974927102523,24.139748101468626,-135.6194907264687
7,27,47,51.87842085924922,29.878420859249218,27.165640149322314,-110.9365894836925
8,28,48,58.08338944334503,38.08338944334503,35.27824122606512,-99.31729767376225
9,29,49,64.69509433819508,42.69509433819508,37.98036395414067,-82.57892151339297
10,30,50,71.91864720271451,45.91864720271451,39.20395797908793,-137.35596587563725
11,31,51,60.58180394600879,32.58180394600879,25.720202279068815,-58.96110643087661
12,32,52,60.16978200230233,29.169782002302327,19.627682796975023,-105.97050743429793
13,33,53,52.499112656278555,27.83972276956871,27.347191020799187,-59.33937712274815
14,34,54,43.027985440206805,18.027985440206805,16.53629383723495,-35.97855878702762
15,35,55,41.20995785059114,12.567052744631894,10.66291222559488,-38.88459683010353
16,36,56,58.10953915018115,24.10953915018115,14.658666117761868,-143.84722892559012
17,37,57,49.83533741240933,19.802326432651626,19.114513640099176,-113.73831441942934
18,38,58,73.43471621649138,46.43471621649144,39.45381644855013,-131.49755038721685
19,39,59,67.94176098751063,36.62047581244917,28.22540142717287,-120.39446480297192
20,40,60,75.93363971303978,45.93363971303978,35.849685873649605,-139.28101463015344
21,41,61,89.08305298723997,60.08305298723997,50.150391694346695,-131.22068143649153
22,42,62,88.1129176234611,61.11291762346116,52.52256219440176,-129.0441245292485
23,43,63,82.66693847218437,51.66693847218443,41.43169208629712,-135.21223933074202
24,44,64,66.02822124636805,41.02822124636805,32.43476289046254,-82.79043997346696
25,45,65,54.4227768462506,28.4227768462506,19.849018189418643,-66.15699850898318
26,46,66,78.62346059217947,42.62346059217947,28.859162751567283,-154.2072936804242
27,47,67,91.64224677004756,50.642246770047564,34.73519183583039,-211.89236673456423
28,48,68,80.91826955820966,35.91826955820966,18.36632366716435,-180.14874263132936
29,49,69,86.55983811010924,47.55983811010924,32.64851544944611,-155.1109334578482
30,50,70,84.41869832926864,43.41869832926869,27.853073758682967,-188.66868103741797
31,51,71,92.54295957076016,40.54295957076016,21.0132381596801,-162.86200637617424
32,52,72,102.64111337697977,47.641113376979774,27.255220883911647,-165.05094338025128
33,53,73,110.94180707494195,62.94180707494195,46.1938012789891,-187.97920536159256
34,54,74,107.3681771334306,58.36817713343066,42.37669957216076,-155.4551862667763
35,55,75,120.56063865308306,67.56063865308295,48.479141929102525,-167.60786931360008
36,56,76,134.98643425326225,75.98643425326225,54.360600963864954,-252.82248282873752
37,57,77,134.16090899784365,75.12789801808583,60.695114439560484,-241.88993265495367
38,58,78,143.90971310352927,85.90971310352927,63.96494897606294,-263.83937285184504
39,59,79,142.32412564608444,82.32412564608444,59.03705565478435,-259.77616918490173
40,60,80,151.7772614352299,88.77726143523,63.65001944331868,-249.9723808817605
41,61,81,146.7726382779391,97.77263827793911,79.9620957911859,-188.36103360793743
42,62,82,129.99573863746457,85.99573863746468,71.02110042487618,-153.638668172439
43,63,83,148.00748904685827,108.00748904685827,94.33116820081796,-154.9604817357249
44,64,84,145.1367731870439,109.1367731870439,97.45191688811155,-116.46786924539003
45,65,85,115.40397913465972,78.40397913465972,65.39341374412072,-98.73692859884954
46,66,86,100.65951247289081,69.65951247289081,58.38454531616355,-88.57490808973978
47,67,87,109.78061325874751,66.78061325874751,49.877826050976296,-154.64751303495746
48,68,88,107.80446607385215,65.80446607385215,45.1528450505931,-187.79544472155942
49,69,89,117.99933526456584,81.99933526456584,61.27793067362222,-178.65388935383874
50,70,90,112.84604496682113,76.84604496682118,55.039913456603244,-144.69739290300754
51,71,91,115.85036914636464,74.85036914636464,52.71074358868998,-183.6713794443433
52,72,92,98.47952152161156,62.47952152161156,48.41859301838974,-121.4707604224069
53,73,93,55.16185056555753,29.161850565557472,17.87250860037716,-121.94471620284196
54,74,94,48.71329311806198,22.713293118061983,12.802868376978381,-117.08668571730163
55,75,95,43.32296610153526,19.3229661015352,14.251024113744165,-108.11623346455485
56,76,96,43.238252674849605,16.238252674849605,8.464694220636318,-100.28309918718992
57,77,97,46.68413663583328,18.684136635833227,12.541497098975924,-85.3283448291254
58,78,98,62.63031676081647,28.63031676081647,22.057717643012666,-100.14291710326916
59,79,99,56.91195934547403,21.91195934547403,14.385459221409633,-130.2469454384643
60,80,100,59.299816560309466,22.299816560309523,10.810241305160105,-125.24549100709112
61,81,101,37.88830396768651,5.888303967686511,3.255654158893094,-105.61842023986105
62,82,102,35.25822427424373,12.25822427424373,10.394657596915124,-72.09042363416393
63,83,103,23.020910814959393,5.162415174937109,9.199694732525813,-68.20147917598638
64,84,104,29.41481856456926,1.4148185645692024,-0.23929907031492803,-145.96123736611798
65,85,105,23.469385427339603,0.46938542733960276,1.8661600315880378,-119.07490265983188
66,86,106,23.95177048245546,5.9517704824554585,7.387387728868816,-69.0898009715304
67,87,107,25.68962774467957,5.689627744679569,4.743218356418936,-68.276292090016
68,88,108,28.804528016275356,10.804528016275356,11.928612546199929,-111.71201230932286
69,89,109,39.915807802728125,20.915807802728125,20.813838141524457,-129.41099310284312
70,90,110,39.08411910964128,11.084119109641279,9.273942939684389,-128.9440403550783
71,91,111,34.43414061063544,8.434140610635438,7.273123123952587,-172.223465820838
72,92,112,33.8188738683063,7.818873868306298,6.657856381623446,-137.74143946390302
73,93,113,44.46022427314517,28.460224273145172,32.277868154232294,-127.61840669714934
74,94,114,59.92746101589279,35.92746101589279,34.72245503192403,-155.22455772971784
75,95,115,49.115230254810854,25.115230254810854,24.60337145140204,-120.42222329764945
76,96,116,69.27001253119948,33.270012531199484,26.783760086466714,-178.89048916586864
77,97,117,67.56264827885155,33.562648278851555,31.36428372693183,-179.32847897623867
78,98,118,91.90100510463179,38.90100510463179,26.33468529086474,-240.99735218050955
79,99,119,87.06561399348698,34.06561399348698,20.696685719956463,-262.7449320181247
80,100,120,106.46952532658611,49.46952532658611,30.102068877576755,-287.79603932226007
81,101,121,77.69810735163685,29.69810735163685,22.2187616669313,-200.13047125498667
82,102,122,82.23001415496122,38.23001415496117,27.99070014699555,-252.73402315126498
83,103,123,52.19800133624864,15.33950569622641,10.610475835612078,-187.109725034588
84,104,124,65.46131410022849,28.461314100228435,20.593533282951398,-157.2368104154168
85,105,125,71.17038589244589,30.17038589244595,21.423028147416744,-182.19237661773082
86,106,126,78.09633801183571,41.09633801183571,34.45879302060598,-207.05232951520156
87,107,127,87.60567397848166,48.605673978481605,40.97239671369789,-261.0794151881663
88,108,128,93.99804821017227,52.998048210172215,44.057505955345846,-213.11854442934487
89,109,129,84.95866498831401,39.95866498831401,27.95189654174834,-240.2155383337722
90,110,130,57.58448026951845,9.584480269518451,-3.5592507872537453,-186.966566740031
91,111,131,55.19990086244633,13.199900862446327,3.786136630822398,-178.78877351753306
92,112,132,55.76088206877972,18.760882068779665,10.623148173974869,-132.23079370632854
93,113,133,71.30037209495777,45.300372094957766,45.87222255967481,-127.99287213422986
94,114,134,71.2255169837847,39.2255169837847,37.50331780839974,-187.55231343909304
95,115,135,81.15002372559269,48.15002372559269,42.81079610091098,-130.1962301123898
96,116,136,84.04940272749377,40.04940272749377,29.580221188545124,-160.38847516979968
97,117,137,123.79291539781798,81.79291539781798,73.35918690326315,-219.2093251911822
98,118,138,105.68589031239816,59.685890312398215,49.26069727073536,-261.23184856477997
99,119,139,99.86501577517589,58.86501577517589,50.92915341739808,-249.3453211683767
100,120,140,78.67965668692221,39.679656686922215,36.205262505498126,-236.95934436812627
101,121,141,72.85033888065306,37.850338880653,36.36740924633693,-185.99317917554174
102,122,142,74.34322759730173,38.343227597301734,35.6692846456487,-226.401408221393
103,123,143,76.4470337507314,40.44703375073141,36.610629037808394,-177.9705384055253
104,124,144,56.78944552103303,28.78944552103303,24.621788090553196,-94.75705873675906
105,125,145,49.9185077278093,20.918507727809413,18.467644304623718,-147.42964537522084
106,126,146,67.51613483698333,30.516134836983383,23.18544266519359,-211.3370141229276
107,127,147,67.69575436947082,29.69575436947082,23.25349042202413,-272.8043976043766
108,128,148,70.26438514240152,36.264385142401466,32.16015933234257,-248.40646514759328
109,129,149,66.67126998670886,25.671269986708808,16.695686858091108,-260.6855671094553
110,130,150,59.37374847576763,18.373748475767513,7.308962353939478,-168.13641157205632
111,131,151,59.51894465121234,20.518944651212337,9.267847004319151,-172.11643700903664
112,132,152,71.01169406008933,29.011694060089326,14.572319988319805,-187.93630731165877
113,133,153,53.11622162804082,23.11622162804082,17.370413273978215,-123.68492956062823
114,134,154,56.990591445605446,23.994087374959918,19.940427201655552,-104.0905222582794
115,135,155,58.350143837852556,24.350143837852556,18.360259082334892,-91.74192978361907
116,136,156,58.41594036868605,31.25233071995575,28.094514298157605,-24.82015710490657
117,137,157,86.82623902437183,50.82623902437183,40.0966059221949,-87.96481033477812
118,138,158,76.05299007762625,39.05299007762625,24.771572686830496,-120.0460749309459
119,139,159,88.05490549511785,43.05490549511785,24.11666524295282,-211.57587033622087
120,140,160,101.88320265267328,37.883202652673276,16.76914544941053,-202.9860253472409
121,141,161,104.445426717097,52.44542671709701,33.834433000572744,-262.11948968833383
122,142,162,116.63456876709643,49.634568767096425,23.55595567657349,-278.1667922273506
123,143,163,115.71522987555574,53.715229875555735,31.996364558797268,-252.88832692169524
124,144,164,117.7709842041537,57.770984204153706,35.245595264850294,-260.66412677474295
125,145,165,107.08885863128944,53.0888586312895,31.749264689811184,-274.201277588571
126,146,166,104.84103573450034,50.84103573450034,28.80829461246219,-273.80773865059825
127,147,167,99.57055975685773,45.57055975685773,23.884392225099532,-236.89838519785724
128,148,168,93.11417452886553,44.11417452886553,25.263911271272264,-218.3328473030208
129,149,169,98.67969847324935,46.67969847324929,27.37555757616508,-215.92317894080065
130,150,170,86.39929417794986,32.399294177949855,23.999110307946353,-176.0150704243698
131,151,171,81.42958064902507,34.42958064902507,19.135868874145217,-216.89685592447483
132,152,172,81.92894951753772,47.92894951753772,38.97269344355925,-168.83787213797234
133,153,173,62.52141660641115,34.52141660641115,30.117914116182533,-102.64130685900614
134,154,174,53.614693395368704,31.618189324723176,34.77392460736564,-61.40717870380627
135,155,175,43.151985237088354,20.151985237088297,21.71806952779741,-60.934165933586655
136,156,176,43.4567110842529,24.293101435522715,27.890802830180178,-32.36960947376633
137,157,177,38.96393807330776,8.963938073307759,5.094279735825239,-68.03539490586513
138,158,178,38.616239279296906,9.616239279296906,4.9693302095041645,-84.82476856982134
139,159,179,60.591026598017834,25.591026598017834,15.790330796982403,-195.13946826389963
140,160,180,58.65968651266144,11.65968651266138,1.592088100739943,-151.5594787063328
141,161,181,67.44813431066837,31.991445182290192,21.80018729368885,-169.49240382272922
142,162,182,75.21904324955517,24.21904324955517,7.9512330161052205,-201.68507954631173
143,163,183,78.40323978571502,32.40323978571496,17.20640717766298,-186.3877290968726
144,164,184,77.88350553113668,34.88350553113668,22.139601406725205,-193.19107670153164
145,165,185,77.3793004183562,42.379300418356195,32.23203102704082,-186.08084697907805
146,166,186,72.31456162220684,31.31456162220684,18.180095410229455,-221.9804576356728
147,167,187,75.01560219482724,33.01560219482724,19.383269846072835,-187.99057646224128
148,168,188,75.58264641380003,32.582646413800035,17.759300747708835,-167.1747863523484
149,169,189,79.4311651804349,34.4311651804349,18.95866083106955,-164.94733796559433
150,170,190,56.76509392409179,15.765093924091843,13.51041990328406,-101.61485162571273
151,171,191,57.20451834768386,17.204518347683802,5.261065453043443,-149.98960082809856
152,172,192,52.46652123608976,27.46652123608976,20.21847167086446,-112.75581474867295
153,173,193,52.95665364221031,29.956653642210313,23.35776276025905,-112.61068818852823
154,174,194,43.80280972138985,23.80280972138985,18.004370069209642,-114.61569816182919
155,175,195,40.28717529265839,22.28717529265839,16.44474714319216,-84.34119517292527
156,176,196,41.472211594708426,22.472211594708426,16.478490898745235,-61.67322639439067
157,177,197,41.404867472217404,18.404867472217404,10.480150680098802,-36.57514325078921
158,178,198,36.780703136093166,13.780703136093166,8.327934807289182,-76.11497710123604
159,179,199,38.35340112596947,21.35340112596947,17.04855988412021,-59.27227491221606
160,180,200,34.75109311086726,23.75109311086726,21.550447253012635,4.46189956317869
161,181,201,34.10990603995407,24.653216911575896,22.901021905536822,-4.131731062002757
162,182,202,34.00973560364514,28.00973560364514,27.77029621352392,6.462977448081858
163,183,203,36.56403508822319,26.403593339212534,24.580496484206776,-8.905046215901393
164,184,204,40.0256925814744,31.546154046317724,29.44738544999865,-4.869775051619854
165,185,205,45.90949662975635,40.45666888545429,39.7002061529692,-4.023748204892854
166,186,206,50.306911243485615,39.664403771670095,37.60962367263693,-46.161790123403875
167,187,207,42.878859693084564,24.027147673086915,19.63432943666578,-50.22917314363269
168,188,208,57.35947935713915,37.35947935713915,32.398857301302144,-33.14143050087142
169,189,209,54.99317536058845,45.03623963521733,44.17247285352107,-31.778024920127223
