Left,Mid,Right,Loss_likeli,Loss_AIC,Loss_BIC,Loss_eBIC
0,20,40,61.80334012376056,47.80334012376056,49.52457756329812,-0.5253701384549458
1,21,41,77.59065599979743,65.59065599979743,65.7369146961397,-20.308413851655075
2,22,42,55.02601744352546,47.02601744352546,47.21983100959898,-18.864016586724347
3,23,43,59.985058583549915,47.985058583549915,44.66931316263333,-33.325983941076345
4,24,44,67.40556899503565,55.40556899503565,55.947990057664356,-25.475302878484115
5,25,45,79.58247039343809,65.03171242408871,64.25592263696433,1.0515561652964607
6,26,46,57.03670429369913,40.03670429369913,37.61860708027359,-26.740813551267138
7,27,47,35.15031547418431,26.15031547418431,27.844695804377693,-37.17276409463261
8,28,48,27.245322860048987,17.54063287324192,18.87909828775298,-34.924694963450065
9,29,49,30.62277327931446,12.622773279314515,9.552933852088131,-58.227477747643775
10,30,50,30.99292855615255,3.992928556152492,-1.2441445247064848,-63.853657067995755
11,31,51,32.276279878760704,3.276279878760704,-3.3915214516692913,-89.68391783829793
12,32,52,29.170882470700292,-3.699535055145759,-7.24001437508457,-111.63299364115528
13,33,53,28.97305903753835,-3.391906457688549,-7.938418337227745,-111.58455986811134
14,34,54,23.20750992814169,-8.79249007185831,-12.804698732000418,-80.84679572030029
15,35,55,28.398081701793387,-5.6019182982066695,-7.987617668521125,-134.45184646630844
16,36,56,24.9955294272836,-0.004470572716400056,-4.479931415701913,-100.89286122339604
17,37,57,19.665505699811774,-7.334494300188226,-11.993948111239604,-107.92176232028464
18,38,58,16.626364984059535,-11.373635015940465,-12.765123142382663,-113.43489856549047
19,39,59,14.47177337440911,-12.52822662559089,-17.306272561570438,-81.87014741236123
20,40,60,19.353963932437296,-2.6460360675627044,-2.4817125902811767,-58.18533077906477
21,41,61,12.819623018337325,-7.1803769816626755,-7.897885067016546,-37.539386212915474
22,42,62,11.163822379561054,-0.8361776204389457,0.8140477243964597,-38.565013636271715
23,43,63,19.472585418460937,-1.5274145815390057,-4.357984467696497,-67.47113701842022
24,44,64,28.05655531244679,8.05655531244679,11.011705853830335,-45.7629848794287
25,45,65,35.01637032425219,24.266792767984953,29.748654660539273,-17.36649404617515
26,46,66,28.559206095295337,5.559206095295281,5.2630709048249855,-59.96763135383446
27,47,67,45.61280986345844,14.612809863458438,12.094150141210207,-77.23309637623754
28,48,68,46.44287231333112,14.442872313331122,6.951712757714063,-99.8833589821885
29,49,69,39.437814528263175,16.437814528263175,20.35238579459019,-34.11378509418523
30,50,70,52.660726202819774,9.414540130240653,10.95350664878913,-90.22490248517136
31,51,71,47.88840937288012,8.145710133559078,7.697166882075521,-59.40558227698807
32,52,72,49.1229291360504,13.364550625918696,16.428296575938703,-86.61069727234576
33,53,73,60.51474140954326,17.514741409543262,13.42999968484969,-143.18543647186857
34,54,74,78.96227777535114,40.96227777535114,38.40923211184577,-99.60007998503852
35,55,75,87.74767177436189,46.747671774361834,42.41940435548338,-128.56256531291797
36,56,76,91.55668111691068,50.55668111691068,41.78245423254805,-190.72694666667667
37,57,77,105.01419194140772,57.01419194140772,42.50726225304527,-209.03114602199855
38,58,78,121.22351429847492,67.22351429847492,47.61678830839662,-269.89117209486346
39,59,79,118.48937441894532,69.48937441894532,42.74064110165216,-209.89684522751315
40,60,80,136.70407234044364,86.70407234044364,65.08644360850303,-278.1164172082998
41,61,81,136.92341261384774,77.92341261384763,55.80654044538926,-287.5840093983928
42,62,82,131.8929675609673,77.89296756096724,60.653689026012216,-224.0615756118449
43,63,83,132.44392043899325,71.44392043899313,49.04527867203592,-336.12353687501763
44,64,84,117.17567387693066,57.17567387693077,38.420496525259864,-311.3429356692369
45,65,85,107.61936936205421,58.86979180578703,45.08616691053567,-230.04456676572408
46,66,86,113.3392111006919,60.33921110069184,40.521277667741856,-249.64705091760527
47,67,87,93.13919235537287,34.13919235537287,17.333707213088815,-201.13770206966296
48,68,88,92.12401187236355,35.12401187236355,19.353313224526687,-210.56343148369854
49,69,89,93.38147334662438,38.381473346624375,25.671181055527654,-204.85413951145074
50,70,90,74.65395518718367,40.40776911460455,40.97428519131404,-69.5533332995791
51,71,91,71.28923775873358,47.54653851941248,51.59811755356111,-16.24604893339597
52,72,92,64.7821623157655,45.0237838056338,49.749686475929025,10.633356210747706
53,73,93,64.01502075439765,36.01502075439771,33.621559580439,-66.62841607315863
54,74,94,51.77124692097607,35.77124692097607,40.804528436146484,6.896719914322375
55,75,95,47.978659319374856,35.978659319374856,39.17137957308523,-25.066266217079146
56,76,96,71.22378330368798,43.22378330368798,39.188948246026484,-120.60412610695266
57,77,97,79.06271000029187,49.06271000029187,44.55709154475528,-96.64941553694439
58,78,98,53.81587061630489,22.815870616304892,20.506895873377175,-136.79492821677604
59,79,99,40.39601737077976,8.39601737077976,7.267161977781029,-125.27358055617367
60,80,100,61.12371538027486,26.123715380274916,22.773188930667743,-175.51903434002247
61,81,101,71.73248053361715,24.73248053361715,16.21462099264204,-228.396183052428
62,82,102,72.31446383354807,27.314463833548132,21.834025925465312,-196.20195941807367
63,83,103,73.16946858863986,24.16946858863986,15.324979694726153,-278.32520416923273
64,84,104,67.57423295251385,10.574232952513853,-3.2480460520159795,-312.75202966239544
65,85,105,73.05054555165259,15.05054555165259,-0.655893950774157,-310.4618268780971
66,86,106,56.98002897119932,0.9800289711993173,-11.078640246586588,-274.1097044016135
67,87,107,75.20326817563227,28.203268175632218,16.587061816632513,-259.9572357185999
68,88,108,72.02622519229391,24.02622519229385,16.69097541027702,-221.33481953442822
69,89,109,49.67769449121914,0.6776944912191993,-9.227358180820715,-175.48817831945314
70,90,110,53.19173682270673,25.19173682270673,19.915824749950275,-107.89467230800392
71,91,111,52.96806820461336,23.96806820461336,18.54086358535983,-78.49261458944954
72,92,112,56.500587485279766,30.500587485279823,27.54389000549787,-38.724661291708344
73,93,113,37.62591220784901,25.625912207848955,27.276137552684474,12.391396733551801
74,94,114,35.90227109248917,28.902271092489173,35.35628238247375,58.607840565480615
75,95,115,26.500912455431603,16.50091245543166,24.15655743792354,34.3490136452167
76,96,116,36.589751123062115,10.589751123062172,5.962997733579641,-89.07528056629815
77,97,117,51.16647154963829,24.16647154963829,20.081572794218687,-76.83495474571134
78,98,118,44.78490514456507,20.784905144565073,21.267846178516493,-114.0553087484027
79,99,119,28.25476307813574,-6.745236921864375,-9.367690725193938,-139.2101611179662
80,100,120,42.25945844144729,12.259458441447293,12.437983446565113,-154.69806474495886
81,101,121,22.823436638153566,-5.176563361846377,-8.373033892923218,-103.51772993824773
82,102,122,28.618855048735554,-4.381144951264446,-10.066946166226103,-130.63965412140578
83,103,123,32.733875846769365,-8.266124153230635,-17.979714216848038,-211.22557760847212
84,104,124,38.802793616002646,-4.197206383997411,-15.554816147288875,-221.1578915793765
85,105,125,36.309700175006185,-1.690299824993815,-10.905152494680351,-169.36748550417371
86,106,126,38.03928856603437,6.039288566034372,2.81024431837659,-137.92533593618828
87,107,127,33.36103052498049,11.361030524980492,15.216220551974175,-108.34283099317247
88,108,128,39.225393018025215,18.225393018025215,18.860559034667517,-110.24054564080814
89,109,129,42.41580127757658,18.415801277576577,19.404693404053205,-20.66959711394577
90,110,130,48.222707781686154,12.222707781686097,4.350160975833546,-111.08228925692356
91,111,131,33.79126362191329,-6.208736378086769,-14.686453369927449,-153.2761844252775
92,112,132,28.976465584743266,-4.023534415256677,-8.323041269098553,-159.16968404683848
93,113,133,24.397616811385944,3.3976168113858876,4.032782828028189,-100.96114538901566
94,114,134,25.03731179197598,12.037311791976038,17.695127673674165,-29.261292676265498
95,115,135,30.041603135858168,5.041603135858168,6.268976837535092,-99.9706044966814
96,116,136,36.554111284130215,9.554111284130272,6.508933299550563,-128.9097666826517
97,117,137,36.20006872014778,6.200068720147783,1.6612923252371274,-109.3476277694541
98,118,138,38.53820923496295,1.538209234962892,-5.792482936826673,-167.06764153187146
99,119,139,43.48111352135089,-1.518886478649165,-13.179081334934722,-175.82621851524982
100,120,140,43.562174004177564,3.562174004177564,-4.915542987663116,-215.2047399945635
101,121,141,40.655065234236986,10.655065234236872,4.036847297646432,-99.09198554509555
102,122,142,59.679509597680806,27.679509597680862,20.412132977816327,-86.46938812148426
103,123,143,57.73422021402638,21.734220214026323,9.702790324814032,-163.56501017038568
104,124,144,64.56124267344558,34.56124267344552,26.88807637014372,-102.70840564495438
105,125,145,62.77798807876229,32.77317040484627,25.17854724934091,-72.16945531117858
106,126,146,64.83975751058279,40.839757510582785,35.652654936225304,-78.51201727120281
107,127,147,69.46245619805916,42.46245619805916,35.857122964728376,-66.6883255552525
108,128,148,80.42449928749761,54.42449928749761,45.29228922437534,-80.59355584598234
109,129,149,90.2023995377213,56.202399537721305,43.16778783919767,-74.11448903704843
110,130,150,82.33678761445361,49.33678761445361,36.372941003612596,-101.59653945292769
111,131,151,100.75495645902913,64.75495645902913,50.644085028137056,-180.91239372201164
112,132,152,109.7500982244502,64.7500982244502,47.54472592368495,-209.16403245627043
113,133,153,101.72621099208283,56.72621099208283,39.520838691317635,-214.7509536955822
114,134,154,101.84284038916724,60.842840389167236,44.935785454950064,-152.38065986072297
115,135,155,94.26167650125853,54.261676501258535,40.58535565521822,-198.40777907355357
116,136,156,90.44437644629022,57.44437644629022,46.90654496740888,-184.76948315275354
117,137,157,92.0331159459547,58.033115945954705,46.997418330296455,-138.731476691529
118,138,158,99.44122596097338,60.44122596097333,46.22305048087003,-175.4667478963238
119,139,159,91.38649778010983,55.386497780109835,41.62219993949759,-156.76451620283808
120,140,160,88.51999400029467,53.51999400029467,39.04097428447989,-150.28211862452667
121,141,161,98.70924847651844,64.70924847651844,50.90096213862034,-157.90746648738957
122,142,162,91.85412562595849,60.85412562595849,51.09314743333414,-41.92083095214139
123,143,163,81.42430632293599,57.424306322935934,48.59468135280787,-31.445496016094467
124,144,164,75.58371361592356,57.58371361592356,54.15207300254582,-32.06251578372269
125,145,165,68.82190117117051,54.81708349725443,54.49517134962127,4.851300270769343
126,146,166,85.92273896790192,65.92273896790192,62.03395376009246,-29.81791297650318
127,147,167,64.86315668156317,48.86315668156317,45.05618157649087,-39.24898994209843
128,148,168,57.508210926344304,42.508210926344304,41.02862037266351,-46.7789705446944
129,149,169,53.23432327447199,37.23432327447199,34.02086347828288,-30.162180535425136
130,150,170,57.7530548754944,42.7530548754944,39.44394590719918,-56.74870820823912
131,151,171,68.59948357313635,52.599483573136354,48.44593487778417,-72.44456901908598
132,152,172,89.41948308296736,66.41948308296736,59.12744502045621,-82.88817890117389
133,153,173,69.60297207858395,44.602972078583946,36.31520174251875,-50.97962330978203
134,154,174,48.1668941974749,30.166894197474903,25.699547236731235,-9.588582472026133
135,155,175,51.58802262534789,37.58802262534789,35.99014703351531,-30.680518915944845
136,156,176,61.66703006691711,43.66703006691711,39.21089627857083,-36.43083436679649
137,157,177,60.35104224173631,40.35104224173631,35.24574977011599,-10.079897760620952
138,158,178,58.6038778962436,44.6038778962436,42.48578224528529,-12.713683769746467
139,159,179,53.40652628230487,35.40652628230487,31.99011326479848,-41.372045908345285
140,160,180,44.58393684719351,17.583936847193513,11.593302899234345,-111.48764197404694
141,161,181,45.61974288208842,20.619742882088417,14.757987677983067,-127.08744873992191
142,162,182,51.30225789908167,26.302257899081667,21.26134447851922,-65.85832723732153
143,163,183,49.39293827096441,29.392938270964407,26.02051375074393,-57.39870514297445
144,164,184,37.536684281637804,10.536684281637804,4.718917574818363,-84.78359068894679
145,165,185,40.07932267515292,17.079322675152923,13.253020515441392,-86.03621398269877
146,166,186,41.3285080865777,15.328508086577699,10.008607516535221,-93.49750710155502
147,167,187,42.51317703228301,21.51317703228301,17.29631278500551,-46.705349903999945
148,168,188,46.59857816903411,24.598578169034113,22.105567644229836,-93.15510212378024
149,169,189,44.15031290452731,23.150312904527368,18.98652687795277,-66.23780647138608
150,170,190,46.97453361384049,26.974533613840435,23.60210909362013,-66.31350024318294
151,171,191,54.57671055942245,25.57671055942245,18.41663798876897,-54.73056697430911
152,172,192,57.773047956636674,32.77304795663662,27.883480655493656,-105.2229264701001
153,173,193,59.42531596373078,40.42531596373078,37.20418399000738,-112.51048636177597
154,174,194,47.949239593996595,22.94923959399665,18.115991988333803,-77.53130357488067
155,175,195,58.98559543979769,39.98559543979769,36.244962754360074,-114.73025879336342
156,176,196,50.23556134041468,33.23556134041468,30.31701445968531,-75.24933610937103
157,177,197,50.388902585472806,36.388902585472806,34.61738052479444,-50.22836241417099
158,178,198,53.0156397674927,38.0156397674927,38.172266701997216,-52.80665295731171
159,179,199,63.99397773904184,40.99397773904184,36.821101989050476,-60.43018275160546
160,180,200,62.302378105405865,42.302378105405865,39.27652717546533,-70.02282780086603
161,181,201,61.42782669741615,44.42782669741615,42.202426997246675,-67.28192088227377
162,182,202,47.25955567911177,34.25955567911177,35.68406324046907,-80.61949536044449
163,183,203,42.33305087737216,30.333050877372216,31.290129041647674,-47.15665378675578
164,184,204,54.98480259125296,34.98480259125296,31.61237807103248,-60.44740680931545
165,185,205,70.05501361499472,50.05501361499472,45.64286832393441,-72.9059420019197
166,186,206,70.76189463939255,50.76189463939261,46.00317575805224,-104.1607140268095
167,187,207,62.65889262957802,44.65889262957802,40.54933243151174,-96.59259142718702
168,188,208,72.54442441354303,54.54442441354303,52.424031366614656,-96.93960947528467
169,189,209,57.39736330300349,38.397363303003544,34.253303798007096,-82.7494962548459
