Left,Mid,Right,Loss_likeli,Loss_AIC,Loss_BIC,Loss_eBIC
0,20,40,35.71523556787122,-1.2847644321287817,-5.149720701118781,-198.37217110380482
1,21,41,33.28128416970702,-2.718715830292979,-5.739232372225956,-199.28022700393296
2,22,42,37.21907409491064,9.219074094910638,9.141765876353702,-147.13398647997508
3,23,43,20.793710268413747,-12.206289731586196,-14.772928634028176,-225.76833792218895
4,24,44,36.98373341085011,9.983733410850107,5.898834655430505,-154.15885481664088
5,25,45,34.48299183473415,9.48299183473415,6.740398943148534,-118.55694246143344
6,26,46,50.30716263228197,17.307162632281972,9.195346285360529,-151.54192020795688
7,27,47,52.92026440267898,22.92026440267898,17.341767236928433,-200.91599055140387
8,28,48,48.00855159755213,15.008551597552128,7.936456021470576,-172.3728860573608
9,29,49,53.58389424757911,19.58389424757911,15.532136778257836,-153.58944911699678
10,30,50,41.549523432349076,7.549523432349076,0.2360744908525021,-128.6170664668707
11,31,51,48.60478276650565,21.60478276650565,17.173310420806047,-76.21569690105412
12,32,52,57.42507973418594,51.42507973418594,51.474051337026935,43.405463542152916
13,33,53,55.47115143111398,34.486111797662375,32.455993141275826,-60.312906364396895
14,34,54,70.63201400919047,42.63201400919047,34.236939623914225,-100.4001951567875
15,35,55,63.924539960670415,38.924539960670415,34.78325811056516,-18.753929802932362
16,36,56,65.5745967135548,28.574596713554797,17.581031951444174,-133.25332391584266
17,37,57,40.48052692025851,11.480526920258512,3.2807335787651937,-107.88531286057776
18,38,58,33.7383633596213,5.738363359621303,3.0225757319233253,-94.4597588627289
19,39,59,24.468893555523266,-4.531106444476791,-8.572323963027884,-76.2594502117123
20,40,60,31.41327126297972,6.41327126297972,2.1958564991131198,-115.55886540505082
21,41,61,40.82732647380152,15.82732647380152,10.312144859976058,-104.23982213166767
22,42,62,39.392998322288406,17.392998322288406,12.331694347954112,-60.15850644148736
23,43,63,35.10608460256503,17.10608460256509,14.03624517533865,-81.94008961486566
24,44,64,37.80559170649906,16.805591706499058,15.418522955330218,-54.67667886875199
25,45,65,38.65655150940228,15.656551509402277,10.115563294639287,-90.79619086980438
26,46,66,38.17120105529369,13.17120105529375,7.527866197985304,-81.7116942035251
27,47,67,39.97004968473391,18.970049684733908,14.060038256896519,-78.49808747046814
28,48,68,38.403647575627645,18.403647575627645,13.991502284567218,-45.91652651275558
29,49,69,51.51997360033397,36.51997360033391,38.46193682697594,-27.670008266387413
30,50,70,60.21173816107421,44.21173816107421,44.12701173016376,-3.7317160133911784
31,51,71,67.2754371605426,51.27543716054265,51.97391872910998,-33.351436306487244
32,52,72,64.9595227471633,48.959522747163305,49.65800431573075,5.774341181335217
33,53,73,75.32657651216624,36.3265765121663,24.880989754302846,-110.69857422041207
34,54,74,87.25237499123477,43.252374991234774,28.624310368926558,-147.2147397908576
35,55,75,81.17079318656101,36.17079318656101,24.05722802863511,-88.46149636627092
36,56,76,93.77182068406569,42.77182068406569,23.985878048095515,-205.08659193436222
37,57,77,73.47695462102308,35.47695462102308,17.894256124848425,-144.17733926816595
38,58,78,85.67891301915131,40.67891301915131,24.993944392604703,-156.21532865955874
39,59,79,88.42051914902584,48.420519149025836,35.509316845859075,-160.92553809904894
40,60,80,87.95762850155177,53.95762850155177,40.40738824277258,-154.38063995723064
41,61,81,87.35860220648249,50.35860220648249,34.71014386797344,-121.28795246383584
42,62,82,91.62074752165654,57.62074752165654,45.16016497937585,-106.18251861047929
43,63,83,87.96146392320549,55.96146392320554,43.84205703942126,-133.85223520122577
44,64,84,82.26977493220863,48.269774932208634,38.331004861258975,-136.58315390729717
45,65,85,60.99344678803743,29.99344678803743,20.650215869718863,-131.87664547536428
46,66,86,59.66552007252278,29.66552007252278,21.829630753550532,-107.35755610336537
47,67,87,42.903668280243664,20.903668280243664,14.456069944789306,-62.40578282562228
48,68,88,49.79087641475877,26.790876414758714,20.567768979389598,-86.19669116059424
49,69,89,60.849719368782644,41.849719368782644,36.5491458533794,-68.72772085349493
50,70,90,61.37925779435852,35.37925779435852,29.153141154791797,-50.254739387318295
51,71,91,59.30904006523406,35.30904006523406,27.519135865945827,-90.39430523204737
52,72,92,53.19651296260395,28.196512962603947,23.027904939058544,-87.42608805173666
53,73,93,36.24473761717633,7.24473761717627,1.1243858173628496,-117.15686710137481
54,74,94,37.506938673088996,10.50693867308894,5.382319146829445,-129.95965548743993
55,75,95,36.02865687014946,4.028656870149462,-3.3484904006746774,-118.79603414622557
56,76,96,30.502231404484633,2.5022314044846325,-3.8134014391118853,-132.00954177153415
57,77,97,24.20148644877969,-2.7985135512202532,-8.269706667759806,-114.37624172796745
58,78,98,23.82330653759749,-4.176693462402511,-10.492326305998972,-125.72985718799862
59,79,99,29.978443241788682,-0.021556758211318083,-6.639774694801872,-162.0049194101549
60,80,100,29.462263851610317,-3.5377361483897403,-11.996126085591186,-170.59864595022782
61,81,101,30.356781018448203,0.35678101844820276,-6.261436918142408,-143.29883042221525
62,82,102,42.60242274485222,14.60242274485222,8.941346516313388,-112.7882128741386
63,83,103,37.54472060270098,13.544720602700977,11.60897325280223,-76.22463249113241
64,84,104,26.821243679405143,3.8212436794051428,0.43165286476312303,-72.94774279953879
65,85,105,20.835255823560715,0.8352558235607148,-0.9554761765020885,-54.013332410718476
66,86,106,22.015690233284204,2.75721192071569,2.9713455363723824,-47.98485748963924
67,87,107,23.198330666780123,13.19833066678018,13.76484674348967,-20.687820250396726
68,88,108,31.860113237742098,20.86011323774204,21.621910358234686,-45.16545900841686
69,89,109,42.2190628693582,29.219062869358197,27.25225976489685,-30.71504396452906
70,90,110,27.888568161423052,12.888568161423109,15.761888904443254,-4.996033463274443
71,91,111,26.451540590278398,18.451540590278398,19.028454697096095,-5.415557388392699
72,92,112,32.118624667082656,17.118624667082656,16.940923441845143,-15.742018603430665
73,93,113,42.07406089575858,25.773109252320182,22.810573874304964,-71.0617885864907
74,94,114,58.745420661507694,33.74542066150775,27.883665457402344,-136.45743582450586
75,95,115,55.64988851742959,33.64988851742953,28.935158133375126,-124.1212511958231
76,96,116,60.90896784809661,41.90896784809661,38.979564737231954,-92.02610258208927
77,97,117,66.5121443883072,49.512144388307206,47.286744688137674,-88.88815118056323
78,98,118,65.35414386391687,45.354143863916875,41.28857216313645,-72.72439208259811
79,99,119,63.01065071738958,47.01065071738958,45.97626433455707,-85.10980045775352
80,100,120,65.04734040016922,46.04734040016922,43.519355607005764,-92.48175630553851
81,101,121,55.710596390953924,31.710596390953924,26.346707323625424,-114.60961523623939
82,102,122,73.9775590275998,48.977559027599796,42.69389427084059,-137.64345652608688
83,103,123,88.35985050556775,58.35985050556769,49.29394236442511,-142.9281958343954
84,104,124,79.61610001936538,46.616100019365376,40.67386296891311,-166.689246635465
85,105,125,68.46414905206734,34.46414905206734,28.98834064926598,-184.66357415024277
86,106,126,50.11571827250367,8.8572399599351,8.397894497321317,-148.86366862600426
87,107,127,54.073861331469345,12.073861331469402,8.148474493638673,-156.15752822488287
88,108,128,64.59763299032022,30.597632990320335,28.919422312221172,-181.6218701086159
89,109,129,76.49989300928172,45.49989300928178,45.315280741513675,-215.29943518440598
90,110,130,51.23453439581874,14.234534395818855,12.259620053469007,-225.14546126154517
91,111,131,47.85217326572018,7.8521732657201255,2.5480051137933515,-261.07709347097216
92,112,132,28.28277524545547,-5.717224754544532,-4.26402768958576,-171.22844822327954
93,113,133,58.32549064090671,27.024538997468426,26.644645685917453,-215.88649038729716
94,114,134,39.896654595723646,7.896654595723589,6.521029010618577,-221.88337438547262
95,115,135,37.26712829016583,3.2671282901658287,-0.14395033933305967,-209.64434634235602
96,116,136,55.75317178265129,19.75317178265118,13.905221791057329,-187.47012524290938
97,117,137,56.814781228312995,21.814781228312995,16.866115691197137,-215.4036189069791
98,118,138,57.778399573928255,21.77839957392814,16.331867900035377,-231.46155403661703
99,119,139,47.564398161157726,10.56439816115767,3.9268531699279947,-195.07657583440027
100,120,140,43.89188729026455,11.891887290264549,8.78339375375981,-215.76357601638472
101,121,141,41.99565894670724,2.995658946707181,-3.2513239569566394,-227.43196807283869
102,122,142,44.395363794967466,-10.60463620503242,-20.312020623488706,-310.11280730084775
103,123,143,46.97052184859547,-6.029478151404533,-14.741130296306665,-342.24040899610304
104,124,144,71.26339484916872,11.263394849168776,-3.012761794852281,-294.5264441162325
105,125,145,73.41137177100762,18.411371771007566,4.89167785947177,-275.953798815493
106,126,146,69.03010810993493,20.030108109934872,12.102770595666243,-212.56142635273
107,127,147,69.08970010894814,17.089700108948136,9.932821860691433,-189.63913761563742
108,128,148,70.54071887181419,24.540718871814192,17.23468814267119,-205.62284026540613
109,129,149,94.41552092031071,56.415520920310655,52.399272104823694,-213.37855813178908
110,130,150,101.22693778730599,57.22693778730604,47.10432983863723,-203.19201405308024
111,131,151,110.95653644566971,66.95653644566971,56.83392849700101,-286.17692138429265
112,132,152,120.51192127106162,74.51192127106162,63.04700745855894,-217.33528526625219
113,133,153,144.3490745439551,89.34907454395511,73.05679191017941,-260.15719181326403
114,134,154,136.99667862577405,77.99667862577405,58.326637083770606,-304.1216987633834
115,135,155,146.46794774182717,84.46794774182717,62.26458701865272,-321.9111669294782
116,136,156,141.27212844916835,76.27212844916835,51.88202213510306,-320.64826373752476
117,137,157,136.88584940285187,78.88584940285187,58.3273796365055,-317.2110733994539
118,138,158,134.8431310205532,70.84313102055319,46.25774366270491,-329.6234259814778
119,139,159,136.48309964666987,72.48309964666987,47.897712288821594,-311.8793897049983
120,140,160,137.92092478495846,71.92092478495852,46.3398051535562,-299.2071356846675
121,141,161,138.69419355489538,63.69419355489549,34.32542587306011,-341.1244582741879
122,142,162,124.6162939346899,52.61629393468991,24.394551072905642,-345.0585346986868
123,143,163,101.98970967420325,34.989709674203255,7.871003135184083,-366.7838036223234
124,144,164,105.64243308414655,45.642433084146546,27.27985855121915,-248.4712543329175
125,145,165,100.65799069325868,46.657990693258625,27.38854843171896,-178.24146102057693
126,146,166,81.90118326213218,45.90118326213218,32.13688542151999,-123.55156084514454
127,147,167,65.47378070584205,37.473780705842046,29.093008326509903,-82.11707291061043
128,148,168,62.578557503048614,38.578557503048614,30.38837187821548,-85.48675334523068
129,149,169,62.953568709079605,34.953568709079605,26.558494323803302,-97.113046845354
130,150,170,68.6925755973923,37.692575597392306,27.110755621225053,-127.69107752025775
131,151,171,64.86730532461235,34.8673053246124,26.31809599887754,-111.05508749396279
132,152,172,63.11639587365045,38.11639587365045,34.54579855884106,-20.548794476998182
133,153,173,68.8106813325935,41.810681332593504,36.615085335795186,-62.89984980550935
134,154,174,101.59315946442774,76.59315946442774,70.73140426032239,-71.77890031674929
135,155,175,96.00041978304262,72.00041978304262,66.63653071571423,-120.57270908436851
136,156,176,93.5001913211928,72.5001913211928,69.32304784475537,-128.05220384456186
137,157,177,83.4070234487823,66.4070234487823,64.18162374861282,-107.89564908361353
138,158,178,77.25076020487592,58.25076020487592,57.8022169533923,-99.24250177875592
139,159,179,81.13135218214359,58.13135218214359,56.03791797383195,-105.38702045101161
140,160,180,63.64422854016743,46.644228540167376,47.53799115251775,-42.17727860024388
141,161,181,76.19920123193526,51.19920123193526,48.456608340349646,-84.4066932788578
142,162,182,76.86799302884418,62.86799302884418,61.09647096816582,-23.22755930580138
143,163,183,71.53270275409693,54.53270275409693,51.614155873367565,-54.44696497564598
144,164,184,81.81315826242815,55.813158262428146,51.25887006739896,-53.75102014530728
145,165,185,83.7548070063786,56.7548070063786,49.194882486417896,-14.980025825735765
146,166,186,75.63037457122442,47.63037457122442,37.50243223454828,-54.138003976307914
147,167,187,74.05185387648817,53.05185387648817,46.40897449725094,-41.755311856999924
148,168,188,56.857850615882114,36.857850615882114,31.40598455398191,-21.34597465234026
149,169,189,53.59144248089024,23.591442480890294,16.038107659395337,-69.06735713952423
150,170,190,43.835448797307095,19.835448797307095,14.124986139698649,-84.59520821736692
151,171,191,36.318360111266145,4.318360111266202,-2.8005663560627454,-69.05777210903011
152,172,192,24.701889437873206,1.7018894378732057,3.6324810702575405,-44.66822681732242
153,173,193,34.65960721289463,6.659607212894571,4.778454572399028,-65.48472725356578
154,174,194,53.256935522337244,27.256935522337244,26.96885109125924,-129.41602723495362
155,175,195,34.626029840011824,1.6260298400118245,3.2182740209294707,-225.46443959599105
156,176,196,36.266705795267455,5.266705795267455,8.547829430299089,-215.08590144321988
157,177,197,32.1606083825032,4.160608382503142,9.628477608425783,-202.01242740316798
158,178,198,40.218394989524995,0.21839498952499525,-0.28812942587637735,-239.65461508639123
159,179,199,45.28123126811704,0.2812312681170397,-1.6749030603293704,-194.02734814463975
160,180,200,57.60698562431128,11.606985624311278,6.726970027128118,-261.7572017471664
161,181,201,86.84889655567281,43.84889655567281,39.769332188260705,-292.434293319929
162,182,202,111.166394710112,59.166394710111945,51.29918229226689,-325.22963614500554
163,183,203,104.09064554902483,57.09064554902494,54.757939358959675,-279.20511168768337
164,184,204,129.57966598740023,69.57966598740029,56.68980370449924,-393.3189961106917
165,185,205,116.09298778205039,60.092987782050386,53.00689953933704,-286.12608552689017
166,186,206,97.03865372477395,47.03865372477395,43.63290948328245,-334.275612579818
167,187,207,123.03887284091957,67.03887284091957,60.29935818848605,-367.2561529382158
168,188,208,93.91133301635608,42.91133301635608,39.00772263808767,-306.94148195684636
169,189,209,56.30766076536099,15.30766076536105,18.22018359219794,-245.73624287130656
