Left,Mid,Right,Loss_likeli,Loss_AIC,Loss_BIC,Loss_eBIC
0,20,40,34.81685229556467,18.097707070417584,15.286464238899327,-86.62960629667612
1,21,41,51.28180386447082,27.281803864470874,19.145326074902698,-81.10231611850713
2,22,42,44.60888989010425,24.60888989010425,18.45376872741349,-64.48298746582202
3,23,43,45.81106753843039,19.811067538430393,10.72374320850463,-68.91556434377117
4,24,44,50.19214923826672,26.192149238266722,19.09539221953844,-108.26627638371235
5,25,45,53.61050889862224,14.610508898622243,5.9438625289618585,-127.25726699452468
6,26,46,53.12826376716549,20.128263767165492,12.709594600803939,-127.11601755944992
7,27,47,52.569181113067884,25.56918111306794,22.912710255156867,-110.72031932215134
8,28,48,52.9353502135628,21.935350213562856,21.40416435551481,-183.18501910439693
9,29,49,61.578719278896074,28.578719278896074,25.66550678617409,-192.82674389978956
10,30,50,56.52349786384491,22.52349786384491,20.84528718574586,-215.0234319468857
11,31,51,48.09091381529754,15.09091381529754,15.296863635095292,-180.60939121931324
12,32,52,24.496049955420347,-9.503950044579653,-8.409572000438857,-152.65817727513047
13,33,53,24.138385585797835,-8.861614414202165,-6.9227966430044034,-176.4014557063415
14,34,54,26.12873609856166,-6.871263901438397,-7.011887671920476,-102.92702500035125
15,35,55,28.00648498492592,-10.993515015074081,-13.081614835378332,-160.66045340286678
16,36,56,14.049286580352714,-34.950713419647286,-41.324327427161506,-209.2377178774468
17,37,57,15.287944327439561,-28.712055672560496,-32.596338996189616,-178.2245285825354
18,38,58,9.701565156891945,-34.298434843108055,-34.112832470468334,-119.33488624041388
19,39,59,10.683027761448557,-26.316972238551443,-26.716192604741764,-132.81088765090533
20,40,60,9.301196966605858,-14.698803033394086,-10.01205798260321,-151.07204595816938
21,41,61,11.34259379535473,-17.65740620464527,-16.846286198859275,-106.71228538418177
22,42,62,33.870997603565684,7.870997603565684,8.442848068282728,-152.43301353655693
23,43,63,38.046753918567276,-11.95324608143278,-18.944496460943583,-207.21954257965444
24,44,64,54.68442366254493,-7.315576337455013,-16.472903170697464,-271.5849294953988
25,45,65,37.618073555451986,-20.38192644454807,-31.57655760737191,-224.8518252097682
26,46,66,58.652197374704315,0.6521973747043148,-15.054242127722432,-284.8559738902825
27,47,67,63.029470064611814,11.029470064611814,1.022640157882961,-219.38416845142137
28,48,68,79.16128195842083,26.161281958420773,13.290746730158958,-280.5846529042233
29,49,69,70.79806162132274,20.798061621322745,12.027671055757992,-250.3658067679811
30,50,70,84.50787938709607,21.507879387096068,8.825323377234554,-345.9267143350992
31,51,71,80.34157403197236,26.341574031972414,14.804397605102736,-233.0312006256487
32,52,72,93.44685596056365,54.44685596056365,48.54644664717978,-213.60671397774968
33,53,73,116.02489609732936,78.02489609732925,75.74151523324224,-262.22923605130325
34,54,74,100.81971177106482,59.81971177106482,58.29277229258969,-185.91302622770502
35,55,75,115.57594329971687,64.57594329971687,52.00799316444909,-233.10261700159128
36,56,76,107.6099616689786,64.6099616689786,58.569784928129366,-150.79639833501835
37,57,77,122.27094527670556,72.27094527670545,60.89400845877469,-244.59353623514085
38,58,78,125.52065096640808,73.5206509664082,61.14798187492329,-241.06596642469697
39,59,79,118.39073677769386,67.39073677769386,56.209081003545975,-185.67427904875694
40,60,80,149.15565295163037,94.15565295163026,81.67567981093441,-256.42837145764145
41,61,81,140.84151893858007,80.84151893858007,65.17906793343911,-272.6605462570366
42,62,82,127.51208044481109,75.51208044481098,63.832558533886186,-270.30925727335784
43,63,83,122.48818549138826,56.48818549138832,39.428147949041545,-294.4449548529494
44,64,84,108.7867548378012,45.78675483780114,37.17128263862173,-353.0466247425354
45,65,85,116.53976940479629,55.53976940479629,35.56714276979881,-331.5027447417949
46,66,86,119.40979881512715,55.40979881512715,36.36958890175845,-342.63948635689076
47,67,87,107.0355389534393,43.0355389534393,29.82690412762622,-315.135480066221
48,68,88,110.66305480122253,50.66305480122253,30.148573532162118,-284.1739195810891
49,69,89,81.27559091173896,31.27559091173896,20.676804257320782,-207.84837846819164
50,70,90,70.81366662299592,19.81366662299604,12.065783483618588,-278.12395030627226
51,71,91,66.11770049864589,28.117700498645945,21.77379353796846,-150.74421322733883
52,72,92,86.25259028503478,61.252590285034785,59.896291754569006,-169.9018176340859
53,73,93,85.46897915056206,36.46897915056195,21.629519369246964,-227.87231731510724
54,74,94,67.49834580641004,14.498345806410043,0.9206687570155054,-176.9057856086921
55,75,95,51.647682957183065,4.647682957183065,-10.08768571433643,-199.94869510174487
56,76,96,39.83429168629016,2.8342916862901575,-4.030997726976807,-138.3860346635587
57,77,97,48.405411710514045,4.405411710514045,-7.450064189554496,-218.3810180739614
58,78,98,47.89467680992777,-0.10532319007222668,-12.565969276128953,-240.75635175639798
59,79,99,51.30501995444587,-0.6949800455540753,-15.493664268998828,-281.44168448430366
60,80,100,69.28016165734113,19.28016165734107,5.823783297730415,-294.2351738670302
61,81,101,70.20995492079976,17.209954920799873,4.339419692537945,-265.32138241981465
62,82,102,52.992476763186914,10.9924767631868,4.291616220031983,-223.72688725829403
63,83,103,40.63933856119843,5.639338561198429,1.383820204642575,-179.69235313891625
64,84,104,30.455487934976077,-1.5445120650239232,-7.079020733488505,-176.05228762571937
65,85,105,33.83391009881103,-2.1660899011889114,-8.652342345921738,-233.28420634006216
66,86,106,55.54631750192709,8.546317501927035,-3.0698888570726695,-246.53566907422407
67,87,107,57.00276201880121,11.002762018801263,0.2309953868584671,-222.53266660320412
68,88,108,54.46088784204778,14.460887842047725,7.022891621046938,-215.76334329685744
69,89,109,68.29894168643995,33.298941686439946,28.254748011870447,-180.07827612814447
70,90,110,81.54243212788901,42.542432127889015,34.562581272825355,-203.5928758945431
71,91,111,77.19945577216725,43.1994557721672,38.05550919126841,-172.65795558116542
72,92,112,79.67758700251864,45.67758700251858,40.53364042161979,-172.5059481841921
73,93,113,71.07491107241009,31.074911072410146,23.83540883460762,-160.01116879202425
74,94,114,73.3994507691877,30.399450769187695,20.936689652739915,-138.89691007196768
75,95,115,56.692715335507955,19.692715335508012,9.242860851198486,-111.27710862360084
76,96,116,43.199382905399716,8.199382905399716,0.4781286460440697,-163.4130099751901
77,97,117,41.71112070242344,7.711120702423443,0.8343061701248189,-132.03768520149765
78,98,118,40.62631661371711,3.6263166137171083,-4.744096328912406,-157.94625652911554
79,99,119,49.14514171011086,15.145141710110863,7.92175358753218,-166.68014997903072
80,100,120,35.019503613789595,6.019503613789595,0.24572540425600664,-171.55791712196844
81,101,121,45.47550986641431,12.475509866414313,5.403414290332705,-163.7879642897375
82,102,122,50.529310858097745,5.529310858097745,-7.51717835930782,-177.9334047995735
83,103,123,45.00805137283419,4.008051372834188,-7.7401204780233,-189.88484228665834
84,104,124,41.970642804072384,2.9706428040723836,-8.128370363511124,-202.87721124610107
85,105,125,41.57397258062076,5.573972580620762,-4.031442176631742,-168.31693293138426
86,106,126,29.11670885898218,-4.883291141017821,-12.453252853876393,-146.58655515606165
87,107,127,30.33170126986397,9.33170126986397,6.847704973986481,-69.49663177953994
88,108,128,31.413280976626652,10.413280976626652,10.35529981270895,-126.33692158557233
89,109,129,41.00204787896041,19.00204787896041,16.713332626865792,-110.23175029562344
90,110,130,44.06495691565061,26.064956915650612,25.42113262038407,-123.03135590350405
91,111,131,44.3881879352266,20.388187935226597,17.103740409577995,-86.34875049027846
92,112,132,46.26618038168834,20.266180381688343,15.292853401925868,-79.57114975766206
93,113,133,32.37249026755353,10.37249026755353,7.3906278348989645,-40.97040753680676
94,114,134,37.86973238403948,13.86973238403948,11.278432038950825,-72.57938500180478
95,115,135,44.55251714053634,16.552517140536338,11.969752248339717,-76.9597474381028
96,116,136,40.859611841316735,15.859611841316735,9.997856637211328,-115.85805554842284
97,117,137,53.823287200249524,25.823287200249524,18.467933585813114,-115.30466423066969
98,118,138,50.48290614398866,20.482906143988657,13.171541026838213,-147.34388202190462
99,119,139,53.78561277563085,21.785612775630852,13.82508897520637,-149.2864180669867
100,120,140,69.47292828429369,35.47292828429369,25.664790804942072,-136.12361394095342
101,121,141,60.514194150644585,29.514194150644585,21.70496289671712,-91.47461878081128
102,122,142,48.81439996700988,19.814399967009876,17.735730016603668,-110.06834674530819
103,123,143,58.048102521963585,34.048102521963585,30.934003673958955,-117.04213481453758
104,124,144,60.20384919617646,41.20384919617646,41.23975333777071,-134.57747042333733
105,125,145,62.258265373872746,39.258265373872746,34.05045513678539,-57.39984135182203
106,126,146,63.9051174379274,38.9051174379274,31.3104942824221,-77.25429923578929
107,127,147,61.596672204527124,45.596672204527124,42.48284428001483,-69.74530232727705
108,128,148,87.65263233003736,61.737921416630684,54.2945908076224,-98.10938915343422
109,129,149,83.20739875631932,59.58877126606217,53.48774652088787,-99.34385452889671
110,130,150,69.35378348299696,51.35378348299696,46.20450251409068,-101.82898168585018
111,131,151,60.42716509666457,38.42716509666457,31.632993170930263,-102.61549497254771
112,132,152,53.38909806243771,28.389098062437597,19.408180545812456,-94.82492613734485
113,133,153,47.03425361186248,29.034253611862482,23.19182546239631,-42.92530018559751
114,134,154,64.31850387252558,41.318503872525525,33.333318629454425,-80.02405654374354
115,135,155,74.69108636921743,47.69108636921743,37.714436579038306,-93.11499674493666
116,136,156,62.94204756356385,31.942047563563847,20.409362871855933,-72.31662929931247
117,137,157,76.53882105182396,42.53882105182396,27.690813943085914,-113.89782373062542
118,138,158,88.100244398923,47.100244398922996,29.113747923025926,-177.45985115122937
119,139,159,106.21115785898985,55.21115785898991,32.93914719588281,-207.35709999242124
120,140,160,106.00519701916937,55.00519701916937,32.227878540969186,-209.34183300182474
121,141,161,95.67049909438322,48.67049909438322,27.696805797824254,-168.19998201502335
122,142,162,85.52429580054275,43.524295800542745,29.774762217835928,-148.69396008698538
123,143,163,94.54124405778504,56.541244057785036,41.604989030982836,-160.07315935757526
124,144,164,83.23416587579686,54.23416587579686,43.72570024995116,-117.53824089273155
125,145,165,84.21484355836338,55.214843558363384,45.98011572977407,-121.31540001068504
126,146,166,80.7551684467644,55.7551684467644,48.853692471819045,-127.79211294679658
127,147,167,78.05008113491755,52.05008113491755,43.61101825235528,-118.47831267696563
128,148,168,74.63549574177182,54.7207848283652,50.34450625412842,-104.35353945606232
129,149,169,71.58804806725789,54.96942057700079,51.6409350726405,-98.16696990343996
130,150,170,72.48647712440425,60.4864771244043,58.358963314616744,-65.58329150515192
131,151,171,78.64718738215942,58.64718738215936,51.499638706020846,-84.91294966117357
132,152,172,45.61055014328025,27.610550143280193,22.461269174374024,-86.79454051487278
133,153,173,43.82691924715783,22.826919247157775,15.837466277640601,-75.98134599998502
134,154,174,69.8948399676159,44.89483996761584,37.300216812110534,-134.39079590004883
135,155,175,72.0822844715209,49.08228447152089,41.17361324332455,-120.47250511924199
136,156,176,74.63884584393202,42.63884584393202,34.76717809880688,-142.11499572230093
137,157,177,84.4903427969441,46.490342796944105,33.463180634177775,-136.74485838333726
138,158,178,68.11583284117359,35.115832841173585,24.924574952572243,-144.0885062014139
139,159,179,68.94258097609486,34.94258097609486,24.600030540996386,-107.28417501558727
140,160,180,58.28164877668979,28.281648776689792,20.277136478979457,-91.39008431489333
141,161,181,62.076120760831316,35.076120760831316,27.52548610261192,-54.52132995148554
142,162,182,87.79366367380123,54.793663673801234,45.29555296575984,-114.51469697266236
143,163,183,87.52170857406662,46.52170857406662,33.73381595236924,-151.1435755256183
144,164,184,97.61340832723414,57.61340832723414,45.323381842313665,-166.45385642032
145,165,185,114.77446198019766,72.77446198019766,59.14212963144337,-135.56541746138544
146,166,186,130.05022915612267,86.05022915612267,71.76873812409428,-175.90076708909214
147,167,187,122.47884473257727,80.47884473257727,67.53965956438287,-216.74393729101962
148,168,188,117.69251645090856,72.69251645090856,57.56658569182315,-206.46902385064027
149,169,189,133.1871556069762,88.1871556069762,73.06122484789091,-238.3385241734684
150,170,190,109.39198907262926,70.39198907262926,57.560107953645854,-175.37058377516985
151,171,191,106.75786477738694,70.75786477738694,59.41958206873454,-141.13524393092655
152,172,192,79.89191349828434,42.89191349828434,31.72850067661392,-141.85475129124382
153,173,193,76.9937137313774,43.9937137313774,32.069587891376216,-109.84253073410105
154,174,194,71.33559471862077,47.41647972445395,41.96461366255369,-52.75009405257924
155,175,195,72.4779849495605,49.47798494956049,43.36357495816577,-54.93877336603805
156,176,196,67.78898596382726,43.78898596382726,39.5981402656256,-106.96313585268729
157,177,197,70.3997791497157,42.3997791497157,35.73757271583929,-80.8820205858973
158,178,198,64.9807480328783,36.980748032878296,27.939350113217984,-108.21928511916985
159,179,199,47.39953625123246,21.399536251232462,15.128282259472996,-76.82936790318581
160,180,200,47.83672383256476,30.836723832564758,27.91817695183539,-63.05885526580403
161,181,201,51.41095508532487,31.410955085324872,26.99880979426456,-37.52263833522227
162,182,202,64.94868218997726,36.94868218997726,27.513887033861067,-54.675943739509194
163,183,203,92.18018200870915,54.18018200870915,38.72700471398298,-121.59278923431759
164,184,204,79.98802362878024,45.98802362878024,32.80305261245002,-148.36091938485401
165,185,205,92.38938523357251,50.38938523357251,37.87910201081331,-139.20084299824236
166,186,206,93.47189080329014,54.47189080329014,43.54990282386507,-133.72912824195555
167,187,207,90.85763477079558,58.857634770795585,48.12452224813131,-142.0109806519922
168,188,208,104.59480086561138,67.59480086561138,55.065504839622065,-182.4967774667508
169,189,209,113.99819216171784,69.99819216171784,54.3304067685695,-206.5350137708475
