Left,Mid,Right,Loss_likeli,Loss_AIC,Loss_BIC,Loss_eBIC
0,20,40,17.562629105820065,-11.762959557765612,-8.096608223175394,-148.863086319653
1,21,41,16.14625492915866,-12.33004942751927,-9.659430366483093,-136.84721487476463
2,22,42,16.95966938922976,-10.834869621024495,-11.478693916291093,-141.54892519292605
3,23,43,18.851384617277176,-12.148615382722824,-14.105852558882418,-110.01778730349076
4,24,44,30.00303982623325,-3.146239107811823,-4.3952335890665495,-173.7859113154259
5,25,45,36.88089645379546,10.880896453795458,7.640437425432822,-113.58586225468196
6,26,46,39.49956173460134,8.499561734601343,7.1991190249445935,-96.90539856701207
7,27,47,35.86688198060176,-2.133118019398239,-9.961676327964938,-140.65581060081377
8,28,48,55.05908011241928,21.059080112419167,15.568559941240437,-144.24344904986765
9,29,49,62.07775584763829,26.077755847638286,19.591503402905573,-214.78222040463572
10,30,50,43.87093969179455,4.87093969179449,0.12018992051991972,-195.85763250524735
11,31,51,43.62092637789635,0.6209263778963532,-7.9640946631554925,-246.40525506186054
12,32,52,43.68505136350933,8.685051363509388,-0.07592366668620798,-146.40493633930691
13,33,53,53.01836950391339,9.01836950391339,-5.325620222556381,-169.66301735741285
14,34,54,73.34622470552466,24.346224705524605,14.795227765091,-219.5560158857328
15,35,55,78.57077094274996,16.57077094274996,-2.8600010581845936,-317.76307278194315
16,36,56,78.08423375800675,19.084233758006803,0.800486577123138,-328.0038772044878
17,37,57,77.29529718393803,22.295297183938033,5.656440959882502,-309.00557319704217
18,38,58,82.0849135793955,31.08491357939556,16.78409549272783,-268.4492327684003
19,39,59,47.10465315663231,20.104653156632253,16.7129015817726,-123.21051226546047
20,40,60,46.79624653389624,25.47065787031056,29.307628806037087,-91.20364256858943
21,41,61,50.869751330037275,31.393446973359346,34.37671363759466,-119.4524393075792
22,42,62,58.57052604249145,27.77598703223714,24.598843555799817,-66.61338530844489
23,43,63,54.192696903407295,36.192696903407295,38.10560340985944,-50.272322265027924
24,44,64,47.81221368647243,25.812213686472433,22.137204073257976,-99.27586532349255
25,45,65,44.420782566821,23.420782566821003,19.203918319543618,-87.06026153484777
26,46,66,46.119209775501304,21.119209775501304,15.604028161675842,-85.72214325151026
27,47,67,50.79192910734412,10.791929107344117,-1.4915896031641296,-133.56912725160623
28,48,68,51.295521261872295,19.295521261872295,12.08848214739669,-85.37322187867994
29,49,69,62.78733374676398,28.78733374676392,18.79135690194562,-158.32404139876667
30,50,70,54.10356058711625,17.10356058711625,8.940540838618858,-132.7471481948935
31,51,71,73.06235147176346,26.062351471763463,8.900967668284238,-180.18379465508542
32,52,72,72.83164831909983,31.831648319099827,17.034080105775274,-160.48306920524465
33,53,73,97.34070077383404,39.3407007738341,19.759453083886115,-237.95384412398096
34,54,74,117.98104302035131,56.98104302035131,40.06935807747391,-237.2109635256479
35,55,75,129.41013534468306,58.41013534468311,31.37940580023576,-356.7430190341763
36,56,76,126.78953135398478,61.789531353984785,37.39942503991949,-318.37802016776084
37,57,77,126.8024716053335,65.8024716053335,45.016805853981054,-246.84367236374317
38,58,78,130.61608829281386,72.61608829281386,50.32475057506758,-236.33856755082877
39,59,79,114.64466714951959,70.64466714951959,52.20429303413141,-182.2449891953819
40,60,80,131.86904880302347,83.86904880302347,64.82350450164722,-208.2685205684828
41,61,81,121.97794787393332,73.97794787393332,55.65009393303376,-184.27641261587064
42,62,82,107.56536116535193,59.56536116535199,41.21296404453574,-117.13190812274024
43,63,83,98.73651583456609,72.73651583456615,65.33717372284377,-102.83431148381624
44,64,84,102.7095143539774,79.7095143539774,73.45719706230602,-85.17476478863341
45,65,85,97.19034635970172,74.19034635970172,67.5914554777504,-57.893196042681666
46,66,86,90.25572681745518,65.25572681745518,59.04739802306983,-79.06590836262717
47,67,87,81.85534992132642,52.85534992132648,44.66206435424533,-81.61856337587267
48,68,88,78.58809170593656,47.58809170593656,39.83919795739803,-55.30190001406629
49,69,89,92.75443220157734,59.754432201577345,49.216600722696,-126.60471699856964
50,70,90,90.05167195220469,57.051671952204686,45.91814771562633,-122.0804081969934
51,71,91,64.95172577525261,38.95172577525261,31.552383663530236,-130.8628098546095
52,72,92,56.75986678718186,28.759866787181863,20.434558351958344,-137.41630401517125
53,73,93,80.86950972312775,52.86950972312775,45.51415610869128,-125.28231694663589
54,74,94,76.57148368609126,49.571483686091256,42.020849027871805,-94.32401244880589
55,75,95,70.33172096427762,42.33172096427762,34.28322016928121,-107.03882113091754
56,76,96,64.15978111729794,38.15978111729794,31.453586186135624,-80.22059593986387
57,77,97,59.657013993474834,31.657013993474834,27.30093075576326,-73.28077775135955
58,78,98,59.91381879487392,35.91381879487392,30.549929727545532,-78.6847019890879
59,79,99,42.75650070924428,14.756500709244278,7.7477206850877565,-109.34586054505246
60,80,100,54.143498899172414,27.143498899172414,21.32573219235303,-119.90452746989968
61,81,101,72.18991958384339,40.18991958384339,31.560791782775652,-103.79660394669645
62,82,102,78.51171070206038,43.511710702060384,31.978146949625057,-95.87216198796023
63,83,103,82.46873939150987,55.46873939150987,47.57153114301053,-97.15010934639292
64,84,104,76.73201113312552,51.732011133125525,44.830535158180226,-82.06010983474255
65,85,105,76.66558084011842,49.66558084011842,40.382078230499246,-84.8296846439215
66,86,106,69.40541487052553,46.40541487052553,40.153097578854215,-101.92265725881953
67,87,107,70.91513555692148,39.915135556921484,29.333315580754288,-134.43467659330997
68,88,108,76.97890588251039,40.97890588251039,28.600902403018097,-161.25819525489658
69,89,109,69.16257975272322,30.162579752723218,16.637551453179924,-184.74099283790406
70,90,110,50.88994148031384,26.889941480313837,21.17947882270545,-80.02369474811906
71,91,111,54.192033009009265,35.192033009009265,31.277753854725916,-98.19732915786528
72,92,112,56.62461156821746,25.62461156821746,16.082512362890157,-127.47308201708836
73,93,113,51.114526703225124,26.114526703225124,17.133609186599926,-81.74823049307338
74,94,114,71.0478288395579,45.047828839557894,36.60876595699568,-86.07495408209434
75,95,115,55.686754880144974,33.686754880144974,28.809696220928515,-73.9811733422066
76,96,116,62.72045128556192,41.72045128556192,37.50358703828448,-61.11611487824541
77,97,117,58.31025138449206,32.31025138449206,26.990350814449585,-91.95145636755069
78,98,118,45.84917123069465,20.84917123069465,15.33398961686919,-75.26754684679395
79,99,119,39.566844236586974,18.566844236586974,14.349979989309588,-59.62635714294345
80,100,120,58.66098612080282,28.660986120802818,20.656473823092426,-159.26624372653168
81,101,121,49.14265997734162,30.142659977341623,26.92152800361822,-107.84849233941054
82,102,122,61.52720254940783,32.52720254940783,23.980835617634455,-107.92157350388959
83,103,123,52.970387281966566,33.970387281966566,32.482123259643004,-78.19998158177896
84,104,124,50.60057276493558,19.600572764935578,12.137915101288172,-118.35398012758401
85,105,125,51.15469990985537,19.154699909855367,11.91288948156324,-140.08410747049777
86,106,126,62.366230051729474,27.36623005172953,18.350840612087836,-147.1782734774804
87,107,127,70.38076349867606,37.38076349867606,31.202679033264758,-124.1369876659669
88,108,128,79.42242404778347,51.422424047783466,45.45336479446701,-172.92241962631715
89,109,129,73.83439494252309,39.83439494252303,29.838418097704675,-211.07288470904234
90,110,130,64.84847320574136,42.84847320574136,38.48031641196695,-94.12915406926686
91,111,131,74.08304235635637,54.08304235635637,51.4037650166959,-90.27989702552702
92,112,132,59.122551638270295,27.122551638270295,20.894895789245652,-136.93688417282283
93,113,133,43.85910930992907,20.85910930992901,20.84511664329716,-44.49307774762542
94,114,134,59.75744912538869,35.75744912538869,33.51272237058009,-59.72107646411564
95,115,135,69.45066412538148,46.45066412538148,42.977629463599385,-86.36669708932175
96,116,136,79.27251168051072,53.27251168051072,47.41410807013972,-101.20840012200756
97,117,137,50.27233937367038,25.272339373670434,22.32935440675277,-63.35675147489928
98,118,138,49.89291812216527,31.89291812216527,29.91446745858957,-43.020290849344974
99,119,139,49.142209159797176,32.142209159797176,29.078802491269983,-20.623554376148036
100,120,140,62.066147696485984,36.06614769648604,28.902600221105388,-106.19905228955213
101,121,141,56.35325855849612,37.35325855849612,30.185126534510175,-101.68382424885112
102,122,142,62.388328609776124,37.388328609776124,25.887770569470376,-83.9448308564464
103,123,143,56.21551664977079,38.21551664977079,30.931963111461414,-71.02497872619551
104,124,144,57.73158388786135,28.980744100629636,22.48915726788948,-69.70444507569925
105,125,145,60.33778410462719,29.33778410462719,18.224375176229273,-109.73631269069506
106,126,146,72.2153430630832,37.96980425995946,23.75245576258976,-108.86699715581744
107,127,147,68.47235496116275,38.481825106248266,31.71254045509022,-95.03105926502451
108,128,148,69.11836975685293,44.7169364056528,34.51310408000188,-85.95299699380041
109,129,149,75.95534421504613,37.955344215046125,28.387014640959364,-141.0545295644656
110,130,150,91.41113283727361,54.41113283727361,38.61716244488514,-160.65078253064075
111,131,151,86.69791551314029,50.69791551314029,37.83846914054095,-137.5682051179084
112,132,152,94.23607144710127,60.23607144710127,40.793157758867665,-170.54631438222543
113,133,153,109.30395182944562,68.36778699910644,45.465944707364656,-150.5564090927345
114,134,154,96.74510876197655,57.45989101000214,37.37294250994205,-107.10978566222354
115,135,155,92.37567226498595,54.37567226498595,38.761587339051175,-109.32481897769674
116,136,156,87.08186217390778,43.08186217390778,26.382661128397785,-104.27418081726444
117,137,157,75.95308798414067,41.953087984140666,30.71699829315037,-87.06191540213251
118,138,158,69.75631024520936,38.75631024520936,26.493290310453062,-89.31302649467182
119,139,159,70.10814201661424,37.10814201661424,22.613141256855442,-111.85766934697529
120,140,160,81.19960204759855,39.199602047598546,19.911313300426286,-136.39849817946856
121,141,161,85.20653093976881,45.206530939768754,26.519845429657607,-141.0430426355099
122,142,162,75.51016216872802,39.510162168728016,24.22826206373577,-102.2682825500691
123,143,163,106.5221046495875,58.522104649587504,38.78341316765136,-241.1853925765721
124,144,164,86.01810089280286,35.267261105571265,18.862340034577073,-200.89405175916102
125,145,165,98.3481325331528,49.34813253315281,30.961858675208646,-229.91056044041602
126,146,166,63.500915013897895,29.255376210774216,18.62956773732094,-152.57506098951103
127,147,167,65.64433211170308,27.653802256788595,16.530127646558412,-143.33206714952155
128,148,168,71.69194096026627,33.29050760906625,20.305865873467837,-161.61260328976346
129,149,169,64.99267466403,30.992674664030005,23.066063251411833,-73.73561095258174
130,150,170,77.480182577709,38.480182577709,24.349079124485456,-123.58000341116224
131,151,171,79.97676507204392,46.97676507204392,37.85778065254635,-83.5180784701239
132,152,172,78.1083905613333,55.108390561333294,42.4488650582806,-114.54879500502
133,153,173,95.8617224370006,67.8617224370006,57.04063291976445,-121.13482763402158
134,154,174,121.49111740979117,83.49111740979117,71.04811495052968,-139.3048970249033
135,155,175,109.83371415767203,66.83371415767203,52.22864941349712,-139.20358591722595
136,156,176,68.59956245559988,40.59956245559988,34.13759059024994,-83.02059561121644
137,157,177,73.0855092301478,49.08550923014786,43.375046572539304,-133.2692973835958
138,158,178,60.318711026908886,35.318711026908886,30.843250183923374,-143.07263783857297
139,159,179,53.50314611642517,23.503146116425228,17.578075360394678,-166.07573403849256
140,160,180,58.67412798848841,13.674127988488408,0.627638771082843,-163.88958433251582
141,161,181,60.033697134381214,13.033697134381214,0.031196414261671634,-186.7386703600008
142,162,182,45.943796852551316,7.9437968525513725,-1.5333473771556783,-140.94256553556477
143,163,183,102.37947993287361,52.37947993287361,37.19023362186306,-242.22169193009677
144,164,184,93.95241598361645,36.95241598361645,16.545238763767088,-242.9551071328708
145,165,185,77.92935473811542,34.92935473811542,22.53202420398395,-208.8577862987852
146,166,186,74.88024165443971,36.880241654439715,25.23937385279328,-177.48885856043285
147,167,187,78.68479025865093,41.68479025865099,31.234935774341466,-174.45056075947036
148,168,188,77.83345282372613,40.833452823726134,32.39825625905337,-200.1056815772247
149,169,189,66.51622938805201,40.51622938805201,33.11688727632958,-79.38068596387438
150,170,190,72.05120912799907,41.05120912799907,32.20225710323166,-169.67738854243862
151,171,191,69.33397250287601,41.33397250287601,35.711486839839495,-96.93999064912623
152,172,192,58.49149374519931,32.49149374519931,28.557887536276667,-146.07819535161173
153,173,193,45.62199668063846,19.621996680638517,16.381537652275824,-179.53522928731093
154,174,194,63.00763494694087,35.00763494694087,30.424870054744304,-187.41516871688248
155,175,195,43.81391947951511,14.813919479515107,10.773009221381471,-166.411729353037
156,176,196,27.87784329218516,2.8778432921851618,-1.944191141080296,-118.82410524977888
157,177,197,25.7602221290594,-2.2397778709406566,-5.782821992297386,-164.4812500146204
158,178,198,21.0226727402154,-16.977327259784488,-23.073017616951347,-229.85340996685852
159,179,199,24.078596227794662,-9.92140377220528,-12.639335221144279,-226.65752062756587
160,180,200,27.72409449344184,-9.27590550655816,-13.14086177554816,-195.4866667564952
161,181,201,22.125332153768568,-30.874667846231432,-42.01233512309341,-251.06668600689727
162,182,202,32.02350832221765,-30.976491677782406,-46.746246732134296,-313.92209573861646
163,183,203,60.92883070561919,10.928830705619134,0.5916146585283286,-346.1960520224761
164,184,204,77.7020252517209,9.702025251720897,-9.250207667075983,-377.41286466941426
165,185,205,66.21520249915392,13.215202499153975,2.7706824028518895,-372.61568569338294
166,186,206,60.73501255083562,2.735012550835677,-9.159117458511446,-343.9561343196257
167,187,207,60.20483124551089,-0.7951687544890547,-14.182897174167238,-357.7272525132214
168,188,208,61.105893889954245,3.1058938899542454,-9.134809709672936,-362.177188136273
169,189,209,59.868541374372626,-0.1314586256273742,-11.635026547408643,-397.23556451929494
