Left,Mid,Right,Loss,Loss_left,Loss_right,gain,glasso
0,20,40,1328.191584548455,976.1130117019904,962.1844264065869,-610.1058535601223,7.082983504912704
1,21,41,1332.7121959886508,974.9248800489286,971.1474049586176,-613.3600890188955,9.545111005109106
2,22,42,1332.4868310777356,982.4428048003547,966.1692632778786,-616.1252370004977,5.8167445205313015
3,23,43,1330.119846143465,982.7654395919365,963.2338262011151,-615.8794196495865,8.707235065495524
4,24,44,1329.2337117332972,981.9550192955487,961.8762769837672,-614.5975845460187,10.041842723492778
5,25,45,1328.4141940474256,979.0230790142423,964.6148541878904,-615.2237391547071,9.566967233400419
6,26,46,1327.875642667765,993.3007712715415,953.4234148393055,-618.8485434430818,1.3596568360633228
7,27,47,1321.3124562495004,983.28795859239,960.0906538601516,-622.0661562030414,1.495915879471113
8,28,48,1322.8463337911755,986.2381953047341,958.0136351569522,-621.4054966705107,0.6084991326458749
9,29,49,1325.8975662754176,991.6212713853963,954.1263772547984,-619.8500823647771,2.08701579052763
10,30,50,1327.9030456148707,991.8201249532149,954.7637739732286,-618.6808533115727,2.4893138764923606
11,31,51,1327.7893236704604,987.9546850526376,956.9773243953596,-617.1426857775368,3.5101021927813463
12,32,52,1316.5190081206597,985.4068632019506,959.7047460012795,-628.5926010825706,1.4293375989582273
13,33,53,1312.414648521798,982.7922063557967,962.5556220057663,-632.933179839765,1.0624556184294534
14,34,54,1314.6656476408143,978.4312788271886,967.0165265272342,-630.7821577136085,0.8332028067709416
15,35,55,1326.767950267404,965.9944974561716,990.3183977044922,-629.5449448932598,-8.55333747895429
16,36,56,1327.239617445182,961.5900608025629,993.1251243476909,-627.4755677050719,-5.114723766302063
17,37,57,1327.9608887958975,963.931323792063,992.5847356104416,-628.5551706066071,-4.3154094828518055
18,38,58,1342.9410543531717,960.8544060190468,1007.2662731953616,-625.1796248612368,-0.45997815492410155
19,39,59,1346.3726713506687,962.1200429785627,1001.5575267240484,-617.3048983519423,5.5355471060859145
20,40,60,1345.566501498381,962.1844264065869,998.5859040033389,-615.2038289115449,5.856547813443171
21,41,61,1350.4465617373587,971.1474049586176,991.6980350011729,-612.3988782224317,10.895572062567794
22,42,62,1349.4653123150001,966.1692632778786,989.7291136529064,-606.433064615785,12.918823610388586
23,43,63,1351.1933361882136,963.2338262011151,981.3992731406825,-593.439763153584,21.957302660596838
24,44,64,1353.6541062172832,961.8762769837672,979.3049976622756,-587.5271684287595,26.028163707721887
25,45,65,1357.4581421151233,964.6148541878904,984.4050404671315,-591.5617525398984,23.61103094947748
26,46,66,1348.9493178909347,953.4234148393055,996.6850802911524,-601.1591772395232,12.515091712074536
27,47,67,1363.492374663846,960.0906538601516,1006.6871372895735,-603.2854164858791,12.657365408446253
28,48,68,1365.576253893433,958.0136351569522,1006.9670178461555,-599.4043991096748,13.207699342317369
29,49,69,1359.1196973140575,954.1263772547984,1006.0078039319006,-601.0144838726417,12.446007298907602
30,50,70,1368.3820301174649,954.7637739732286,1012.1290948989047,-598.5108387546684,12.0780377410224
31,51,71,1371.6646497697388,956.9773243953596,1012.064472801651,-597.3771474272717,12.37150048790113
32,52,72,1373.6479191164226,959.7047460012795,1010.2283656347211,-596.285192519578,12.063602295886085
33,53,73,1376.4589872013617,962.5556220057663,1005.9454316722172,-592.0420664766218,10.846748537734015
34,54,74,1369.5314493334604,967.0165265272342,999.7017767305947,-597.1868539243685,9.4281962976861
35,55,75,1386.1753275673618,990.3183977044922,995.2372094029467,-599.380279540077,8.719746867545155
36,56,76,1382.1283171967386,993.1251243476909,988.2391924085155,-599.2359995594677,7.385823966541125
37,57,77,1387.9545362714782,992.5847356104416,991.8960489436229,-596.5262482825863,7.815658102758221
38,58,78,1389.5742442055594,1007.2662731953616,971.8282260660068,-589.520255055809,12.183901692430027
39,59,79,1373.4417813260575,1001.5575267240484,967.4586077339168,-595.5743531319076,8.608304222713286
40,60,80,1377.9815814219596,998.5859040033389,971.184091663204,-591.7884142445832,10.492093593071559
41,61,81,1366.3427697823267,991.6980350011729,973.5803393273201,-598.9356045461664,11.706886719059867
42,62,82,1366.3473763170273,989.7291136529064,974.6892292583332,-598.0709665942122,11.091142580352653
43,63,83,1359.3956017728256,981.3992731406825,970.6631037453992,-592.6667751132561,13.55969517958306
44,64,84,1364.7807736902387,979.3049976622756,970.6911677968014,-585.2153917688383,21.62632092864476
45,65,85,1363.9913224279685,984.4050404671315,972.8354678203893,-593.2491858595522,18.312610661210897
46,66,86,1363.9386230115788,996.6850802911524,973.3222460542597,-606.0687033338334,12.627722832571862
47,67,87,1361.3836665490912,1006.6871372895735,958.6486052689709,-603.9520760094531,13.964130389615775
48,68,88,1364.8536173790055,1006.9670178461555,970.9865136695315,-613.0999141366815,10.976565822063208
49,69,89,1365.105287945692,1006.0078039319006,973.320333450842,-614.2228494370506,11.470708700206274
50,70,90,1364.553733825096,1012.1290948989047,971.9247017970456,-619.5000628708542,8.671011442270242
51,71,91,1365.537391492368,1012.064472801651,973.9942338142525,-620.5213151235357,7.151230862571083
52,72,92,1370.3803997992768,1010.2283656347211,980.1505709725305,-619.9985368079747,9.71045972527952
53,73,93,1375.0602754195204,1005.9454316722172,986.7104851042279,-617.5956413569247,11.412482368550627
54,74,94,1365.3060101299345,999.7017767305947,987.98264121904,-622.3784078197002,9.027522789772092
55,75,95,1348.9421656665272,995.2372094029467,982.5885795122031,-628.8836232486226,4.909318801300628
56,76,96,1350.2948129165165,988.2391924085155,994.1081614625164,-632.0525409545153,5.149142349732642
57,77,97,1348.4377118945688,991.8960489436229,992.5704616876146,-636.0287987366687,4.567761579833018
58,78,98,1336.1595770937101,971.8282260660068,992.0311009597367,-627.6997499320332,6.086470605645786
59,79,99,1342.489250872165,967.4586077339168,1001.2707360550785,-626.2400929168302,7.03271975874884
60,80,100,1344.1842310350294,971.184091663204,1002.3358767506722,-629.3357373788467,8.538516492323765
61,81,101,1344.4500075448914,973.5803393273201,999.4893894103416,-628.6197211927702,10.113621918385888
62,82,102,1343.2270846939223,974.6892292583332,999.6902698412675,-631.1524144056784,9.477251338212909
63,83,103,1349.9143205067198,970.6631037453992,1004.7126130345157,-625.4613962731951,11.632530470183497
64,84,104,1349.4580506897191,970.6911677968014,1004.1768135054526,-625.4099306125349,12.263473148533649
65,85,105,1354.9334693572032,972.8354678203893,1007.1291547439308,-625.0311532071169,11.954296473191675
66,86,106,1358.8255816272263,973.3222460542597,1010.9906084847672,-625.4872729118006,13.630289566727583
67,87,107,1348.430920806637,958.6486052689709,1005.5905998499717,-615.8082843123057,16.311865297487202
68,88,108,1348.7608881229733,970.9865136695315,996.8100484565123,-619.0356740030704,16.5637216270585
69,89,109,1350.9948047015264,973.320333450842,991.9249982157191,-614.2505269650346,19.794812765428446
70,90,110,1347.210505795692,971.9247017970456,991.0238222517734,-615.7380182531269,17.441387552258902
71,91,111,1344.961511348396,973.9942338142525,988.7043170692807,-617.7370395351372,14.104577392896772
72,92,112,1343.274915321379,980.1505709725305,972.7470335708622,-609.6226892220138,16.28143416221974
73,93,113,1337.6812162084516,986.7104851042279,963.8297641308025,-612.8590330265788,13.244007057007138
74,94,114,1339.7944947293613,987.98264121904,966.2054276872256,-614.3935741769042,13.297966771604024
75,95,115,1333.6979331272887,982.5885795122031,971.8993978098038,-620.7900441947181,10.995966377531317
76,96,116,1335.3951827921896,994.1081614625164,971.5475417565087,-630.2605204268355,7.032297338646231
77,97,117,1343.9606625442852,992.5704616876146,988.3404019523337,-636.950201095663,7.011989008835826
78,98,118,1350.7845721252293,992.0311009597367,993.8776202825383,-635.1241491170458,8.773496201754938
79,99,119,1353.6286211946913,1001.2707360550785,989.5425674033072,-637.1846822636944,4.510669965645093
80,100,120,1352.068848532471,1002.3358767506722,982.9331847602011,-633.2002129784023,6.981534531894113
81,101,121,1357.0875853734638,999.4893894103416,995.5475076183393,-637.9493116552171,6.306809766684978
82,102,122,1352.127599511652,999.6902698412675,991.0158314135907,-638.5785017432063,6.511029191926582
83,103,123,1352.4317346299117,1004.7126130345157,980.5827522330462,-632.8636306376502,9.111881838760723
84,104,124,1348.863954867877,1004.1768135054526,974.9978585634891,-630.3107172010646,5.6837580376657115
85,105,125,1350.8362289818822,1007.1291547439308,973.8208247407745,-630.113750502823,4.303266895513616
86,106,126,1354.5068469931316,1010.9906084847672,970.6767167249036,-627.1604782165391,6.795542683644044
87,107,127,1357.2217095334368,1005.5905998499717,982.4256771447231,-630.7945674612579,7.881192940505684
88,108,128,1358.9093342743818,996.8100484565123,989.5457856746784,-627.4464998568089,12.250483607777028
89,109,129,1359.0092092741113,991.9249982157191,987.3613874529035,-620.2771763945113,16.350754660600614
90,110,130,1359.3199043714212,991.0238222517734,989.6128428166522,-621.3167606970044,16.018017323070808
91,111,131,1362.2559113676496,988.7043170692807,996.4313157291622,-622.8797214307933,16.02110917576158
92,112,132,1349.9838153974374,972.7470335708622,993.0727297843423,-615.8359479577671,13.73356980264964
93,113,133,1349.5046749242724,963.8297641308025,992.5044885855541,-606.8295777920841,17.45722460609454
94,114,134,1363.6958967148348,966.2054276872256,1003.8548983661935,-606.3644293385842,23.155799681922872
95,115,135,1365.1299444853403,971.8993978098038,1009.1193321796139,-615.8887855040775,19.065257625616482
96,116,136,1363.7616905051623,971.5475417565087,1012.8132610920491,-620.5991123433955,17.46753927563816
97,117,137,1367.216185017122,988.3404019523337,1006.2909972077182,-627.4152141429299,13.343515007680594
98,118,138,1366.4652115207373,993.8776202825383,1003.7094286194863,-631.1218373812872,10.711297004223297
99,119,139,1359.7126604947446,989.5425674033072,1001.5009460768368,-631.3308529853996,8.172804413284894
100,120,140,1355.523316801908,982.9331847602011,1000.2753438827878,-627.6852118410807,8.87016039752632
101,121,141,1358.4033348204741,995.5475076183393,997.3968930401836,-634.5410658380488,7.452958414346767
102,122,142,1364.6406747564088,991.0158314135907,1003.7779803887148,-630.1531370458968,9.776705799651268
103,123,143,1361.7374422854314,980.5827522330462,1008.4967834131113,-627.3420933607263,8.632555935382584
104,124,144,1364.3714301472187,974.9978585634891,1014.044237383081,-624.6706657993514,5.60786489348186
105,125,145,1376.7001215865516,973.8208247407745,1027.947585695149,-625.0682888493718,7.027768493206963
106,126,146,1375.121558629776,970.6767167249036,1028.1163934999042,-623.6715515950318,7.27461483719685
107,127,147,1385.2089757168314,982.4256771447231,1033.5871374012818,-630.8038388291734,8.364658521036176
108,128,148,1393.947604950999,989.5457856746784,1024.4500703783788,-620.0482511020582,10.61685484372731
109,129,149,1391.7771207015612,987.3613874529035,1025.135904206863,-620.7201709582052,9.159029222344657
110,130,150,1394.0959029850696,989.6128428166522,1020.2065727504332,-615.7235125820157,10.291955031639873
111,131,151,1404.0393346666078,996.4313157291622,1018.5021665925026,-610.8941476550569,11.275448987348454
112,132,152,1403.0976152797753,993.0727297843423,1020.0194411124266,-609.9945556169937,11.067948644229546
113,133,153,1400.341121847209,992.5044885855541,1008.9177620233824,-601.0811287617273,15.508580716964843
114,134,154,1406.8281388661908,1003.8548983661935,986.5512144146232,-583.577973914626,22.73670117169422
115,135,155,1413.8405540772924,1009.1193321796139,993.7055387426141,-588.9843168449356,18.03361739513025
116,136,156,1420.157230748293,1012.8132610920491,990.1680077223342,-582.8240380660905,18.99731453977006
117,137,157,1413.5987213177477,1006.2909972077182,986.6989723072217,-579.391248197192,15.91842635199282
118,138,158,1395.9255255172743,1003.7094286194863,982.1373667576876,-589.9212698598994,13.077244215323844
119,139,159,1389.610093376015,1001.5009460768368,978.2473552011513,-590.1382079019731,13.73084520554471
120,140,160,1386.5345652971373,1000.2753438827878,979.7238909787901,-593.4646695644406,12.295200069530779
121,141,161,1379.7845775897508,997.3968930401836,982.1930599462098,-599.8053753966426,9.035308870258064
122,142,162,1377.064251151322,1003.7779803887148,973.3560961223217,-600.0698253597145,10.395171109310354
123,143,163,1381.2382572485824,1008.4967834131113,977.1437087047798,-604.4022348693086,10.714042074417648
124,144,164,1381.6526614483996,1014.044237383081,975.9504791586769,-608.3420550933583,9.66148082991515
125,145,165,1401.5759165248014,1027.947585695149,980.5584874600944,-606.9301566304421,11.409469757030934
126,146,166,1401.8277959515653,1028.1163934999042,978.6319247700815,-604.9205223184204,12.402351959162843
127,147,167,1386.3341222985412,1033.5871374012818,969.0148442884379,-616.2678593911785,11.130862494283065
128,148,168,1375.288305099054,1024.4500703783788,975.1103048479449,-624.2720701272697,8.703118601072333
129,149,169,1373.1465426908849,1025.135904206863,977.9028685162232,-629.8922300322013,6.650619789723692
130,150,170,1379.6550785197014,1020.2065727504332,992.800733832255,-633.3522280629868,5.524216529330943
131,151,171,1372.961345267181,1018.5021665925026,989.1506132313707,-634.6914345566922,5.0996240885677935
132,152,172,1374.6680796850906,1020.0194411124266,993.8927706110776,-639.2441320384137,3.531967622773095
133,153,173,1361.326044200673,1008.9177620233824,992.6811088843162,-640.2728267070256,3.012153281111182
134,154,174,1341.0187252814671,986.5512144146232,987.5982871163943,-633.1307762495503,2.4003463745571025
135,155,175,1334.8862566826442,993.7055387426141,977.26427914989,-636.0835612098599,2.6784215944413745
136,156,176,1330.4958670428161,990.1680077223342,974.6748604518543,-634.3470011313723,2.0960967215329447
137,157,177,1328.9261059784785,986.6989723072217,976.2174722071824,-633.9903385359255,2.301091539321874
138,158,178,1328.5667920091923,982.1373667576876,976.1082974504683,-629.6788721989635,1.276042605682619
139,159,179,1324.9008671290449,978.2473552011513,977.969016525474,-631.3155045975805,1.433626928145486
140,160,180,1320.4488426733828,979.7238909787901,976.1332540447048,-635.4083023501121,1.2611582930846907
141,161,181,1323.7067555596614,982.1930599462098,971.6886644153448,-630.1749688018931,3.402023179942148
142,162,182,1318.3247646191267,973.3560961223217,973.4749923392343,-628.5063238424293,3.415315968811342
143,163,183,1320.0755548809132,977.1437087047798,967.5789880803948,-624.6471419042614,5.892520027960131
144,164,184,1328.1108148240824,975.9504791586769,988.8385278012556,-636.6781921358502,4.665396877537432
145,165,185,1327.0780636301815,980.5584874600944,978.1943183765368,-631.6747422064495,8.00124441408343
146,166,186,1335.2792533851957,978.6319247700815,986.7686464780226,-630.1213178629082,8.386724181002023
147,167,187,1333.3750986346645,969.0148442884379,990.1710908417141,-625.8108364954874,8.79291658539978
148,168,188,1339.085638958728,975.1103048479449,991.1897991723072,-627.2144650615242,10.149533780266779
149,169,189,1336.1510152533501,977.9028685162232,989.4490771912972,-631.2009304541702,7.69954806644364
150,170,190,1341.2375873383512,992.800733832255,988.6824532239697,-640.2455997178736,4.598418330634672
151,171,191,1344.084667106585,989.1506132313707,988.7629572372915,-633.8289033620774,7.425338821171749
152,172,192,1361.912563467365,993.8927706110776,1000.0606341127864,-632.0408412564989,11.626782239346426
153,173,193,1362.638109735802,992.6811088843162,1000.5257808020576,-630.568779950572,12.141907077154087
154,174,194,1358.8582820285287,987.5982871163943,1000.9113265941189,-629.6513316819846,13.505254515790739
155,175,195,1353.8768856891284,977.26427914989,1003.3010395818042,-626.6884330425657,12.582199527487887
156,176,196,1360.4142395081954,974.6748604518543,1009.9179838672079,-624.178604810867,12.709579187827103
157,177,197,1364.6088525560115,976.2174722071824,1013.2164951877983,-624.8251148389693,14.97703804829382
158,178,198,1368.0141818753154,976.1082974504683,1015.095574567509,-623.1896901426617,14.29045526155221
159,179,199,1377.8806763479167,977.969016525474,1019.6045914977622,-619.6929316753194,18.228339796080036
160,180,200,1378.0764591664492,976.1332540447048,1020.5498713723169,-618.6066662505725,19.223794411992003
161,181,201,1376.9693629139178,971.6886644153448,1020.0999131263246,-614.8192146277515,19.334451381801387
162,182,202,1379.8482670913018,973.4749923392343,1023.7352569151964,-617.3619821631289,20.089128801337438
163,183,203,1377.3294492765688,967.5789880803948,1022.5690092378014,-612.8185480416275,20.426787442749855
164,184,204,1378.856354834396,988.8385278012556,1015.1719704162299,-625.1541433830896,16.244435538607945
165,185,205,1373.4730162202145,978.1943183765368,1014.9528954201174,-619.6741975764398,19.646114949798175
166,186,206,1370.6189562835607,986.7686464780226,1006.315143131206,-622.4648333256678,18.985982047377888
167,187,207,1374.3612734627036,990.1710908417141,1006.4650635815988,-622.2748809606092,18.07175354482979
168,188,208,1368.4598415223018,991.1897991723072,996.1498012614121,-618.8797589114174,18.73538636650096
169,189,209,1365.7869062847503,989.4490771912972,996.7350666802595,-620.3972375868063,17.50522450651647
