Left,Mid,Right,Loss_likeli,Loss_AIC,Loss_BIC,Loss_eBIC
0,20,40,100.854789932183,78.854789932183,71.71404441616886,-37.46177901193039
1,21,41,94.79697073544321,67.79697073544321,61.26842227925192,-69.1781485374247
2,22,42,88.36143798998086,65.36143798998086,59.120814503610404,-41.82346788769655
3,23,43,84.74335484524732,64.74335484524732,58.598341602787116,-58.031851239369416
4,24,44,85.79185514532185,68.79185514532185,60.4179122483535,-61.81859103173849
5,25,45,62.861150051273285,46.861150051273285,43.85347278385723,-18.907656286512065
6,26,46,50.99059638694058,37.99059638694058,37.37732535413255,-27.568950974105746
7,27,47,44.36493967468266,33.73655557985967,32.72149625166651,-44.32974860208958
8,28,48,49.14730912139078,36.14730912139078,34.11300422493122,-31.659294400533554
9,29,49,44.23446462327411,30.706844491382412,28.847345436132173,-36.18670126410984
10,30,50,41.15236065208296,32.15236065208296,32.29679673562475,0.40388678817532764
11,31,51,31.82261764524543,20.17959386853329,20.311559360391072,-5.532419462706002
12,32,52,36.236461157208055,14.236461157208055,7.095715641193863,-60.98766474772276
13,33,53,39.49925451740444,14.499254517404438,6.211484181339301,-99.76754444094433
14,34,54,37.274837204518974,17.274837204518974,13.209265503738607,-100.68395065624782
15,35,55,52.02676430704935,18.026764307049348,6.644493101111095,-155.224690467188
16,36,56,60.768959153468074,25.768959153468074,13.039279988049941,-180.55508365752678
17,37,57,56.37309604195167,23.37309604195167,12.934375324102746,-111.4589773025549
18,38,58,62.87067204434595,23.87067204434595,10.345643744802658,-142.3471059895744
19,39,59,74.9620335831737,28.962033583173707,12.64508950675139,-204.57748068742694
20,40,60,37.15513034168271,11.155130341682707,4.448935410520335,-38.514367658405945
21,41,61,34.321974171562715,8.321974171562715,2.398090845187312,-56.16631965468537
22,42,62,38.78513966807486,14.785139668074862,9.190728553435747,-66.8211398603496
23,43,63,30.27311017174486,11.273110171744861,8.745125378581406,-86.30874209654303
24,44,64,31.957696907612842,12.957696907612785,10.083138524169385,-94.76708325418781
25,45,65,48.87186717939824,22.871867179398237,16.51224583851581,-95.0909628659814
26,46,66,44.41359083009394,21.413590830093995,16.200994309262455,-86.0211774631722
27,47,67,49.22144464410087,20.22144464410087,13.061372073447501,-105.19353062457697
28,48,68,58.951347989489705,26.951347989489705,17.257956237665326,-115.490392403015
29,49,69,59.71905180997436,32.7190518099743,26.554711512874974,-131.20815835930625
30,50,70,71.78534937631377,42.785349376313775,34.932129625100515,-98.90801794714105
31,51,71,87.57616379731712,38.57616379731712,20.072474130003798,-217.6456837218808
32,52,72,92.65916228129862,41.65916228129856,22.852887520991317,-206.54712149456122
33,53,73,100.75875838985769,45.75875838985769,25.30759267272242,-193.09415303892592
34,54,74,102.922358142002,49.922358142002054,29.42720392758065,-238.34674879333284
35,55,75,107.72388319858828,47.72388319858828,24.090239617008024,-291.7804783748486
36,56,76,107.78548965908112,48.785489659081236,26.342859394837888,-267.826522971258
37,57,77,110.68517379219486,55.68517379219486,34.19428730421964,-220.00412960667256
38,58,78,118.5807796856958,60.5807796856958,36.903147606829634,-242.53630497007055
39,59,79,124.87782421288557,62.87782421288557,36.86215399663149,-288.52472101831563
40,60,80,108.80225644517236,60.80225644517236,39.67727060211632,-169.88582094146136
41,61,81,107.56893887741887,67.56893887741887,50.22110161205683,-155.6859763416851
42,62,82,103.41776376101666,67.41776376101666,52.61374514956452,-170.84384208634492
43,63,83,97.30541015466144,63.305410154661445,50.190270997323296,-171.08167453070428
44,64,84,73.15625392747563,51.15625392747563,44.36208200174133,-89.32111965081117
45,65,85,60.950436492057236,36.95043649205718,28.813958702489003,-89.0695596906387
46,66,86,58.68119929394476,35.939399367833516,30.096971218367344,-63.75586385793383
47,67,87,76.65380152056684,48.653801520566844,39.21900636445059,-51.13439013194147
48,68,88,76.38440333030132,49.384403330301325,41.14062149152198,-47.84635532880907
49,69,89,83.93915592283622,55.93915592283622,47.79583057684704,-72.44950227709535
50,70,90,73.74110933946241,40.741109339462355,32.28271940226091,-103.84441144951938
51,71,91,71.71570241191927,26.71570241191921,12.976066013953869,-184.06740984739076
52,72,92,62.03926402258975,18.039264022589805,4.797493761401256,-153.8294468132093
53,73,93,68.10694155046434,24.1069415504644,11.211744879555795,-171.38598851178688
54,74,94,60.251290935926136,19.251290935926136,7.849692675348706,-204.56781179028178
55,75,95,50.57800454239151,19.578004542391454,13.628903008480847,-187.53592188942912
56,76,96,42.03950084615269,15.039500846152691,8.875160549053248,-112.75656188462858
57,77,97,44.29488358336397,18.449130812929866,16.26771961004647,-102.28134267333303
58,78,98,42.130508377996705,17.130508377996705,14.610226553299412,-90.27554745083432
59,79,99,36.27381777994526,16.27381777994532,12.901393259724841,-79.31324606563021
60,80,100,34.18168151122808,12.181681511228021,8.85324548829351,-92.26023604962882
61,81,101,50.15375391829082,22.153753918290818,16.877841845534363,-177.55565648786057
62,82,102,45.466537549526834,17.466537549526834,14.963214199010054,-155.15874126289543
63,83,103,44.47216406161385,18.472164061613853,16.964572984651,-153.04873985583538
64,84,104,46.174266351132985,23.174266351133042,20.387684962261346,-84.96914887004573
65,85,105,54.371467168174036,34.37146716817409,32.03876341879362,-97.14190370738595
66,86,106,51.84576327738773,30.10396335127649,29.61143160250697,-105.00130500274827
67,87,107,75.81297120736576,50.81297120736576,44.62315162920356,-127.43129957842677
68,88,108,80.64214514269548,58.642145142695426,54.27398834892102,-86.79957484541796
69,89,109,94.97972870856307,66.97972870856307,58.83640336257383,-92.22842695891302
70,90,110,125.69989956370722,78.69989956370728,61.88508935050794,-189.0505505313963
71,91,111,111.02114670699109,67.02114670699109,52.0465084944027,-193.2190054890923
72,92,112,112.20068572677127,71.20068572677127,57.719645924513884,-188.20737485118684
73,93,113,96.58137206636314,60.5813720663632,47.85679499659085,-175.2574169277667
74,94,114,88.18838358802833,46.18838358802833,30.82318328787403,-222.26999733156504
75,95,115,85.53604848216736,42.5360484821673,29.2262589458129,-216.24656043908658
76,96,116,85.56836745501403,46.56836745501403,34.429633516590684,-188.14972894247637
77,97,117,85.02324870285543,48.17749593242138,40.866130815270935,-173.74053696732324
78,98,118,60.353760226726536,28.353760226726536,23.388136215430222,-160.7969536816497
79,99,119,50.38437375097624,27.38437375097618,24.25121877182471,-163.20470514530427
80,100,120,40.915416658691925,19.915416658691925,17.777993953094438,-121.02829639261529
81,101,121,43.74430059138217,21.74430059138217,19.109011749007664,-127.1602656091975
82,102,122,49.34914080321522,21.349140803215278,15.380081549898819,-114.43903151985796
83,103,123,56.42888094056923,28.42888094056923,22.113248096972825,-148.84223977850274
84,104,124,60.48989021871864,30.4898902187187,22.138804330728362,-111.87314206444466
85,105,125,47.6269639171648,20.626963917164858,14.462623620065415,-121.56961716545129
86,106,126,48.86816597616064,19.86816597616064,13.054666995787215,-128.73274852256782
87,107,127,53.289215443062915,29.289215443062858,24.983556362797685,-117.61842488371633
88,108,128,58.06712312111597,31.06712312111597,23.169914872616573,-102.4641495086347
89,109,129,62.10231274507265,37.102312745072595,30.547410360407298,-105.12330100905831
90,110,130,109.27190893595105,68.27190893595105,52.36485400173382,-142.06254594165262
91,111,131,101.8795597017102,64.53118068121955,52.455762294721296,-123.29603228005101
92,112,132,83.92552728721517,45.925527287215175,31.858644353608952,-123.7013319784636
93,113,133,68.4383947748924,32.4383947748924,20.753538475960113,-166.44279895424677
94,114,134,70.56787423777371,32.56787423777371,21.868489142297506,-149.9150960130504
95,115,135,77.96943577418881,36.96943577418881,24.899374324201062,-160.11236097430856
96,116,136,73.17455616102694,35.17455616102694,26.30627708162035,-176.05517184158725
97,117,137,72.00605117674775,34.00605117674775,27.02304348628229,-211.0197655610524
98,118,138,65.88527648593288,30.88527648593282,23.16402222657723,-204.51692354593717
99,119,139,64.45721519240783,28.45721519240783,20.238094796275277,-213.49382220874656
100,120,140,70.72735176463488,35.72735176463482,26.273229553879446,-160.46568766825806
101,121,141,64.53424899263894,38.534248992638936,31.828054061476564,-93.78168162979637
102,122,142,66.71835393787632,46.718353937876316,41.613061466256,-105.4570209496901
103,123,143,74.56076191765743,44.56076191765743,33.437087307427305,-129.1923202252392
104,124,144,68.04672246367483,35.046722463674826,23.07424032832023,-124.43706463546494
105,125,145,66.383239815112,37.38323981511195,26.473299428345285,-123.0757761808594
106,126,146,48.76609931741018,24.868748907752263,20.60498324846776,-80.37273655103184
107,127,147,38.27901436360412,25.27901436360412,21.579343307742988,-61.692639669306686
108,128,148,32.291023948509064,19.382508793604018,16.681167607741372,-42.84577628641216
109,129,149,36.49435081761817,20.149509666590745,16.40585011344365,-66.11128162386387
110,130,150,43.908614797359405,28.24666503782629,24.404004888129293,-41.505249787729554
111,131,151,39.55814577786748,31.63808023638171,30.56260685058612,10.155422560613147
112,132,152,43.03459549272327,32.03459549272327,27.322248134200038,-15.085592111732069
113,133,153,55.55676621440216,36.55676621440216,28.130270959428287,-66.68336659716198
114,134,154,47.60913500869776,29.609135008697763,24.015042384841877,-46.631764516803116
115,135,155,56.017328077039565,29.564540756758618,23.55151555465909,-76.21693154456466
116,136,156,66.68922053229079,38.68922053229079,28.814374144405974,-73.36824129547074
117,137,157,66.34194819915001,38.34194819915001,27.326688529175158,-95.19534109400388
118,138,158,75.84364039990379,43.84364039990379,30.44734524889236,-94.20308539917471
119,139,159,98.33066127713982,55.330661277139825,35.30871175684888,-161.49122903770308
120,140,160,104.55743410443824,65.55743410443824,45.67531054740357,-154.997132493585
121,141,161,110.83406003823728,71.83406003823734,53.79667724641507,-117.78590492998057
122,142,162,107.25166884087741,71.25166884087741,54.36820868774549,-105.16191995272652
123,143,163,93.9562439248266,56.956243924826595,37.871486359271444,-120.34293236994915
124,144,164,81.13955088679211,41.13955088679211,22.216269891198863,-121.03728955681606
125,145,165,84.06718883596682,48.06718883596682,33.58845118484169,-106.66706151553171
126,146,166,60.678942897175716,30.78159248751774,21.096520859032353,-69.93845328363898
127,147,167,54.17995302770811,33.17995302770811,20.41702479391489,-68.03856165989237
128,148,168,45.704645641387856,25.796130486482753,17.036583568427545,-41.24755871046409
129,149,169,42.027637179342776,18.68279602831535,11.549022060150605,-57.64929428966286
130,150,170,35.174399190392364,16.512449430859192,13.664276010273852,-49.92978578785227
131,151,171,28.809352802171986,15.237666281176871,12.143165411303812,-12.87296199518255
132,152,172,37.8222429507577,25.822242950757698,21.49841271644101,-20.889262383818505
133,153,173,32.940591534500754,24.940591534500754,23.383677572244608,-29.17853512054745
134,154,174,36.0520787033646,28.0520787033646,26.495164741108397,-25.993791542537224
135,155,175,33.208589401573136,14.755802081292188,14.433889933658861,-34.08380212153372
136,156,176,35.352352210803474,17.352352210803474,13.495887961528524,-42.69018891359235
137,157,177,46.118885693114294,23.118885693114294,17.267787304080002,-42.11761817434774
138,158,178,42.73015675430696,13.730156754306961,9.745463365819774,-44.27183022299039
139,159,179,49.56753862758774,19.567538627587737,13.989041461837132,-135.31895331798864
140,160,180,44.94112906421776,15.941129064217762,13.659514336760026,-130.00889182008473
141,161,181,46.85792996933213,11.857929969332133,5.9576090159443424,-116.11691832628196
142,162,182,60.25863081803135,17.25863081803135,3.1284323324999264,-161.22591565935295
143,163,183,62.172090136725956,23.172090136725956,11.72650337886256,-160.8317638837708
144,164,184,62.40993258389511,25.409932583895113,14.266930919025697,-158.8037649177695
145,165,185,59.72391827856967,25.72391827856967,16.421088614311202,-170.21689271870537
146,166,186,36.67396844174033,4.673968441740328,-0.8605402267243676,-111.7321205018061
147,167,187,31.01643330956432,4.01643330956432,2.648448633597809,-116.21766368739691
148,168,188,35.38194385265223,9.381943852652228,7.874352775689317,-126.37585445783043
149,169,189,38.5651945269484,5.565194526948403,0.6674890349678435,-155.15069818525637
150,170,190,44.51341378492236,15.513413784922363,13.363721932904411,-134.97265740741784
151,171,191,31.123083100722283,4.123083100722283,4.028492896346279,-91.69325949835945
152,172,192,44.48615541936522,18.486155419365218,17.640634471797398,-89.00700727007472
153,173,193,34.65319475726841,17.65319475726841,18.54695736961878,-62.73295296252638
154,174,194,36.12767833874028,18.12767833874028,18.17700122403369,-64.05687027984379
155,175,195,40.62473273469908,7.62473273469908,0.899210748897417,-146.44816431050413
156,176,196,46.12334538612191,7.123345386121912,-0.8565054689418048,-209.7711670885974
157,177,197,41.33096640859657,0.33096640859656645,-6.163956275704322,-206.70206079409354
158,178,198,28.028125694758614,-13.971874305241442,-19.339629711522548,-133.64590229589567
159,179,199,44.321706821503085,-9.678293178496915,-26.165856856055484,-255.84248577104222
160,180,200,36.43498981546827,-8.56501018453173,-16.733041558741547,-219.8224283112197
161,181,201,30.953881210485065,-21.046118789514992,-32.29100175559188,-210.16163169951415
162,182,202,30.37804699443052,-12.62195300556948,-22.24669481746116,-190.09635311786417
163,183,203,29.649908941956426,-8.350091058043574,-10.568611237770142,-143.51363888685023
164,184,204,23.416208800011304,-6.5837911999886956,-9.720386722534158,-139.5879789653901
165,185,205,28.87341550377795,-7.126584496222051,-12.845717273064054,-167.8542501665347
166,186,206,34.40499379627374,6.404993796273743,3.2085232651970728,-93.54769587596525
167,187,207,34.99612723924025,9.996127239240252,8.584154065987718,-93.61245513812685
168,188,208,34.94528473777541,8.94528473777541,6.397972889972721,-125.84960481603912
169,189,209,49.73058291831654,18.730582918316543,13.69394038662881,-152.05397395816294
