Left,Mid,Right,Loss_likeli,Loss_AIC,Loss_BIC,Loss_eBIC
0,20,40,44.97816933490287,33.97816933490287,33.35367209427551,-24.38064403445378
1,21,41,46.184701367520006,34.184701367520006,33.854498966855374,-36.01136864157263
2,22,42,43.91522783917429,33.91522783917429,34.8283175061639,-29.120732962236502
3,23,43,44.19954143188818,32.19954143188818,32.547209486497195,-20.29288787233395
4,24,44,50.9648422631642,29.9648422631642,25.436465481373432,-64.77133054345381
5,25,45,40.44758823467009,30.49594029073546,34.420934683331325,23.785050184785632
6,26,46,34.25535570440201,24.74865211049388,31.28956182852744,31.25933589433714
7,27,47,29.907600794636494,20.167512769037955,27.749931109394765,27.647381759656355
8,28,48,29.458789266565077,8.458789266565077,10.234720209720422,-66.96204287557111
9,29,49,32.915371527658124,9.281574045766774,8.218416798886096,-75.87380431547206
10,30,50,36.968948388673766,0.9689483886737662,-6.457125795854154,-146.50543283468608
11,31,51,43.2235976196078,2.2235976196078013,-9.178000640969685,-198.6540940709516
12,32,52,41.92383394481857,-6.076166055181375,-20.26968009263794,-227.41988288923017
13,33,53,41.36435903141961,-3.6356409685804465,-15.467250666248788,-166.95242853294906
14,34,54,47.76348338149302,2.7634833814930744,-10.785624008181799,-170.6551330540583
15,35,55,39.75355057821071,1.7535505782107066,-8.130682712118983,-170.39051794692375
16,36,56,50.73965668629182,14.739656686291823,7.166772117786195,-137.37863883698458
17,37,57,60.634120244339556,22.634120244339556,13.419267574652963,-165.7954476145933
18,38,58,54.20963321599669,20.20963321599669,12.293097912858116,-116.02589781848883
19,39,59,59.70881935034248,19.708819350342424,12.778859596697089,-133.05920401693493
20,40,60,85.11571338925432,36.115713389254324,18.998318083061008,-204.90122992632666
21,41,61,74.89054695780612,33.89054695780612,21.894815312848436,-148.97769963850408
22,42,62,69.655185892698,33.655185892698,23.010050364605604,-97.92066311784845
23,43,63,63.83692883427727,33.83692883427727,32.32475403475769,-57.27796759541377
24,44,64,59.86627751026981,25.86627751026981,17.699118296642155,-127.05497154982561
25,45,65,56.32830850834307,20.37666056440844,23.97084094580009,-72.58116804032738
26,46,66,44.15013910358141,23.643435509673168,26.787259264839804,-66.28070323670545
27,47,67,49.84727799802721,28.107189972428728,29.41837773284624,-86.55605284059561
28,48,68,64.4853567858429,20.485356785842896,14.582385912161044,-92.65959198398093
29,49,69,58.60848583972279,20.974688357831496,9.337099462812489,-137.4566860330907
30,50,70,90.46666383482835,45.50825892353089,28.672956841271798,-141.38691224183606
31,51,71,110.63441703994931,57.63441703994931,34.178763110994055,-219.3794663862452
32,52,72,106.30267867877512,55.30267867877512,30.604652883708354,-239.71026368597632
33,53,73,119.7993480083901,31.799348008390098,9.198039576028918,-439.4634769623193
34,54,74,116.2393363284923,26.239336328492413,-0.684838572079002,-503.7182387476165
35,55,75,124.33204510572898,38.33204510572898,16.862479716925463,-447.52988816890627
36,56,76,124.81916330537001,44.81916330537001,20.89517905084631,-312.23651960630116
37,57,77,134.54845727129754,50.54845727129759,22.590645393228783,-375.26974666606543
38,58,78,133.39460031083865,53.394600310838655,27.77482657015787,-387.26570604570736
39,59,79,144.79048819558182,53.790488195581815,24.773628492033936,-437.2960995117106
40,60,80,148.67094686039172,56.67094686039161,26.116500249226874,-519.8466096508741
41,61,81,131.999535131769,47.99953513176911,21.081444024540247,-470.4940734151463
42,62,82,123.03151553025657,39.031515530256684,12.459998013307768,-400.6040407191681
43,63,83,108.65188861091883,48.65188861091883,38.10128709530966,-278.35598206990926
44,64,84,104.76724917835662,46.76724917835668,31.849906536280514,-211.27827071708657
45,65,85,93.61843128896476,31.618431288964643,26.630313195722465,-218.66730970861158
46,66,86,73.04970186985156,39.04970186985156,35.63862324035267,-175.70123985271414
47,67,87,70.84960329208576,39.84960329208582,38.971843843757824,-167.52981638099936
48,68,88,83.8874262506896,35.8874262506896,32.15609056110486,-176.09720406962606
49,69,89,76.75218524813124,35.75218524813124,28.856043661193326,-208.1441507845883
50,70,90,87.9994061732508,41.041001261953284,30.59114677764387,-188.34281848115347
51,71,91,83.66496942611025,39.66496942611025,30.049797807352206,-133.68816334504982
52,72,92,75.18919379448528,35.18919379448528,25.67175603180476,-207.66606696797442
53,73,93,83.16634385076668,12.16634385076668,-8.693621424113303,-308.0025149946712
54,74,94,84.93534604718457,13.93534604718468,-7.550206052783096,-428.462838167716
55,75,95,78.82265167987464,7.822651679874639,-8.835629649527277,-346.076061960129
56,76,96,67.42933224061807,12.429332240618123,-3.1599703249074764,-225.25622177683226
57,77,97,71.9871281363744,21.987128136374395,8.530749776763741,-260.28383211303196
58,78,98,73.55069058230555,27.55069058230555,16.432350360082864,-290.66580288663
59,79,99,52.01084586356245,-11.989154136437492,-26.870480966446507,-316.68011232548986
60,80,100,46.006197308681294,-9.993802691318706,-18.466185295151945,-359.4754017522448
61,81,101,36.132942155927594,-17.867057844072406,-25.690281764631663,-351.7476909156153
62,82,102,37.34271231711722,-20.65728768288284,-29.01690817972201,-258.80581761118924
63,83,103,32.14346539902709,-5.856534600972907,-7.100194694220136,-170.0159185126032
64,84,104,37.25267622767262,1.252676227672623,4.570474509654787,-88.23166378723295
65,85,105,19.527574453762213,-11.472425546237844,-7.055500729071468,-150.23956938991705
66,86,106,26.693185938909835,10.693185938909835,21.788875215876374,-59.216784772281585
67,87,107,39.509803407495156,26.509803407495156,40.13881186563253,-39.685957836173884
68,88,108,16.62315795358603,-6.376842046414026,5.99475828262905,-59.39054470184317
69,89,109,23.32875121169161,-3.6712487883083895,4.898793719600576,-122.41957723956409
70,90,110,27.707142290608942,-3.2928577093910576,2.7608546478803646,-143.05272692699464
71,91,111,20.189590411285167,0.1895904112851099,12.06640386338347,-68.23040553113356
72,92,112,26.99719796269858,-2.0028020373014215,5.739789774083988,-134.06754742005273
73,93,113,50.27161402340471,28.27161402340471,27.02261954215004,-35.07857258533545
74,94,114,45.58646726195735,21.586467261957353,21.077383578510194,-101.37939268202581
75,95,115,57.92920466609593,27.929204666095927,23.080039057337046,-96.50310762051936
76,96,116,62.90911299386755,32.90911299386755,25.597747876717108,-116.0091833918666
77,97,117,52.85024569974473,29.850245699744733,25.677369949753313,-62.16082369271783
78,98,118,57.271123798210056,36.271123798210056,35.826548028754246,-77.73364988018989
79,99,119,61.219892590111385,29.219892590111385,21.775570432301038,-135.69342951369504
80,100,120,68.55088301294239,33.55088301294239,23.403613621627073,-142.62163686844724
81,101,121,57.080817457908836,22.08081745790878,13.319842427713297,-140.3768247610783
82,102,122,85.42835289657017,41.428352896570175,32.06766573816958,-222.73944723713657
83,103,123,83.04679316092006,46.04679316092006,37.67638021829043,-177.80119637444068
84,104,124,81.64129396499783,48.64129396499777,46.17464526143158,-125.95152267465096
85,105,125,62.376378376849914,27.376378376849857,18.26882975637443,-153.31541282798378
86,106,126,84.51329123217056,51.51329123217056,44.78776924636901,-171.40158806607099
87,107,127,111.57994591779254,71.57994591779249,60.67621379399202,-175.49229094816656
88,108,128,96.44673936576362,62.44673936576362,58.25145730130055,-135.74636811096173
89,109,129,75.34228279055134,41.34228279055134,37.41634899374219,-141.57108983632702
90,110,130,73.87395561049823,32.87395561049823,24.244946072160474,-147.25934973056292
91,111,131,66.73207167080795,37.732071670807954,35.42402936407416,-151.11166655550562
92,112,132,47.92201635902131,17.922016359021313,16.155828686350333,-133.3400596425513
93,113,133,47.14792753406772,16.147927534067776,13.883873724619775,-121.71916081216932
94,114,134,54.87564325082786,21.875643250827807,20.69807382946749,-160.34266298520663
95,115,135,44.79551487462459,-0.2044851253754132,-6.551196520491544,-172.90126810120876
96,116,136,45.06376128851139,8.063761288511387,4.198805019521387,-171.75688159774575
97,117,137,41.4327586294649,3.4327586294648427,0.8028041750977764,-129.30987796338673
98,118,138,23.865750467684848,-25.134249532315152,-26.695854291167848,-219.76823884740588
99,119,139,44.56187320033939,3.5618732003393916,0.9942427490952923,-221.6423464542811
100,120,140,47.69198366972387,4.691983669723982,-1.4670222393681343,-215.3030413430954
101,121,141,30.87079854476326,-5.129201455236625,-6.070276455489875,-153.37555844357985
102,122,142,37.0121819308643,-8.987818069135756,-16.98699597883865,-226.74494873608046
103,123,143,37.20628834163455,-1.7937116583655097,-7.000973791189381,-223.78080966344646
104,124,144,37.774972290316384,-2.2250277096836726,-7.237008798724673,-213.08778637690148
105,125,145,43.89165648988063,2.8916564898806882,-5.044205867897176,-184.34198652801024
106,126,146,63.54131880075096,25.5413188007509,17.019613311624425,-200.78683927145198
107,127,147,73.0743318356848,27.074331835684802,14.56969725234228,-218.1907751935746
108,128,148,72.34154979020428,36.341549790204226,26.04298785239189,-173.95500815548667
109,129,149,61.97454810277179,29.97454810277179,21.390820072928136,-138.3783833082565
110,130,150,50.41091761425844,22.410917614258437,15.40213759010203,-116.07726168693682
111,131,151,49.918644762557506,23.918644762557506,19.06474165333134,-94.12188093017221
112,132,152,58.50786024678382,36.82792384347522,36.29140359741973,-54.8226495560134
113,133,153,75.75633796725987,48.447909828164484,45.226777854441025,-58.841080185453734
114,134,154,83.46685019151704,43.46685019151698,31.953812262525048,-155.62958474878315
115,135,155,122.6915807524415,77.6915807524415,60.63350666829888,-204.02575305653897
116,136,156,139.28595245676615,103.28595245676615,87.74553210911131,-178.16262109149534
117,137,157,154.9856571977482,109.9856571977482,89.71089727407815,-180.72653695948793
118,138,158,201.55688366413767,136.18616893790494,104.46679991966965,-291.123605040426
119,139,159,177.60996526009194,114.60996526009194,89.40460246533223,-288.04157487674763
120,140,160,179.5475221121248,116.54752211212485,87.77758808857084,-259.43297562279236
121,141,161,156.6160474950509,100.28104125807465,75.42855554765026,-224.86657810645534
122,142,162,119.68579547866068,67.56592231685534,46.050374386233386,-184.51656126435466
123,143,163,109.85589267127534,67.14868374273902,50.46050463339009,-158.09310335033626
124,144,164,112.69242934696251,70.69242934696251,51.51491955372853,-152.78833723278933
125,145,165,115.4542974816548,71.4542974816548,50.934481824586896,-166.12905771080796
126,146,166,91.77211655827091,53.77211655827091,35.892924131585005,-110.32990194619333
127,147,167,100.51019799656422,54.510197996564216,33.23793418804672,-166.01289050018886
128,148,168,74.76662878003549,36.76662878003549,22.353172256149264,-177.31742900112715
129,149,169,57.678951640530045,27.678951640530045,17.318367162000527,-98.4094017416844
130,150,170,51.4798901761684,33.4798901761684,29.370329978102063,-119.2067679178922
131,151,171,52.23883743269141,30.238837432691412,26.683251690013094,-82.60987207904964
132,152,172,51.54189639497281,30.86195999166432,29.437011521265845,-79.15858461503183
133,153,173,46.85981341040963,24.55138527131419,25.205878342595724,-84.2826666235444
134,154,174,43.72763461457606,19.727634614576004,17.220175644855885,-113.69146037900771
135,155,175,83.85314553788442,52.853145537884416,47.123227546826115,-115.9116712727249
136,156,176,84.10570279325128,56.10570279325128,51.86951149133472,-128.46417700907966
137,157,177,76.05635739430124,47.056357394301244,41.62915277504777,-115.32831539020674
138,158,178,98.59007148813407,58.21935676190134,48.50663795543778,-198.83773502581096
139,159,179,78.90718317353662,33.90718317353662,25.288029826922184,-223.59990596156752
140,160,180,101.67965778452248,46.679657784522476,31.32695649462528,-319.94091187062963
141,161,181,111.86838487852083,55.53337864154457,39.045814963986004,-290.91666221485764
142,162,182,90.66271756182209,36.54284440001675,23.04247754312007,-251.69716109445255
143,163,183,101.13457812318569,47.427369194649316,32.88728156691275,-261.10203101091565
144,164,184,111.3769551948979,61.3769551948979,45.494561703327406,-259.08972653886883
145,165,185,121.33643195411639,62.33643195411639,42.66639041211289,-300.0695434287603
146,166,186,109.37719118163756,53.377191181637556,35.54732164024506,-265.28902021728766
147,167,187,115.78672548401096,45.78672548401096,21.576587740124864,-317.09260115316306
148,168,188,47.698707903817194,10.698707903817194,5.409806065032626,-173.8599663261822
149,169,189,47.2524316203274,6.252431620327457,-4.802593049970142,-196.18906655700948
150,170,190,45.045426716185034,11.045426716184977,3.8220385936064076,-168.78415766192109
151,171,191,43.864909820879575,9.864909820879518,4.854272574162678,-169.13638148164807
152,172,192,39.63342007360825,11.63342007360825,8.436949542531579,-182.4157668572899
153,173,193,40.25558804132112,1.2555880413211185,-6.377689223462653,-165.59652770559865
154,174,194,55.2100569194335,12.210056919433498,2.931888697821705,-211.81534339595646
155,175,195,29.22826306427811,6.22826306427811,7.600564758766268,-145.61241961528503
156,176,196,18.790717306077454,-23.209282693922546,-26.097833743997853,-253.03429505028237
157,177,197,24.546676600398882,-20.453323399601175,-26.221767221127152,-258.16097579495556
158,178,198,47.63130009687586,-1.3686999031240816,-8.072395800043864,-263.8183386576129
159,179,199,51.14489229997645,-14.85510770002361,-32.81160834526645,-324.921787887051
160,180,200,37.79686935774191,-25.203130642257975,-38.893444154930194,-365.7187428770858
161,181,201,39.60714194260896,-20.39285805739098,-30.87179422312272,-352.3753054431088
162,182,202,32.83101064563141,-23.168989354368478,-32.681092729041666,-285.976263714604
163,183,203,37.38782549670469,-22.61217450329525,-32.55649522861563,-322.78698888418546
164,184,204,41.45815428008581,-15.54184571991425,-19.983454080767274,-330.9730612086097
165,185,205,42.17577689198475,-15.824223108015303,-25.985485165962473,-342.7392480049857
166,186,206,37.72758687174536,-14.272413128254698,-21.793051955819806,-269.92595099706136
167,187,207,36.28904408798786,-28.710955912012082,-42.35728092739839,-301.69891676314046
168,188,208,30.352744437873355,-11.647255562126702,-16.999472952836527,-152.41142019519077
169,189,209,31.535222631128647,-5.46477736887141,-11.062601589261249,-177.02534755933743
