Left,Mid,Right,Loss_likeli,Loss_AIC,Loss_BIC,Loss_eBIC
0,20,40,74.5881367040488,54.58813670404879,52.60200654494821,-128.9717120665581
1,21,41,65.22138908600408,44.22138908600408,42.08396638040648,-81.20244631295918
2,22,42,65.3662836881914,36.3662836881914,30.245931888377868,-114.68399136533674
3,23,43,48.75493326505665,29.75493326505665,28.95981642329309,-60.036844624237574
4,24,44,48.743886158450664,30.743886158450664,30.793209043744014,-67.07154566848385
5,25,45,50.762013053985584,29.762013053985584,28.664311119227875,-80.34075000965402
6,26,46,53.79190905469102,22.79190905469102,16.715545752163393,-103.41586096100218
7,27,47,35.804691337256656,12.804691337256656,10.36468353866502,-104.55424968240038
8,28,48,36.358270004995575,14.358270004995575,12.416128343180958,-96.377648394365
9,29,49,33.4512526881972,12.4512526881972,11.006977163159547,-87.77592419518987
10,30,50,39.40708985647154,15.407089856471543,12.893518565524403,-94.54464362611611
11,31,51,36.16176624655742,12.677069494380135,14.610552877570399,-70.23615433550344
12,32,52,21.62667725916043,0.6266772591604308,-0.4710246755972207,-173.04449352527502
13,33,53,12.02234591083203,-9.97765408916797,-10.53350138986275,-155.71315337347528
14,34,54,15.308961354118708,-15.691038645881292,-22.460549128968808,-126.21083390216529
15,35,55,30.431307910192402,-7.568692089807598,-16.783544759494248,-189.46047914627297
16,36,56,27.648334684016902,-5.351665315983041,-11.310476339335253,-144.21705241725385
17,37,57,28.763570374691028,-3.236429625308972,-10.157232654893562,-137.9962607537492
18,38,58,50.060816457507656,2.0608164575076557,-11.424671399063868,-163.08839939813606
19,39,59,56.50877123537089,17.50877123537083,13.301692822004156,-107.73619118692022
20,40,60,53.96603616736172,24.96603616736172,23.85086843730454,-72.87892602452655
21,41,61,54.29399043984631,39.29399043984631,42.223206096590616,-22.67583035367352
22,42,62,73.25292488032528,55.25292488032528,55.995394946178635,-57.96216194370993
23,43,63,89.7657548838477,78.7657548838477,82.30014072658003,10.465886085392071
24,44,64,95.17674165622907,85.17674165622907,90.70864073993152,44.12801447072002
25,45,65,89.9085468946339,76.9085468946339,80.48692123465219,8.353401723972524
26,46,66,91.11781837981789,66.11781837981789,61.875654291472586,-53.8729169494153
27,47,67,91.5405815111921,61.54058151119216,60.73649196097648,-92.00192285965113
28,48,68,105.06246113906349,74.06246113906349,66.94637706569597,-129.8460605110398
29,49,69,103.3748405459279,66.3748405459279,56.69650895533209,-136.0860621110678
30,50,70,109.53051278050572,73.53051278050572,68.80305970001484,-123.10955739200188
31,51,71,109.62629735874498,68.62629735874498,56.59936836820361,-155.97794304463696
32,52,72,110.69140900045863,69.69140900045863,53.61711925430893,-167.7851028826193
33,53,73,107.35543428363638,62.355434283636384,40.7960751196415,-167.98263169369966
34,54,74,93.33755110566841,56.33755110566841,38.862001441716586,-160.25920803924055
35,55,75,77.48924301311837,37.489243013118426,19.30746549343837,-157.6828017371662
36,56,76,76.21607719997144,29.216077199971437,10.50880903074335,-157.92087773497076
37,57,77,79.97866569277585,30.97866569277585,9.69294048964025,-171.62299794537716
38,58,78,103.06644129543025,49.06644129543025,24.622564041757414,-173.93563218063855
39,59,79,82.31866272686926,42.318662726869206,29.29595201000609,-92.23859807650899
40,60,80,85.39183718579488,46.391837185794884,34.800035603240644,-79.23938039272036
41,61,81,76.56366420591019,53.563664205910186,44.88533178227908,-62.09463532759264
42,62,82,83.52281869467004,57.522818694670036,47.35088786070793,-83.07544701017912
43,63,83,92.51704024507609,66.51704024507615,55.998535820834036,-58.00672409374181
44,64,84,100.53188579243579,80.53188579243579,74.50022529304874,-52.129876127320244
45,65,85,87.78457856676289,67.78457856676289,60.946418143742676,-45.00562087659489
46,66,86,65.5399210202545,46.539921020254496,41.1260706692114,-61.63602724617124
47,67,87,65.16482956371772,45.16482956371772,44.487371117352495,-36.93662577142743
48,68,88,62.0390092812346,26.0390092812346,11.234990669782405,-67.17398712571276
49,69,89,57.286529917095436,21.286529917095436,11.423280933858337,-50.208972648291365
50,70,90,49.78526192813018,18.78526192813024,19.896771509604832,-9.892323738654454
51,71,91,51.84125171929372,20.841251719293723,14.877365996958815,-50.67595187255006
52,72,92,62.09173204460649,27.091732044606488,25.762430153920945,-96.43652402267048
53,73,93,58.068144420645126,29.139884510937804,30.825366835212776,-86.01912201793675
54,74,94,51.16470639275889,27.16470639275883,24.720752114850598,-104.40991210991592
55,75,95,36.571925466833704,13.571925466833704,8.425153317161403,-97.4552564455687
56,76,96,42.50013484688395,13.500134846883952,8.785426522151056,-88.69960299125967
57,77,97,38.62825789004364,7.628257890043642,2.7564022680372773,-70.70061498393909
58,78,98,48.27507029613997,26.275070296139972,21.37785509914113,-18.571852370515444
59,79,99,55.66708395120315,29.667083951203153,21.921168249200775,-109.62239211683391
60,80,100,54.600118775845885,22.600118775845885,15.03337352545384,-83.91420839144814
61,81,101,58.365993472056175,27.365993472056175,17.130747086168867,-101.44868238964341
62,82,102,46.26207297710141,12.262072977101354,1.9195225420029374,-100.4967996115389
63,83,103,66.84900823862802,18.84900823862796,2.2294790692117203,-154.69028224988506
64,84,104,58.4165219793249,20.416521979324898,9.12222776795852,-122.40455049337083
65,85,105,65.44886161316617,26.448861613166173,14.656701265022775,-162.44378835515408
66,86,106,69.29683249000402,28.29683249000402,17.934955000266427,-196.25347408647485
67,87,107,88.93648593963644,45.93648593963644,32.49943463466502,-170.89673366707018
68,88,108,87.45791146583622,36.45791146583622,18.344783886088862,-205.00304050239686
69,89,109,88.68243882228927,37.68243882228927,23.677879622012824,-193.69898327800195
70,90,110,89.10099372614354,38.10099372614354,24.030645305036728,-231.33171092050043
71,91,111,87.69186346589066,44.69186346589066,29.52194420951929,-173.37470140000028
72,92,112,107.41512315865668,62.41512315865663,50.382643677374176,-156.02724130278443
73,93,113,89.01377958056577,54.0855196708585,49.818586590651535,-128.11128787116877
74,94,114,93.3021187160864,54.3021187160864,41.6175836642833,-151.49292481614532
75,95,115,75.11331523896666,43.11331523896666,33.13917426802146,-162.50347879358947
76,96,116,45.730353011095815,17.730353011095815,11.320649477698566,-126.34299190578861
77,97,117,31.59104908375764,4.591049083757639,2.2722472654560306,-88.54609372491655
78,98,118,29.702571898003953,2.702571898003953,-0.5250908995201371,-79.22196928287701
79,99,119,25.757247177409,2.757247177408999,1.0103865593772525,-125.44726070615002
80,100,120,35.379991805994905,9.379991805994905,5.0998120067923765,-94.4981078210559
81,101,121,22.533494786175027,-3.4665052138249166,-2.108954485250024,-122.34281733617252
82,102,122,31.00127156323117,5.001271563231171,2.107386125148537,-115.40897621700992
83,103,123,48.10618314094148,16.10618314094137,10.57167447247673,-151.21422402628582
84,104,124,57.49243382473725,22.492433824737248,12.691738023701873,-110.26616644027376
85,105,125,60.057877972187384,21.057877972187327,9.958864804603877,-147.64198991312537
86,106,126,70.65169513570004,27.651695135700038,15.947511782128572,-213.6743623137013
87,107,127,53.62067097470987,13.62067097470981,6.912402827610208,-180.79163318862993
88,108,128,57.73285480867264,13.732854808672641,4.649967630843889,-230.33229185391633
89,109,129,70.0862064481484,25.08620644814846,17.8707899104719,-231.9094577906152
90,110,130,65.43029855813597,23.430298558135974,17.076011605260987,-280.63013495580117
91,111,131,60.53275756140198,19.532757561402036,12.290042384184062,-191.3972165816241
92,112,132,78.45886851263651,42.45886851263651,34.586321706783906,-184.14462129348135
93,113,133,96.05558308359122,57.05558308359127,47.342864277127546,-155.87704292852902
94,114,134,111.01561965434945,54.01561965434951,39.23910996228926,-236.04272793907398
95,115,135,89.8513825122929,38.851382512292844,27.544566169876816,-231.35131800713611
96,116,136,78.91353923607215,31.913539236072154,19.604185696512445,-210.2907990553391
97,117,137,49.80942372856259,5.809423728562706,-4.107615367372091,-226.36599941143982
98,118,138,41.85258030832995,0.8525803083299479,-7.776429230007807,-161.3680213047328
99,119,139,44.54225208590361,11.542252085903556,5.50987728066184,-93.91240190044039
100,120,140,57.08704776306536,26.087047763065414,20.703831641097736,-112.83938448088998
101,121,141,41.519940442726806,12.519940442726806,12.037319170690807,-84.11776811444292
102,122,142,48.33596624622203,25.33596624622203,25.66854716987018,-121.9307797265169
103,123,143,57.5828038896874,37.58280388968734,38.0226888625466,-131.96306151394924
104,124,144,65.5847113428863,35.584711342886294,28.966493406295854,-129.01538939280158
105,125,145,67.78899094544357,29.788990945443516,20.227564685476978,-181.90237853147994
106,126,146,63.93894308971727,35.93894308971733,31.356178197520762,-139.24396290460072
107,127,147,49.94256256332625,24.94256256332619,22.92969774564176,-57.845106561904004
108,128,148,58.043852888857316,27.043852888857373,22.662706228650904,-113.54845720773244
109,129,149,54.12203215061015,29.122032150610153,28.904430598510316,-83.0264547941041
110,130,150,52.885606521614136,29.885606521614136,31.332501027935677,-85.31935015960573
111,131,151,60.974634527181934,30.164525121080942,28.720249596043345,-95.45006120829146
112,132,152,68.67560819171644,34.625120645224,31.83853925635242,-116.51267413962842
113,133,153,86.40263207792236,56.40263207792236,49.78474757807999,-103.02494932013735
114,134,154,124.65346199601953,79.65346199601953,68.42533081332363,-147.23139715332286
115,135,155,115.28220198331485,60.28220198331485,47.41764425477322,-189.96806909122483
116,136,156,122.65974017122062,66.6597401712205,51.59412475635554,-204.35111442044683
117,137,157,118.36482287893182,69.36482287893182,48.71792164433532,-193.9856787406053
118,138,158,97.51195596044181,54.51195596044181,37.6091687526706,-135.0956441451749
119,139,159,97.37378397634359,58.37378397634359,42.422740544840394,-125.36379109234088
120,140,160,101.59809134599209,55.56940295061486,39.12049338233476,-163.82144246957785
121,141,161,96.58836400030737,52.58836400030742,33.10826911407946,-172.6773809117501
122,142,162,110.36632146267902,61.36632146267908,39.39689589256602,-220.77557407337213
123,143,163,105.76786917609866,54.78590218925996,35.95496598630598,-216.74327842882178
124,144,164,99.02887977928822,49.02887977928822,29.897352482846372,-196.40176914759024
125,145,165,88.38496240493703,43.38496240493703,25.34858572806138,-192.43489201015643
126,146,166,87.16192878894276,46.16192878894276,28.868579493605694,-195.70021763219904
127,147,167,74.83080725490515,43.83080725490515,31.169545737058,-102.23787794789905
128,148,168,66.83472049533339,34.834720495333386,22.677662302470594,-84.0390984576627
129,149,169,55.28549758212603,25.285497582126027,14.953946359981728,-52.11001553230017
130,150,170,52.43562170036341,20.435621700363413,12.89626430205226,-89.15946320867602
131,151,171,43.37428144444965,14.564172038348715,9.610172113225417,-79.17064357267782
132,152,172,31.371332734147813,3.3208451876553227,4.460312016761804,-77.61628833180839
133,153,173,26.38919715671409,3.38919715671409,1.8169615603637794,-77.18240531945787
134,154,174,30.84817642928283,13.84817642928283,12.130968095231594,-34.99698870712166
135,155,175,29.413056434340717,9.41305643434066,8.553796616782563,-50.410666594328404
136,156,176,31.076930956792296,8.076930956792296,4.242294201368452,-48.750467800814704
137,157,177,28.63524512172728,11.63524512172728,6.666478166551769,-40.39431955757425
138,158,178,26.5356355474986,14.5356355474986,12.026977808974323,-54.37623738730508
139,159,179,23.843897161451082,10.843897161451082,7.837373286149841,-34.179666273250405
140,160,180,22.58745502045099,6.558766625073702,5.045841160103464,-52.595387361835606
141,161,181,32.8535119371349,17.853511937134897,14.197829378559675,-54.52261686792292
142,162,182,34.91967077057603,16.919670770576033,11.423816211389806,-54.98007035116996
143,163,183,38.95193638922143,16.05592724057709,15.885307639440839,-49.76722031898737
144,164,184,29.747036859019545,3.747036859019545,0.7470673429835415,-59.3043557143302
145,165,185,31.069696375037893,23.069696375037893,27.161164908863213,-33.63558786672661
146,166,186,38.30779015543021,21.30779015543021,23.491841860194654,-38.93289544290815
147,167,187,42.73583296898448,27.735832968984482,25.830732597298265,-29.169044919483554
148,168,188,52.20549879672774,28.20549879672774,23.188183319679354,-69.9749506615201
149,169,189,45.81405717007357,20.814057170073568,16.80946912333144,-92.14238632802153
150,170,190,28.19456787056481,9.19456787056481,6.666583077401356,-48.19541925611793
151,171,191,37.718282348710034,14.718282348709977,13.777664468603916,-58.39225166280835
152,172,192,47.92801608276602,2.9280160827659074,-4.520261211593947,-189.56521196404242
153,173,193,48.940589039814654,0.9405890398147676,-9.612897509908862,-196.3021390639093
154,174,194,57.88661309506779,19.886613095067787,19.06057314298505,-101.11434520745661
155,175,195,68.89113714503486,22.89113714503486,16.61706910934322,-184.98452604280476
156,176,196,83.49955205224035,36.49955205224035,24.19019851268058,-231.80469152985938
157,177,197,74.29623555179222,33.29623555179222,26.400093964854364,-210.40210317838705
158,178,198,72.32346387415117,36.323463874151116,32.95637374193825,-199.2888939128478
159,179,199,66.26721269672731,24.26721269672737,19.99236728553217,-224.18835255080853
160,180,200,68.19509355577213,26.195093555772132,21.573674554296986,-230.5650579120578
161,181,201,66.58342981617619,27.583429816176192,23.76246204447216,-204.80074906260245
162,182,202,55.73790002670506,16.737900026705006,14.303226616120924,-154.93976355166342
163,183,203,65.39553490507501,24.481492743269314,23.69171028951314,-226.07224186082237
164,184,204,30.148521927272384,-7.851478072727559,-8.378103571016595,-147.64127645801193
165,185,205,45.030431938329855,14.030431938329798,15.473176278834217,-143.45402844313037
166,186,206,26.590955782490482,5.590955782490482,15.487603467986219,-76.98311032475715
167,187,207,20.043566827329187,0.043566827329300395,5.3531962995972435,-51.487066044972835
168,188,208,38.493561204666264,7.493561204666321,5.576080985498493,-126.40396283507164
169,189,209,38.72537121229357,6.725371212293567,6.513765603991942,-129.81737357481234
