Left,Mid,Right,Loss,Loss_left,Loss_right,gain,glasso
0,20,40,1346.2356520706116,978.9307278495112,999.5823989433429,-632.2774747222425,8.111772345915824
1,21,41,1346.5009995526707,982.656570304151,994.5681073327585,-630.7236780842388,11.365058747760031
2,22,42,1346.9300853169912,979.5856239825611,994.4785001963573,-627.1340388619274,12.262296490049152
3,23,43,1343.9855966267924,978.6880261561134,997.1844619601494,-631.8868914894706,7.306787418574004
4,24,44,1338.7960965589086,964.8219120672812,997.9597107661357,-623.9855262745082,8.88354949247423
5,25,45,1342.817625556117,983.8972661322418,990.9630570226036,-632.0426975987284,5.557370700023853
6,26,46,1344.6578313497175,984.0336128890146,988.674344081724,-628.0501256210212,8.2578508402446
7,27,47,1347.0016438347707,985.7260031850254,989.4645310107544,-628.1888903610093,8.499925097182881
8,28,48,1344.227260179291,984.6868143890033,988.1351240013264,-628.5946782110386,8.151886655917679
9,29,49,1348.2208760931408,985.0557220272506,989.3422488743232,-626.1770948084331,9.607806710841942
10,30,50,1353.6805045386945,986.5731119128136,995.3790470183499,-628.2716543924689,11.116893951821908
11,31,51,1358.2154155051794,988.0668784013142,999.9642587395581,-629.8157216356929,10.353391800775626
12,32,52,1361.7807976209237,992.1409118575526,1000.1326372835223,-630.4927515201512,11.853357705594817
13,33,53,1357.7904038467486,994.6467923215971,984.2663834330826,-621.1227719079311,14.963948647290636
14,34,54,1357.1324009755956,990.9368148003946,989.631587607784,-623.436001432583,12.692202645353518
15,35,55,1361.5029707260728,996.060441810705,993.5671929443748,-628.1246640290069,11.959120474528277
16,36,56,1369.1714400054534,998.9376344552011,1005.6326723725878,-635.3988668223355,9.232170391603745
17,37,57,1373.220633779439,999.8883441922494,1007.2109737478295,-633.87868416064,11.848325285187002
18,38,58,1374.1764156809213,999.8887008126912,1007.6423465512064,-633.3546316829763,11.522553836649195
19,39,59,1374.8002360958617,999.59975389954,1006.8030019883296,-631.602519792008,12.358189407554391
20,40,60,1378.211031349196,999.5823989433429,1011.9431025293926,-633.3144701235394,10.736894237712818
21,41,61,1379.855533470066,994.5681073327585,1015.2974530866434,-630.010026949336,13.757452346438185
22,42,62,1384.1522841360438,994.4785001963573,1019.8923548708699,-630.2185709311834,13.319714711390475
23,43,63,1383.7960804053823,997.1844619601494,1015.4973789058494,-628.8857604606164,15.69034161795571
24,44,64,1389.3514178456576,997.9597107661357,1018.137003369986,-626.745296290464,17.98625347717507
25,45,65,1386.6934965390387,990.9630570226036,1020.1402232937976,-624.4097837773625,14.781159946343337
26,46,66,1384.729650191735,988.674344081724,1021.9934124148704,-625.9381063048595,12.564335933488678
27,47,67,1390.3645095768736,989.4645310107544,1023.9228209986338,-623.0228424325146,11.540710682013241
28,48,68,1400.0630597192921,988.1351240013264,1032.0197245408892,-620.0917888229235,14.877106522834765
29,49,69,1417.074397041696,989.3422488743232,1041.5685125226978,-613.8363643553248,15.898575952601618
30,50,70,1419.2827269262925,995.3790470183499,1039.133746266179,-615.2300663582364,17.78577153997935
31,51,71,1416.818144682561,999.9642587395581,1029.6833389211256,-612.8294529781226,19.739295581684132
32,52,72,1411.934455164419,1000.1326372835223,1026.2899640175397,-614.4881461366431,17.424135078465042
33,53,73,1412.403029061971,984.2663834330826,1031.9120535589022,-603.7754079300139,20.501002035574857
34,54,74,1411.3008195716448,989.631587607784,1022.1859671696382,-600.5167352057774,20.166136315558447
35,55,75,1415.0604185348557,993.5671929443748,1022.4523032171478,-600.9590776266668,15.614661544309342
36,56,76,1413.7834585318997,1005.6326723725878,1012.9767381830137,-604.8259520237018,12.92455334865781
37,57,77,1411.2131325389482,1007.2109737478295,1006.1750528091245,-602.1728940180058,12.23249896923926
38,58,78,1416.3557998273418,1007.6423465512064,1005.9760370119286,-597.2625837357932,14.187974515936162
39,59,79,1417.1262154236929,1006.8030019883296,1004.8099704949162,-594.4867570595529,14.32238752435751
40,60,80,1423.6682477846493,1011.9431025293926,1002.0802539350607,-590.3551086798038,14.910173642864265
41,61,81,1423.2155631063445,1015.2974530866434,996.565969701738,-588.6478596820368,16.439601566442434
42,62,82,1424.6684167181334,1019.8923548708699,998.9974924787401,-594.2214306314768,14.8242812105741
43,63,83,1415.817908062049,1015.4973789058494,1003.8421107383514,-603.5215815821518,12.993597139076769
44,64,84,1404.680940535138,1018.137003369986,1001.58002033707,-615.0360831719179,10.68819520983459
45,65,85,1401.3069996855,1020.1402232937976,994.5483322591415,-613.3815558674391,12.328459127492806
46,66,86,1402.8644961086216,1021.9934124148704,995.9089340201555,-615.0378503264042,13.134511891071611
47,67,87,1399.8936496398715,1023.9228209986338,992.688926201237,-616.7180975599995,12.596651344066004
48,68,88,1397.5372316561659,1032.0197245408892,975.5326634736163,-610.0151563583397,17.223195210176527
49,69,89,1393.5500649772139,1041.5685125226978,966.0913451284484,-614.1097926739324,13.708960165284452
50,70,90,1400.7848436603285,1039.133746266179,989.0693252967594,-627.4182279026099,9.75872379027794
51,71,91,1392.0165907954167,1029.6833389211256,987.0378220944621,-624.704570220171,10.196556568786264
52,72,92,1384.2952524047905,1026.2899640175397,985.0935892563961,-627.0883008691453,10.729161054131055
53,73,93,1383.6437382205686,1031.9120535589022,982.2265651808508,-630.4948805191843,9.200811856852397
54,74,94,1388.602637820656,1022.1859671696382,995.0699061151242,-628.6532354641065,10.017455072856478
55,75,95,1378.2842942394172,1022.4523032171478,989.6584375555917,-633.8264465333223,6.2728411590424
56,76,96,1365.3466600620905,1012.9767381830137,993.9407751551781,-641.5708532761014,5.569820512921183
57,77,97,1355.5299851203936,1006.1750528091245,996.0722095109426,-646.7172771996734,3.13893720597639
58,78,98,1351.3755935611548,1005.9760370119286,991.4813066563479,-646.0817501071217,4.098896775199478
59,79,99,1349.5675634318814,1004.8099704949162,984.5786910726065,-639.8210981356415,4.269201947629654
60,80,100,1344.1610902489788,1002.0802539350607,978.9225379435312,-636.841701629613,7.644589836501154
61,81,101,1344.787158899523,996.565969701738,983.465608516865,-635.24441931908,7.669010236856025
62,82,102,1344.034488707544,998.9974924787401,985.003454416549,-639.966458187745,5.738010406485273
63,83,103,1344.9936143914485,1003.8421107383514,983.3186660763133,-642.167162423216,5.781285468281908
64,84,104,1347.5405948169055,1001.58002033707,991.1302000568979,-645.1696255770626,3.8889244414847326
65,85,105,1343.5222863702243,994.5483322591415,992.1344033737589,-643.1604492626761,3.2625995066537143
66,86,106,1341.8899489273294,995.9089340201555,986.8690320660728,-640.888017158899,4.726149618409295
67,87,107,1341.273214687521,992.688926201237,986.2106590988592,-637.6263706125751,6.12914608455776
68,88,108,1336.1265716695807,975.5326634736163,989.0251969347153,-628.4312887387509,9.087168092025308
69,89,109,1329.5924398666305,966.0913451284484,990.3428543567884,-626.8417596186064,9.18854101101465
70,90,110,1327.7125907092025,989.0693252967594,974.9315071532709,-636.288241740828,3.389805135787583
71,91,111,1325.034160994126,987.0378220944621,975.2212222265647,-637.2248833269007,2.207195970874409
72,92,112,1330.1838914955645,985.0935892563961,981.8087361367297,-636.7184338975615,3.5983505385933086
73,93,113,1330.3214845327557,982.2265651808508,984.1068200543101,-636.0119007024052,3.189493444404775
74,94,114,1335.2963642508666,995.0699061151242,977.5000581104638,-637.2735999747215,3.6281709650720586
75,95,115,1335.0873182702476,989.6584375555917,977.9366478768725,-632.5077671622166,3.1153189369825895
76,96,116,1336.1452421464137,993.9407751551781,974.367237106173,-632.1627701149373,6.249171286693354
77,97,117,1336.637961135772,996.0722095109426,972.0947050440666,-631.528953419237,6.874045517794116
78,98,118,1333.365848520874,991.4813066563479,969.7487626920301,-627.8642208275041,8.500047108947797
79,99,119,1327.7918680085108,984.5786910726065,967.0229840640861,-623.8098071281818,7.544436286001655
80,100,120,1327.1767842528186,978.9225379435312,969.9496631219744,-621.695416812687,8.929350603225771
81,101,121,1334.0483555536482,983.465608516865,980.7252115646897,-630.1424645279064,10.126574989914047
82,102,122,1336.3301708981362,985.003454416549,983.6013341355685,-632.2746176539813,9.143192784876646
83,103,123,1339.2225725961068,983.3186660763133,991.20509207903,-635.3011855592365,10.182311493887482
84,104,124,1340.996024525109,991.1302000568979,980.2133306964918,-630.3475062282805,11.057220400114716
85,105,125,1339.3515192661757,992.1344033737589,978.0206267454437,-630.8035108530269,10.03149877205135
86,106,126,1338.6335636711406,986.8690320660728,980.8186161890742,-629.0540845840064,11.45195659985825
87,107,127,1345.7660379480467,986.2106590988592,989.6266055265141,-630.0712266773266,13.035965644943758
88,108,128,1350.0228377077399,989.0251969347153,989.7978621784365,-628.800221405412,14.534762659352964
89,109,129,1350.577922107378,990.3428543567884,986.6480771179938,-626.4130093674041,15.907100264654446
90,110,130,1331.8041224067165,974.9315071532709,987.892434813235,-631.0198195597895,6.781021777771343
91,111,131,1338.3177221843234,975.2212222265647,994.0389620457967,-630.9424620880379,6.9804481837053345
92,112,132,1346.494579116019,981.8087361367297,1001.4031000253783,-636.7172570460891,6.012107256890658
93,113,133,1354.4781599874973,984.1068200543101,1007.9258356148875,-637.5544956817002,6.181139373653423
94,114,134,1347.9293422167352,977.5000581104638,1004.0025881467906,-633.5733040405191,7.400385357855839
95,115,135,1353.1463432132548,977.9366478768725,1004.9949224900911,-629.7852271537088,8.236742408244595
96,116,136,1353.8835390792833,974.367237106173,1011.9278513315737,-632.4115493584634,7.413339358247299
97,117,137,1358.7311430556333,972.0947050440666,1018.6788906697775,-632.0424526582108,9.767092380050826
98,118,138,1359.3847429029834,969.7487626920301,1019.9784164083201,-630.3424361973669,9.987749391562147
99,119,139,1363.2364888893871,967.0229840640861,1020.9203541664233,-624.7068493411223,10.86584896605575
100,120,140,1362.5975707647146,969.9496631219744,1020.5735062248452,-627.9255985821048,6.847791329527126
101,121,141,1365.633877189167,980.7252115646897,1019.8896621145179,-634.9809964900408,7.218164995268012
102,122,142,1370.5417572940778,983.6013341355685,1020.2842633572053,-633.343840198696,8.033389380718745
103,123,143,1373.8007180297268,991.20509207903,1013.0180214785164,-630.4223955278196,12.245563342503715
104,124,144,1377.6408010351133,980.2133306964918,1021.597021345643,-624.1695510070215,15.926740408264322
105,125,145,1383.014457341891,978.0206267454437,1028.2332179717125,-623.2393873752651,14.74477437467067
106,126,146,1379.956793423783,980.8186161890742,1024.93877793036,-625.8006006956512,14.652785875137624
107,127,147,1381.7492316012917,989.6266055265141,1016.154869618781,-624.0322435440034,15.531904935221974
108,128,148,1388.6604669540807,989.7978621784365,1016.8543409672556,-617.9917361916114,18.558513179406873
109,129,149,1390.212297460564,986.6480771179938,1019.1066586375546,-615.5424382949843,17.280915067513092
110,130,150,1399.4711140259456,987.892434813235,1021.6486214017614,-610.0699421890508,19.019126334259454
111,131,151,1402.465705514343,994.0389620457967,1006.7570007749592,-598.3302573064129,22.29625842326641
112,132,152,1400.0878317713434,1001.4031000253783,998.9615054147184,-600.2767736687533,20.867755151260326
113,133,153,1401.255529053077,1007.9258356148875,989.0940286505282,-595.7643352123389,19.665661359149453
114,134,154,1400.8050107014492,1004.0025881467906,990.8930317566778,-594.0906092020191,19.879072196213315
115,135,155,1401.0008764163163,1004.9949224900911,980.0275156505512,-584.0215617243261,25.872993135859247
116,136,156,1408.2170180404219,1011.9278513315737,988.6307956891227,-592.3416289802744,23.44849378121603
117,137,157,1425.586885549494,1018.6788906697775,997.8572993124574,-590.949304432741,21.244755840577
118,138,158,1425.8474609709415,1019.9784164083201,992.4581814080902,-586.5891368454688,22.254907153835916
119,139,159,1419.8109833678886,1020.9203541664233,984.0650646817803,-585.174435480315,20.419479008706958
120,140,160,1418.1405683650214,1020.5735062248452,983.4888624061637,-585.9218002659875,19.440192848488323
121,141,161,1413.322498519228,1019.8896621145179,986.7867579410427,-593.3539215363326,15.560405333901713
122,142,162,1414.7013299112468,1020.2842633572053,985.8362318252109,-591.4191652711693,16.50589775057631
123,143,163,1407.0887062249585,1013.0180214785164,987.3854573026497,-593.3147725562076,13.107496140254852
124,144,164,1416.82080631554,1021.597021345643,989.6538167834435,-594.4300318135465,14.692524320596362
125,145,165,1425.767042480456,1028.2332179717125,1003.9725307257177,-606.4387062169742,13.672914378248834
126,146,166,1429.624325146337,1024.93877793036,1006.5469389870736,-601.8613917710966,13.874445038658678
127,147,167,1413.1139768038372,1016.154869618781,1008.7760780498196,-611.8169708647636,10.19911545199534
128,148,168,1412.4754943695011,1016.8543409672556,1007.6514393856734,-612.0302859834278,11.699259397337187
129,149,169,1415.3382364442102,1019.1066586375546,1010.4566033223621,-614.2250255157064,12.14823759196156
130,150,170,1413.4415121219613,1021.6486214017614,1009.8896700988557,-618.0967793786558,11.176618107371837
131,151,171,1408.1102205041816,1006.7570007749592,1011.2089660768298,-609.8557463476075,11.541729026145504
132,152,172,1402.8203325401432,998.9615054147184,1013.6339845783907,-609.7751574529659,14.146971933044256
133,153,173,1395.401299738074,989.0940286505282,1013.1789031602801,-606.8716320727344,13.912604290703712
134,154,174,1396.2891357606848,990.8930317566778,1014.98588873019,-609.5897847261831,12.064472751458993
135,155,175,1387.2125184835254,980.0275156505512,1012.0050276511339,-604.8200248181597,18.36766797412713
136,156,176,1378.470195322286,988.6307956891227,1009.068470667778,-619.2290710346149,15.672620455445212
137,157,177,1378.7775992250304,997.8572993124574,1006.5095505082895,-625.5892505957165,10.480701524016354
138,158,178,1370.9228542876904,992.4581814080902,1004.4164580517531,-625.951785172153,10.74430933170379
139,159,179,1361.8391880984227,984.0650646817803,1005.8624088923875,-628.0882854757451,10.041531695330377
140,160,180,1359.771329621894,983.4888624061637,1003.8422546771101,-627.5597874613798,10.238696013775893
141,161,181,1364.88588418686,986.7867579410427,1002.1376695872652,-624.0385433414478,10.691038690953292
142,162,182,1364.680732945264,985.8362318252109,1003.4630930037869,-624.6185918837336,13.047038904137253
143,163,183,1368.4822910546372,987.3854573026497,1004.8293097744405,-623.7324760224528,14.060840265547768
144,164,184,1366.9953807332254,989.6538167834435,1000.0590288490641,-622.7174648992823,12.141915720707175
145,165,185,1361.3638862034254,1003.9725307257177,994.7182993233218,-637.3269438456141,5.565854807219125
146,166,186,1367.3133230989267,1006.5469389870736,997.390895586868,-636.624511475015,5.855739694077897
147,167,187,1372.6378197740696,1008.7760780498196,997.2803929597912,-633.4186512355413,7.097511227829614
148,168,188,1367.4976218849415,1007.6514393856734,995.3363873673999,-635.4902048681317,5.264502844369758
149,169,189,1368.4243552840728,1010.4566033223621,995.9495986183247,-637.9818466566139,5.872415423295365
150,170,190,1369.0946647453377,1009.8896700988557,989.5736991365391,-630.3687044900571,11.624227305998488
151,171,191,1369.1905714219183,1011.2089660768298,989.4864450290117,-631.5048396839234,10.656632290225275
152,172,192,1370.8491343456894,1013.6339845783907,984.1155910900756,-626.9004413227767,11.650191824914373
153,173,193,1369.4415290770526,1013.1789031602801,983.935282639893,-627.6726567231206,12.069935615203235
154,174,194,1374.8456016996925,1014.98588873019,994.7670143023604,-634.907301332858,11.062774899609735
155,175,195,1374.741621493532,1012.0050276511339,998.2918241011153,-635.5552302587171,11.744529943911402
156,176,196,1368.5093797354193,1009.068470667778,992.3603123099148,-632.9194032422733,14.70005194382702
157,177,197,1362.5616601202173,1006.5095505082895,989.5733209089115,-633.5212112969837,12.756302165868647
158,178,198,1364.8699791366057,1004.4164580517531,990.3073212669769,-629.8538001821244,13.99868668654426
159,179,199,1374.4162467673855,1005.8624088923875,1002.2600147938664,-633.7061769188686,11.721261961306254
160,180,200,1371.8091583220837,1003.8422546771101,1001.4595170677978,-633.4926134228242,10.259310808610508
161,181,201,1370.2075169368613,1002.1376695872652,1001.3487321858877,-633.2788848362916,10.165511117406368
162,182,202,1369.0510404556203,1003.4630930037869,994.6026443724088,-629.0146969205753,12.516788602974316
163,183,203,1373.463461572466,1004.8293097744405,1002.6641932733277,-634.0300414753021,12.232255517750446
164,184,204,1368.9852508360198,1000.0590288490641,1000.1689693414011,-631.2427473544456,11.949849692120438
165,185,205,1365.2194306984236,994.7182993233218,1001.4333766232496,-630.9322452481479,10.139418881684492
166,186,206,1368.9688739494195,997.390895586868,998.434081687276,-626.8561033247247,14.279822481728047
167,187,207,1371.3550851006535,997.2803929597912,1000.4133203660865,-626.3386282252243,13.473305140871616
168,188,208,1369.2116813318405,995.3363873673999,999.9205644492317,-626.045270484791,11.145237094043637
169,189,209,1364.5615758793288,995.9495986183247,996.7985750599586,-628.1865977989546,7.587935687609843
