Left,Mid,Right,Loss,Loss_left,Loss_right,gain,glasso
0,20,40,1340.2011158008356,998.7479365059307,969.7664750773006,-628.3132957823957,5.521593831345399
1,21,41,1340.116208460805,998.0571991418716,969.6164668373588,-627.5574575184255,5.889303354967183
2,22,42,1330.5614663693527,988.588933125669,966.4638813085388,-624.4913480648552,1.3928307388983967
3,23,43,1330.6140136567956,987.6855546913072,967.3700482457153,-624.4415892802269,2.703699408972966
4,24,44,1332.845761468571,985.5654180770864,978.0508631042492,-630.7705197127646,4.091529721269239
5,25,45,1330.2009755072718,989.1409219672412,974.2234611622428,-633.1634076222122,3.3835881696360275
6,26,46,1340.599037485028,991.0997724234006,986.4141565460465,-636.9148914844191,5.211129713070477
7,27,47,1341.0233685382343,992.1244896736403,987.4262680862705,-638.5273892216765,5.5301134995199845
8,28,48,1341.0271610448792,989.9169210400534,989.3997858877249,-638.2895458828991,6.545902125285238
9,29,49,1342.9779958164322,991.8890318585195,986.8891666983038,-635.8002027403911,4.157301991864415
10,30,50,1340.5210614384628,988.585850277889,986.4064468420603,-634.4712356814866,5.364185461413399
11,31,51,1340.6412876124828,987.8498501741632,985.2679514154073,-632.4765139770877,5.993414251158697
12,32,52,1322.613037623945,969.3670896738722,986.3922404281202,-633.1462924780474,-0.11562830689854309
13,33,53,1331.5355114777726,968.529395897322,992.5642647713614,-629.5581491909109,1.9353461260985796
14,34,54,1316.6281799859498,944.4767714243997,992.1502499675062,-619.998841405956,5.98431267065564
15,35,55,1312.6493188803393,966.1611332983656,974.8181771436821,-628.3299915617085,5.444792091758018
16,36,56,1331.20564936275,965.7123791257281,992.1657723061433,-626.6725020691215,10.57424513713977
17,37,57,1343.0181318836803,962.6016670827946,1003.1321001374521,-622.7156353365663,12.580880245055369
18,38,58,1347.198802018845,970.7867820754002,1001.3333014682681,-624.9212815248234,11.684023652892279
19,39,59,1352.8057152228569,969.0283436190567,1004.0602360517765,-620.2828644479764,13.456711142991026
20,40,60,1356.8097983296616,969.7664750773006,1008.4767347068674,-621.4334114545063,14.42659548544566
21,41,61,1364.9527194093207,969.6164668373588,1015.2547000473944,-619.9184474754325,14.43710661383227
22,42,62,1365.6201127217169,966.4638813085388,1017.8717786086402,-618.715547195462,11.665383923690683
23,43,63,1373.2142263409582,967.3700482457153,1024.038934158986,-618.1947560637432,12.523508425402497
24,44,64,1376.4978925559715,978.0508631042492,1025.0279808984037,-626.5809514466814,12.216960213530683
25,45,65,1380.0529550676683,974.2234611622428,1029.480455021759,-623.6509611163335,12.3099810890983
26,46,66,1387.292487190124,986.4141565460465,1030.572973869028,-629.6946432249504,8.267460808083456
27,47,67,1389.500908967646,987.4262680862705,1030.8558182082852,-628.7811773269098,10.62789868649645
28,48,68,1395.0993221361778,989.3997858877249,1037.6458227915507,-631.9462865430978,10.58827723529555
29,49,69,1391.8512915849888,986.8891666983038,1036.62892353676,-631.6667986500752,8.810833103112941
30,50,70,1407.509380869641,986.4064468420603,1049.9723356681307,-628.8694016405498,10.286034974499103
31,51,71,1419.032228430286,985.2679514154073,1052.2011491786097,-618.4368721637311,11.886334716467445
32,52,72,1418.8108294499443,986.3922404281202,1047.8780184348295,-615.4594294130054,13.165839755425395
33,53,73,1421.1276598734185,992.5642647713614,1044.0312513839344,-615.4678562818774,12.543889690722835
34,54,74,1416.52302291412,992.1502499675062,1043.3570766953144,-618.9843037487005,13.220005793445011
35,55,75,1413.7088988425685,974.8181771436821,1048.680601515017,-609.7898798161307,14.753212778938178
36,56,76,1419.723041743102,992.1657723061433,1033.8317552730339,-606.2744858360752,18.742810277412218
37,57,77,1432.6070044549967,1003.1321001374521,1031.6252657728664,-602.1503614553219,15.983520471453403
38,58,78,1430.5749728361568,1001.3333014682681,1029.670833402127,-600.4291620342385,14.5386078338189
39,59,79,1431.0329362421262,1004.0602360517765,1016.9171748668354,-589.9444746764857,19.417112396519087
40,60,80,1431.8386150626702,1008.4767347068674,1005.2241664545246,-581.8622860987218,22.945254946471664
41,61,81,1432.7036180012947,1015.2547000473944,999.3597783125156,-581.9108603586153,20.214369559809597
42,62,82,1432.457762788778,1017.8717786086402,1000.2280485016639,-585.642064321526,20.056505320100086
43,63,83,1433.3703733515838,1024.038934158986,992.8417907299242,-583.5103515373264,20.268791967846028
44,64,84,1431.7114750143032,1025.0279808984037,996.3372980620701,-589.6538039461707,21.159885360911517
45,65,85,1432.3814925258669,1029.480455021759,997.3554274025153,-594.4543898984075,20.107396429786945
46,66,86,1420.3019538760977,1030.572973869028,987.7770105928912,-598.0480305858214,17.960966807842397
47,67,87,1419.6166565064595,1030.8558182082852,987.6425875077849,-598.8817492096105,20.193179387701548
48,68,88,1422.4933901590794,1037.6458227915507,989.1124040280102,-604.2648366604817,18.133194656070373
49,69,89,1419.8643585202244,1036.62892353676,987.2325811371265,-603.9971461536622,17.603954238614733
50,70,90,1420.842527977352,1049.9723356681307,971.7948830311004,-600.9246907218792,19.68265499191
51,71,91,1419.3463604013127,1052.2011491786097,957.4697643888242,-590.3245531661212,20.42205399374791
52,72,92,1419.6547415141417,1047.8780184348295,963.9532583547978,-592.1765352754855,18.258822085935208
53,73,93,1414.8514883386438,1044.0312513839344,967.6770976398269,-596.8568606851177,17.14867084664445
54,74,94,1413.33405308842,1043.3570766953144,974.2600154218603,-604.2830390287547,16.682875256951775
55,75,95,1416.1936602599342,1048.680601515017,978.9514076857911,-611.438348940874,15.695281629834085
56,76,96,1391.2527644099155,1033.8317552730339,975.6815427352511,-618.2605335983694,11.774152958585546
57,77,97,1373.8847131376383,1031.6252657728664,966.2367803884173,-623.9773330236453,5.4612386271734294
58,78,98,1368.427630107386,1029.670833402127,963.7765713691778,-625.0197746639187,4.864174889431638
59,79,99,1355.2640989080376,1016.9171748668354,961.9390969962975,-623.5921729550953,6.480771893196561
60,80,100,1337.9273235840321,1005.2241664545246,956.0910412294493,-623.3878840999416,2.3268147363349954
61,81,101,1345.2304658692738,999.3597783125156,970.4788189497569,-624.6081313929988,3.4773705644516895
62,82,102,1349.1530070231597,1000.2280485016639,973.0040997719564,-624.0791412504605,4.32836164280377
63,83,103,1342.569297353587,992.8417907299242,969.1336595795352,-619.4061529558726,4.718158066778301
64,84,104,1342.0259935803824,996.3372980620701,968.7796442699207,-623.0909487516083,2.9670406619653704
65,85,105,1350.0988114029979,997.3554274025153,982.0968783766494,-629.353494376167,6.277663832692724
66,86,106,1352.5522191328077,987.7770105928912,994.5612383975557,-629.7860298576393,9.02662492817592
67,87,107,1354.4648148522479,987.6425875077849,999.2939702221129,-632.4717428776498,9.067435775271974
68,88,108,1354.3258705095,989.1124040280102,992.3344841566554,-627.1210176751656,11.5768537758496
69,89,109,1355.146239896745,987.2325811371265,995.7529717035113,-627.8393129438928,11.706538340256884
70,90,110,1352.2703791447607,971.7948830311004,1003.7226833827341,-623.247187269074,13.332701334184776
71,91,111,1344.2878633706107,957.4697643888242,1007.6161125851843,-620.7980136033977,8.061189500195724
72,92,112,1346.154155266981,963.9532583547978,1000.8564024740166,-618.6555055618333,9.612073142013287
73,93,113,1349.9532839844587,967.6770976398269,996.5912176050049,-614.315031260373,11.052503748061099
74,94,114,1350.2989755787153,974.2600154218603,993.4048038474466,-617.3658436905916,9.505454719862314
75,95,115,1347.6139378930004,978.9514076857911,988.5130838859383,-619.850553678729,9.900284208647918
76,96,116,1346.32242181755,975.6815427352511,992.1601705700575,-621.5192914877584,9.640632896823945
77,97,117,1348.9381826704812,966.2367803884173,998.85903392434,-616.1576316422761,10.859199471637567
78,98,118,1342.7200701629297,963.7765713691778,997.4047283269881,-618.4612295332361,7.622618803154978
79,99,119,1342.8408813147093,961.9390969962975,1002.5341904000087,-621.6324060815969,7.088264565676013
80,100,120,1350.2607275659498,956.0910412294493,1010.3405227282333,-616.1708363917328,7.525086156813813
81,101,121,1357.8768106547568,970.4788189497569,1012.3374859008309,-624.939494195831,6.709761629280365
82,102,122,1365.3178547080256,973.0040997719564,1014.8638121509024,-622.550057214833,7.904001116786958
83,103,123,1364.8094569509767,969.1336595795352,1009.2496285371662,-613.5738311657246,12.866447011311948
84,104,124,1363.695721310503,968.7796442699207,1008.6906319411319,-613.7745549005497,12.620108947006543
85,105,125,1364.8339172769743,982.0968783766494,1000.1493661518373,-617.4123272515126,12.764959423116125
86,106,126,1367.3681628369054,994.5612383975557,1000.9882943669663,-628.1813699276167,9.364134099692706
87,107,127,1372.1803272894144,999.2939702221129,1004.1699121528635,-631.283555085562,9.686695896704805
88,108,128,1367.3503798958184,992.3344841566554,1003.5393315648759,-628.5234358257128,10.695004280835633
89,109,129,1366.3785145690235,995.7529717035113,1004.219716994508,-633.5941741289957,11.05651313170415
90,110,130,1366.7473009557566,1003.7226833827341,997.2585316972293,-634.2339141242069,11.699239374012905
91,111,131,1366.6895244131238,1007.6161125851843,992.8188409584792,-633.7454291305398,11.55461652399731
92,112,132,1365.7201472363683,1000.8564024740166,992.9831365040695,-628.1193917417179,14.202453293829194
93,113,133,1367.2628891885433,996.5912176050049,998.3023417850516,-627.6306702015131,12.051723397812566
94,114,134,1364.926679958583,993.4048038474466,1000.561807157947,-629.0399310468106,10.349264328926665
95,115,135,1365.5240655343293,988.5130838859383,1002.9926235403482,-625.981641891957,12.135657118080644
96,116,136,1370.1480966209283,992.1601705700575,1006.4025193962592,-628.4145933453883,12.355328003943669
97,117,137,1369.2486846565416,998.85903392434,997.2077019013201,-626.8180511691185,13.211086558712282
98,118,138,1365.3158772441961,997.4047283269881,998.7426051667735,-630.8314562495655,9.602554006984406
99,119,139,1366.2445166697746,1002.5341904000087,996.0735089715338,-632.3631827017678,11.807563720564872
100,120,140,1373.6905860139518,1010.3405227282333,998.5495868112038,-635.1995235254853,10.354886613892859
101,121,141,1373.6971083649469,1012.3374859008309,998.5533857319892,-637.1937632678732,6.724111117261145
102,122,142,1371.8507445166304,1014.8638121509024,989.306669956982,-632.3197375912539,7.681197478638069
103,123,143,1384.8087718213983,1009.2496285371662,1003.43464753753,-627.875504253298,10.241466519555843
104,124,144,1390.879963236276,1008.6906319411319,1013.852227421746,-631.6628961266019,12.231194540340766
105,125,145,1390.9806763406732,1000.1493661518373,1015.8007544554891,-624.9694442666532,11.696943249489664
106,126,146,1391.0004571758618,1000.9882943669663,1020.4314776624026,-630.4193148535071,9.045717091981714
107,127,147,1403.0864590191863,1004.1699121528635,1026.0702976106054,-627.1537507442827,9.221800956642369
108,128,148,1409.6515721532392,1003.5393315648759,1029.2505257449034,-623.13828515654,10.296395067920457
109,129,149,1412.5174868255626,1004.219716994508,1031.5023921560776,-623.2046223250229,9.897063200958655
110,130,150,1405.5665431254079,997.2585316972293,1033.2495064099971,-624.9414949818186,10.248396249110783
111,131,151,1415.538294578126,992.8188409584792,1040.6601280836655,-617.9406744640189,11.047193800864875
112,132,152,1413.4627503691354,992.9831365040695,1036.2505593781739,-615.770945513108,10.588259199702406
113,133,153,1415.7499044697142,998.3023417850516,1031.8284043180101,-614.3808416333475,11.531879709803889
114,134,154,1416.7022660984085,1000.561807157947,1024.030538306036,-607.8900793655746,12.752072507556704
115,135,155,1418.0585396253941,1002.9926235403482,1018.5240508315911,-603.458134746545,14.437670352470377
116,136,156,1413.2581179938393,1006.4025193962592,1013.7531993292575,-606.8976007316774,12.852755565496068
117,137,157,1408.3941334480292,997.2077019013201,1013.9162990732705,-602.7298675265615,14.406094352261789
118,138,158,1416.8291229381798,998.7426051667735,1017.1888158997233,-599.102298128317,16.44199448197537
119,139,159,1411.5723046452767,996.0735089715338,1007.5103477886637,-592.0115521149207,19.32266793379324
120,140,160,1410.9217720200108,998.5495868112038,1003.4253068803645,-591.0531216715574,20.896142626356777
121,141,161,1405.4178276967828,998.5533857319892,1004.2642824511303,-597.3998404863369,18.09544307889746
122,142,162,1402.3546944105253,989.306669956982,1009.1543860525377,-596.1063615989945,17.226271342500922
123,143,163,1406.594069100404,1003.43464753753,1003.5448538085998,-600.3854322457257,14.843879008144995
124,144,164,1406.2777988119424,1013.852227421746,999.3615342964583,-606.9359629062619,15.283674862058433
125,145,165,1409.0498230068397,1015.8007544554891,1002.5591668166426,-609.310098265292,13.513003622281076
126,146,166,1407.5279321256273,1020.4314776624026,999.4621201581158,-612.365665694891,13.161905515328385
127,147,167,1404.61165636602,1026.0702976106054,993.5237942826396,-614.9824355272251,10.804903403681692
128,148,168,1407.5306756040623,1029.2505257449034,994.6167091371839,-616.3365592780251,9.600366226957817
129,149,169,1403.1392847340535,1031.5023921560776,991.7228127470127,-620.0859201690369,7.415566924254222
130,150,170,1403.1278032245727,1033.2495064099971,990.330667547492,-620.4523707329163,6.515704299006302
131,151,171,1404.675980426292,1040.6601280836655,979.4056263559112,-615.3897740132848,4.661050899982229
132,152,172,1398.410091471678,1036.2505593781739,979.1210936564942,-616.96156156299,3.7224906894016385
133,153,173,1387.1015326004153,1031.8284043180101,977.3053781113595,-622.0322498289543,3.48918848183132
134,154,174,1382.6729390030127,1024.030538306036,978.2293092125352,-619.5869085155587,3.4674261744706882
135,155,175,1372.5895928178606,1018.5240508315911,976.5574568493608,-622.4919148630913,-0.017158900844151503
136,156,176,1372.6392396693846,1013.7531993292575,984.6373070579236,-625.7512667177966,6.464965219542364
137,157,177,1379.7594381797057,1013.9162990732705,989.5867378842279,-623.7435987777926,11.96065856906921
138,158,178,1377.111667566373,1017.1888158997233,978.6194969057268,-618.696645239077,13.557464922810027
139,159,179,1375.7296913617517,1007.5103477886637,986.6943875006457,-618.4750439275576,17.117591657919775
140,160,180,1368.212637705002,1003.4253068803645,969.2932107964662,-604.5058799718288,28.052543511500858
141,161,181,1364.0831239100694,1004.2642824511303,969.6029160760465,-609.7840746171073,22.72523385419936
142,162,182,1366.5671993026808,1009.1543860525377,960.1483124874836,-602.7354992373405,26.261995424604947
143,163,183,1360.0783780503907,1003.5448538085998,967.738751933533,-611.205227691742,20.431653523844716
144,164,184,1357.6253273204325,999.3615342964583,963.7282154587356,-605.4644224347614,23.951971315350534
145,165,185,1359.9806907005923,1002.5591668166426,961.7023783563195,-604.2808544723698,25.21056795370373
146,166,186,1359.492087615846,999.4621201581158,962.4987362350955,-602.4687687773653,27.55296772062593
147,167,187,1354.8355541510346,993.5237942826396,966.9240277246097,-605.6122678562147,28.08723127186761
148,168,188,1348.798169153706,994.6167091371839,965.2353157298746,-611.0538557133523,22.870046537749772
149,169,189,1348.66619325167,991.7228127470127,966.1866426915402,-609.2432621868829,24.208524409342772
150,170,190,1348.1110850764603,990.330667547492,960.6449760901783,-602.8645585612098,25.398772129426447
151,171,191,1336.427839683373,979.4056263559112,965.8667881156925,-608.8445747882308,18.79415058529196
152,172,192,1347.3697288756039,979.1210936564942,990.9305768219209,-622.6819416028111,12.365527925620313
153,173,193,1353.7547615275535,977.3053781113595,1004.7047049953933,-628.2553215791993,8.423665404991766
154,174,194,1351.1288029224074,978.2293092125352,1001.7655208761748,-628.8660271663025,5.742513116151031
155,175,195,1350.3988954866245,976.5574568493608,1001.8556649477007,-628.0142263104372,3.611718171650068
156,176,196,1350.5245737359805,984.6373070579236,998.750025990319,-632.8627593122621,6.85039652027308
157,177,197,1345.4010671642911,989.5867378842279,991.5960743305584,-635.7817450504951,3.181031763682995
158,178,198,1343.2610309083454,978.6194969057268,997.3567124111232,-632.7151784085047,2.3969352710948897
159,179,199,1341.683818290584,986.6943875006457,988.9720608877356,-633.9826300977973,4.0186181616714975
160,180,200,1333.6731966027023,969.2932107964662,988.321117501285,-623.9411316950489,7.070167056629771
161,181,201,1336.2258321865793,969.6029160760465,985.1933212645243,-618.5704051539915,8.615168494504132
162,182,202,1329.6129481326898,960.1483124874836,973.8174966929944,-604.3528610477883,9.01712626044332
163,183,203,1334.5327782234676,967.738751933533,983.5948370646507,-616.800810774716,11.174259661022234
164,184,204,1334.6635731509732,963.7282154587356,978.366631669451,-607.4312739772133,15.448261062913957
165,185,205,1333.6634546251878,961.7023783563195,976.3997968613444,-604.4387205924761,17.6428617836209
166,186,206,1337.9210509499733,962.4987362350955,978.3698153363117,-602.9475006214341,20.95137769300686
167,187,207,1339.0427050354879,966.9240277246097,968.5107963242704,-596.3921190133922,26.215872386618912
168,188,208,1341.2906692177357,965.2353157298746,970.0465656776995,-593.9912121898383,27.66190557020957
169,189,209,1343.5020157208164,966.1866426915402,970.229874667137,-592.9145016378607,31.639578660284315
