Left,Mid,Right,Loss,Loss_left,Loss_right,gain,glasso
0,20,40,1373.2670864082268,1006.9016823341844,997.8965200962582,-631.5311160222159,13.963779800050702
1,21,41,1366.803800448919,1005.3035914775711,995.6239641509397,-634.1237551795919,11.5327852587684
2,22,42,1363.5141752982263,1001.0695113454442,996.6682845271325,-634.2236205743504,10.581470410225961
3,23,43,1355.2380907600339,991.3818404127927,993.8808014497722,-630.0245511025312,10.665425504999234
4,24,44,1355.8900784574867,993.1123116304177,989.5380421846114,-626.7602753575425,12.870105487091337
5,25,45,1353.6592266599819,991.9169394617352,981.7810378675866,-620.0387506693401,15.664706452068117
6,26,46,1355.3008303373997,995.7733225127295,976.7384990955504,-617.2109912708802,15.7215295046949
7,27,47,1352.279354006841,991.621861729024,979.7541241636288,-619.0966318858118,14.125432297052157
8,28,48,1351.5210470209504,991.2516287126314,979.6198415792614,-619.3504232709424,14.215889842936917
9,29,49,1350.7759020750518,995.9880411190002,980.7774038989268,-625.9895429428752,7.377883673182964
10,30,50,1351.4553549720617,1000.3755371620057,978.5110099255396,-627.4311921154836,8.056899451060758
11,31,51,1363.920862448949,1004.5382462546623,992.6237929542344,-633.2411767599476,8.253320391013858
12,32,52,1361.9495638555252,1004.899713777741,991.5337829419964,-634.4839328642122,7.960121550877943
13,33,53,1353.6229867609604,997.7119952605192,992.0484669225835,-636.1374754221424,6.214315696938002
14,34,54,1354.2081992475973,1004.684336287679,981.0309246390351,-631.5070616791168,9.237222143622944
15,35,55,1354.866723969363,1001.7178825147328,980.9157188938765,-627.7668774392462,11.174353088525777
16,36,56,1355.6203415975922,998.1042279575206,986.9900744593945,-629.4739608193229,12.069976016297232
17,37,57,1354.5730115935971,999.5503567740652,984.3930073748126,-629.3703525552805,11.560404203802591
18,38,58,1356.354278335852,1002.2163231902808,984.7165882706439,-630.5786331250727,11.105085358917336
19,39,59,1348.832609848033,1000.7389358731245,977.9333184377034,-629.8396444627951,8.944099506852467
20,40,60,1350.482192999664,997.8965200962582,984.0493946154028,-631.4637217119969,7.655629080800509
21,41,61,1353.6132337736553,995.6239641509397,991.2868686090995,-633.297598986384,7.820274046678946
22,42,62,1370.6428436253993,996.6682845271325,999.1575851868812,-625.1830260886143,11.167464919147164
23,43,63,1376.0230186723693,993.8808014497722,1006.0261290011732,-623.883911778576,12.640687164123165
24,44,64,1378.8311665046383,989.5380421846114,1005.4834833435925,-616.1903590235656,16.535590213674595
25,45,65,1381.7891491058376,981.7810378675866,1008.2704509796014,-608.2623397413504,22.269896802227436
26,46,66,1388.962377065537,976.7384990955504,1023.5269181724811,-611.3030402024945,16.966989487056594
27,47,67,1389.7665258816387,979.7541241636288,1022.0345183261594,-612.0221166081496,15.39743836040509
28,48,68,1393.9437972516657,979.6198415792614,1025.5318856130664,-611.2079299406621,13.004837347655325
29,49,69,1399.2311792114333,980.7774038989268,1028.185440331009,-609.7316650185026,12.387213752814205
30,50,70,1400.014112002985,978.5110099255396,1024.2142881337627,-602.7111860563173,16.111465234019192
31,51,71,1393.1885137252193,992.6237929542344,1010.4923649221444,-609.9276441511595,11.43226982507781
32,52,72,1403.9724505269182,991.5337829419964,1021.8525617537089,-609.413894168787,12.230396856632524
33,53,73,1408.2191162384008,992.0484669225835,1019.8356622963197,-603.6650129805023,15.03029345143068
34,54,74,1402.9821509659755,981.0309246390351,1020.0125438808166,-598.061317553876,15.059652117585074
35,55,75,1401.6405061077626,980.9157188938765,1017.9801313243589,-597.2553441104728,13.153823364634832
36,56,76,1416.9925763628285,986.9900744593945,1020.3481446640608,-590.3456427606268,16.233794029305727
37,57,77,1410.5069296887052,984.3930073748126,1021.312479214607,-595.1985569007145,15.797852562216917
38,58,78,1405.7475200973784,984.7165882706439,1013.6492670017758,-592.6183351750412,16.184057843724304
39,59,79,1405.9472827017698,977.9333184377034,1013.1033389241841,-585.0893746601178,20.568427306486342
40,60,80,1413.0558049275019,984.0493946154028,1010.2485448722662,-581.242134560167,19.414270742769986
41,61,81,1414.0683143069537,991.2868686090995,1012.4973281533997,-589.7158824555456,17.3603190320938
42,62,82,1404.5203480682694,999.1575851868812,1009.1754196754098,-603.8126567940217,10.42155319858341
43,63,83,1402.9538103521122,1006.0261290011732,1008.0633158637894,-611.1356345128504,9.952568652479044
44,64,84,1400.342367789047,1005.4834833435925,1007.7416119741263,-612.8827275286717,10.403338948686041
45,65,85,1406.0970472176546,1008.2704509796014,1012.7189299575302,-614.8923337194769,14.236138369575201
46,66,86,1408.2517631723836,1023.5269181724811,1006.8262615889766,-622.1014165890742,12.095631760032006
47,67,87,1414.9617300142281,1022.0345183261594,1009.4234621619746,-616.496250473906,14.537644231397962
48,68,88,1419.0898031361855,1025.5318856130664,1011.9668651724337,-618.4089476493145,13.175555577403202
49,69,89,1419.6169752806854,1028.185440331009,1014.2813684967713,-622.8498335470949,11.623356776739683
50,70,90,1413.6107856660503,1024.2142881337627,1011.147992203613,-621.7514946713252,12.901179490306163
51,71,91,1400.8639541981865,1010.4923649221444,1011.064823895259,-620.6932346192168,11.6545640007879
52,72,92,1392.8289680196722,1021.8525617537089,999.6536631850827,-628.6772569191194,9.40714350100825
53,73,93,1394.5532059564086,1019.8356622963197,999.894857446977,-625.1773137868879,12.526573275652822
54,74,94,1400.4874197442477,1020.0125438808166,1006.8198405125246,-626.3449646490935,13.061857043158852
55,75,95,1399.086020383114,1017.9801313243589,1006.1228211439794,-625.0169320852244,12.76672317919008
56,76,96,1394.785676922457,1020.3481446640608,1001.6106213285144,-627.1730890701181,12.839502407883174
57,77,97,1400.4235128375512,1021.312479214607,1008.8202831337981,-629.7092495108539,14.22115611440438
58,78,98,1396.3095321858607,1013.6492670017758,1010.0477001680689,-627.3874349839841,14.780135096576714
59,79,99,1393.017426507247,1013.1033389241841,1008.3748750510343,-628.4607874679714,11.987235760516683
60,80,100,1382.8755325426566,1010.2485448722662,1005.320436474182,-632.6934488037916,10.500771805048885
61,81,101,1383.2344388476417,1012.4973281533997,1007.8548693104007,-637.1177586161587,8.266999876525688
62,82,102,1381.7011872739072,1009.1754196754098,1010.6187134165557,-638.0929458180583,7.601639496139569
63,83,103,1377.663253594183,1008.0633158637894,1008.2195381415703,-638.6196004111766,7.213312746573706
64,84,104,1377.2903669462062,1007.7416119741263,1005.417043305942,-635.868288333862,8.242922606169714
65,85,105,1374.9617659993485,1012.7189299575302,1003.3293586800947,-641.0865226382764,6.112886248418249
66,86,106,1365.826340139602,1006.8262615889766,998.2009665122785,-639.200887961653,5.5216139517804095
67,87,107,1365.9156624810907,1009.4234621619746,994.3761214450458,-637.8839211259296,6.958741449077252
68,88,108,1368.1110158080078,1011.9668651724337,994.4824772153752,-638.3383265798011,6.827134622525591
69,89,109,1373.5089646918227,1014.2813684967713,1000.0185681736509,-640.7909719785994,6.250637758029143
70,90,110,1369.2224199353354,1011.147992203613,1000.5135695929658,-642.4391418612433,5.639285690062707
71,91,111,1367.6766633522623,1011.064823895259,999.6738843318501,-643.0620448748468,4.3069186181386385
72,92,112,1362.8093719066833,999.6536631850827,1003.9749366633989,-640.8192279417983,4.259979871958535
73,93,113,1358.7627357875112,999.894857446977,1002.0074706452101,-643.1395923046757,1.8454434785476224
74,94,114,1360.0964759344292,1006.8198405125246,987.9757828528772,-634.6991474309725,8.146538341935297
75,95,115,1362.6639539357961,1006.1228211439794,991.0907960382578,-634.549663246441,7.336771570448832
76,96,116,1355.5097088624877,1001.6106213285144,976.5728362483082,-622.6737487143348,12.390037373832797
77,97,117,1352.576340653783,1008.8202831337981,966.6969344520423,-622.9408769320573,12.97130303105746
78,98,118,1354.7777553794804,1010.0477001680689,969.7885953077939,-625.0585400963823,13.164094349360198
79,99,119,1349.5753952702253,1008.3748750510343,964.1277149349512,-622.9271947157604,11.195476327276197
80,100,120,1346.6768455916138,1005.320436474182,969.1875564196122,-627.8311473021804,8.59202352522675
81,101,121,1365.1578690672789,1007.8548693104007,987.6423602717555,-630.3393605148774,9.964549011282315
82,102,122,1367.3654000909382,1010.6187134165557,983.9843327042581,-627.2376460298756,10.353054953480068
83,103,123,1361.7866034837884,1008.2195381415703,982.6340821098635,-629.0670167676453,8.651889791123494
84,104,124,1366.5122847980315,1005.417043305942,995.4892032092276,-634.3939617171382,6.200575655214152
85,105,125,1363.0818764345308,1003.3293586800947,992.023151520565,-632.2706337661289,6.335654999381859
86,106,126,1366.617490997105,998.2009665122785,997.6094726535215,-629.1929481686948,8.714060345255575
87,107,127,1363.3533912408748,994.3761214450458,996.4707757628786,-627.4935059670497,9.534419754969576
88,108,128,1358.942594916593,994.4824772153752,994.4375505670921,-629.9774328658743,9.043945158853148
89,109,129,1357.663068574711,1000.0185681736509,991.5548676552207,-633.9103672541607,8.937504548516927
90,110,130,1360.6560636932186,1000.5135695929658,994.5723693592771,-634.4298752590244,9.47918546069468
91,111,131,1361.0695634471463,999.6738843318501,999.1872103591693,-637.7915312438731,8.662932720934009
92,112,132,1363.925859779557,1003.9749366633989,1001.2785663823481,-641.3276432661901,6.54187827402734
93,113,133,1365.2662975605758,1002.0074706452101,1006.3543750640804,-643.0955481487147,6.240549338709457
94,114,134,1359.8927895258535,987.9757828528772,1006.2888981461061,-634.3718914731298,11.048149365095128
95,115,135,1357.9422599744728,991.0907960382578,1006.5212591670395,-639.6697952308245,7.331436106926731
96,116,136,1347.4007277524563,976.5728362483082,1006.7697110486425,-635.9418195444944,6.519580307931392
97,117,137,1340.8386403137724,966.6969344520423,1005.6932454956107,-631.5515396338806,7.334967503701705
98,118,138,1341.3107065363793,969.7885953077939,1004.8131843075208,-633.2910730789354,6.877525656953026
99,119,139,1338.4986471320983,964.1277149349512,1004.6294187636545,-630.2584865665074,7.119858618019975
100,120,140,1338.8116813383858,969.1875564196122,1003.5604922269495,-633.9363673081757,4.767935005112122
101,121,141,1342.4291320888306,987.6423602717555,982.7126606566867,-627.9258888396116,8.324650790155601
102,122,142,1341.2339572553974,983.9843327042581,981.4499192606601,-624.2002947095207,8.606767925497024
103,123,143,1352.1865036797694,982.6340821098635,992.9003104578458,-623.3478888879399,9.462746181880902
104,124,144,1351.6400894019428,995.4892032092276,973.0391959204566,-616.8883097277414,11.638889732816097
105,125,145,1349.6077760819906,992.023151520565,963.3218808648473,-605.7372563034216,12.973518310811869
106,126,146,1366.239490043553,997.6094726535215,969.7746093517717,-601.1445919617404,14.168427791636645
107,127,147,1362.683753166465,996.4707757628786,969.2180502838619,-603.0050728802753,12.203035509660367
108,128,148,1358.449641409591,994.4375505670921,968.703901415575,-604.691810573076,10.996066594673493
109,129,149,1347.3041426933605,991.5548676552207,963.5280894841812,-607.7788144460415,8.30713504826474
110,130,150,1348.0545724377691,994.5723693592771,953.2387515517154,-599.7565484732233,4.741758737409782
111,131,151,1346.707247679447,999.1872103591693,945.7814297289957,-598.2613924087182,4.34602960116365
112,132,152,1342.9719704924287,1001.2785663823481,939.8988282666876,-598.205424156607,-1.470209568506334
113,133,153,1341.4332833536305,1006.3543750640804,927.7351907231402,-592.6562824335901,-5.604129928600287
114,134,154,1335.388429311543,1006.2888981461061,919.799713073149,-590.7001819077122,-16.664618502905796
115,135,155,1345.2372951928394,1006.5212591670395,934.8553174961354,-596.1392814703356,-12.486931061040991
116,136,156,1347.8869128428755,1006.7697110486425,938.4156543761353,-597.2984525819024,-11.822286718950977
117,137,157,1363.7534447353569,1005.6932454956107,949.2343800130573,-591.174180773311,-6.419163654236854
118,138,158,1371.3250923344349,1004.8131843075208,958.3988009999387,-591.8868929730247,0.1118244320997519
119,139,159,1387.96001732892,1004.6294187636545,981.9138765530997,-598.5832779878342,13.413496345643921
120,140,160,1382.87121554289,1003.5604922269495,980.4760343793798,-601.1653110634393,10.745087992576828
121,141,161,1350.0726839430406,982.7126606566867,976.6779527273775,-609.3179294410236,6.355193251508922
122,142,162,1355.876553040454,981.4499192606601,985.5211364460947,-611.0945026663007,8.570572454149328
123,143,163,1358.1297616451932,992.9003104578458,981.9260303629644,-616.696579175617,7.651188731730599
124,144,164,1351.4619749421781,973.0391959204566,988.9053777391707,-610.482598717449,4.075857658921564
125,145,165,1341.4409251104512,963.3218808648473,989.3331688911825,-611.2141246455785,3.2154409365015226
126,146,166,1328.3270113338792,969.7746093517717,982.0067718297261,-623.4543698476184,1.2173359818415292
127,147,167,1340.9954119538252,969.2180502838619,991.115985985987,-619.3386243160237,1.9741884893828683
128,148,168,1346.9608232528203,968.703901415575,993.1230597683418,-614.8661379310965,3.57058947842836
129,149,169,1348.0956043901201,963.5280894841812,999.6883656822489,-615.1208507763099,2.878998181714337
130,150,170,1342.2742899576378,953.2387515517154,999.3378590721395,-610.3023206662169,-3.0322304378858007
131,151,171,1355.8667430507912,945.7814297289957,1008.8865672601275,-598.8012539383321,7.569409652072409
132,152,172,1347.3042162892068,939.8988282666876,1007.9368738674298,-600.5314858449105,4.992332169803376
133,153,173,1340.444563044673,927.7351907231402,1007.9335080639596,-595.2241357424268,1.8138223536361693
134,154,174,1335.9552840963152,919.799713073149,1010.0733691539144,-593.9177981307482,-8.814418744535942
135,155,175,1341.3816287884956,934.8553174961354,1010.4941593795096,-603.9678480871494,-7.329162328273583
136,156,176,1345.2795568728743,938.4156543761353,1011.6654471195849,-604.801544622846,-5.867819015294231
137,157,177,1342.1098399608054,949.2343800130573,1008.793873294523,-615.9184133467747,-10.427899061946505
138,158,178,1338.9867836604988,958.3988009999387,1005.5165262577623,-624.9285435972022,-8.353591071733831
139,159,179,1339.0011753537394,981.9138765530997,994.3832517535043,-637.2959529528646,3.0021108390426434
140,160,180,1338.8405138638004,980.4760343793798,998.177500330894,-639.8130208464734,2.5702600605409316
141,161,181,1337.8877378585971,976.6779527273775,998.4007925677051,-637.1910074364855,3.5519239390165467
142,162,182,1339.0628812115767,985.5211364460947,992.707104680214,-639.1653599147319,4.548584441382445
143,163,183,1334.7851082865236,981.9260303629644,991.5519700767755,-638.6928921532162,4.6290266556407005
144,164,184,1335.5730770559958,988.9053777391707,984.2992349865114,-637.6315356696864,3.3974860713450425
145,165,185,1336.0676383999657,989.3331688911825,981.8158131498395,-635.0813436410563,4.415478979729983
146,166,186,1326.909885299281,982.0067718297261,981.2726141517493,-636.3695006821943,2.7020954378688202
147,167,187,1328.962576861627,991.115985985987,973.1342441428906,-635.2876532672506,1.4311563297021621
148,168,188,1333.6604576863447,993.1230597683418,974.3282363699996,-633.7908384519967,2.170301831612278
149,169,189,1333.7768332542305,999.6883656822489,969.0140915154993,-634.9256239435176,3.1392160246617777
150,170,190,1344.3056419943678,999.3378590721395,980.0963538071869,-635.1285708849587,5.691658100236964
151,171,191,1346.4462313356235,1008.8865672601275,962.6926763213671,-625.1330122458712,12.69068028716822
152,172,192,1346.8942708164227,1007.9368738674298,965.1227621300591,-626.1653651810661,11.77335853225486
153,173,193,1353.4720877492741,1007.9335080639596,972.7410184323302,-627.2024387470155,13.164329384588655
154,174,194,1361.1454485100323,1010.0733691539144,978.3117413930881,-627.2396620369702,12.123157439888473
155,175,195,1354.4243428903183,1010.4941593795096,961.7207695004936,-617.790585989685,13.764592804657013
156,176,196,1359.3610018013292,1011.6654471195849,965.8083045933507,-618.1127499116064,16.077463158491582
157,177,197,1356.8535131553003,1008.793873294523,970.0380428151724,-621.978402954395,11.139548495041367
158,178,198,1354.0406787071947,1005.5165262577623,975.3691639932874,-626.845011543855,9.796864207901763
159,179,199,1349.292435516203,994.3832517535043,977.5772457032465,-622.6680619405477,13.283150654715428
160,180,200,1351.7943991942893,998.177500330894,979.7126044583767,-626.0957055949814,11.087750880154658
161,181,201,1354.294476552002,998.4007925677051,980.1131772618813,-624.2194932775847,11.606044687961457
162,182,202,1349.7849392372677,992.707104680214,983.200471662711,-626.1226371056573,10.63246364177553
163,183,203,1350.0794145757834,991.5519700767755,982.4921045160077,-623.9646600169997,10.937908533375662
164,184,204,1348.9984508164216,984.2992349865114,985.2384922257952,-620.5392763958848,11.50717756744507
165,185,205,1346.4634175665778,981.8158131498395,983.6914887889153,-619.043884372177,11.333966145728255
166,186,206,1348.9668088834133,981.2726141517493,987.1831697944247,-619.4889750627608,11.21561601796509
167,187,207,1342.5549771191127,973.1342441428906,983.7132961048173,-614.2925631285952,13.204709590178936
168,188,208,1348.177515484844,974.3282363699996,987.716390440539,-613.8671113256946,13.316936652300342
169,189,209,1342.2461471139031,969.0140915154993,988.5319294423557,-615.2998738439519,12.673701963307167
