Left,Mid,Right,Loss,Loss_left,Loss_right,gain,glasso
0,20,40,1287.3991466740836,962.0457867851383,939.887921599224,-614.5345617102787,-3.114193525955443
1,21,41,1289.7235551190902,967.836683667815,938.9759933691025,-617.0891219178275,-2.3701107340286853
2,22,42,1304.106443377108,970.2873106699203,960.6012585232751,-626.7821258160875,3.8188510396123547
3,23,43,1303.5997828818577,968.6682039148217,962.9489058811971,-628.017326914161,4.285853696430422
4,24,44,1307.0865319938823,967.9109407846709,965.854594578086,-626.6790033688746,4.916380863425616
5,25,45,1307.2367883871716,967.9271398798378,965.2494758302116,-625.9398273228778,4.516336211951625
6,26,46,1315.563780205548,965.5528052556573,975.3732487867096,-625.362273836819,5.002830483546177
7,27,47,1308.1995982593457,958.4780940810263,973.778303331844,-624.0567991535245,1.4307823534259114
8,28,48,1297.0607262157253,939.024228506526,974.3641345592924,-616.3276368500931,-2.1458224079225374
9,29,49,1292.5024309119217,949.0786128642721,965.4420015430738,-622.0181834954242,-5.863496391401895
10,30,50,1297.8913807018544,953.5528692757724,956.3847108585792,-612.0461994324974,0.42767321954374893
11,31,51,1297.3434501475454,954.9610096863563,956.9642323958992,-614.58179193471,-0.09662611102191931
12,32,52,1304.367860963257,952.9204585970153,968.0942272785062,-616.6468249122645,-1.2805734166444154
13,33,53,1309.8064783519644,954.0683616099182,966.7363802459561,-610.9982635039098,-0.7994269902433189
14,34,54,1313.4665116311419,958.7379900094629,964.1116778141311,-609.3831561924521,-2.7247131223005
15,35,55,1311.6258868367427,957.5899757161319,967.8674593868174,-613.8315482662065,-4.110251513473486
16,36,56,1320.7686581713297,960.1433393840807,974.2154089689827,-613.5900901817338,-5.854113345962105
17,37,57,1320.7667742451054,950.7051110404099,979.9291552565328,-609.8674920518374,-4.666482793306841
18,38,58,1328.8322109351948,952.5131315283608,986.5935747172257,-610.2744953103916,0.024704358652456904
19,39,59,1317.7412752772466,936.9979682916294,993.3009719100173,-612.5576649244001,-8.164439856187755
20,40,60,1322.288018517378,939.887921599224,996.0590090586603,-613.6589121405063,-7.260125205357895
21,41,61,1324.925607735895,938.9759933691025,999.0266352531866,-613.0770208863942,-5.253188050699691
22,42,62,1336.4915954020717,960.6012585232751,1000.6473211155835,-624.756984236787,0.5355154534989879
23,43,63,1341.7237042939687,962.9489058811971,1003.2707256448502,-624.4959272320787,0.6456648694629621
24,44,64,1341.303637621042,965.854594578086,999.115507833999,-623.6664647910429,1.3033840073508145
25,45,65,1337.6959328456242,965.2494758302116,992.6434213816071,-620.1969643661946,0.6585547817787756
26,46,66,1346.3417113981204,975.3732487867096,1001.5088634215715,-630.5404008101607,-0.8191726595491673
27,47,67,1346.2989025023235,973.778303331844,1001.0574133373455,-628.536814166866,1.4889303849619182
28,48,68,1346.478754519927,974.3641345592924,997.5905664435043,-625.4759464828699,2.9960791248074656
29,49,69,1338.799561258963,965.4420015430738,995.1759771452806,-621.8184174293915,2.7051511887771085
30,50,70,1351.3964308555232,956.3847108585792,1001.0739296216843,-606.0622096247403,12.251249389516602
31,51,71,1352.1625913252392,956.9642323958992,998.2328750606968,-603.0345161313567,11.175596108154878
32,52,72,1366.5939391662369,968.0942272785062,1005.716925726091,-607.2172138383603,13.746282716656879
33,53,73,1363.203011692216,966.7363802459561,1002.9352171084525,-606.4685856621927,10.523220784468435
34,54,74,1364.8143604859752,964.1116778141311,1000.0385684103811,-599.335885738537,10.15988153924502
35,55,75,1361.5167890486919,967.8674593868174,995.7342636826635,-602.084934020789,10.257999485649862
36,56,76,1366.2456899593278,974.2154089689827,991.0662002305166,-599.0359192401716,9.991052664632434
37,57,77,1368.8457228159607,979.9291552565328,982.7168467956933,-593.8002792362654,11.354544474683848
38,58,78,1365.0514807931286,986.5935747172257,976.0437262041519,-597.585820128249,8.641217967587409
39,59,79,1364.3068574259523,993.3009719100173,966.9461746439732,-595.9402891280383,7.280455709029297
40,60,80,1362.925554302892,996.0590090586603,954.1337564454952,-587.2672112012635,5.573729776348387
41,61,81,1362.6156907818022,999.0266352531866,948.5114350869746,-584.9223795583589,4.193700209324106
42,62,82,1349.770323882139,1000.6473211155835,938.6671591241659,-589.5441563576103,-2.331187677781145
43,63,83,1356.1673142856657,1003.2707256448502,945.410960963221,-592.5143723224055,-0.22943840466655274
44,64,84,1349.8811633217374,999.115507833999,945.7491093666563,-594.9834538789178,-2.204331703200637
45,65,85,1346.2912053801133,992.6434213816071,947.2072934628122,-593.5595094643061,-3.3212342200038165
46,66,86,1340.510355816607,1001.5088634215715,946.8264424552226,-607.8249500601871,-4.785504430756987
47,67,87,1335.0571997835668,1001.0574133373455,947.8863258355691,-613.8865393893477,-6.565818333682955
48,68,88,1342.533269842023,997.5905664435043,963.5685654056956,-618.6258620071769,-0.6373142188881502
49,69,89,1340.642326633597,995.1759771452806,968.8979189433956,-623.4315694550792,-1.0623536156841737
50,70,90,1328.2232276110622,1001.0739296216843,953.579127006684,-626.429829017306,-1.665330142761718
51,71,91,1331.0046473574157,998.2328750606968,959.1274456008234,-626.3556733041046,-1.0140054404969305
52,72,92,1322.2804940425958,1005.716925726091,939.4215848746584,-622.8580165581534,-2.7830312194219005
53,73,93,1322.186166353934,1002.9352171084525,946.1329361433454,-626.881986897864,-0.5416564643054471
54,74,94,1318.5956344847577,1000.0385684103811,943.1071008793908,-624.5500348050141,0.44424762352775815
55,75,95,1319.247972996959,995.7342636826635,948.3000472398865,-624.7863379255909,1.4272001835394121
56,76,96,1308.8863104936695,991.0662002305166,941.9156640192552,-624.0955537561024,1.150658881195227
57,77,97,1303.8290897948152,982.7168467956933,937.2813468356617,-616.1691038365398,-2.5872741818340046
58,78,98,1307.741616330442,976.0437262041519,954.367144670641,-622.6692545443509,-2.7536853860910924
59,79,99,1310.761481370354,966.9461746439732,966.8804515879499,-623.065144861569,-0.9515751024471228
60,80,100,1298.7295485383586,954.1337564454952,967.5021012146793,-622.9063091218161,-2.9286733569895205
61,81,101,1297.5549568560014,948.5114350869746,972.5973738346406,-623.5538520656139,-1.9014414612697692
62,82,102,1295.5127712842316,938.6671591241659,976.9578817583551,-620.1122695982895,-4.690931118358776
63,83,103,1299.4780412010941,945.410960963221,979.7581924634333,-625.6911122255601,-2.485299244347175
64,84,104,1302.0933113613946,945.7491093666563,979.6354429772379,-623.2912409824994,-2.9961405599040063
65,85,105,1309.5616118855214,947.2072934628122,986.7591378608097,-624.4048194381005,-2.742534002702655
66,86,106,1311.709865328899,946.8264424552226,985.8294160246338,-620.9459931509573,0.9925932823404082
67,87,107,1311.7809928094316,947.8863258355691,984.6305499165471,-620.7358829426846,2.2621933056170747
68,88,108,1311.504376384277,963.5685654056956,980.5285738769448,-632.5927628983634,4.372704547463854
69,89,109,1312.8988341822633,968.8979189433956,976.4419749647445,-632.4410597258768,4.936603530155708
70,90,110,1303.441894589554,953.579127006684,970.9023321723049,-621.0395645894348,7.000282448328903
71,91,111,1305.6140219842082,959.1274456008234,964.247250044689,-617.7606736613043,9.410792305024302
72,92,112,1293.4031047272022,939.4215848746584,964.5633816922926,-610.5818618397489,9.482121801969015
73,93,113,1298.2720015776283,946.1329361433454,971.0095691154114,-618.8705036811286,9.545431539061155
74,94,114,1306.4826866715916,943.1071008793908,972.2989704452752,-608.9233846530744,12.429314881419941
75,95,115,1308.96091822591,948.3000472398865,974.2545615507738,-613.5936905647502,10.437704336296292
76,96,116,1308.5191294518877,941.9156640192552,980.7816714099581,-614.1782059773257,10.74614033318585
77,97,117,1316.907835109625,937.2813468356617,978.8572298088856,-599.2307415349223,10.522461101572503
78,98,118,1316.2060809453446,954.367144670641,967.1777080034601,-605.3387717287565,10.693666349848968
79,99,119,1316.50535245855,966.8804515879499,961.6695904225186,-612.0446895519185,6.201816938276238
80,100,120,1317.78281643074,967.5021012146793,964.1008825564952,-613.8201673404344,5.82148041016751
81,101,121,1320.8349382131553,972.5973738346406,964.2503464587427,-616.0127820802279,3.534099140763942
82,102,122,1326.728892347081,976.9578817583551,972.4848895116573,-622.7138789229316,4.6294338647830955
83,103,123,1322.4229565878709,979.7581924634333,967.4323880231507,-624.767623898713,3.4401119382091565
84,104,124,1324.7263525947837,979.6354429772379,967.9437981655345,-622.8528885479886,1.6324425903719657
85,105,125,1324.1847679931018,986.7591378608097,961.3751418289851,-623.949511696693,-1.21331504050886
86,106,126,1324.2171772475438,985.8294160246338,959.6631260116178,-621.2753647887077,1.3838248180751407
87,107,127,1328.2489815004938,984.6305499165471,960.1298713869694,-616.5114398030228,5.3588439761171
88,108,128,1317.862951542349,980.5285738769448,961.3523137490142,-624.01793608361,4.250385330639801
89,109,129,1319.29396270071,976.4419749647445,962.9033239195231,-620.0513361835579,8.347468286617413
90,110,130,1318.2682580486098,970.9023321723049,962.8496312317995,-615.4837053554947,10.691265870069174
91,111,131,1312.372617479941,964.247250044689,959.4058365566418,-611.2804691213898,8.70277637526408
92,112,132,1316.120815273846,964.5633816922926,964.0207671904936,-612.4633336089405,9.183398956858241
93,113,133,1316.942684406581,971.0095691154114,966.2538896427052,-620.3207743515354,6.158552017468878
94,114,134,1318.613019420266,972.2989704452752,956.5470215651056,-610.232972590115,9.761596000230384
95,115,135,1322.9142699207082,974.2545615507738,965.6774882126374,-617.017779842703,9.271893545240573
96,116,136,1323.4516234821735,980.7816714099581,964.6350264281233,-621.9650743559077,7.883075873732196
97,117,137,1321.0733050455447,978.8572298088856,951.5255351414992,-609.30945990484,11.054515924925113
98,118,138,1309.764209495062,967.1777080034601,940.6690165622551,-598.0825150706532,11.140080586658314
99,119,139,1304.1702239085598,961.6695904225186,945.1044201649686,-602.6037866789275,9.334545880300425
100,120,140,1313.8293310664762,964.1008825564952,954.6032886994481,-604.874840189467,11.54850777492527
101,121,141,1307.206226092202,964.2503464587427,948.4928815066417,-605.5370018731824,10.087130527384943
102,122,142,1320.160856906883,972.4848895116573,956.5678958581144,-608.8919284628887,10.081802688055973
103,123,143,1321.709524487058,967.4323880231507,953.8394655250122,-599.562329061105,12.791178201814773
104,124,144,1321.009481129454,967.9437981655345,958.6087751742708,-605.5430922103515,7.955318343509589
105,125,145,1321.42864462409,961.3751418289851,964.1771326481793,-604.1236298530741,4.642840852017116
106,126,146,1312.6649769886076,959.6631260116178,953.9824127389372,-600.9805617619475,5.836256494884196
107,127,147,1305.9581450667297,960.1298713869694,950.0394925672645,-604.2112188875042,3.6511733721248447
108,128,148,1305.8308760261052,961.3523137490142,954.6028351209161,-610.1242728438251,2.141536314486416
109,129,149,1298.347401643484,962.9033239195231,946.4946342391453,-611.0505565151843,2.259639454445164
110,130,150,1306.1313192380217,962.8496312317995,953.8098029496259,-610.5281149434038,1.2486772762824785
111,131,151,1305.7808739854331,959.4058365566418,955.0768127879611,-608.7017753591699,-0.37438948714873277
112,132,152,1308.1189988796177,964.0207671904936,953.7260392065564,-609.6278075174323,0.08224189456893782
113,133,153,1326.8553248334113,966.2538896427052,970.4809218404331,-609.8794866497271,1.5597787293462488
114,134,154,1318.716582250162,956.5470215651056,975.4018037475657,-613.2322430625095,-1.2827479227191816
115,135,155,1324.0910625131044,965.6774882126374,968.9647273119692,-610.5511530115023,-5.664674375998629
116,136,156,1328.6617056146222,964.6350264281233,970.8321361953671,-606.8054570088682,-2.991530564554864
117,137,157,1318.1443758380965,951.5255351414992,978.2289651024751,-611.6101244058777,-3.6314625820853053
118,138,158,1313.991457218604,940.6690165622551,983.0134960974251,-609.6910554410763,-4.060360910727013
119,139,159,1319.8488179520805,945.1044201649686,984.6751498322581,-609.9307520451462,-2.9473071399467017
120,140,160,1330.0149900378688,954.6032886994481,979.9565735996345,-604.5448722612136,1.6595743430855237
121,141,161,1322.982632733962,948.4928815066417,981.769425030981,-607.2796738036607,4.138534385954699
122,142,162,1326.815895558589,956.5678958581144,975.2914579431977,-605.0434582427229,6.4163737871786
123,143,163,1334.8617905438764,953.8394655250122,981.1584563639714,-600.1361313451071,9.548652990786195
124,144,164,1334.3023517129704,958.6087751742708,982.3709740309167,-606.6773974922171,5.608382288769008
125,145,165,1336.1766520205517,964.1771326481793,970.5138495017333,-598.5143301293608,10.408605775356705
126,146,166,1335.5891122132361,953.9824127389372,975.1835678175028,-593.5768683432038,12.501437178078277
127,147,167,1336.3238172142665,950.0394925672645,980.6524903770527,-594.3681657300508,11.393533592423182
128,148,168,1336.779240039205,954.6028351209161,978.5721117612522,-596.3957068429634,10.869626100355731
129,149,169,1335.1033288512094,946.4946342391453,981.0672819011759,-592.4585872891116,12.008880310459176
130,150,170,1330.6756697938997,953.8098029496259,974.18556821058,-597.3197013663062,8.390093063326162
131,151,171,1334.6079800185178,955.0768127879611,976.0934728176395,-596.5623055870828,8.610676530589217
132,152,172,1331.5086128950852,953.7260392065564,976.0107052508232,-598.2281315622945,8.111197351924147
133,153,173,1329.2913168061195,970.4809218404331,962.9388707319933,-604.128475766307,6.63733761943638
134,154,174,1329.5191639326167,975.4018037475657,965.6926263318994,-611.5752661468484,5.443978752250018
135,155,175,1326.9254708039634,968.9647273119692,970.8774069815928,-612.9166634895987,-1.8055097963723483
136,156,176,1332.5838039464816,970.8321361953671,973.8640042131856,-612.1123364620712,7.22137466083916
137,157,177,1338.470130723295,978.2289651024751,978.3746111334683,-618.1334455126484,8.13720748044068
138,158,178,1339.390068991414,983.0134960974251,977.9276073465096,-621.5510344525208,7.765841807416564
139,159,179,1341.9768666111113,984.6751498322581,982.2691594179307,-624.9674426390775,9.879297792234752
140,160,180,1330.000652974758,979.9565735996345,975.8706718189768,-625.8265924438533,8.290755913359703
141,161,181,1332.6183713020587,981.769425030981,975.7487867574729,-624.8998404863951,9.34479872024724
142,162,182,1324.408118959879,975.2914579431977,975.8678242531521,-626.7511632364708,6.676842849170953
143,163,183,1326.3349425987913,981.1584563639714,969.2996387804233,-624.1231525456033,5.962528646751821
144,164,184,1328.0955939501764,982.3709740309167,968.1593506996662,-622.4347307804064,7.322950965418158
145,165,185,1319.9986029504782,970.5138495017333,971.209311654148,-621.7245582054031,7.182216946889753
146,166,186,1319.5775885152764,975.1835678175028,965.0482460021651,-620.6542253043915,7.379230135043144
147,167,187,1323.4812368256771,980.6524903770527,969.2345569380186,-626.4058104893943,4.079835054825253
148,168,188,1329.1342783398059,978.5721117612522,975.2480602820596,-624.6858937035058,4.847538126564814
149,169,189,1333.6799959991963,981.0672819011759,978.9280160912479,-626.3153019932274,3.937015087004511
150,170,190,1337.3707135639133,974.18556821058,987.8273262745734,-624.64218092124,3.9603839490296195
151,171,191,1344.8730922587313,976.0934728176395,991.8032369442141,-623.0236175031223,5.375236059616213
152,172,192,1342.1824691476345,976.0107052508232,985.7887281945049,-619.6169642976936,6.016396821635681
153,173,193,1334.7308337452478,962.9388707319933,989.3366192017817,-617.5446561885274,4.586426516012807
154,174,194,1336.4377521320766,965.6926263318994,991.2621135998363,-620.5169877996591,5.113431558997718
155,175,195,1336.547081206341,970.8774069815928,989.2323512567666,-623.5626770320184,5.394706897883225
156,176,196,1345.7791238913212,973.8640042131856,996.43410139926,-624.5189817211244,13.632456577195171
157,177,197,1347.3083473231995,978.3746111334683,988.4826476660885,-619.5489114763573,15.77207885352982
158,178,198,1348.1267936774907,977.9276073465096,989.3494696606491,-619.1502833296681,16.674809517569088
159,179,199,1342.6448215199127,982.2691594179307,987.5909468741356,-627.2152847721536,11.968180033139902
160,180,200,1337.882273853616,975.8706718189768,985.2485576568691,-623.23695562223,12.832710543981307
161,181,201,1337.2949354945788,975.7487867574729,983.1337331762811,-621.5875844391751,13.582026563082422
162,182,202,1334.4374050332794,975.8678242531521,978.0491540191263,-619.4795732389989,14.674252785260592
163,183,203,1335.885573738687,969.2996387804233,991.8017102343061,-625.2157752760422,9.848293081629777
164,184,204,1335.4815047362802,968.1593506996662,990.4954718563242,-623.1733178197103,10.930167790877817
165,185,205,1335.5609134057743,971.209311654148,985.8217415464377,-621.4701397948113,12.279274825186462
166,186,206,1324.3112298408005,965.0482460021651,983.3926070586151,-624.1296232199797,9.82960555061095
167,187,207,1323.9737076087476,969.2345569380186,986.2416282098357,-631.5024775391066,6.084721952028531
168,188,208,1324.0541291125173,975.2480602820596,978.9770321917358,-630.1709633612782,6.377037462002136
169,189,209,1325.3350175097899,978.9280160912479,975.9157386822773,-629.5087372637354,6.456567692004683
