Left,Mid,Right,Loss_likeli,Loss_AIC,Loss_BIC,Loss_eBIC
0,20,40,28.195287348685554,-9.804712651314503,-9.315504793161836,-190.07982972500304
1,21,41,36.55029993334489,-3.449700066655055,-7.075386794576161,-199.57765973522612
2,22,42,28.230354395923996,-3.769645604076004,-6.531565550300911,-136.40390304697257
3,23,43,33.6374286003051,5.637428600305157,3.827252430348267,-98.5884907954295
4,24,44,20.17372433649757,4.173724336497571,8.68451539814464,-18.945921081799952
5,25,45,28.355534714717976,15.935965693402977,24.234404805482995,-0.3092172242271545
6,26,46,35.482269643023585,15.463314298226635,21.618996316701782,-4.340826155842137
7,27,47,36.008758420224126,14.008758420224126,17.253029344411857,-59.45398470653106
8,28,48,42.19562515770235,17.195625157702352,17.78538226408034,-41.28858319859387
9,29,49,50.39408319416617,20.394083194166114,16.548453979815463,-160.33947461770583
10,30,50,56.80851144043277,21.808511440432767,15.12697795191707,-205.77467316983996
11,31,51,39.68731223893502,0.687312238935192,-5.559670664728856,-183.93945627174367
12,32,52,34.040850489226955,-2.9591495107729315,-7.97998074305292,-152.19975689364514
13,33,53,46.8975914131243,13.897591413124246,9.366778768638142,-153.13052707144664
14,34,54,50.1287351773957,21.128735177395697,16.048104148422112,-153.27203208099718
15,35,55,55.14080994039017,31.14080994039017,28.20293600502157,-137.26929486997938
16,36,56,56.15186452853595,32.15186452853595,29.21399059316741,-135.41051387487175
17,37,57,48.599285556154996,29.599285556154996,28.804168714391494,-90.7073541226008
18,38,58,44.15569988933805,19.155699889338052,19.941506587432855,-77.0363464108575
19,39,59,57.075744508874436,29.075744508874436,23.96179639628076,-151.42461284065394
20,40,60,44.00810454855662,18.008104548556616,16.082719513885877,-151.81534965369622
21,41,61,42.81912721624167,16.267117280857065,15.732923081289528,-79.39808425011643
22,42,62,40.30632209173643,24.306322091736433,21.539067757504085,-52.883627916643945
23,43,63,43.19720502059852,29.197205020598517,27.425682959920096,-27.26566077888026
24,44,64,48.01559519160753,39.649006589813666,42.16299871634533,11.548653634131256
25,45,65,54.45816042947092,55.45131700485592,64.78414249976845,63.53905680290768
26,46,66,56.40308586106789,46.38413051627106,50.61465099001225,28.631438804935783
27,47,67,61.6364451766824,41.6364451766824,43.03460776122347,-6.862148016439733
28,48,68,62.244871549017034,34.244871549017034,32.17378985828293,-21.203631786047254
29,49,69,72.58982594614417,47.589825946144174,40.77345292316238,-77.71956867667598
30,50,70,91.37662173830802,61.37662173830802,51.292667898917784,-124.35033637259812
31,51,71,65.36066553153239,31.36066553153239,19.62425185108748,-122.29689632600866
32,52,72,71.08565200521116,30.085652005211273,17.201976616545153,-130.54224755951623
33,53,73,81.42187392990684,38.42187392990684,24.87332902217986,-129.86602066460205
34,54,74,92.14732071267383,46.14732071267383,32.587881030498124,-132.53317917061327
35,55,75,92.42750073111398,52.42750073111404,39.43486829697838,-116.26788215564716
36,56,76,103.56861230562731,53.56861230562731,32.48761495985718,-211.22538881662
37,57,77,101.06244311826197,50.06244311826197,28.137006045434873,-197.924762669933
38,58,78,115.33504688998744,56.33504688998744,35.34137467374467,-232.19713813595467
39,59,79,140.90828243512453,75.90828243512453,47.86783058814228,-295.467236869801
40,60,80,139.88256078429401,77.88256078429401,54.22168533257161,-288.1227287875698
41,61,81,122.79037027829293,61.23836034290832,41.54598340474604,-269.85426582447894
42,62,82,103.91224012150172,47.91224012150178,23.844045955069646,-224.9012606156947
43,63,83,92.13388515934673,38.13388515934673,16.212778556191097,-193.19455773568438
44,64,84,83.57271094200075,36.20612234020689,17.329334811633885,-193.33083169978693
45,65,85,97.47094448936468,42.883670086064626,21.50008764730046,-194.52139095846348
46,66,86,86.81077473552,32.81077473552,16.835563735739015,-145.28481947611476
47,67,87,102.95482634197214,35.95482634197208,12.2326038147919,-215.88789456753432
48,68,88,92.96556494420088,28.965564944200878,14.453597555736906,-245.39271305481032
49,69,89,83.75626842070182,31.756268420701872,17.7358343297808,-208.90708186112147
50,70,90,82.93219027503818,30.932190275038238,17.599845444050175,-214.73928191519292
51,71,91,88.47688162370662,37.47688162370662,24.20821542365229,-266.28384688553774
52,72,92,61.34033304327647,32.34033304327636,31.114318635996256,-171.36322002732936
53,73,93,80.75900522283729,40.759005222837345,33.4408211897254,-233.35243849440712
54,74,94,69.75760592571908,20.757605925719076,20.260658624971256,-196.44497515857847
55,75,95,69.8604392078118,20.860439207811737,17.943102334442187,-183.41446865076318
56,76,96,65.52844359459692,2.528443594596979,-8.389281195835338,-414.5474848361282
57,77,97,44.78076542562161,-8.219234574378333,-9.652841323401049,-392.47229672572826
58,78,98,56.03210615399428,-0.9678938460057225,-5.432685912976353,-418.2571178785395
59,79,99,49.16629312329388,-5.833706876706174,-9.64934026040271,-461.63837273313015
60,80,100,39.15992307577534,-9.840076924224604,-9.628792716419412,-371.9215150946826
61,81,101,37.74359363294411,-14.256406367055774,-17.271588520981368,-413.52293392513184
62,82,102,49.10747493228905,-17.89252506771095,-32.534582356651185,-362.16272701797584
63,83,103,38.3891178142016,-21.610882185798346,-34.042536359536825,-267.31513586243307
64,84,104,46.710421449231944,-11.28957855076817,-22.143987789275343,-293.4333190096281
65,85,105,29.39931897421286,-25.60068102578714,-36.34778621508326,-197.62402131879185
66,86,106,26.596858779286094,-21.403141220713906,-23.12464720558944,-108.15391452572567
67,87,107,42.02796913654066,-13.972030863459395,-27.643017321492266,-212.45239173152754
68,88,108,40.38104513158214,-16.61895486841786,-28.904634044621616,-227.6721568260648
69,89,109,30.322959557506408,-19.67704044249365,-24.815652635384822,-247.32889478694983
70,90,110,20.12119011082791,-33.87880988917209,-41.621988778394666,-236.36664843368897
71,91,111,18.50746948992628,-32.49253051007372,-40.55502397170187,-277.23143954433283
72,92,112,19.660242308365923,-10.339757691634077,-10.71965100318505,-167.40686274033442
73,93,113,20.165188490230605,-17.834811509769338,-22.197633915536358,-226.84226374977868
74,94,114,37.785251441903824,-0.21474855809617566,-5.9638653249830895,-175.876732551347
75,95,115,30.15425742703667,-11.845742572963331,-17.16030875499837,-173.6036283142373
76,96,116,56.4596454828698,11.45964548286969,5.6190250899829834,-261.55941980320506
77,97,117,63.612643872117815,22.612643872117815,16.06925168030466,-292.71062335658894
78,98,118,58.974981580679014,21.974981580679014,17.76345172140907,-299.9363105981164
79,99,119,71.8322749271984,34.31830345263239,27.636769964116752,-259.03318632504477
80,100,120,75.15093141744677,33.34315028373135,22.09284456965088,-199.01212088090506
81,101,121,88.85808292465117,24.85808292465117,6.164446601562304,-364.0635101930875
82,102,122,83.66304836871876,19.663048368718705,1.6255943000705884,-314.0814178466537
83,103,123,70.92925942230346,14.929259422303403,-2.296697141989057,-204.2654760573928
84,104,124,57.606403105441075,-0.39359689455886837,-11.941153313625932,-319.62202962099684
85,105,125,55.72173236812404,-4.278267631875906,-20.287292227296803,-245.73838259998342
86,106,126,55.99259954789068,-0.007400452109322941,-10.905798187902406,-268.9937351075257
87,107,127,66.77870330376334,9.778703303763336,-4.736722881326386,-271.9379414779472
88,108,128,54.98025470353906,1.9802547035390035,-8.906273258434453,-201.69285434702545
89,109,129,61.20152849488693,-6.798471505113184,-25.888819671083183,-268.2022661066736
90,110,130,59.52346274710675,-7.4765372528933085,-26.277477625193114,-289.561290849697
91,111,131,51.4675683151882,-14.532431684811854,-28.916530991113746,-321.11437490773824
92,112,132,44.07292764504143,-9.927072354958568,-20.17631140747767,-279.30118982718705
93,113,133,40.74526450285589,-12.254735497144111,-22.699255593446082,-339.1755402057697
94,114,134,30.274038810468824,-0.7259611895311764,-5.069456540658962,-138.6151979091676
95,115,135,30.850324490105095,1.8503244901049811,-0.8042914069086464,-168.68971983685253
96,116,136,43.188866300029076,16.188866300029076,14.111232514928702,-138.71814412534013
97,117,137,55.74225396875613,26.74225396875613,19.93493079322741,-92.51683143968796
98,118,138,56.051518043710075,29.051518043710075,24.01349652806698,-103.68574670959231
99,119,139,60.459885592563126,29.94591411799712,21.897413323000706,-97.15172035157207
100,120,140,49.79272411787855,21.984942984163126,15.278748053000754,-83.14145888042344
101,121,141,88.53950435978834,42.53950435978834,26.569133873646024,-254.75316736627838
102,122,142,86.96233889826073,39.962338898260725,22.41741657838213,-207.9282291116939
103,123,143,88.99905579294966,40.99905579294966,22.210850878393558,-207.46561517108194
104,124,144,110.7905232669309,64.7905232669309,46.394137648828746,-241.43080172878228
105,125,145,133.76023791445482,74.60650418105001,41.59604660727132,-256.9897718271985
106,126,146,139.32624570371968,74.32624570371968,39.34198840282602,-305.92034862954677
107,127,147,134.84893252610368,69.84893252610368,35.53480798339558,-277.85240187830664
108,128,148,121.00084154963292,56.681425717725006,25.28918143901501,-218.35323699517028
109,129,149,108.62100392916682,42.62100392916682,13.875094172771355,-230.71281069464726
110,130,150,133.77866216562245,65.7786621656225,33.310059225906684,-267.37951446247814
111,131,151,134.57033918677973,66.81510245518973,36.26506880078898,-271.978021039914
112,132,152,126.71894141095856,68.5068862187124,40.3237974662066,-204.43943663249684
113,133,153,139.5282844897726,78.5282844897726,48.67722197979407,-279.0275463994199
114,134,154,126.46596051390134,80.77093522527741,58.9837819520377,-159.1308845587264
115,135,155,116.00268340174551,75.1099976036648,55.614033256215066,-132.7840754755017
116,136,156,112.49675977861068,70.49675977861068,51.38614732504021,-126.42547736603353
117,137,157,121.52371757465949,67.52371757465949,42.68271244960579,-137.3842975301974
118,138,158,133.10333417314462,70.10333417314462,42.159413817282484,-223.58022593016642
119,139,159,112.4729680262543,51.47296802625431,24.068966133208164,-242.77866171863184
120,140,160,105.49825729150024,44.498257291500295,17.594158850903227,-219.98573622372032
121,141,161,73.28672340847947,34.286723408479475,16.602812025576554,-138.0592107884288
122,142,162,77.29597580992595,34.29597580992595,19.25563245032322,-162.59348893144465
123,143,163,63.33897923201516,30.338979232015163,15.648149820621256,-169.68449342341376
124,144,164,55.99744074202761,30.997440742027607,20.630228864282515,-87.67573649754092
125,145,165,66.85197443128283,39.85197443128283,27.1461115769161,-126.44533746211823
126,146,166,45.06357502852893,28.06357502852893,18.954497402568336,-75.2594671179836
127,147,167,51.1104315995463,24.110431599546303,19.542007723888503,-38.13391876908963
128,148,168,57.42568261823237,31.425682618232315,21.537116496324643,-51.42290951336804
129,149,169,62.52791366748272,38.52791366748272,29.444202541774303,-52.044970354022894
130,150,170,72.54756844374992,44.547568443749924,35.85384337893959,-32.424568564247295
131,151,171,96.08737494266654,57.33213821107654,47.77071195111,-225.2123893585599
132,152,172,98.00245774096669,61.79040254872052,53.571282152587855,-221.73537329142903
133,153,173,99.98006470751216,62.980064707512156,54.263078174602526,-186.7729284726953
134,154,174,114.12514405654667,63.43011876792275,50.872880447363116,-212.20428601960214
135,155,175,92.58325192640098,46.690566128320256,35.18166381853166,-277.398549730054
136,156,176,102.10045471598977,49.10045471598977,34.34268926061418,-262.03009061858506
137,157,177,74.15087352463956,22.150873524639564,8.086733734788027,-204.03787601645558
138,158,178,57.86321607912532,8.863216079125323,-3.4021489631483064,-239.00124351128818
139,159,179,21.85076050755265,-19.14923949244735,-28.471396211344995,-191.30482173108146
140,160,180,19.197739209131896,-17.802260790868104,-23.746658601537888,-203.21908864812906
141,161,181,20.30040128941016,-14.69959871058984,-21.03455860882559,-191.76303814220216
142,162,182,15.08731725454345,-16.91268274545655,-17.46558525323303,-141.69491570015032
143,163,183,20.069133725711367,-4.930866274288633,-6.63373839503447,-134.43378554950993
144,164,184,17.2292409536048,-11.770759046395199,-15.811669304528891,-126.02994901641898
145,165,185,30.260706719349685,0.2607067193496846,-2.213081764823528,-179.31585227402104
146,166,186,23.042509561270208,1.042509561270208,2.3636194609674703,-128.37698303573382
147,167,187,23.18313365008055,-10.81686634991945,-7.844673711559437,-79.87141130529938
148,168,188,26.671470870835776,-2.3285291291642807,-6.369439387297916,-103.43354907861226
149,169,189,31.637904183139938,3.6379041831399377,0.7880072423432694,-110.24193212980992
150,170,190,30.267854027663873,-9.732145972336184,-12.167611856376084,-130.8917652087631
151,171,191,46.24548347307393,11.245483473073932,6.2968179359580745,-168.99528671770577
152,172,192,42.839003570080195,7.839003570080251,2.5437644426843917,-196.42317623516476
153,173,193,37.688468629019894,3.6884686290198943,1.7690543713678153,-154.8763653223251
154,174,194,41.18074756911784,-8.819252430882102,-15.831313306962215,-217.71464829907086
155,175,195,75.47486996762126,24.47486996762126,10.867199061513588,-310.9695957212771
156,176,196,79.24615878995132,23.246158789951323,8.882025151358448,-316.9396904898947
157,177,197,80.91890887849905,26.918908878498996,12.337267182810251,-289.87100137565585
158,178,198,65.65728305563607,19.65728305563607,10.137330090216665,-196.6551005399681
159,179,199,67.11629647519891,26.11629647519885,17.50763010727212,-198.79997272896844
160,180,200,56.48476224501724,18.484762245017237,11.002777526730597,-197.20658707867767
161,181,201,59.33417240988558,21.334172409885582,14.545334872158719,-197.96148429743096
162,182,202,48.05759652518907,15.05759652518907,9.718368900507357,-142.005100333712
163,183,203,52.338604046502496,18.338604046502496,12.848083875323823,-165.18452147225514
164,184,204,58.028334135488876,27.028334135488876,21.9916916038012,-152.96026246546955
165,185,205,62.91916578253506,33.91916578253506,31.59666984485898,-171.7656036849114
166,186,206,61.85700070526235,28.85700070526235,24.25867171783443,-180.4587847459095
167,187,207,81.99448772022185,43.994487720221855,37.76962955438637,-159.1718226002364
168,188,208,80.4399179366302,49.439917936630195,43.71012822438257,-169.06897334891266
169,189,209,68.00380489902005,37.003804899020054,31.96716236733232,-157.7806315363316
