Left,Mid,Right,Loss,Loss_left,Loss_right,gain,glasso
0,20,40,1360.4593259365572,994.7679213566212,1000.4380485481253,-634.7466439681891,8.667344048621658
1,21,41,1359.3920143384812,990.943464787285,1005.4284404960231,-636.9798909448268,6.560685669992154
2,22,42,1364.4534454896057,983.5715445356861,1008.9208745996046,-628.038973645685,8.473099656500949
3,23,43,1366.8542311956721,987.6267443861011,1007.2683172671824,-628.0408304576113,10.290913746062529
4,24,44,1369.0585391551765,991.3753595065549,1004.5795107599082,-626.8963311112866,11.645808312421309
5,25,45,1363.9647618639106,987.4814068808133,994.5853266915934,-618.1019717084962,16.144232413945474
6,26,46,1359.7533018671347,980.5699048563304,995.6433044052729,-616.4599073944687,15.812177650657532
7,27,47,1363.1403166164405,981.8893837360762,990.8691865616998,-609.6182536813355,17.95759278688388
8,28,48,1363.9767412774663,987.9091556387601,989.361769384669,-613.2941837459628,17.414132947518056
9,29,49,1366.3825756576307,988.4446192874823,991.7347892839551,-613.7968329138066,17.36940843740649
10,30,50,1364.9515286371322,981.3539616101789,997.9494700529939,-614.3519030260406,18.926445465137135
11,31,51,1361.7885945386986,975.2785706468386,997.6933550353192,-611.1833311434591,21.65195331969062
12,32,52,1359.1742702217548,977.8422476659825,993.0678241557845,-611.7358016000121,16.961759623012767
13,33,53,1365.6663820827491,982.1061753326164,999.6818770002257,-616.1216702500931,18.452951728431913
14,34,54,1364.5568326713715,972.0877651576444,1000.9814344635806,-608.5123669498535,21.341691945474167
15,35,55,1370.2084880433072,974.229570200847,1010.4554714825663,-614.476553640106,22.22891349333861
16,36,56,1368.7074861921997,984.6757604666534,1007.7560062118561,-623.7242804863099,15.839735957670428
17,37,57,1369.217951550625,998.4861407736007,1002.7110583376746,-631.9792475606503,9.755660404624223
18,38,58,1369.8580568718764,1002.1595970251606,996.920622972106,-629.2221631253901,10.747338791597599
19,39,59,1365.352011244776,1001.8368325661005,998.1420678310247,-634.6268891523493,8.381927985465609
20,40,60,1365.6228230868614,1000.4380485481253,994.7288269440027,-629.5440524052665,9.910702267975466
21,41,61,1376.7592254971073,1005.4284404960231,1011.6814985783221,-640.3507135772379,9.084652407158956
22,42,62,1378.0253853477166,1008.9208745996046,1005.4177070852365,-636.3131963371247,10.98940960648315
23,43,63,1381.882046192965,1007.2683172671824,1001.2787041180221,-626.6649751922396,14.35730390569961
24,44,64,1385.759756444466,1004.5795107599082,1008.5941086134193,-627.4138629288616,14.948433548868934
25,45,65,1385.4764237346808,994.5853266915934,1011.1169485855778,-620.2258515424905,16.648847880247217
26,46,66,1387.1448883567925,995.6433044052729,1011.3310726082887,-619.829488656769,17.31151484425709
27,47,67,1398.6776094991317,990.8691865616998,1023.3144996140161,-615.5060766765844,16.199403345350333
28,48,68,1394.2133207667023,989.361769384669,1021.4735093117779,-616.6219579297447,12.60975525468757
29,49,69,1406.4752598037994,991.7347892839551,1027.7448218825934,-613.0043513627493,11.128735840549439
30,50,70,1414.5223424620203,997.9494700529939,1022.2994484487106,-605.726576039684,14.667572095840683
31,51,71,1414.2101800222943,997.6933550353192,1022.0194162113588,-605.5025912243839,14.294139082934635
32,52,72,1412.4646872885141,993.0678241557845,1016.8147780654109,-597.4179149326812,15.497230758568094
33,53,73,1416.694155405323,999.6818770002257,1014.4559593445642,-597.4436809394667,14.464164682163073
34,54,74,1423.1671035865936,1000.9814344635806,1019.7801862971388,-597.5945171741257,14.739262014504448
35,55,75,1422.531023465248,1010.4554714825663,1009.2241564662074,-597.1486044835258,14.164064336115416
36,56,76,1424.705712068429,1007.7560062118561,1006.4712586221013,-589.5215527655284,12.764778124882355
37,57,77,1416.6903220535964,1002.7110583376746,1010.3226758565984,-596.3434121406765,9.20142923917183
38,58,78,1410.518602354662,996.920622972106,1003.5801241549988,-589.9821447724426,9.656091609011014
39,59,79,1419.2762629580884,998.1420678310247,1004.3623705724118,-583.2281754453481,13.166698890849148
40,60,80,1423.9042927681758,994.7288269440027,1006.1570335374226,-576.9815677132497,13.341743266722233
41,61,81,1428.0925234921874,1011.6814985783221,998.8633014320445,-582.4522765181791,16.244027057043468
42,62,82,1417.253115876044,1005.4177070852365,998.9033717116021,-587.0679629207948,14.806003547011187
43,63,83,1412.2767610515284,1001.2787041180221,1001.0463110605438,-590.0482541270376,15.404983217127551
44,64,84,1406.1275659831745,1008.5941086134193,997.0367717734413,-599.5033144036861,13.641929045115717
45,65,85,1406.4932091854348,1011.1169485855778,994.399862093413,-599.023601493556,15.339473370001542
46,66,86,1412.4641776655176,1011.3310726082887,998.8398404265168,-597.7067353692878,14.705107587675002
47,67,87,1408.7642324716699,1023.3144996140161,995.4293664066932,-609.9796335490396,11.481633841953112
48,68,88,1400.4910807801828,1021.4735093117779,989.6662944087853,-610.6487229403804,11.354452456983381
49,69,89,1399.714226846683,1027.7448218825934,989.9167479443988,-617.9473429803093,9.46530812034257
50,70,90,1392.050672437129,1022.2994484487106,985.9443855091433,-616.193161520725,10.428646966178462
51,71,91,1397.3353488807038,1022.0194162113588,995.4106624242272,-620.0947297548823,10.072283487821437
52,72,92,1397.2911777497404,1016.8147780654109,1004.8441174054765,-624.3677177211468,8.126502355922412
53,73,93,1384.759622974939,1014.4559593445642,1002.6017694493223,-632.2981058189475,5.012568822787443
54,74,94,1385.305036401472,1019.7801862971388,998.1815502426304,-632.6567001382971,5.948976195351861
55,75,95,1374.6790926852245,1009.2241564662074,998.512828682793,-633.0578924637759,5.727258916342976
56,76,96,1368.7846217492324,1006.4712586221013,1000.535989984472,-638.2226268573409,4.445500837548138
57,77,97,1379.7935129213436,1010.3226758565984,1004.8594907310921,-635.388653666347,6.3087272105618695
58,78,98,1373.8456433991646,1003.5801241549988,1004.1182569202449,-633.852737676079,6.4727637506372275
59,79,99,1370.2498722983341,1004.3623705724118,999.7846487189111,-633.8971469929888,4.740169177669372
60,80,100,1366.4429199329397,1006.1570335374226,996.4099989125823,-636.1241125170652,5.496868088190354
61,81,101,1364.877197423209,998.8633014320445,1004.005641858806,-637.9917458676414,3.80569974332343
62,82,102,1367.6865546553079,998.9033717116021,1005.3124621245881,-636.5292791808822,4.617022728593838
63,83,103,1365.0725184467915,1001.0463110605438,995.3434395276561,-631.3172321414083,7.15332254439204
64,84,104,1362.6768906465268,997.0367717734413,997.3681290954582,-631.7280102223726,7.077286594437055
65,85,105,1361.0951039850188,994.399862093413,999.8278980891762,-633.1326561975704,8.692427173270517
66,86,106,1367.2017309457663,998.8398404265168,997.7345953660729,-629.3727048468234,11.034612971379033
67,87,107,1368.7349609304174,995.4293664066932,1000.0882588403991,-626.782664316675,13.200361639033872
68,88,108,1368.4632777788606,989.6662944087853,1003.3574645359599,-624.5604811658845,14.89601570659454
69,89,109,1364.7508896444226,989.9167479443988,999.3285927651234,-624.4944510650996,12.027802389712974
70,90,110,1362.3266166227281,985.9443855091433,1001.8790461051258,-625.496814991541,11.278848911382056
71,91,111,1364.4976419298337,995.4106624242272,1002.1865678720426,-633.0995883664361,8.953261248666877
72,92,112,1365.7035871574105,1004.8441174054765,998.0190138502012,-637.1595440982671,6.6038433841160895
73,93,113,1364.610335317976,1002.6017694493223,996.679520841715,-634.6709549730613,6.120054515132097
74,94,114,1358.57006436826,998.1815502426304,994.1459095795822,-633.7573954539523,6.231145253826526
75,95,115,1357.4257859294526,998.512828682793,993.020831882189,-634.1078746355295,6.784383322434678
76,96,116,1364.9196990158823,1000.535989984472,1000.3718012968477,-635.9880922654374,7.442300848318496
77,97,117,1361.7685004834143,1004.8594907310921,982.8543833649077,-625.9453736125856,5.6310535051025
78,98,118,1362.031532327438,1004.1182569202449,983.6941962860066,-625.7809208788135,6.151066458828723
79,99,119,1359.1287507621607,999.7846487189111,981.27811216532,-621.9340101220703,3.8744578448781795
80,100,120,1350.2194545117127,996.4099989125823,978.6079152894199,-624.7984596902895,2.0162189260738614
81,101,121,1349.7337643859264,1004.005641858806,971.55370749403,-625.8255849669097,-2.9864445500072634
82,102,122,1351.1570765773095,1005.3124621245881,968.6469575956307,-622.8023431429094,-4.478406739359798
83,103,123,1350.1009548042916,995.3434395276561,977.4149259532498,-622.6574106766143,-2.2816850115814304
84,104,124,1361.393625918026,997.3681290954582,988.8695714682956,-624.8440746457279,0.6362202258537764
85,105,125,1362.616741015363,999.8278980891762,988.615754641681,-625.8269117154941,2.315856305616876
86,106,126,1359.249902886159,997.7345953660729,989.8561934858899,-628.3408859658039,7.005789966943439
87,107,127,1357.631073289479,1000.0882588403991,985.1932398473073,-627.6504253982275,7.0269274562953115
88,108,128,1357.0626818821656,1003.3574645359599,975.1545170298365,-621.4492996836307,11.308401245042432
89,109,129,1354.8626380995024,999.3285927651234,973.5936804503514,-618.0596351159725,12.07509303295194
90,110,130,1351.386896339362,1001.8790461051258,956.7805439265255,-607.2726936922893,15.868860133372777
91,111,131,1351.0151579411145,1002.1865678720426,960.7499695928441,-611.9213795237722,14.673841263727468
92,112,132,1339.8758453005007,998.0190138502012,958.802794286385,-616.9459628360855,13.811644109664144
93,113,133,1344.3262488879718,996.679520841715,971.5033357792297,-623.8566077329729,8.467786283366422
94,114,134,1338.370609647723,994.1459095795822,968.3072345348551,-624.0825344667142,7.659674181195214
95,115,135,1341.08647066292,993.020831882189,969.6995250384738,-621.6338862577427,8.897935045770055
96,116,136,1343.2875184464847,1000.3718012968477,972.3391111340202,-629.4233939843832,6.500358946958613
97,117,137,1326.9064065756284,982.8543833649077,971.8867786568695,-627.8347554461488,1.4236823084208936
98,118,138,1330.686154790124,983.6941962860066,980.1514045734709,-633.1594460693536,1.4771677628949647
99,119,139,1345.9663351059362,981.27811216532,995.4692172569717,-630.7809943163554,0.7481661670956328
100,120,140,1344.2036877630494,978.6079152894199,996.291740541577,-630.6959680679474,-0.6101327411423654
101,121,141,1335.8171249732418,971.55370749403,988.7406025085772,-624.4771850293655,0.16747609668493624
102,122,142,1329.4060114286303,968.6469575956307,985.0448146111175,-624.285760778118,-3.166637133520908
103,123,143,1330.6284304924948,977.4149259532498,965.7573162510647,-612.5438117118197,2.585638187065115
104,124,144,1337.8214579386422,988.8695714682956,953.7421069497473,-604.7902204794007,2.655019352795989
105,125,145,1341.3853625298811,988.615754641681,954.9623432353516,-602.1927353471515,3.0613996934142733
106,126,146,1332.4821605893303,989.8561934858899,946.8841721535355,-604.2582050500951,3.368854217018111
107,127,147,1332.651333068904,985.1932398473073,949.2064777380913,-601.7483845164945,2.335088774205019
108,128,148,1329.852289447776,975.1545170298365,955.3406125547617,-600.6428401368221,-1.0943923067621881
109,129,149,1329.2177431734417,973.5936804503514,957.5289698435522,-601.9049071204618,-3.0669983064653934
110,130,150,1321.5144967252038,956.7805439265255,958.9851780484885,-594.2512252498102,-6.416435649443201
111,131,151,1324.5810580163134,960.7499695928441,960.214484948133,-596.3833965246636,-1.1896672711478686
112,132,152,1338.3992079233826,958.802794286385,978.624587434651,-599.0281737976534,2.4531387229577604
113,133,153,1335.5107234959478,971.5033357792297,963.3667405090447,-599.3593527923267,-0.8619696725222639
114,134,154,1359.2053279982883,968.3072345348551,987.8196072735112,-596.9215138100781,2.9379808562979406
115,135,155,1370.2701989547934,969.6995250384738,1001.129922271124,-600.5592483548044,4.276142067442947
116,136,156,1369.0943191985307,972.3391111340202,999.0280886282516,-602.2728805637412,5.664235197343032
117,137,157,1365.3894358766174,971.8867786568695,991.3380838719556,-597.8354266522078,4.697885061044985
118,138,158,1368.6663284754645,980.1514045734709,989.5974274436176,-601.082503541624,4.0920538028233295
119,139,159,1376.9080008927228,995.4692172569717,982.2941794748336,-600.8553958390823,7.676180075357706
120,140,160,1384.8398124747255,996.291740541577,985.7618938052439,-597.2138218720954,10.833496120029736
121,141,161,1371.1708937672151,988.7406025085772,984.9986446792286,-602.5683534205907,9.813400964514585
122,142,162,1382.7625963917571,985.0448146111175,999.2092174398973,-601.4914356592576,11.597280002107482
123,143,163,1371.0782141607206,965.7573162510647,1002.4234042868522,-597.1025063771963,9.717779523859349
124,144,164,1359.950032028994,953.7421069497473,1004.4903199455911,-598.2823948663445,9.36659860643158
125,145,165,1360.8898586671576,954.9623432353516,1001.503399826116,-595.5758843943099,9.664004038762982
126,146,166,1361.0780107742617,946.8841721535355,1003.1211711606118,-588.9273325398856,9.822180718102118
127,147,167,1359.753360278165,949.2064777380913,1001.3269334696881,-590.7800509296144,10.52810088921251
128,148,168,1382.1803034944926,955.3406125547617,1013.2657766899476,-586.4260857502168,12.680565533817344
129,149,169,1383.601521083991,957.5289698435522,1014.1772834121615,-588.1047321717228,11.567407271565685
130,150,170,1391.6818418763914,958.9851780484885,1017.6187310032336,-584.9220671753305,13.713219177162728
131,151,171,1389.3630601117295,960.214484948133,1016.4444907399677,-587.2959155763713,17.82383933873666
132,152,172,1391.913953645887,978.624587434651,1008.7399700764156,-595.4506038651796,19.651441505786693
133,153,173,1385.5189727550764,963.3667405090447,1010.643022952105,-588.4907907060733,18.720537276193454
134,154,174,1376.4585199589337,987.8196072735112,1002.7563910940107,-614.1174784085883,13.405710017375782
135,155,175,1374.8568471767676,1001.129922271124,996.7488053371496,-623.0218804315059,11.943549445620306
136,156,176,1364.5796336660483,999.0280886282516,994.561908238022,-629.0103632002254,10.639573139817116
137,157,177,1359.003042306264,991.3380838719556,992.8512568544015,-625.1862984200932,13.179234019604792
138,158,178,1358.9212923037053,989.5974274436176,994.0022719992045,-624.6784071391166,12.705361760390929
139,159,179,1348.149817651919,982.2941794748336,993.7357896870969,-627.8801515100117,11.236546942884615
140,160,180,1344.142740714789,985.7618938052439,987.3156271381453,-628.9347802286002,12.236566108638044
141,161,181,1345.1489820252764,984.9986446792286,989.8160125393676,-629.6656751933199,13.010835789015573
142,162,182,1356.5137408951027,999.2092174398973,981.2492539975503,-623.944730542345,14.768798259348387
143,163,183,1361.3447117932556,1002.4234042868522,984.4552588879903,-625.533951381587,13.893425274764581
144,164,184,1358.9543705595788,1004.4903199455911,977.3309632285408,-622.866912614553,14.50267582126412
145,165,185,1365.163990748798,1001.503399826116,988.9783686339698,-625.3177777112878,14.062563663823653
146,166,186,1365.3127339554471,1003.1211711606118,988.5997151074713,-626.408152312636,13.077972818795047
147,167,187,1363.0549031793898,1001.3269334696881,988.5542770606999,-626.8263073509981,13.493362133229198
148,168,188,1361.4724613224992,1013.2657766899476,978.1693512942111,-629.9626666616596,11.494208910328325
149,169,189,1363.5146652027584,1014.1772834121615,980.3432952913811,-631.0059135007841,11.13430662108749
150,170,190,1363.5564463563164,1017.6187310032336,972.7235146455042,-626.7857992924214,12.857882451186697
151,171,191,1366.10534469976,1016.4444907399677,969.4754705130465,-619.8146165532542,12.733602096861432
152,172,192,1360.6915871763852,1008.7399700764156,966.2915986356212,-614.3399815356518,16.263542955657613
153,173,193,1361.7871601203337,1010.643022952105,965.8107776459642,-614.6666404777354,16.68290714809234
154,174,194,1348.0317878284043,1002.7563910940107,975.253838201299,-629.9784414669055,9.280871865612767
155,175,195,1338.6321234666498,996.7488053371496,972.7904263113655,-630.9071081818654,8.53556070947775
156,176,196,1339.7516597520942,994.561908238022,976.29061788643,-631.100866372358,9.936908606637417
157,177,197,1338.226930542369,992.8512568544015,972.8567004876027,-627.4810267996352,13.89359280642907
158,178,198,1337.4324289269816,994.0022719992045,972.613854997499,-629.1836980697217,11.792004947297187
159,179,199,1337.382100457853,993.7357896870969,970.2128922628782,-626.5665814921222,13.962265802161369
160,180,200,1329.5789805636107,987.3156271381453,969.0633001626352,-626.7999467371699,13.746287247613736
161,181,201,1333.3589730369888,989.8160125393676,971.7946608816193,-628.2517003839982,15.136314809337819
162,182,202,1321.8844679757992,981.2492539975503,968.416290507563,-627.7810765293141,10.53465358102062
163,183,203,1323.6616589029477,984.4552588879903,959.7021886500484,-620.495788635091,11.969551379626637
164,184,204,1323.7681714712949,977.3309632285408,959.305869558514,-612.8686613157599,13.114536914683754
165,185,205,1332.764389275655,988.9783686339698,962.0707224361566,-618.2847017944714,11.871038192539459
166,186,206,1334.1775746438611,988.5997151074713,965.621711486097,-620.043851949707,10.431623376364541
167,187,207,1337.7416986866797,988.5542770606999,974.0720295629112,-624.8846079369314,8.8426885523387
168,188,208,1324.7675208579508,978.1693512942111,974.3911863151945,-627.7930167514548,6.279944379719723
169,189,209,1325.3598590576908,980.3432952913811,972.8264057991414,-627.8098420328317,4.672183328981191
