Left,Mid,Right,Loss_likeli,Loss_AIC,Loss_BIC,Loss_eBIC
0,20,40,68.48720500012064,36.48720500012058,27.957142970312475,-126.85018806483936
1,21,41,67.36506466529659,38.365064665296586,33.12103561476022,-90.08210568936147
2,22,42,72.00174879975697,41.00174879975697,32.74782155295344,-118.14456769194635
3,23,43,63.54984177272621,31.549841772726154,21.163302840341885,-149.62458008998874
4,24,44,72.61225428478747,41.61225428478747,30.046748603241895,-109.81759011254655
5,25,45,68.44842090207976,42.44842090207976,32.623063658397655,-83.84251278896704
6,26,46,68.58558081874651,42.58558081874651,33.79994434590424,-114.68112150784839
7,27,47,64.98353235546699,42.74362583291588,39.13193177162657,-74.05414312551147
8,28,48,71.06646744691813,45.43327657378859,38.98218860635495,-87.5701904014187
9,29,49,76.22532698137707,50.70482148959866,45.64351751526425,-115.62056409689865
10,30,50,55.33657650861829,33.870587416962735,31.840468760576186,-87.38969109111872
11,31,51,68.98178139677287,33.72791768671209,23.190086207830745,-121.02276979455075
12,32,52,56.62501113687085,21.61525830653153,11.253828740655194,-107.95666532188295
13,33,53,53.570003313919926,24.57000331391987,17.467829671314803,-135.0920654832379
14,34,54,48.30578939477408,20.305789394774024,16.76274527341741,-107.91955927451386
15,35,55,52.71972909394634,12.719729093946398,4.58858569238555,-178.8905025850596
16,36,56,49.2114224577121,8.21142245771216,0.6221336902143548,-227.83571038818036
17,37,57,45.6804950972932,2.68049509729326,-5.55795235347864,-217.13622403852492
18,38,58,36.72259518318191,-1.277404816818148,-7.026521583704948,-201.9340250175551
19,39,59,24.652070171426715,-19.347929828573115,-20.66272969932436,-152.1359393047769
20,40,60,28.78481326182208,-12.21518673817792,-19.680866554499516,-212.22996319292008
21,41,61,29.98031223393093,-10.019687766069069,-14.848493286392682,-197.4694835996986
22,42,62,35.12215105296349,-8.877848947036455,-14.939696214941591,-228.75310145516528
23,43,63,30.14025914789164,-13.859740852108416,-19.79130391119884,-202.60908469094818
24,44,64,31.170465738255587,-14.82953426174447,-19.805114003666176,-191.78304761750132
25,45,65,36.1232020660334,-8.8767979339666,-17.70914348708436,-188.51163570575534
26,46,66,48.988833734261334,4.988833734261448,0.822476276211205,-200.2584522074485
27,47,67,43.336191869904724,-2.6638081300952763,-8.269375064799078,-170.40494394333018
28,48,68,46.37058975301045,-5.629410246989551,-9.879276057003267,-177.38575966539975
29,49,69,45.95376386495536,-1.0462361350446372,-9.19670659124472,-191.99796850379482
30,50,70,44.4139009673454,3.4139009673453984,-2.4425198487526814,-184.85901410222982
31,51,71,38.15772041789518,9.157720417895234,9.275693243121168,-84.6153194499525
32,52,72,35.69501792257057,3.695017922570628,2.1856381905168973,-67.00915797434277
33,53,73,46.9827624570496,23.982762457049603,26.18632764712345,-65.9312177409779
34,54,74,78.88180614370123,56.0225566337466,54.38355663445179,-34.397106679828084
35,55,75,87.73582790414969,52.73582790414969,45.11224845810568,-109.82171909897943
36,56,76,90.43449275672288,51.434492756722875,41.33160199064764,-169.08673959821874
37,57,77,114.3417231417709,55.3417231417709,34.97853441920745,-286.4181676790099
38,58,78,120.84078874388047,63.840788743880466,44.12675870459111,-327.0734098293483
39,59,79,115.88201888716526,61.88201888716526,40.542424945687,-268.49039063701696
40,60,80,129.42542534528644,71.4254253452865,48.787514037260166,-302.45775560416575
41,61,81,127.49590934762074,69.49590934762074,45.818277268754514,-290.1698028347432
42,62,82,117.83747615562498,60.83747615562504,41.429332416210855,-299.0398156697113
43,63,83,118.09376873345275,62.09376873345275,43.94948740799896,-267.0523240093438
44,64,84,127.43363745260024,63.43363745260024,43.21276915859062,-277.10911754553024
45,65,85,116.45670346372088,51.456703463720885,27.22094935006544,-306.6470519852654
46,66,86,119.14318749805409,55.14318749805409,32.70174113774465,-277.42873906407226
47,67,87,110.32807916106873,44.32807916106873,21.14057050466556,-256.0078002173302
48,68,88,113.68931340686515,45.68931340686515,23.940666959241753,-251.80532492681243
49,69,89,100.79385893810786,45.79385893810792,24.649546040412588,-224.53530169296937
50,70,90,97.15135547570037,40.15135547570043,17.664736714171113,-254.4081385822301
51,71,91,74.52811131472583,38.528111314725834,28.115312444389588,-111.01999784745851
52,72,92,89.63304451915258,50.63304451915258,38.032861974278376,-175.27393103858697
53,73,93,80.91181394211242,42.91181394211236,35.221371948571345,-129.88136389430656
54,74,94,71.25025119965034,46.39100168969571,44.85737413966342,-30.321723334849025
55,75,95,55.79315561187889,45.79315561187889,50.26965599497976,32.148584546580764
56,76,96,64.5976331876683,47.59763318766829,48.44779743068699,-66.11191211338121
57,77,97,61.94264549740939,33.94264549740939,29.013307014932764,-127.38284618399621
58,78,98,60.98777044385639,33.98777044385639,29.209724507876842,-149.76843308970183
59,79,99,64.05923792855458,27.05923792855458,19.124408512007335,-162.83536401738695
60,80,100,64.84940205838609,32.84940205838609,27.31489338992145,-178.3600516474612
61,81,101,29.01213605921754,8.01213605921754,8.647302075859727,-61.24667391349158
62,82,102,39.657506764149446,18.657506764149446,25.528477257654117,-21.816455585414815
63,83,103,45.06177255853373,24.061772558533733,24.696938575175977,-82.15241392961741
64,84,104,40.620625094213096,17.620625094213096,16.92414684742039,-80.0259603375838
65,85,105,35.695974886763224,9.695974886763224,7.940901839002208,-116.22896012005742
66,86,106,11.653178351415477,-11.346821648584523,-12.400535086056266,-67.04974928702313
67,87,107,12.970777388282613,-9.029222611717387,-8.27752982482059,-32.48323305166946
68,88,108,18.424947621297576,-11.575052378702424,-12.6726537383895,-56.85432485831802
69,89,109,21.89191605595113,-7.108083944048872,-11.148994202182507,-101.4546132225837
70,90,110,28.85889276699919,-14.14110723300081,-24.112422635172493,-164.13430341611024
71,91,111,24.87768692705231,-20.12231307294769,-23.41681555795776,-155.8564593535266
72,92,112,30.41130408984509,-19.58869591015491,-24.662735249501452,-204.04613220180886
73,93,113,29.52904490465528,-17.47095509534472,-18.58873662179451,-170.50973547215995
74,94,114,23.7250074961143,-17.2749925038857,-18.364339732992562,-138.40471770032866
75,95,115,20.35746627195357,-5.642533728046487,-6.456977624449223,-67.92706243627083
76,96,116,27.6373527899446,-1.3626472100553997,-1.937821565389413,-149.11025152785805
77,97,117,24.75303933024901,-3.2469606697509903,-3.670842478587929,-135.31958489327565
78,98,118,25.707554127672324,-3.2924458723276757,-4.560767408221636,-145.82561176687943
79,99,119,31.924300396027036,5.924300396027036,6.93173438682652,-116.31639589529891
80,100,120,39.925849261761016,0.9258492617610159,-5.321133641902861,-143.6449071777448
81,101,121,27.92550240338653,-9.074497596613469,-13.286027455883413,-162.32216533021028
82,102,122,50.42116049477693,19.421160494776984,23.08702486231641,-97.65987909088756
83,103,123,64.17509424701558,19.17509424701558,14.099797606049378,-216.24485131600784
84,104,124,52.175712092750814,5.175712092750814,-0.41975533027607526,-199.63217035551497
85,105,125,46.981010533306744,3.981010533306744,0.5945933464545305,-183.91589492667845
86,106,126,25.881569247491655,-12.118430752508289,-10.93607571379573,-212.10523816339446
87,107,127,30.41934769739663,-6.580652302603312,-4.632611810362164,-189.50144521021923
88,108,128,25.350449377793552,-18.649550622206448,-17.706364549492264,-189.75116283241664
89,109,129,30.068235186005097,-18.93176481399496,-23.22593727982928,-237.92448943608156
90,110,130,17.74304491608052,-31.256955083919593,-36.24427473031369,-214.4399319515121
91,111,131,15.62156135730271,-33.37843864269735,-33.35156488809207,-221.97214484248377
92,112,132,21.61229843474598,-26.38770156525402,-24.574257596286998,-194.09881040203118
93,113,133,19.715764261076004,-23.284235738924053,-15.47908091266629,-162.4481170571231
94,114,134,12.130001041732044,-1.8699989582679564,15.273685817547062,-2.6525590126685756
95,115,135,7.160387493096891,-0.8396125069032223,13.892432273999361,31.73163635936976
96,116,136,22.829455235194814,-8.170544764805186,-6.968862671453394,-65.20623824880408
97,117,137,30.248707014008687,3.2487070140085734,6.788427244748391,-61.06830405473329
98,118,138,21.9194910855727,-4.080508914427355,1.6899454044893218,-85.43839525417206
99,119,139,22.79514365094269,9.795143650942691,21.69128415768023,-18.579559245086784
100,120,140,13.998127736663093,-12.00187226333685,-4.151976402740502,-113.03507951567497
101,121,141,20.517571816650445,-23.48242818334961,-25.633843555578892,-250.65785313240417
102,122,142,30.60339360434773,-7.39660639565227,-6.907398537499716,-234.01997643658308
103,123,143,52.288932234789115,-7.711067765210942,-14.67741560934985,-341.4751881029257
104,124,144,42.23431622876899,-16.76568377123101,-22.34888562712831,-308.75569418887164
105,125,145,37.324990779663494,-8.675009220336506,-13.20845122723972,-250.34617982211932
106,126,146,56.685631222365544,12.6856312223656,9.61300271097366,-252.3508249147335
107,127,147,48.17830283853584,2.4773505153018505,-0.8156444762867068,-245.47453874601138
108,128,148,47.41340651763221,2.413406517632211,0.5884410435918426,-191.7429562761207
109,129,149,56.6208135089189,12.6208135089189,8.506756873853305,-257.60051495118523
110,130,150,60.10661634081089,20.106616340810888,14.982688373451424,-202.81748783946614
111,131,151,67.53111984958844,25.531119849588435,16.401636468725883,-217.6377017190016
112,132,152,81.42058866156219,35.42058866156219,27.53995038512153,-217.24133432852818
113,133,153,87.2086424942317,40.20864249423164,28.149827078608837,-191.25451259998408
114,134,154,73.01519433305214,47.015194333052136,43.93640399262142,-46.78611327617307
115,135,155,80.1626685080667,54.162668508066645,52.03221634151737,-31.825735023678362
116,136,156,93.01597131920892,53.015971319208916,43.72300619199905,-133.4210153966236
117,137,157,101.1642552186716,58.661622825622885,49.358793161364474,-157.98617290623315
118,138,158,111.92893041763114,63.928930417631136,51.663602773183925,-183.27083065771853
119,139,159,129.667590436828,80.66759043682805,63.20362154035456,-181.55490512455788
120,140,160,134.50338190855405,87.50338190855405,69.30227733423476,-149.77598202062643
121,141,161,133.50724758611875,77.50724758611875,54.478774190526565,-232.45503158076963
122,142,162,129.29257809106667,78.29257809106662,58.100008969639475,-222.3836942898347
123,143,163,110.74453487504172,59.905846117022634,43.923250537596914,-161.2797914703068
124,144,164,101.81993217282621,56.12199127460076,40.6564181043575,-121.0629944003831
125,145,165,77.44580135415447,42.44580135415447,29.24002412981531,-100.23451858691828
126,146,166,46.211713140063125,25.176210042735306,19.950155661723443,-20.864212918222393
127,147,167,43.484800218679425,22.055504792368197,18.493244429056517,-22.321124150889318
128,148,168,42.11554305444213,20.115543054442128,16.55545654459911,-17.577929432048563
129,149,169,63.1990026095055,16.199002609505442,2.4804891353035146,-123.27643320735649
130,150,170,53.71925919552848,12.71925919552848,4.568682223138012,-87.2905680153417
131,151,171,49.31558352134266,16.31558352134266,4.38884997559353,-87.82823031054102
132,152,172,47.499487459354214,17.499487459354214,10.653235565745945,-78.64851591136869
133,153,173,54.054521077584184,25.05452107758424,15.71897149890765,-55.20472244760151
134,154,174,52.856394185070144,32.856394185070144,28.605917581941753,-49.05306980093212
135,155,175,62.85395190485019,42.85395190485019,38.26288778262392,-28.749655062586726
136,156,176,56.233518841213765,40.233518841213765,39.646366518223886,-13.283574819375076
137,157,177,51.06504731010995,34.56241491706123,35.628802261168175,-18.457610025118356
138,158,178,52.273872779554665,36.88787603520939,38.639562136773066,-32.42496739283092
139,159,179,64.90919492929379,47.90919492929379,40.124355674193,-67.93850633099044
140,160,180,62.6171880631847,46.23610683990603,34.63389314753806,-45.831154510480815
141,161,181,61.18324979687503,41.18324979687503,32.11013793491696,-55.511434651664786
142,162,182,65.25138050107023,42.1428389832721,31.9085201554106,-76.80800391752251
143,163,183,46.527999344633656,31.68931058661468,25.562282943852665,-32.7412678999566
144,164,184,38.88203067337872,29.184089775153325,28.747604096228713,-12.06676448371718
145,165,185,41.27327843479384,24.273278434793838,21.909255718054624,-8.641062500206203
146,166,186,39.054912751838,27.019409654510184,24.97539089431166,13.705490511413814
147,167,187,39.15887353752976,29.430530434452407,29.909069516590193,10.618874263580324
148,168,188,59.527732517718846,39.527732517718846,34.13865811972653,-35.55352823848591
149,169,189,89.00220355115863,43.00220355115863,27.931887983490242,-135.1040755992659
150,170,190,93.8591496238293,49.23025012208592,41.90409426321321,-70.66981759862074
151,171,191,85.86100731465729,50.861007314657286,35.86170765942222,-68.03168939327531
152,172,192,56.61422790328254,25.374922496996703,20.16000758166848,-57.94025420331286
153,173,193,49.33188631617378,29.33188631617378,23.533446663993516,-54.114716110904965
154,174,194,37.808174655778146,17.808174655778146,11.66316141331788,-71.8479270538221
155,175,195,46.492832963948956,30.492832963948956,21.558731070379622,-75.82786707856962
156,176,196,48.69765244657742,37.69765244657742,35.80941342685679,-54.94474321239238
157,177,197,45.23995526924426,32.23995526924426,25.09425133546341,-42.28386410695657
158,178,198,48.96536542075495,34.57936867640967,30.496580350544605,-28.172599001331207
159,179,199,48.34304091597022,32.34304091597022,24.881376170682188,-16.28215910690693
160,180,200,70.93568345374536,35.935683453745355,18.43142777449725,-99.31602576579985
161,181,201,69.06937503676164,34.069375036761585,18.080927136869377,-113.12058733328934
162,182,202,65.36185061758817,29.253309099790044,16.606889049124675,-119.8102821713743
163,183,203,63.43597396020766,27.43597396020766,14.03234732633615,-103.7130741232445
164,184,204,60.35757588603809,26.35757588603809,9.690821655189552,-107.71623615353235
165,185,205,72.39404191097549,34.39404191097549,15.779589084363238,-106.66351665547438
166,186,206,73.80022505031178,33.80022505031178,15.824489913249408,-159.77849497528337
167,187,207,84.20903504522448,44.20903504522448,26.397478146254457,-160.46112867275065
168,188,208,99.88189390936691,51.88189390936691,31.373711541700004,-209.78453330347327
169,189,209,108.79989175200518,62.79989175200518,41.27657125074626,-197.4410976796779
