Left,Mid,Right,Loss,Loss_left,Loss_right,gain,glasso
0,20,40,1316.3313969301369,967.2066439588399,961.1938531611067,-612.0691001898097,2.6854373271905843
1,21,41,1311.642209137321,954.5705195832611,967.3212431233741,-610.2495535693142,3.1880604327934634
2,22,42,1316.872953142427,939.7654149404124,990.727405118056,-613.6198669160415,4.368525138385621
3,23,43,1320.6448332906166,950.83015303003,992.2392916422277,-622.4246113816412,5.625768645954963
4,24,44,1323.460627370986,951.0475474565712,994.482174019176,-622.0690941047612,6.39944516653668
5,25,45,1335.3237209493386,947.0733630237008,1008.7344822122363,-620.4841242865987,8.112861521124273
6,26,46,1334.5400443357105,952.6203002437542,1005.2615814474892,-623.341837355533,5.998717156930638
7,27,47,1340.4835646428735,957.8400997973843,1008.6532296056114,-626.0097647601222,5.212807642148846
8,28,48,1336.7128208337422,963.7680550906866,996.9020864598441,-623.9573207167887,5.668358418256162
9,29,49,1337.945089972075,985.7216393316785,983.2648406726559,-631.0413900322592,3.638365130788543
10,30,50,1324.6202933227837,967.3258681745499,983.5290999355411,-626.2346747873073,3.785678001119436
11,31,51,1326.5156597946361,972.4825433428446,985.0264397522301,-630.9933233004385,2.2473889630250596
12,32,52,1329.8729143053733,968.9334633353544,990.6244681681171,-629.6850171980982,0.8068696916747058
13,33,53,1331.9193899877473,967.8126864800541,989.9921182668254,-625.8854147591323,-0.9415509031296097
14,34,54,1334.9250270421426,969.0254092569094,992.8312611782928,-626.9316433930596,-1.2059978799483133
15,35,55,1331.452797091752,966.4040809372198,990.9819463492295,-625.9332301946972,-0.6867227979469135
16,36,56,1331.7700026089497,970.5262695266309,989.0997324052901,-627.8559993229715,-1.8510807768515178
17,37,57,1336.9652464159813,970.6538946529344,996.0557765748508,-629.744424811804,-0.30893215705020793
18,38,58,1344.0260086679068,966.3214516068007,1001.9568839501028,-624.2523268889968,0.8229963772475912
19,39,59,1341.2539308616929,960.8957199310734,1001.9079110504958,-621.5497001198764,1.638036490429954
20,40,60,1342.1840601169247,961.1938531611067,998.5860337355011,-617.5958267796832,2.3838467732056188
21,41,61,1345.5532421551393,967.3212431233741,996.9306152201257,-618.6986161883606,1.7453598433584148
22,42,62,1343.4385547296692,990.727405118056,979.5500299010134,-626.8388802894001,4.190694413182314
23,43,63,1351.5235932603834,992.2392916422277,987.741067016361,-628.4567653982051,3.407870114199227
24,44,64,1364.266446014337,994.482174019176,995.8395456088473,-626.0552736136865,2.9908241447643604
25,45,65,1367.8322981786364,1008.7344822122363,970.4810316674382,-611.3832157010381,6.130656220343667
26,46,66,1366.733921219783,1005.2615814474892,973.729815005976,-612.2574752336823,5.070905936059717
27,47,67,1375.587553504598,1008.6532296056114,978.2613921671636,-611.3270682681771,6.613802050824802
28,48,68,1374.8897094096787,996.9020864598441,985.7051339397873,-607.7175109899526,7.358256060958865
29,49,69,1358.8714873902568,983.2648406726559,984.1705514366342,-608.5639047190334,1.7402307611677088
30,50,70,1362.442406256792,983.5290999355411,975.0859569028794,-596.1726505816284,5.508882056415359
31,51,71,1358.166879349415,985.0264397522301,974.1412145860515,-601.0007749888666,4.79162970859295
32,52,72,1367.9721544029758,990.6244681681171,973.659362942346,-596.3116767074873,7.669892635892097
33,53,73,1371.516894015368,989.9921182668254,980.7452346759887,-599.2204589274461,10.802646062913936
34,54,74,1373.4932133748598,992.8312611782928,980.6202994061747,-599.9583472096078,10.187643360868606
35,55,75,1368.8255199274424,990.9819463492295,977.5499557354792,-599.7063821572663,9.076390771916863
36,56,76,1367.408693041405,989.0997324052901,982.3344594511707,-604.0254988150557,8.77651274168909
37,57,77,1366.5859614526003,996.0557765748508,973.6334878474931,-603.1033029697437,6.277505078957574
38,58,78,1367.2990739053735,1001.9568839501028,969.1864713991806,-603.84428144391,7.719509041015272
39,59,79,1366.4195312853335,1001.9079110504958,966.6405556922257,-602.128935457388,7.634412894672323
40,60,80,1364.9682895477576,998.5860337355011,962.4820163688732,-596.0997605566167,7.777659859517826
41,61,81,1370.691361851715,996.9306152201257,970.8351929755673,-597.0744463439778,13.183687795797027
42,62,82,1370.4039129328999,979.5500299010134,992.6486886390193,-601.7948056071327,11.97272610554171
43,63,83,1368.1684616370478,987.741067016361,990.7021443726738,-610.274749751987,11.37111331635083
44,64,84,1366.394075088349,995.8395456088473,982.665078506054,-612.1105490265522,10.384783096257934
45,65,85,1344.595520031966,970.4810316674382,982.6679892531196,-608.5535008885915,5.82678557686927
46,66,86,1342.268942252323,973.729815005976,984.2273452811097,-615.6882180347625,3.340151284029389
47,67,87,1336.9527720565325,978.2613921671636,975.3372564061347,-616.6458765167658,-0.4255004201082784
48,68,88,1341.8543824361218,985.7051339397873,979.9525126461324,-623.803264149798,-0.42803854525129736
49,69,89,1336.3842317214471,984.1705514366342,977.512801337943,-625.29912105313,-1.3668742251970798
50,70,90,1327.273906992797,975.0859569028794,975.054878826097,-622.8669287361795,-1.9859447909989285
51,71,91,1331.158716448945,974.1412145860515,982.3039547784358,-625.2864529155424,0.4945043078754452
52,72,92,1327.9431225295082,973.659362942346,981.9957166458499,-627.7119570586876,1.7204403032014852
53,73,93,1328.2550869763932,980.7452346759887,972.3911734982831,-624.8813211978786,7.081460023604677
54,74,94,1326.4423724101462,980.6202994061747,965.6909846108699,-619.8689116068986,7.758529749685522
55,75,95,1327.8319418447531,977.5499557354792,965.9068129330153,-615.6248268237414,6.902550907581599
56,76,96,1330.9694700626846,982.3344594511707,967.1791037451121,-618.5440931335982,6.909374609395854
57,77,97,1326.5396963602307,973.6334878474931,972.8797720989954,-619.973563586258,4.724674868083639
58,78,98,1320.8948277207442,969.1864713991806,970.5305925250397,-618.8222362034762,6.5011984942384515
59,79,99,1321.4457852464643,966.6405556922257,977.5253961032611,-622.7201665490225,5.467665015915031
60,80,100,1328.747018237298,962.4820163688732,985.8862602436933,-619.6212583752686,11.426962679332632
61,81,101,1343.0092156277997,970.8351929755673,976.815970456752,-604.6419478045195,24.014716185540124
62,82,102,1346.2832363692748,992.6486886390193,967.48092876201,-613.8463810317544,17.363874442272277
63,83,103,1345.614866775451,990.7021443726738,971.1807749571009,-616.2680525543237,13.854227991211474
64,84,104,1343.6734281636157,982.665078506054,974.4369133756998,-613.4285637181381,13.659571007727322
65,85,105,1346.088907163411,982.6679892531196,978.3643436791023,-614.9434257688108,14.898245687257031
66,86,106,1344.4988093570792,984.2273452811097,977.3939671993141,-617.1225031233448,14.915335187509072
67,87,107,1339.6011118120641,975.3372564061347,979.4030975921737,-615.1392421862442,14.44828498665197
68,88,108,1340.715885801114,979.9525126461324,990.0644751065029,-629.3011019515213,10.387326476384146
69,89,109,1344.2828254499373,977.512801337943,994.6525606128598,-627.8825365008656,9.230193623766922
70,90,110,1342.031724318128,975.054878826097,996.3858630152654,-629.4090175232345,9.013425077679358
71,91,111,1346.1956867138406,982.3039547784358,995.8846367874928,-631.992904852088,7.22353488256465
72,92,112,1344.5156851502297,981.9957166458499,996.1935657442662,-633.6735972398865,9.27663835779424
73,93,113,1337.9272735696877,972.3911734982831,995.2446258558036,-629.7085257843992,10.63885679138616
74,94,114,1337.7952761648046,965.6909846108699,997.5769853533814,-625.4726937994467,10.747531038816419
75,95,115,1339.683284547934,965.9068129330153,996.760979133818,-622.9845075188994,10.271018000028448
76,96,116,1336.489327901437,967.1791037451121,995.1993434733507,-625.8891193170259,8.988672867172113
77,97,117,1347.0427966757488,972.8797720989954,999.9072540533522,-625.7442294765988,12.880440946313229
78,98,118,1348.8043691012363,970.5305925250397,1004.0844045922072,-625.8106280160105,12.386668059282783
79,99,119,1347.1307041770044,977.5253961032611,1001.2568335585804,-631.6515254848371,10.358107295662307
80,100,120,1343.527913753546,985.8862602436933,984.8750363801585,-627.2333828703056,11.977602919998617
81,101,121,1332.4376303609688,976.815970456752,966.8859338813747,-611.2642739771579,19.378163423288356
82,102,122,1316.1637863992878,967.48092876201,961.7960939667514,-613.1132363294737,9.22931751086719
83,103,123,1316.7009708149549,971.1807749571009,954.4831913593939,-608.9629955015398,0.8443652086995144
84,104,124,1322.0639239519082,974.4369133756998,960.0037852034695,-612.376774627261,7.097049878691109
85,105,125,1322.438014180953,978.3643436791023,951.1384510182324,-607.0647805163817,10.968296958748738
86,106,126,1323.6962790440143,977.3939671993141,957.9341562871405,-611.6318444424403,11.510299272483508
87,107,127,1326.3798988231451,979.4030975921737,953.9943818281267,-607.0175805971553,13.970903441327323
88,108,128,1328.1983773126399,990.0644751065029,954.3403811324176,-616.2064789262806,12.47930637744912
89,109,129,1329.5187976427228,994.6525606128598,948.0240205727179,-613.1577835428548,11.914132267858122
90,110,130,1334.4266612310798,996.3858630152654,962.0166889148385,-623.9758906990241,10.01081863067543
91,111,131,1338.1500405336228,995.8846367874928,973.909048435726,-631.6436446895959,6.654840470390923
92,112,132,1335.7902650109659,996.1935657442662,970.0511476944484,-630.4544484277487,6.8239882338474445
93,113,133,1337.6949443823682,995.2446258558036,969.7295860211404,-627.2792674945758,6.226890722002963
94,114,134,1342.4571552906027,997.5769853533814,977.6816193051093,-632.8014493678879,7.545372091679383
95,115,135,1341.4809140797179,996.760979133818,973.777624382151,-629.0576894362512,8.55821525933652
96,116,136,1342.6280064969676,995.1993434733507,975.64940338595,-628.2207403623331,8.237833142747718
97,117,137,1340.6337457948857,999.9072540533522,957.0754364210754,-616.348944679542,9.719565444505747
98,118,138,1345.3663630010124,1004.0844045922072,960.5938193076041,-619.3118608987988,8.434474296054532
99,119,139,1348.0957074847481,1001.2568335585804,970.9107079971131,-624.0718340709454,7.131502459850367
100,120,140,1337.894591244391,984.8750363801585,969.9128673278,-616.8933124635673,8.327715184649264
101,121,141,1338.7411248097105,966.8859338813747,987.894850197926,-616.0396592695902,13.92816276266501
102,122,142,1344.0534405849608,961.7960939667514,998.7415496193546,-616.4842030011453,11.720426054795212
103,123,143,1334.1738645912603,954.4831913593939,998.7274353170967,-619.0367620852303,4.509867141207906
104,124,144,1345.1054802452816,960.0037852034695,1005.6432764050294,-620.5415813632173,6.809021722804232
105,125,145,1339.2696485741167,951.1384510182324,996.4247152240712,-608.293517668187,8.545893871606381
106,126,146,1343.2419423350716,957.9341562871405,998.2408675196639,-612.9330814717327,6.746493242503448
107,127,147,1347.778758151443,953.9943818281267,999.4721341427188,-605.6877578194026,7.765235266990317
108,128,148,1349.267750909065,954.3403811324176,1010.5645866381681,-615.6372168615208,5.986207804409219
109,129,149,1343.9734883787978,948.0240205727179,1005.8060166447113,-609.8565488386314,5.77769280308371
110,130,150,1346.1779867509813,962.0166889148385,1006.5669639339583,-622.4056660978154,1.6517176063783836
111,131,151,1345.5606705118735,973.909048435726,997.6190535773844,-625.9674315012371,1.517332715323846
112,132,152,1347.2406724787231,970.0511476944484,1000.0090205381003,-622.8194957538255,3.3279180429744883
113,133,153,1355.6417154113078,969.7295860211404,1004.5673312139018,-618.6552018237344,3.1450076125316855
114,134,154,1354.8063743092107,977.6816193051093,999.1037492137663,-621.978994209665,2.402795994810731
115,135,155,1362.7487293947956,973.777624382151,1006.0299639088286,-617.0588588961839,2.9005663229653464
116,136,156,1381.6276726722654,975.64940338595,1013.3234665617458,-607.3451972754306,6.022496874741364
117,137,157,1373.002058919084,957.0754364210754,1013.8125846541182,-597.8859621561096,4.608284081884449
118,138,158,1375.6735976739133,960.5938193076041,1010.6318081322077,-595.5520297658986,7.201069796444813
119,139,159,1372.5361360926147,970.9107079971131,994.758022144994,-593.1325940494924,8.013511367567503
120,140,160,1372.8620256983868,969.9128673278,993.3319014262352,-590.3827430556485,9.734728862356178
121,141,161,1379.1361368376442,987.894850197926,988.8992028745075,-597.6579162347894,12.130011660244577
122,142,162,1378.3932582915427,998.7415496193546,985.1509234236012,-605.4992147514131,11.389018888377336
123,143,163,1385.3157717931476,998.7274353170967,987.5117366387542,-600.9234001627033,11.712969737912886
124,144,164,1382.461178392728,1005.6432764050294,983.7012605398523,-606.8833585521538,10.63266640192819
125,145,165,1379.0017883020278,996.4247152240712,986.8643631807286,-604.287290102772,10.057228642620771
126,146,166,1382.2148853493018,998.2408675196639,990.844867437218,-606.8708496075801,9.638035594538337
127,147,167,1381.5083826346158,999.4721341427188,989.5780885762333,-607.5418400843364,9.762668933409032
128,148,168,1380.8369695080262,1010.5645866381681,989.4000205006132,-619.1276376307551,6.36482615998716
129,149,169,1381.129479319497,1005.8060166447113,993.5524945876689,-618.2290319128833,6.060578421683658
130,150,170,1379.7392095370985,1006.5669639339583,993.8395121068224,-620.6672665036822,4.044677589768753
131,151,171,1370.9230398805557,997.6190535773844,992.6840578076958,-619.3800715045245,5.758278717153871
132,152,172,1364.088756632359,1000.0090205381003,985.4907487864114,-621.4110126921528,7.713410929393376
133,153,173,1360.4476028160134,1004.5673312139018,983.948588446956,-628.0683168448445,5.5574689473472745
134,154,174,1355.1162624630579,999.1037492137663,981.3455240550015,-625.3330108057098,5.157119848728257
135,155,175,1356.556352610718,1006.0299639088286,981.1143806802736,-630.5879919783843,4.145656787042071
136,156,176,1352.920380354833,1013.3234665617458,967.9590051685443,-628.3620913754571,4.058850702735981
137,157,177,1356.6481912408624,1013.8125846541182,971.1261602666832,-628.290553679939,4.3810084803970994
138,158,178,1348.228998100209,1010.6318081322077,964.2930557000839,-626.6958657320824,6.607516225378731
139,159,179,1335.95816876083,994.758022144994,970.0776034213097,-628.8774568054739,5.196944912222989
140,160,180,1340.7814881671538,993.3319014262352,971.3201795002286,-623.8705927593101,8.383283269843218
141,161,181,1344.1376666839906,988.8992028745075,983.9904579001972,-628.7519940907141,8.729730627646177
142,162,182,1342.6233914021186,985.1509234236012,985.9157493850771,-628.4432814065597,9.366607627385065
143,163,183,1346.9536949035396,987.5117366387542,988.4116889542464,-628.9697306894609,9.381379879163092
144,164,184,1342.0987866630858,983.7012605398523,986.5873067802562,-628.1897806570228,10.34312852748485
145,165,185,1347.5717686587614,986.8643631807286,988.8906667606071,-628.1832612825742,9.118046218020595
146,166,186,1353.5013167860636,990.844867437218,988.1083349343425,-625.4518855854969,10.3308250550524
147,167,187,1351.9521313737682,989.5780885762333,987.8748533127655,-625.5008105152306,9.52857810487501
148,168,188,1346.3521248643915,989.4000205006132,983.3297556453938,-626.3776512816155,7.764175357792283
149,169,189,1350.6752252726237,993.5524945876689,978.9231882179436,-621.8004575329887,7.223587279142748
150,170,190,1347.8077853855693,993.8395121068224,979.5070036967035,-625.5387304179567,4.605003669451321
151,171,191,1345.9864640080864,992.6840578076958,978.0504290887964,-624.7480228884058,6.986124128268102
152,172,192,1341.241366984777,985.4907487864114,976.2753162240015,-620.5246980256359,8.425772214941503
153,173,193,1340.412749746102,983.948588446956,971.7692414848364,-615.3050801856905,10.582744130870651
154,174,194,1343.6025014415222,981.3455240550015,972.3445824115176,-610.087605024997,14.367158731983864
155,175,195,1348.917229012853,981.1143806802736,982.1908399998325,-614.3879916672531,17.629362631377717
156,176,196,1337.6926936915982,967.9590051685443,982.8833783205706,-613.1496897975169,16.49382569099737
157,177,197,1332.3737438469316,971.1261602666832,985.6456040864758,-624.3980205062276,10.776463462667152
158,178,198,1325.4871281158275,964.2930557000839,985.2392280672145,-624.0451556514708,12.236477898162434
159,179,199,1329.6679764029916,970.0776034213097,986.0211067029506,-626.4307337212688,10.112516656481034
160,180,200,1326.1758997293064,971.3201795002286,984.4095542636462,-629.5538340345684,8.519523371355035
161,181,201,1323.2894278361014,983.9904579001972,954.4393709674933,-615.1404010315891,18.705510070975834
162,182,202,1333.9200574258675,985.9157493850771,975.9907198811741,-627.9864118403837,11.169065602797446
163,183,203,1334.0922216049025,988.4116889542464,976.4072818071581,-630.7267491565021,9.73862918715372
164,184,204,1335.5404533971318,986.5873067802562,982.7030844257353,-633.7499378088596,7.568530455687323
165,185,205,1334.318456806665,988.8906667606071,979.1684270265537,-633.7406369804958,5.016501341470757
166,186,206,1332.5843983148993,988.1083349343425,974.1399631844713,-629.6638998039143,5.541298605708903
167,187,207,1336.63911510956,987.8748533127655,980.4985377152232,-631.7342759184287,2.846897705930701
168,188,208,1331.534378624678,983.3297556453938,981.1336885753051,-632.9290655960208,2.125413907398638
169,189,209,1329.107728161006,978.9231882179436,980.8271052004623,-630.6425652573998,-1.2173340623764943
