Left,Mid,Right,Loss_likeli,Loss_AIC,Loss_BIC,Loss_eBIC
0,20,40,64.36288628689238,41.362886286892376,32.337980272981326,-89.7939988358487
1,21,41,56.852537164029286,35.852537164029286,28.064261424167796,-36.36047144258009
2,22,42,40.240595976848454,20.240595976848454,14.095582734388245,-78.89765077345805
3,23,43,33.91173098178808,15.911730981788082,9.722729242041908,-58.10245098720418
4,24,44,31.77398504521051,18.77398504521051,14.558364382515094,-34.28410765627575
5,25,45,28.009017321836723,13.009017321836723,7.967040402141606,-44.41596236172467
6,26,46,24.33413369479888,14.33413369479888,11.78148745898875,-23.746322414714143
7,27,47,23.787149423903884,12.787149423903884,10.429784231876681,-32.150882845956346
8,28,48,29.192404071398528,16.192404071398528,12.146159425257338,-54.50518207243448
9,29,49,28.663555892619854,16.683615690698673,15.852458870048963,-10.041618989340748
10,30,50,27.509967296395303,18.698896925412157,17.512889536567798,-8.586265798167972
11,31,51,35.07735866246668,23.07735866246668,19.89559175555678,11.483747952706949
12,32,52,24.167260597567918,18.522682918009934,17.526950644456008,3.9221611178073204
13,33,53,29.767357753506815,20.767357753506815,21.239233428097123,16.066053115775162
14,34,54,29.376831417904896,21.130673699259376,19.902157096428596,-40.55076142560563
15,35,55,42.16095779500631,27.470703073108837,24.889646900395633,-22.937563502736907
16,36,56,52.12173080357297,33.12173080357297,29.382297419130737,-60.242518636461
17,37,57,62.090096401191204,40.090096401191204,33.25875173590089,-71.09631202979148
18,38,58,75.22554272714149,41.22554272714149,29.744033845837464,-103.72653371764488
19,39,59,105.16104327822097,67.16104327822097,50.668145212654906,-125.00447535824537
20,40,60,99.11078949702784,56.11078949702784,36.781987157296896,-163.21296214004417
21,41,61,120.37491318067458,69.37491318067458,49.175607423504175,-184.78917176646155
22,42,62,74.85390099822871,43.85390099822871,30.846065890101613,-117.44572227739604
23,43,63,72.54711103133883,41.54711103133883,28.88584951349179,-92.63669367810917
24,44,64,66.02766130615692,34.02766130615697,20.521960061252912,-110.03806359137866
25,45,65,64.3895279973824,34.3895279973824,21.879559026032325,-93.0144047816334
26,46,66,56.91426943168898,29.91426943168898,18.897898870669962,-75.02386233449965
27,47,67,45.65396758857332,19.653967588573323,9.482036754611272,-73.82113578110648
28,48,68,46.480908415045235,15.480908415045235,5.744106427425891,-82.4922359529603
29,49,69,37.21001353812176,14.210013538121757,11.838849144737196,-36.078566858084855
30,50,70,37.12569925606101,12.125699256061012,9.049653280258212,-52.41736380900477
31,51,71,48.41077824604474,21.410778246044742,15.907266285205992,-46.61880733083183
32,52,72,44.33210108555545,19.004172223243756,19.688461137476395,-29.8850316600184
33,53,73,48.78750321252096,25.787503212520846,25.01510191150146,-32.165834757642415
34,54,74,55.83062568474918,33.37697897008388,25.331644288683776,-80.9506205266839
35,55,75,58.21427020420822,34.68941686986989,26.31840646831222,-49.05931122035747
36,56,76,61.55724017321933,37.55724017321933,26.826198298551844,-71.08074504015474
37,57,77,71.22948904051441,44.22948904051441,30.240076947620025,-101.40435710330132
38,58,78,90.13021463156815,51.13021463156815,33.84825268128907,-169.7892990174197
39,59,79,90.53971248037817,46.53971248037817,25.455950288082647,-170.4364024248655
40,60,80,102.50937049640322,53.50937049640322,32.87123066944184,-226.2296328641138
41,61,81,112.06933290860758,53.06933290860758,28.763929932835595,-238.47222066291636
42,62,82,79.84006468178194,38.84006468178194,20.853568205884926,-214.39438212676544
43,63,83,88.53039128700419,47.53039128700419,29.197321220827234,-178.43696075096352
44,64,84,83.24593085373635,45.24593085373641,28.4064591978904,-166.443636678776
45,65,85,83.06789373381235,48.067893733812355,33.06859407857735,-165.01228489681853
46,66,86,81.224443594724,44.224443594723994,28.922558846494894,-128.6358101016192
47,67,87,71.55764336975756,38.55764336975756,24.90064957835648,-122.74491062946163
48,68,88,65.57324886488453,30.573248864884533,19.884703100997058,-114.32426647027194
49,69,89,51.2917080598379,22.2917080598379,15.811170437649366,-66.64860075536751
50,70,90,50.720039217406054,21.720039217406054,15.393193896740627,-79.6723636627205
51,71,91,60.77787264982993,30.777872649829987,24.016314153230724,-75.55607222173978
52,72,92,62.29619246849444,30.29619246849444,25.547942375465936,-79.28289350704745
53,73,93,61.81325867849682,35.81325867849682,32.06032396436274,-116.2059604294368
54,74,94,51.915487637999206,23.46184092333391,15.130082089982693,-98.14065529844561
55,75,95,50.27823880277924,28.75338546844091,23.257530909254683,-63.23171517835215
56,76,96,41.76613153207501,24.766131532075008,20.11641087472674,-66.63430931334949
57,77,97,40.774819305726055,24.774819305726055,20.27469702009381,-81.86226212506506
58,78,98,37.42953045131583,20.429530451315827,14.738394848346616,-68.7083992473896
59,79,99,38.062081461323885,18.689221797496373,16.47936007419497,-31.864476457099272
60,80,100,37.57506560119657,20.57506560119657,18.675789726491473,-48.63721859877171
61,81,101,55.1155772363403,41.1155772363403,37.9577608145421,-49.22044429061185
62,82,102,36.812158956637745,15.812158956637745,10.555573938520467,-121.42608442967537
63,83,103,34.93663852466875,17.93663852466875,13.97837087309955,-84.11530017779933
64,84,104,39.44267700133963,23.442677001339632,20.675422667107284,-82.57882239358605
65,85,105,30.991440338149175,13.991440338149175,11.419467047699811,-70.97589249769567
66,86,106,33.14895584163611,14.14895584163611,9.89127783482644,-46.64500789831027
67,87,107,29.924168556377424,14.924168556377424,12.654780358922096,-78.42891870320415
68,88,108,37.80753636607682,23.807536366076818,20.68864306692501,-84.38606733784661
69,89,109,33.799569012762106,17.799569012762106,13.992593907689866,-60.671687765381535
70,90,110,33.106136919941946,21.106136919941946,18.944052771697727,-28.549561560907023
71,91,111,26.20725737804537,19.20725737804537,22.221428347417543,-11.893188524186257
72,92,112,16.986500030685022,-11.013499969314978,-14.981973585921423,-93.52273732528295
73,93,113,28.059091392345408,2.059091392345408,0.8293014571182766,-112.80270101324857
74,94,114,25.743807855722537,0.7438078557225367,-4.078226577542921,-103.80960173106257
75,95,115,29.17689745379448,-2.8231025462054617,-9.743905575790052,-101.54615993975665
76,96,116,25.79131782090093,-8.208682179099071,-16.05460498133374,-134.5768126319159
77,97,117,25.522892360372907,-3.477107639627093,-10.637180210280576,-115.98060595262098
78,98,118,30.833363597586924,2.8333635975869242,-4.175416426569484,-69.99167426615145
79,99,119,58.7445355379561,12.371675874128584,2.0097983843909333,-226.8965776654153
80,100,120,44.66995256867489,-5.330047431325056,-19.79158770862307,-221.86253491316995
81,101,121,77.70660329957155,24.706603299571555,5.597743446270215,-237.36882667978375
82,102,122,34.3178195578397,-5.682180442160302,-17.531448612206532,-102.38801930411557
83,103,123,33.10772116692084,-1.8922788330792173,-7.222358903501288,-65.01102374730431
84,104,124,56.77357831513052,9.773578315130521,-4.374908731124947,-168.29436892908905
85,105,125,59.081533711784914,20.081533711784914,7.596226183081512,-133.5733470126587
86,106,126,74.52435497174247,33.52435497174247,20.39306349751871,-215.08982010465706
87,107,127,77.88871758090852,40.88871758090852,30.09228950631916,-237.0519806470229
88,108,128,78.74681103960961,41.74681103960961,30.950382965020253,-210.68118046518907
89,109,129,76.9017955497884,34.9017955497884,20.576316020473996,-191.22560121169806
90,110,130,90.01155861436854,42.011558614368596,27.47147098663197,-239.32271670057673
91,111,131,84.55564930202877,38.55564930202877,26.31192402045781,-232.38950618437002
92,112,132,74.9002392103875,29.900239210387383,16.428320497732216,-186.31303800786804
93,113,133,54.916576497440985,18.91657649744093,12.361551604163878,-182.06313565824973
94,114,134,52.98863733268166,19.98863733268172,12.406670238557012,-143.33428529678235
95,115,135,45.099356060400396,8.099356060400396,1.8083846594506667,-174.6270545742193
96,116,136,48.611703445184276,12.611703445184276,8.204892542131347,-201.09745521820582
97,117,137,42.566878624354445,0.5668786243544446,-5.094261147960651,-235.7619272123685
98,118,138,48.78047956992009,6.7804795699200895,0.7727662073251622,-257.90865216987163
99,119,139,68.9165277089233,11.91652770892324,-1.212604115046588,-358.40740226585046
100,120,140,58.17617411531086,2.176174115310914,-9.415370801042172,-305.45040909840793
101,121,141,58.517755389489196,0.5177553894892526,-11.722948210137815,-307.71649922480697
102,122,142,53.22050290603022,9.22050290603022,0.9249476333556004,-194.64541800852896
103,123,143,51.85459230077845,7.8545923007784495,5.5867585993420334,-172.67990566256265
104,124,144,68.43577769289789,7.4357776928978865,-7.44451064319594,-236.14742133253026
105,125,145,65.07639813490152,15.076398134901638,2.65974054613082,-238.15256016300907
106,126,146,82.30249363957807,30.302493639578074,17.58325095781322,-295.9775787180653
107,127,147,82.63313035233324,31.633130352333183,19.065180217065517,-368.8503945574794
108,128,148,84.98210993873823,33.98210993873829,21.067586213190452,-333.4620196522451
109,129,149,82.35897144880795,30.358971448807893,16.25343440592337,-316.5767065039354
110,130,150,87.94536061514884,30.945360615148843,13.310772117539273,-310.0688717802492
111,131,151,82.7618685277738,30.761868527773913,18.042625846008946,-295.71274798596903
112,132,152,63.481049040417815,29.481049040417815,20.40101166686236,-133.8051058208357
113,133,153,72.33469418893571,33.33469418893583,18.076797937992524,-152.91391877702767
114,134,154,69.04521672714031,29.045216727140314,14.329175110260053,-121.11216361458548
115,135,155,72.05364825319464,31.053648253194638,14.315993413147112,-192.94814906525596
116,136,156,84.25869636508492,42.258696365084916,22.714959916649264,-207.86059879676668
117,137,157,109.74523549824244,51.74523549824244,23.485297120017094,-272.6240120707565
118,138,158,120.10321462351038,61.103214623510326,33.67771386624577,-290.0797049114145
119,139,159,97.7233334730617,50.7233334730617,31.482508127902634,-220.45824485967535
120,140,160,86.53165202007222,40.531652020072215,23.52156076308995,-206.13244200232623
121,141,161,86.94089497858567,38.940894978585675,20.93507144804937,-195.81450349145553
122,142,162,113.64431570603995,41.64431570603995,15.502014385935581,-336.2302029677023
123,143,163,118.43212096341398,38.43212096341392,18.542306604128044,-374.6734940874952
124,144,164,110.55947428400759,43.55947428400759,19.9065036477881,-314.58790216213106
125,145,165,106.948034293114,38.948034293114006,15.836918290957442,-355.9504411517387
126,146,166,107.28757457488427,32.287574574884275,3.6119540736088993,-310.7351100529246
127,147,167,110.9665622309949,37.966562230994896,10.633247593553506,-369.9568641958426
128,148,168,111.59675414500862,36.59675414500862,11.718461673021238,-418.0130748168435
129,149,169,104.44435865065594,30.444358650656,7.465208140357163,-448.44385326061183
130,150,170,111.69568337818191,34.69568337818191,6.064051374192559,-376.0860225320297
131,151,171,86.49788979056427,38.49788979056427,25.77608698605161,-197.2117828189904
132,152,172,72.22993137933895,32.229931379339064,26.196143384279935,-159.5116213359854
133,153,173,72.06412659521715,28.064126595217203,14.845178778465765,-138.2593732057345
134,154,174,73.97157765245231,30.97157765245231,19.61396788916079,-175.13032366985
135,155,175,48.0778751196363,20.077875119636246,14.108815866319901,-135.9120990324401
136,156,176,56.573781663250315,31.573781663250315,26.058600049424967,-78.99074675648387
137,157,177,65.36508623577771,26.365086235777653,18.18560502640173,-124.86116678280666
138,158,178,73.00131161967317,43.001311619673174,39.502255995602354,-112.54322678575829
139,159,179,78.54758256218975,48.547582562189746,44.70195334783904,-111.77845872218575
140,160,180,48.70661752447671,23.706617524476655,24.19455491955648,-54.29501980614009
141,161,181,41.17048103535933,20.17048103535933,23.924809364521252,-95.35697458416826
142,162,182,42.37221400212121,-3.627785997878732,-9.894095956181786,-186.28655995910356
143,163,183,54.62874117463889,-1.3712588253611102,-4.3786782518989185,-281.16599817949816
144,164,184,41.32239452442968,1.3223945244296829,-3.322521838675698,-254.89080331943535
145,165,185,28.64889779106943,-22.35110220893057,-29.21429747255047,-228.50287650282235
146,166,186,27.215718126524393,-33.78428187347549,-46.13228952231373,-255.85459885166802
147,167,187,28.830138960904662,-29.169861039095167,-37.94482873592267,-377.49047250485285
148,168,188,28.20583088056128,-41.79416911943861,-55.86536474082163,-382.46433689843127
149,169,189,33.09607469697062,-39.90392530302938,-54.41401710011178,-410.91275179383
150,170,190,31.287754427802724,-42.71224557219739,-57.72020350605669,-374.001998815923
151,171,191,21.84656577367292,-31.153434226327136,-38.393375138285364,-234.3245037173051
152,172,192,20.084796030915356,-26.915203969084587,-30.071948996966285,-212.57747915024163
153,173,193,20.534715645174742,-25.465284354825258,-28.936183146451526,-174.36466057228745
154,174,194,19.319531655187234,-22.680468344812766,-25.91559298516802,-186.7918905743279
155,175,195,29.344181653322835,-4.655818346677165,-8.066896976176054,-176.6008183010572
156,176,196,44.483929461785294,5.483929461785294,-0.41647985159863765,-189.94531392528188
157,177,197,57.875554064203584,8.875554064203584,-2.696663797510155,-241.6445924188821
158,178,198,56.70499982434944,16.7049998243495,10.306724374188548,-197.61711827793397
159,179,199,58.15748234389264,17.15748234389264,10.261340756954723,-166.08396842666536
160,180,200,51.9072861465919,25.9072861465919,26.937078175734655,-99.53892363853151
161,181,201,51.23713051562112,33.23713051562112,37.44533648427421,-63.37854447390578
162,182,202,35.648359331392385,10.648359331392385,9.985207981486553,-95.48779991408753
163,183,203,38.6418832836431,8.641883283643097,7.721212752146471,-129.12478440353925
164,184,204,26.11591183167411,-6.8840881683258885,-8.836242182864908,-93.34837637293492
165,185,205,33.043805479722266,0.04380547972226623,-2.0166824052713537,-96.63931963674304
166,186,206,34.481614508238465,-3.518385491761535,-8.22910102601378,-123.63260359880451
167,187,207,52.114773648319044,17.114773648319044,13.832057463049978,-175.0337873375886
168,188,208,53.7534416790362,20.7534416790362,16.453934825194324,-141.70044319497765
169,189,209,75.84949751665425,39.84949751665425,33.01667148164154,-189.36409459359027
