Left,Mid,Right,Loss,Loss_left,Loss_right,gain,glasso
0,20,40,1333.4527234055986,977.7450306492954,986.7431343890562,-631.035441632753,5.346049749161239
1,21,41,1330.3622465327862,975.4128529151499,985.9744484655287,-631.0250548478923,3.9889538600343712
2,22,42,1323.4215521456847,970.4873985968972,987.3503110160292,-634.4161574672416,2.1274440119661904
3,23,43,1326.0002852361117,975.4502096142567,983.6603070071073,-633.1102313852523,2.805575884314976
4,24,44,1338.7026688796518,978.109668450374,992.9990053489829,-632.4060049197051,3.0470071740890035
5,25,45,1341.3860954291465,980.3192693563732,989.3561206589187,-628.2892945861454,5.582192674210205
6,26,46,1340.4099434126351,977.7287206833676,991.0061398605123,-628.3249171312448,5.009249785588622
7,27,47,1344.9878529596904,975.3561250860347,1001.5076183343989,-631.8758904607432,2.2108621987787274
8,28,48,1355.6252541963104,988.9306427917315,993.2382678280676,-626.5436564234888,10.286676473653984
9,29,49,1355.2146354798233,988.9674058781742,993.0591069243744,-626.8118773227252,8.402661631620617
10,30,50,1354.5507816800082,993.3457836337845,996.9502312881511,-635.7452332419275,6.428237733498577
11,31,51,1359.3460234575105,994.1569285778203,1000.0478996016177,-634.8588047219275,6.922782660329858
12,32,52,1349.8730489000868,988.4152562929359,1000.2905504244222,-638.8327578172712,5.088071025302156
13,33,53,1350.178071489172,980.9652556998147,1002.2036542874412,-632.990838498084,6.723750454381957
14,34,54,1352.1385267047435,982.3178665863591,998.4817669030994,-628.6611067847148,8.080714720398873
15,35,55,1360.3649681264496,976.7040640653024,1012.8921324751716,-629.2312284140244,9.643555588377922
16,36,56,1359.8974789786912,976.816902633114,1010.5805520199552,-627.499975674378,9.801398574483983
17,37,57,1360.6503060945197,981.1273233876415,1007.3619419112068,-627.8389592043286,9.58005951940197
18,38,58,1362.6164440730772,980.2375798548691,1010.2686984278121,-627.889834209604,11.12998560729477
19,39,59,1359.089375827092,1000.8819396319217,992.9283634175861,-634.7209272224156,10.780953670056192
20,40,60,1354.7289669367374,986.7431343890562,996.8820756785265,-628.8962431308453,10.884102507342504
21,41,61,1359.835876908507,985.9744484655287,1003.4332353300815,-629.5718068871031,9.513615295835052
22,42,62,1372.2050185402798,987.3503110160292,1011.1014591071879,-626.2467515829373,12.139380586652123
23,43,63,1377.0385607232079,983.6603070071073,1018.9307219531152,-625.5524682370146,14.675922431688264
24,44,64,1394.1278275372001,992.9990053489829,1032.1632881285523,-631.0344659403349,9.394304933195713
25,45,65,1392.6914284167137,989.3561206589187,1033.7847133984824,-630.4494056406875,8.192330713713204
26,46,66,1401.919880670555,991.0061398605123,1037.5539388150305,-626.640198004988,8.013688371921944
27,47,67,1410.6253240680553,1001.5076183343989,1037.7273123336731,-628.6096066000168,7.0075942777646105
28,48,68,1385.8282785506694,993.2382678280676,1015.1781994176647,-622.5881886950629,6.456540587333393
29,49,69,1392.5460300489403,993.0591069243744,1013.6166155617459,-614.12969243718,7.00572515474596
30,50,70,1390.4476036411525,996.9502312881511,1010.2255825875883,-616.7282102345871,7.606084364332787
31,51,71,1403.7213060949314,1000.0478996016177,1012.9384377066486,-609.2650312133349,10.996594297641877
32,52,72,1400.097534720057,1000.2905504244222,1013.3506375732106,-613.5436532775759,9.207742528829954
33,53,73,1410.3306154722477,1002.2036542874412,1012.3395299127694,-604.2125687279629,12.755458969862502
34,54,74,1406.8262252597224,998.4817669030994,1003.5030965779689,-595.1586382213459,13.937868977932226
35,55,75,1404.837318824872,1012.8921324751716,983.8140419755943,-591.868855625894,15.56090726742707
36,56,76,1401.1534576341064,1010.5805520199552,981.8439279228968,-591.2710223087456,15.506170204579917
37,57,77,1399.664332096946,1007.3619419112068,983.2288525734718,-590.9264623877325,14.825975875598374
38,58,78,1404.1461423824971,1010.2686984278121,984.2243718545176,-590.3469278998325,15.23804397511617
39,59,79,1401.813711470279,992.9283634175861,993.2880176594485,-584.4026696067556,13.608363462031889
40,60,80,1406.459330262413,996.8820756785265,988.3395366259819,-578.7622820420952,12.698152042485958
41,61,81,1411.2292481192628,1003.4332353300815,989.2631856011847,-581.4671728120034,16.20341715528707
42,62,82,1407.3071749982582,1011.1014591071879,985.2985023499277,-589.0927864588575,15.10237974928657
43,63,83,1405.505701053772,1018.9307219531152,979.0801182110554,-592.5051391103984,14.531920163822974
44,64,84,1401.3337956823473,1032.1632881285523,965.2277296594772,-596.0572221056821,6.238238438613962
45,65,85,1396.7204867072478,1033.7847133984824,963.2623209634785,-600.3265476547131,4.567514674853101
46,66,86,1401.425096778743,1037.5539388150305,967.4580983653905,-603.586940401678,8.791654035535885
47,67,87,1394.5435321952948,1037.7273123336731,966.7021989638087,-609.8859791021871,8.80375142907235
48,68,88,1376.0651518450613,1015.1781994176647,969.1882716616676,-608.301319234271,7.1564937149041725
49,69,89,1370.3132662341686,1013.6166155617459,961.7403466002,-605.0436959277772,2.5591075964541687
50,70,90,1372.0527568873454,1010.2255825875883,967.736038565187,-605.9088642654299,4.562244625416156
51,71,91,1368.4202865308448,1012.9384377066486,973.9874687805627,-618.5056199563664,3.753854442788679
52,72,92,1368.0079068364635,1013.3506375732106,977.3075975457675,-622.6503282825147,4.1365491844202325
53,73,93,1357.3757211301163,1012.3395299127694,955.1033923427182,-610.0672011253714,4.611968280037672
54,74,94,1352.490540350792,1003.5030965779689,958.4909140849949,-609.5034703121719,6.104998680553649
55,75,95,1343.8852836816793,983.8140419755943,972.0692379877833,-611.9979962816981,6.811424563374544
56,76,96,1343.5104317942569,981.8439279228968,974.2898457758319,-612.6233419044718,7.1134661649424515
57,77,97,1341.1860123565198,983.2288525734718,974.7947513489679,-616.8375915659199,6.834665368848846
58,78,98,1340.6051397155393,984.2243718545176,977.7159051907178,-621.335137329696,7.230954131889348
59,79,99,1343.8309537283467,993.2880176594485,981.15590026362,-630.6129641947218,5.534506903264514
60,80,100,1340.3812009563958,988.3395366259819,975.0917301200208,-623.0500657896068,6.44143738744674
61,81,101,1344.430516626046,989.2631856011847,966.4514825190378,-611.2841514941765,9.319618886448325
62,82,102,1339.2936733741544,985.2985023499277,967.8497822721215,-613.8546112478948,7.326751778551284
63,83,103,1337.3750856480942,979.0801182110554,971.7895879283117,-613.4946204912728,5.391817016296159
64,84,104,1325.575633800388,965.2277296594772,972.6801659091655,-612.3322617682547,-2.9857554066525154
65,85,105,1325.7787191572463,963.2623209634785,974.9747246618291,-612.4583264680612,-2.8392910201653194
66,86,106,1322.1438355022203,967.4580983653905,969.2782508551782,-614.5925137183483,-1.562493648167333
67,87,107,1324.9458953596627,966.7021989638087,971.5332405382062,-613.289544142352,3.230082659535583
68,88,108,1325.7140121380708,969.1882716616676,969.2255466636464,-612.6998061872432,2.5588968000969317
69,89,109,1320.2717405975814,961.7403466002,975.053506119168,-616.5221121217867,-0.8042315575426073
70,90,110,1318.207971499738,967.736038565187,970.0852563971597,-619.6133234626086,0.9804811022819422
71,91,111,1312.393837871633,973.9874687805627,954.2829233895261,-615.8765542984559,1.6088402991620114
72,92,112,1320.6379588530485,977.3075975457675,964.7700909824068,-621.4397296751258,4.98272823515606
73,93,113,1308.0768926924343,955.1033923427182,973.5420459490176,-620.5685455993016,0.5047626168912984
74,94,114,1317.6376803035466,958.4909140849949,973.7835420007486,-614.636775782197,5.008130691333349
75,95,115,1321.1961988408025,972.0692379877833,968.0764427476706,-618.9494818946514,6.444738022425099
76,96,116,1324.4201003849785,974.2898457758319,965.0505292733053,-614.9202746641586,8.519320743949947
77,97,117,1334.7275996108444,974.7947513489679,979.1615278287755,-619.228679566899,8.678718192300039
78,98,118,1330.7293281332693,977.7159051907178,976.0901246925979,-623.0767017500464,7.666826475920402
79,99,119,1326.4294169144873,981.15590026362,973.7930195602362,-628.5195029093688,5.142771553872308
80,100,120,1330.3101907813393,975.0917301200208,981.1388520496747,-625.9203913883562,8.123786558868801
81,101,121,1325.40355659149,966.4514825190378,979.78097713649,-620.8289030640376,6.573331380600848
82,102,122,1326.0855075772322,967.8497822721215,977.0209297837405,-618.7852044786298,6.1881682605475135
83,103,123,1328.3084817011181,971.7895879283117,980.610178042697,-624.0912842698906,5.819326745136095
84,104,124,1332.6537534730176,972.6801659091655,986.5914496113637,-626.6178620475116,4.286662090823029
85,105,125,1334.3982418073788,974.9747246618291,988.1636249328142,-628.7401077872646,5.46719360585837
86,106,126,1337.7541929250688,969.2782508551782,993.8818412616902,-625.4058991917996,3.9516338522325896
87,107,127,1336.6852348091033,971.5332405382062,986.3557062457187,-621.2037119748215,10.597781605878481
88,108,128,1341.919091197999,969.2255466636464,986.3767898201327,-613.68324528578,13.444607750949785
89,109,129,1339.4323121781786,975.053506119168,984.8801620610664,-620.5013560020557,10.114421728989555
90,110,130,1336.8079016963316,970.0852563971597,985.8437978029787,-619.1211525038068,11.066130134801142
91,111,131,1329.8956416158148,954.2829233895261,990.5397352843811,-614.9270170580924,9.389032618746114
92,112,132,1345.1773231598272,964.7700909824068,999.7137039727145,-619.3064717952941,12.022020028513452
93,113,133,1346.763109419603,973.5420459490176,997.761755912659,-624.5406924420736,12.73469967462188
94,114,134,1342.1424081349055,973.7835420007486,987.9711105225724,-619.6122443884155,15.936170999903538
95,115,135,1333.3312811738542,968.0764427476706,985.2607814708714,-620.0059430446877,13.917734178279943
96,116,136,1333.8720392067762,965.0505292733053,987.9033455159661,-619.0818355824952,13.036277638496244
97,117,137,1335.296941487296,979.1615278287755,986.8605829776673,-630.725169319147,7.904893581454189
98,118,138,1335.302143645754,976.0901246925979,986.022868853676,-626.8108499005198,8.878214643364913
99,119,139,1335.4778367316576,973.7930195602362,989.1660731566351,-627.4812559852137,5.3542283168224
100,120,140,1336.1538928705404,981.1388520496747,981.9481717681634,-626.9331309472977,7.2961019458076635
101,121,141,1327.7667774878,979.78097713649,977.6794737669583,-629.6936734156484,3.4371309842459823
102,122,142,1343.0234516343148,977.0209297837405,989.9862173432164,-623.983695492642,3.594372218542958
103,123,143,1342.9346853659094,980.610178042697,991.7840502971491,-629.4595429739365,3.0591827722054177
104,124,144,1356.23876037181,986.5914496113637,992.9472700113408,-623.2999592508945,6.064375591965927
105,125,145,1356.2444534462547,988.1636249328142,992.6616205004992,-624.5807919870585,5.535335190826913
106,126,146,1373.6077851327016,993.8818412616902,1003.0164564788136,-623.2905126078022,7.39563112801568
107,127,147,1369.4608342635165,986.3557062457187,1004.0178973079591,-620.9127692901611,8.314433914349024
108,128,148,1364.5642775501105,986.3767898201327,993.4871596720783,-615.2996719421003,9.879468201645182
109,129,149,1374.1448585156436,984.8801620610664,1010.4196675916337,-621.1549711370565,8.242856533348458
110,130,150,1374.5618794694406,985.8437978029787,1001.0745132194916,-612.3564315530298,10.141231597227602
111,131,151,1372.065404758559,990.5397352843811,999.972732860105,-618.4470633859271,8.51692856916668
112,132,152,1372.9000672469342,999.7137039727145,980.4970956106956,-607.3107323364759,10.178422528747774
113,133,153,1377.3570140591114,997.761755912659,976.8439402526044,-597.248682106152,12.394881551945105
114,134,154,1367.8876854616042,987.9711105225724,980.3607209847488,-600.4441460457169,10.98255378067961
115,135,155,1365.6300890299847,985.2607814708714,977.659405718691,-597.2900981595778,11.622007045572332
116,136,156,1382.7122941844736,987.9033455159661,997.2287258032396,-602.4197771347322,12.953857128282039
117,137,157,1378.8927955392357,986.8605829776673,995.7819003511951,-603.7496877896267,9.793177812847262
118,138,158,1378.3576627232674,986.022868853676,994.4637250615315,-602.12893119194,8.730165825740869
119,139,159,1381.2741910318905,989.1660731566351,993.3993623619922,-601.2912444867368,7.221433457801027
120,140,160,1376.4266111198654,981.9481717681634,991.4621799219933,-596.9837405702915,9.302058299912687
121,141,161,1375.132435162503,977.6794737669583,995.9058992673918,-598.4529378718471,9.046297683604621
122,142,162,1379.2598700561111,989.9862173432164,995.0025860744488,-605.728933361554,9.526172426903486
123,143,163,1389.2526922605994,991.7840502971491,1002.3788400346771,-604.9101980712267,12.002574691574523
124,144,164,1384.30087353184,992.9472700113408,1002.0972393086394,-610.7436357881402,9.371488132609898
125,145,165,1390.159212233768,992.6616205004992,1005.5309880436794,-608.0333963104108,10.826166352350128
126,146,166,1383.8109639698419,1003.0164564788136,998.3078407359612,-617.5133332449329,6.79552054511646
127,147,167,1379.4158567121285,1004.0178973079591,993.3384597919978,-617.9405003878283,6.262759935944814
128,148,168,1371.5953702618012,993.4871596720783,993.6252916325525,-615.5170810428294,6.2811667671441
129,149,169,1371.048483588428,1010.4196675916337,980.9435539056267,-620.3147379088323,6.57904865105661
130,150,170,1367.274394902351,1001.0745132194916,986.3537050774843,-620.1538233946249,8.436830720637886
131,151,171,1370.1910518882125,999.972732860105,988.2195856771691,-618.0012666490616,9.96020683516133
132,152,172,1358.9419506390177,980.4970956106956,994.2208965392526,-615.7760415109306,10.059568360672188
133,153,173,1357.4769713111937,976.8439402526044,987.9363162838624,-607.3032852252732,10.802136142524773
134,154,174,1365.0215490418389,980.3607209847488,990.8752890513673,-606.2144609942773,13.119174142652582
135,155,175,1367.2598619987698,977.659405718691,1001.6416945413818,-612.0412382613031,11.541064567272429
136,156,176,1368.3673745708795,997.2287258032396,994.4687544003068,-623.330105632667,10.064661328931606
137,157,177,1363.3832173445944,995.7819003511951,991.6469575075365,-624.0456405141372,8.962146421915804
138,158,178,1361.3731469217732,994.4637250615315,997.3160971789794,-630.4066753187376,7.144808463881645
139,159,179,1359.5039334374385,993.3993623619922,996.7208104884944,-630.6162394130481,6.18271769227249
140,160,180,1355.7273428930107,991.4621799219933,994.8675216454203,-630.6023586744029,7.714951547004944
141,161,181,1363.4345396873675,995.9058992673918,999.8622697369112,-632.3336293169355,8.580586603686129
142,162,182,1358.7762085391337,995.0025860744488,996.9311522800936,-633.1575298154087,6.634614711815402
143,163,183,1361.9682763882154,1002.3788400346771,979.8665200117367,-620.2770836581983,12.769734705390647
144,164,184,1359.3785100445707,1002.0972393086394,978.7769506132822,-621.495679877351,11.754050453126752
145,165,185,1362.6995457229427,1005.5309880436794,983.3070335774687,-626.1384758982053,12.657074424874963
146,166,186,1359.5885187048316,998.3078407359612,988.1586085028239,-626.8779305339535,12.364274751542325
147,167,187,1358.448700307935,993.3384597919978,991.0427162773963,-625.932475761459,11.206359578764477
148,168,188,1358.8891396862646,993.6252916325525,990.591711370284,-625.3278633165719,9.638642462397797
149,169,189,1349.0664525368054,980.9435539056267,992.4996342759548,-624.3767356447761,8.483568522313135
150,170,190,1351.3365837306028,986.3537050774843,991.9539122134297,-626.9710335603113,9.626040514610622
151,171,191,1354.9045876735083,988.2195856771691,990.0693556814787,-623.3843536851393,12.456888853906548
152,172,192,1357.5113921536818,994.2208965392526,992.9585383237318,-629.6680427093027,11.227797611160895
153,173,193,1354.2384385423925,987.9363162838624,997.6279524596863,-631.3258302011564,5.5614724654802785
154,174,194,1355.4767844847213,990.8752890513673,990.2933961503409,-625.691900716987,8.860898941871142
155,175,195,1360.499129210441,1001.6416945413818,992.1209211524465,-633.2634864833872,6.4162387772908005
156,176,196,1351.8762931334632,994.4687544003068,991.5488747150225,-634.1413359818662,5.05256664154399
157,177,197,1359.9470344664926,991.6469575075365,1000.3535512797773,-632.0534743208211,6.469455571938283
158,178,198,1365.9441310372717,997.3160971789794,1006.2508088336085,-637.6227749753161,6.025936107206462
159,179,199,1365.9448066275334,996.7208104884944,1008.9107563774367,-639.6867602383977,5.227739862741714
160,180,200,1366.8781504065053,994.8675216454203,1011.2456057275227,-639.2349769664377,6.689524727706498
161,181,201,1370.0138800980308,999.8622697369112,1011.6283587942069,-641.4767484330873,5.593449245501802
162,182,202,1375.1208045565147,996.9311522800936,1017.8384966331541,-639.648844356733,6.7115983398234675
163,183,203,1365.776235662589,979.8665200117367,1014.7220416186747,-628.8123259678223,6.87498880755129
164,184,204,1374.6823647772585,978.7769506132822,1022.9801558668373,-627.074741702861,10.383206025814161
165,185,205,1373.9380147223483,983.3070335774687,1019.9265947775291,-629.2956136326495,13.459404954942102
166,186,206,1377.2923422155322,988.1586085028239,1017.1690236535363,-628.0352899408281,13.488317956478568
167,187,207,1381.5207364533505,991.0427162773963,1017.3765813764443,-626.8985612004901,14.837254944778692
168,188,208,1382.2526507532575,990.591711370284,1014.9788446045596,-623.317905221586,15.281327256570648
169,189,209,1383.5714800097705,992.4996342759548,1015.20281945073,-624.1309737169142,15.085789172065688
