Left,Mid,Right,Loss,Loss_left,Loss_right,gain,glasso
0,20,40,1319.1430775546858,979.6291003748382,964.1653229371785,-624.651345757331,9.898829299606177
1,21,41,1323.8318780351865,984.4144273894606,966.0136363474045,-626.5961857016787,9.983343959094327
2,22,42,1324.2821296212755,987.7789461473754,964.1578312019958,-627.6546477280958,11.107135811546527
3,23,43,1320.4217154965336,981.2292232874765,966.5063647473825,-627.3138725383255,9.615860389738259
4,24,44,1320.4829373131274,967.2393476103841,978.820035346723,-625.5764456439797,9.652355765672041
5,25,45,1317.5980766932507,966.2496623550796,976.7525391126317,-625.4041247744606,9.432574214870101
6,26,46,1327.2905178528144,968.8722540043655,983.2722682442245,-624.8540043957755,9.845375784084013
7,27,47,1328.331518543564,971.9775526334786,980.4683124799012,-624.1143465698158,10.42160708904521
8,28,48,1329.9065068574703,989.4524533549618,972.6113844580696,-632.1573309555611,5.0523163054728
9,29,49,1328.8954320970201,989.1537738812283,975.0870218660261,-635.3453636502343,2.895164451983419
10,30,50,1340.6128475415417,991.0096519482734,987.0232667994874,-637.4200712062191,3.91665256716351
11,31,51,1343.8379036892152,986.565345251068,993.582212041242,-636.3096536030948,6.310077200286287
12,32,52,1349.50959256332,991.4834520227072,993.4454084840023,-635.4192679433895,6.679010388217421
13,33,53,1342.602614018333,986.1804455411242,991.7834904993604,-635.3613220221514,5.813261967292192
14,34,54,1343.9647020031584,981.7019740704242,996.5301633573081,-634.2674354245737,7.454695495585042
15,35,55,1346.6630124525877,985.3536169234285,999.3265960225426,-638.0172004933834,5.730005962411951
16,36,56,1346.7252778317036,975.8558193955242,1004.0273362378848,-633.1578778017054,7.630153893455258
17,37,57,1345.687032271045,973.0083143108104,1003.3586726075836,-630.6799546473492,7.964249779276315
18,38,58,1346.024862722274,975.0159146030705,1002.3003995754095,-631.291451456206,8.800629313010518
19,39,59,1350.4011961272208,974.2636670063232,1007.1715451305096,-631.0340160096121,9.028639102651255
20,40,60,1347.425406541252,964.1653229371785,1009.4294326171407,-626.1693490130674,11.475238597884754
21,41,61,1350.729748207989,966.0136363474045,1008.1992675545495,-623.483155693965,12.323876793697423
22,42,62,1354.635949075046,964.1578312019958,1013.9982606563508,-623.5201427833006,11.139807156512234
23,43,63,1358.1677983804643,966.5063647473825,1016.5777312060652,-624.9162975729832,13.319027700118113
24,44,64,1359.7263557877573,978.820035346723,1013.540070645797,-632.6337502047627,8.624182305269755
25,45,65,1367.2599321154821,976.7525391126317,1020.884920678856,-630.3775276760057,9.903628796782414
26,46,66,1376.5743087804121,983.2722682442245,1027.4895314793216,-634.187490943134,9.41967466518372
27,47,67,1375.7142791987283,980.4683124799012,1025.1357791996193,-629.8898124807922,10.6343820085973
28,48,68,1375.232580304266,972.6113844580696,1027.5159822091766,-624.8947863629801,7.174555499849475
29,49,69,1374.2580038538372,975.0870218660261,1027.4500916643747,-628.2791096765636,4.463258858833683
30,50,70,1374.9174569687302,987.0232667994874,1008.4838243141371,-620.5896341448943,7.228688240878228
31,51,71,1377.815323850747,993.582212041242,997.2587431784191,-613.025631368914,10.814480400522825
32,52,72,1378.203093062367,993.4454084840023,993.87463786168,-609.1169532833153,10.215342274041177
33,53,73,1411.4698035282554,991.7834904993604,1030.9484643107442,-611.2621512818491,17.508509607829524
34,54,74,1413.8049062162252,996.5301633573081,1026.6924636915842,-609.4177208326671,18.25344384031132
35,55,75,1422.492275075168,999.3265960225426,1022.9718166476948,-599.8061375950695,19.48541003511241
36,56,76,1424.7568423406378,1004.0273362378848,1017.0387810562963,-596.3092749535433,18.985925132439093
37,57,77,1427.286607453424,1003.3586726075836,1017.8792955086597,-593.9513606628193,19.879191401874436
38,58,78,1435.46520363337,1002.3003995754095,1020.5131228370659,-587.3483187791053,21.10016836529428
39,59,79,1436.1910765341654,1007.1715451305096,1014.7425865651555,-585.7230551614998,21.211616652412204
40,60,80,1438.9671888798289,1009.4294326171407,1014.2905290623409,-584.7527727996526,19.328434560029564
41,61,81,1434.061494366681,1008.1992675545495,1012.8323040890587,-586.970077276927,20.61063697597774
42,62,82,1435.0546210329621,1013.9982606563508,1013.9853983786923,-592.9290380020809,20.18979052159102
43,63,83,1434.454539624522,1016.5777312060652,1007.9531492246626,-590.0763408062057,22.933871153932046
44,64,84,1425.961636053346,1013.540070645797,1007.9779308143253,-595.5563654067764,19.99137415548398
45,65,85,1424.471542163215,1020.884920678856,1005.4688022565304,-601.8821807721715,17.447797797191015
46,66,86,1424.786299094721,1027.4895314793216,1002.7462925357235,-605.4495249203242,17.526858699203444
47,67,87,1422.3218398859995,1025.1357791996193,1002.6922139903993,-605.5061533040191,18.012452067025947
48,68,88,1417.53226290489,1027.5159822091766,1000.2908602495578,-610.2745795538444,17.135915217725596
49,69,89,1414.7150285052371,1027.4500916643747,1000.8182926545803,-613.5533558137179,13.925325767991126
50,70,90,1398.0741974175662,1008.4838243141371,999.2144681184247,-609.6240950149956,14.137242636072301
51,71,91,1387.048551477798,997.2587431784191,1000.1481925689842,-610.3583842696053,16.86312926200094
52,72,92,1372.7872387525742,993.87463786168,998.618602168619,-619.7060012777247,13.533943936438504
53,73,93,1370.6631874571049,1030.9484643107442,963.5412874898976,-623.826564343537,12.88964205426214
54,74,94,1376.4761350712538,1026.6924636915842,972.5881829118719,-622.8045115322022,13.753866093265628
55,75,95,1371.6934452991304,1022.9718166476948,970.8029756178455,-622.0813469664099,14.00097691021847
56,76,96,1360.3244034895702,1017.0387810562963,969.175712233822,-625.8900898005481,11.125565627718515
57,77,97,1361.84246465135,1017.8792955086597,970.538848295577,-626.5756791528868,12.365694362129034
58,78,98,1361.816891764327,1020.5131228370659,968.2223662594051,-626.9185973321441,13.52784792756654
59,79,99,1361.0552288724089,1014.7425865651555,982.4947985261011,-636.1821562188479,9.32456754779264
60,80,100,1361.4350265075636,1014.2905290623409,984.3638271748115,-637.2193297295887,7.689745296440719
61,81,101,1359.8320094036771,1012.8323040890587,985.6898777608442,-638.6901724462257,8.01473837824642
62,82,102,1360.0945929426111,1013.9853983786923,982.583509421017,-636.4743148570981,9.978384104856104
63,83,103,1356.2511286193835,1007.9531492246626,980.4890385912513,-632.1910591965304,12.389616638686334
64,84,104,1354.3481685549054,1007.9779308143253,971.0109607534389,-624.6407230128589,14.886680089616561
65,85,105,1354.5192610353379,1005.4688022565304,983.2232386695755,-634.172779890768,11.330129486856208
66,86,106,1356.556427660235,1002.7462925357235,977.0340703816227,-623.2239352571112,17.835354152874515
67,87,107,1359.881505602633,1002.6922139903993,972.7946800801675,-615.6053884679338,22.219070141324664
68,88,108,1359.0415754035641,1000.2908602495578,985.7750945091257,-627.0243793551192,15.324750919513463
69,89,109,1357.8192546062633,1000.8182926545803,986.7033107658218,-629.702348814139,13.113376505034807
70,90,110,1359.950399139041,999.2144681184247,990.6584044292117,-629.9224734085954,12.36043800711866
71,91,111,1361.456952412239,1000.1481925689842,989.9783568317362,-628.6695969884813,16.243788671967764
72,92,112,1360.9324043443285,998.618602168619,990.4984077963454,-628.1846056206359,13.464478309244214
73,93,113,1332.1109991827457,963.5412874898976,988.1578787643334,-619.5881670714853,12.047311332326217
74,94,114,1329.9535737375832,972.5881829118719,985.0178209058932,-627.6524300801821,6.93147906060392
75,95,115,1331.6284482845658,970.8029756178455,986.6321986394471,-625.8067259727268,8.577443175668122
76,96,116,1332.1756913631234,969.175712233822,987.5700262503528,-624.5700471210514,8.66489812679663
77,97,117,1329.474882847942,970.538848295577,985.8244381730543,-626.8884036206896,8.486413766574401
78,98,118,1335.4179986389909,968.2223662594051,994.9993393524649,-627.8037069728791,10.164905532945
79,99,119,1333.3097009790845,982.4947985261011,979.0249734032608,-628.2100709502774,9.405253857800972
80,100,120,1336.4004078582332,984.3638271748115,976.9970933142188,-624.9605126307972,8.66658745706468
81,101,121,1340.1163219050386,985.6898777608442,983.4764499435887,-629.0500057993943,8.583320260731398
82,102,122,1348.3745352980775,982.583509421017,991.4689414205577,-625.6779155434972,11.595648137629723
83,103,123,1348.5546523800117,980.4890385912513,995.3555597657008,-627.2899459769405,12.2443621415581
84,104,124,1342.4646681602535,971.0109607534389,993.7753425452865,-622.321635138472,12.012658234274113
85,105,125,1341.8559201808669,983.2232386695755,986.6254384839779,-627.9927569726865,11.143351463607814
86,106,126,1345.2041964139353,977.0340703816227,985.391568943088,-617.2214429107753,17.115314648180174
87,107,127,1343.8893928884318,972.7946800801675,977.5924438817857,-606.4977310735214,20.429612895751006
88,108,128,1348.3007036635463,985.7750945091257,974.316329191327,-611.7907200369064,19.218944676305455
89,109,129,1350.901105188566,986.7033107658218,984.3224906765874,-620.1246962538435,16.240462093593806
90,110,130,1357.71900614271,990.6584044292117,993.1387765859531,-626.0781748724548,17.836781994733883
91,111,131,1356.3957596445637,989.9783568317362,989.9724827737712,-623.5550799609437,17.589595076255364
92,112,132,1363.063146154561,990.4984077963454,1002.9444773713806,-630.3797390131649,13.459557791060092
93,113,133,1362.6847130928845,988.1578787643334,1002.9431417762121,-628.416307447661,13.221453735762907
94,114,134,1359.1363530411695,985.0178209058932,1006.7928324962014,-632.6743003609251,12.708379815968783
95,115,135,1363.9827614192086,986.6321986394471,1008.0861701152228,-630.7356073354613,12.440619486265291
96,116,136,1368.611785008454,987.5700262503528,1010.4042618834208,-629.3625031253196,13.231686866025143
97,117,137,1370.7525269141297,985.8244381730543,1013.4027662268107,-628.4746774857354,14.029928713886079
98,118,138,1377.7711902406202,994.9993393524649,1018.9875980932042,-636.2157472050487,8.85534911270679
99,119,139,1366.881660003577,979.0249734032608,1019.4392071069967,-631.5825205066803,9.997604079703706
100,120,140,1364.7260577900367,976.9970933142188,1016.3991692579194,-628.6702047821016,9.588058472739476
101,121,141,1371.480603746751,983.4764499435887,1020.7690849940398,-632.7649311908774,9.022348928988322
102,122,142,1371.2887514071247,991.4689414205577,1015.0355972501649,-635.2157872635978,4.964760853098596
103,123,143,1385.7289913556272,995.3555597657008,1025.1166176144118,-634.7431860244853,4.751694291400554
104,124,144,1395.0419708357163,993.7753425452865,1033.4169351887829,-632.1503068983532,5.279151286028537
105,125,145,1390.9412279405099,986.6254384839779,1034.6307255734966,-630.3149361169646,6.092094100389659
106,126,146,1385.3064834394243,985.391568943088,1025.496988860551,-625.5820743642148,8.394718352784594
107,127,147,1382.8178176139245,977.5924438817857,1026.9606372680116,-621.735263535873,7.178204677572694
108,128,148,1376.5507018948915,974.316329191327,1024.9558135531133,-622.7214408495488,9.050737599916033
109,129,149,1379.161730295029,984.3224906765874,1020.5442825545299,-625.7050429360884,7.3487777216050745
110,130,150,1377.7487191750288,993.1387765859531,1016.7303235633343,-632.1203809742588,7.2653390240261615
111,131,151,1375.762608427297,989.9724827737712,1012.7184157423854,-626.9282900888597,8.80045572466156
112,132,152,1377.1310668257845,1002.9444773713806,995.4911696413081,-621.3045801869041,11.225195706713976
113,133,153,1386.5786380482407,1002.9431417762121,992.2694343695933,-608.6339380975649,13.338390390073414
114,134,154,1390.2182888141376,1006.7928324962014,995.2750138930297,-611.8495575750935,10.900535111036447
115,135,155,1384.0316082430213,1008.0861701152228,968.8496907929934,-592.9042526651949,16.46535598361868
116,136,156,1381.1806792339423,1010.4042618834208,954.7002832241253,-583.9238658736037,17.547469085321495
117,137,157,1388.3135262182263,1013.4027662268107,954.6464185392348,-579.7356585478192,15.24759379372324
118,138,158,1386.22797626167,1018.9875980932042,934.8187195215746,-567.578341353109,11.63877793886877
119,139,159,1394.2329323595677,1019.4392071069967,946.8431546327876,-572.0494293802167,9.856000453881734
120,140,160,1388.4284347347907,1016.3991692579194,941.6798590113228,-569.6505935344517,9.885936143113895
121,141,161,1381.929297233536,1020.7690849940398,939.7074510670773,-578.5472388275809,9.407706587615394
122,142,162,1383.8440511304914,1015.0355972501649,949.9202402942235,-581.1117864138971,6.6719332506554565
123,143,163,1382.397088729891,1025.1166176144118,939.6738745964595,-582.3934034809804,3.6121366414593012
124,144,164,1382.266032110618,1033.4169351887829,934.2235640386034,-585.3744671167683,0.43328929442395747
125,145,165,1381.0084204718914,1034.6307255734966,930.6419582759632,-584.2642633775686,-0.1149187724033709
126,146,166,1366.567320105973,1025.496988860551,936.5397008346994,-595.4693695892774,-2.036596230947339
127,147,167,1367.0703502447018,1026.9606372680116,935.7633989544202,-595.65368597773,-5.592256149442392
128,148,168,1386.451135700136,1024.9558135531133,971.0168082483815,-609.5214861013587,7.3895198395268835
129,149,169,1376.5804759087814,1020.5442825545299,971.0812376599259,-615.0450443056743,5.199804862497899
130,150,170,1376.997281887087,1016.7303235633343,973.6924735617429,-613.4255152379901,5.035508152798684
131,151,171,1383.9642072398753,1012.7184157423854,981.1764588513472,-609.9306673538574,8.478159736293037
132,152,172,1370.1823302381833,995.4911696413081,990.5727388801697,-615.8815782832946,9.59102470004484
133,153,173,1368.2734719103082,992.2694343695933,994.8801789520073,-618.8761414112923,8.083130893315683
134,154,174,1363.7560312905484,995.2750138930297,989.1069318169605,-620.6259144194419,7.493767477577421
135,155,175,1370.4072956419955,968.8496907929934,1009.1900910780902,-607.632486229088,15.205814509524771
136,156,176,1356.8242319146666,954.7002832241253,1009.0964534341471,-606.9725047436059,14.039224042140177
137,157,177,1349.8472140427261,954.6464185392348,1007.3454846988645,-612.1446891953733,7.8972310161856285
138,158,178,1339.3989936544244,934.8187195215746,1010.6003096969441,-606.0200355640943,4.2934169632662815
139,159,179,1340.6645684167393,946.8431546327876,1007.6248022122006,-613.803388428249,2.863076981084987
140,160,180,1346.4265983537657,941.6798590113228,1013.9018366682262,-609.1550973257833,6.934784930533169
141,161,181,1346.8711928021912,939.7074510670773,1015.0240553223923,-607.8603135872784,10.239262364881597
142,162,182,1347.5591632078354,949.9202402942235,1012.9672515083655,-615.3283285947537,8.561797828706062
143,163,183,1344.0475336951993,939.6738745964595,1012.4527735548697,-608.0791144561301,7.9142658119408225
144,164,184,1342.2520184763816,934.2235640386034,1013.3517305297834,-605.323276092005,5.940099210720632
145,165,185,1343.2768232576746,930.6419582759632,1013.3432896532304,-600.708424671519,8.08977865338693
146,166,186,1344.4161093809203,936.5397008346994,1013.7290749565551,-605.8526664103342,8.174167299398277
147,167,187,1343.589159864493,935.7633989544202,1013.8255206784233,-605.9997597683505,3.0199767157059796
148,168,188,1342.5977589952536,971.0168082483815,1004.035432439687,-632.4544816928151,5.381499215922872
149,169,189,1344.430531136936,971.0812376599259,1003.7026919363822,-630.3533984593721,5.848478572833869
150,170,190,1345.9249361774241,973.6924735617429,1003.0905671208143,-630.858104505133,6.041466694757332
151,171,191,1343.8097268244796,981.1764588513472,995.2265522575158,-632.5932842843833,5.3512654534835065
152,172,192,1342.6479092515433,990.5727388801697,987.7120372635522,-635.6368668921787,6.007372724464062
153,173,193,1347.0453703887188,994.8801789520073,985.3464451237147,-633.1812536870034,6.0441186294509635
154,174,194,1346.9496028210287,989.1069318169605,987.1406151812037,-629.2979441771354,8.083028113589194
155,175,195,1352.9133167079635,1009.1900910780902,976.0467930837626,-632.3235674538892,9.196285010806491
156,176,196,1363.6166289120465,1009.0964534341471,990.6333906865088,-636.1132152086093,7.982356165928763
157,177,197,1360.382185428276,1007.3454846988645,987.6606619000581,-634.6239611706467,7.327898364519115
158,178,198,1362.3667973660656,1010.6003096969441,976.8521961993235,-625.085708530202,12.311641159097803
159,179,199,1358.654908658303,1007.6248022122006,982.5957936155471,-631.5656871694448,11.034447194132099
160,180,200,1364.0994377707063,1013.9018366682262,991.7163460167677,-641.5187449142875,6.084029852437311
161,181,201,1362.2645182017834,1015.0240553223923,987.2525075884099,-640.0120447090187,6.535412893771195
162,182,202,1361.9196892912387,1012.9672515083655,988.3488488972245,-639.3964111143514,5.454225385807717
163,183,203,1362.325487585534,1012.4527735548697,986.2303719037038,-636.3576578730397,5.932261498291723
164,184,204,1365.0522260082596,1013.3517305297834,987.6685213439868,-635.9680258655105,6.995810499127629
165,185,205,1363.3186367532767,1013.3432896532304,983.0291659843232,-633.053818884277,7.522707095102987
166,186,206,1361.6064285725142,1013.7290749565551,983.7681739996588,-635.8908203836995,8.616513420270849
167,187,207,1364.7892026491384,1013.8255206784233,988.1086414929097,-637.1449595221945,7.923081418508218
168,188,208,1355.1556548287413,1004.035432439687,989.8024179885109,-638.6821955994567,4.6626544451279415
169,189,209,1356.1282567037222,1003.7026919363822,988.7488940711625,-636.3233293038224,5.398172267815653
