Left,Mid,Right,Loss,Loss_left,Loss_right,gain,glasso
0,20,40,1310.391114380815,968.1577396170755,965.3363163580985,-623.102941594359,2.102987936658451
1,21,41,1310.561258298931,973.9897003943843,958.3390343193278,-621.767476414781,2.8373616913487467
2,22,42,1310.0773040765293,971.3135543994099,960.3821453585765,-621.6183956814571,4.753396383021368
3,23,43,1310.018391187898,970.1008175789073,963.1682176435006,-623.2506440345098,3.662314788038998
4,24,44,1311.9998018431684,977.1553341551478,962.3329463043848,-627.4884786163643,2.00621409339999
5,25,45,1318.6584627852303,979.2516840653152,968.1560127568496,-628.7492340369345,2.6009027112181684
6,26,46,1326.165666816808,978.9846120729294,978.1781804171562,-630.9971256732777,3.4350895824260306
7,27,47,1320.510119521473,974.7793383176393,974.0468811732287,-628.316099969395,2.854413501427075
8,28,48,1337.993974987739,969.9676729078141,996.794079722761,-628.7677776428361,5.920976984515164
9,29,49,1332.7262632760371,971.6077928250122,985.6597187993904,-624.5412483483656,6.158635727031424
10,30,50,1329.5035086672287,967.8675695190349,987.195603220382,-625.5596640721883,5.777930618461255
11,31,51,1327.539325197328,964.6143741612685,985.8359065440587,-622.9109555079992,7.581393133068104
12,32,52,1334.2222243600086,967.3752615704904,990.9978880984879,-624.1509253089698,8.182942100715081
13,33,53,1338.4137942529599,971.0333052536582,989.2441636211204,-621.8636746218187,12.1784971857561
14,34,54,1338.5806164018531,977.2619536117772,984.1725771766758,-622.8539143865999,10.924262525848917
15,35,55,1338.3952011730134,976.5033239126967,987.2762887715564,-625.3844115112397,10.119297806161967
16,36,56,1339.056126924453,971.2120095753276,990.8303818337661,-622.9862644846405,9.462817515986444
17,37,57,1340.8330749772513,975.4508259888319,992.0385098290848,-626.6562608406653,9.567410695928857
18,38,58,1337.0658010926086,968.2266271340403,989.8192130476199,-620.9800390890516,11.639289076929117
19,39,59,1337.3841431486271,971.7747972806899,988.417076368484,-622.8077305005468,11.716634094100073
20,40,60,1336.6652393799504,965.3363163580985,990.2392127781941,-618.9102897563421,11.795803495318637
21,41,61,1334.434115828453,958.3390343193278,989.500323187429,-613.4052416783036,11.78050276880731
22,42,62,1350.8975757434978,960.3821453585765,1000.9092699672574,-610.3938395823361,13.13401633284866
23,43,63,1352.6059700839926,963.1682176435006,1001.2170953058492,-611.7793428653572,10.779410729835263
24,44,64,1338.5228997835538,962.3329463043848,995.3052255805505,-619.1152721013814,6.410186051296819
25,45,65,1357.207865086235,968.1560127568496,1009.1127901809042,-620.0609378515187,5.509078070226337
26,46,66,1362.151032654917,978.1781804171562,999.7974207104861,-615.8245684727253,7.680566189203319
27,47,67,1364.903250984038,974.0468811732287,1006.4514104999092,-615.5950406890997,7.9539962397982436
28,48,68,1371.8715413063119,996.794079722761,998.0170663586086,-622.9396047750579,6.011831616457698
29,49,69,1364.8438137677942,985.6597187993904,997.7791298064344,-618.5950348380304,6.770364245235896
30,50,70,1372.91797802653,987.195603220382,1002.6910220764344,-616.9686472702865,7.548959963415996
31,51,71,1370.2076196358098,985.8359065440587,998.2089785366887,-613.8372654449377,8.474732980104363
32,52,72,1369.579921771202,990.9978880984879,984.9688425555856,-606.3868088828717,9.051937814240773
33,53,73,1388.8201921130594,989.2441636211204,999.1843757787781,-599.608347286839,15.95844247585012
34,54,74,1391.47261251692,984.1725771766758,1002.9780168118496,-595.6779814716053,17.98915216838816
35,55,75,1397.5253074843622,987.2762887715564,1004.6626235748051,-594.4136048619994,18.23539301469964
36,56,76,1403.7765710169863,990.8303818337661,1000.7783020271991,-587.8321128439788,18.692516343799525
37,57,77,1406.233924967612,992.0385098290848,1001.9773675746094,-587.7819524360821,19.572877426099012
38,58,78,1410.2929187573181,989.8192130476199,1004.0003890086584,-583.52668329896,21.28308264547161
39,59,79,1407.2265356956314,988.417076368484,1003.252191434987,-584.4427321078397,21.463180909060497
40,60,80,1415.1078523018828,990.2392127781941,1000.7689686133604,-575.9003290896717,21.792141918921857
41,61,81,1414.5105778598231,989.500323187429,996.6258860916562,-571.6156314192622,24.897683432642793
42,62,82,1417.1150370695439,1000.9092699672574,996.3972363272461,-580.1914692249595,23.59569297318103
43,63,83,1411.5561259081956,1001.2170953058492,984.8303902715279,-574.4913596691815,25.413144066281347
44,64,84,1407.7372867498868,995.3052255805505,989.7911451937239,-577.3590840243876,26.021010137544067
45,65,85,1409.1201292906592,1009.1127901809042,984.203205820229,-584.1958667104739,18.560305432776318
46,66,86,1392.8696529241565,999.7974207104861,985.7454274864084,-592.673195272738,14.675556634533791
47,67,87,1396.0334955973003,1006.4514104999092,987.4274038852735,-597.8453187878824,11.636019433601632
48,68,88,1374.7086303311532,998.0170663586086,985.3052947249045,-608.6137307523597,7.185315556916748
49,69,89,1377.5807670362938,997.7791298064344,986.6430972971198,-606.8414600672604,8.68915660217965
50,70,90,1377.883767847903,1002.6910220764344,983.8476836576167,-608.654937886148,10.415632316553115
51,71,91,1374.6045451615037,998.2089785366887,987.9634296151479,-611.567862990333,9.715303631544316
52,72,92,1360.2423639325907,984.9688425555856,988.7313489209841,-613.457827543979,6.314239871583936
53,73,93,1348.3964180867852,999.1843757787781,971.985789785431,-622.773747477424,1.9810111461890756
54,74,94,1345.9186191476651,1002.9780168118496,965.9733054455373,-623.0327031097218,2.6060712367618635
55,75,95,1349.583892621642,1004.6626235748051,973.208699407669,-628.2874303608321,3.1008595878976166
56,76,96,1339.4382779064954,1000.7783020271991,965.5290199138776,-626.8690440345813,2.2988400903819866
57,77,97,1339.3217259238027,1001.9773675746094,965.047331224856,-627.7029728756627,4.792326119972472
58,78,98,1340.9489624498947,1004.0003890086584,960.7432767902221,-623.7947033489859,7.370572918991229
59,79,99,1340.5171521860145,1003.252191434987,963.1135498182932,-625.8485890672657,6.723301466228122
60,80,100,1331.4013030117098,1000.7689686133604,956.5759336257506,-625.9435992274011,4.004844802808634
61,81,101,1336.8159088478799,996.6258860916562,971.3981563278727,-631.2081335716491,4.957400210855212
62,82,102,1331.9138018337226,996.3972363272461,969.2447814695975,-633.7282159631209,5.008317538187043
63,83,103,1334.9813837698234,984.8303902715279,985.0635564377927,-634.9125629394971,6.5621969753603935
64,84,104,1342.4608127129175,989.7911451937239,991.0334901129349,-638.3638225937414,5.827758001566963
65,85,105,1337.3112808023375,984.203205820229,989.5188448127177,-636.4107698306093,3.3270372081619826
66,86,106,1337.653685213663,985.7454274864084,986.8033643502769,-634.8951066230222,3.9645606140168184
67,87,107,1333.156222456329,987.4274038852735,980.547175448441,-634.8183568773854,4.4404332479655295
68,88,108,1329.6783069629012,985.3052947249045,980.7120308614406,-636.339018623444,3.9028008967754886
69,89,109,1331.7774717150928,986.6430972971198,976.4711473759257,-631.3367729579527,4.635164732915655
70,90,110,1347.098311981326,983.8476836576167,996.8758480151793,-633.62521969147,4.214431344160289
71,91,111,1348.3715964611615,987.9634296151479,994.5961794722018,-634.1880126261881,5.504471422786764
72,92,112,1349.63826841311,988.7313489209841,995.4592868456057,-634.5523673534799,4.526984219345536
73,93,113,1343.511069252454,971.985789785431,995.1290156825792,-623.6037362155562,10.149302379648702
74,94,114,1343.815972481248,965.9733054455373,998.5911963372471,-620.7485293015363,10.609976205125804
75,95,115,1344.1610363824848,973.208699407669,997.5826787977593,-626.6303418229436,8.816756924228457
76,96,116,1343.3308416906902,965.5290199138776,995.8945866950928,-618.0927649182802,9.880339652887642
77,97,117,1345.700482957423,965.047331224856,995.7784235875013,-615.1252718549342,13.445463459698999
78,98,118,1343.1384439572985,960.7432767902221,995.9269669390965,-613.5317997720201,13.695149931670471
79,99,119,1343.3593730142115,963.1135498182932,996.8985533268194,-616.6527301309011,12.987936409767826
80,100,120,1344.4459188919388,956.5759336257506,999.168252531029,-611.2982672648407,12.793244544098798
81,101,121,1347.0776815148506,971.3981563278727,995.2777233795055,-619.5981981925274,12.531781633508217
82,102,122,1344.843245864869,969.2447814695975,997.8373435395281,-622.2388791442565,11.079890443799059
83,103,123,1344.0404083920198,985.0635564377927,988.3978319152293,-629.4209799610021,9.52678214964726
84,104,124,1344.7899541220854,991.0334901129349,979.5542810479819,-625.7978170388315,12.070241452952814
85,105,125,1346.3778870674873,989.5188448127177,979.4116777701182,-622.5526355153486,13.64454315048522
86,106,126,1349.0947705556698,986.8033643502769,982.6354535155964,-620.3440473102035,14.824245723862873
87,107,127,1347.7127808353594,980.547175448441,984.7987086701452,-617.6331032832268,16.885213157316116
88,108,128,1347.2697885961948,980.7120308614406,982.6454638101128,-616.0877060753587,17.90107316083254
89,109,129,1342.6997952715246,976.4711473759257,984.9479045618154,-618.7192566662166,16.34399300108032
90,110,130,1344.6622762030365,996.8758480151793,975.709538380818,-627.9231101929608,7.82237936649733
91,111,131,1343.1954739423327,994.5961794722018,977.4912477012076,-628.8919532310767,8.003853912994941
92,112,132,1343.867670819598,995.4592868456057,973.7041356827722,-625.2957517087798,10.104923531190707
93,113,133,1349.470107321859,995.1290156825792,971.6658448268813,-617.3247531876016,15.166917842617863
94,114,134,1350.280386169896,998.5911963372471,972.3650395202474,-620.6758496875984,13.857103175390876
95,115,135,1349.867283215144,997.5826787977593,966.6997887591633,-614.4151843417787,13.524348367270136
96,116,136,1351.495839868006,995.8945866950928,968.9582210022097,-613.3569678292965,12.055778277722311
97,117,137,1353.7105000010906,995.7784235875013,955.3652441215964,-597.4331677080072,16.351359589842673
98,118,138,1346.7598784373129,995.9269669390965,960.3236369583865,-609.4907254601701,12.88815951697643
99,119,139,1347.586368209475,996.8985533268194,963.1203993125181,-612.4325844298623,13.09018797945987
100,120,140,1353.492730829968,999.168252531029,971.2199827632973,-616.8955044643583,9.74024841459675
101,121,141,1350.9103135733849,995.2777233795055,977.0328339073087,-621.4002437134293,10.613666400503234
102,122,142,1349.5210793628123,997.8373435395281,975.0440926202475,-623.3603567969633,10.207296026190079
103,123,143,1350.9676628269353,988.3978319152293,980.3954781885259,-617.8256472768198,9.762266271513568
104,124,144,1342.955418615778,979.5542810479819,980.9795204502941,-617.5783828824981,7.872915479989501
105,125,145,1361.0984156402646,979.4116777701182,1001.1499722217676,-619.4632343516212,10.286041973148144
106,126,146,1360.8409503429339,982.6354535155964,992.9724953414698,-614.7669985141324,11.169975812650932
107,127,147,1367.9954597009676,984.7987086701452,995.8296680841842,-612.6329170533618,10.465094127504699
108,128,148,1369.3233046729106,982.6454638101128,998.5732377813134,-611.8953969185156,9.182595870165642
109,129,149,1368.3436751735035,984.9479045618154,996.4859157691213,-613.0901451574332,8.75277999493926
110,130,150,1360.8345554661378,975.709538380818,1002.2533984988847,-617.128381413565,3.7296447638200334
111,131,151,1360.1881538851878,977.4912477012076,1001.0523331641256,-618.3554269801455,3.459796395978401
112,132,152,1372.117108332093,973.7041356827722,1010.7510972908613,-612.3381246415404,6.7378306493017135
113,133,153,1360.9514395344302,971.6658448268813,1005.981164759905,-616.6955700523561,5.6432766553782585
114,134,154,1359.6044225097467,972.3650395202474,1005.0660766879796,-617.8266936984803,6.21037484269209
115,135,155,1361.6649290145256,966.6997887591633,1005.2195973886074,-610.2544571332451,6.240792256037139
116,136,156,1361.5317161837138,968.9582210022097,997.8566326720672,-605.2831374905631,8.105695201462026
117,137,157,1357.5948021606573,955.3652441215964,998.2246603939468,-595.9951023548861,4.631581897751062
118,138,158,1353.4556611113844,960.3236369583865,991.5898231004729,-598.4577989474751,3.9377594994248284
119,139,159,1361.7556677136931,963.1203993125181,995.9571528801646,-597.3218844789894,6.67882778949911
120,140,160,1379.1393408834156,971.2199827632973,1003.6723801437915,-595.7530220236731,10.060392167878831
121,141,161,1385.2282437737194,977.0328339073087,1002.5267751426418,-594.331365276231,10.756644839533237
122,142,162,1390.5826108733913,975.0440926202475,1006.9116599097083,-591.3731416565645,11.94038383641987
123,143,163,1390.50112288009,980.3954781885259,1002.2277547168009,-592.1221100252369,12.026062597607847
124,144,164,1389.5988357736771,980.9795204502941,1004.7705737798537,-596.1512584564707,12.14714780516806
125,145,165,1387.1058015941921,1001.1499722217676,989.4639898415803,-603.5081604691559,11.559697488110714
126,146,166,1382.2033207112852,992.9724953414698,991.7238704905344,-602.493045120719,9.123330287307226
127,147,167,1384.240530450781,995.8296680841842,991.7007474468866,-603.2898850802897,8.620690658441731
128,148,168,1382.5964190632621,998.5732377813134,991.787835318339,-607.7646540363903,8.466133952558721
129,149,169,1382.509333481089,996.4859157691213,994.4761370445628,-608.4527193325953,10.19247957729317
130,150,170,1372.5558150831225,1002.2533984988847,990.8766762087154,-620.5742596244777,8.099807780987135
131,151,171,1374.2238304590146,1001.0523331641256,993.6366961819598,-620.4651988870708,8.550320970755592
132,152,172,1371.6121696949826,1010.7510972908613,980.06891313915,-619.2078407350286,10.26337580765096
133,153,173,1365.8156838774153,1005.981164759905,982.5945990016666,-622.7600798841563,7.4705447231305016
134,154,174,1359.7807352895722,1005.0660766879796,981.8155379993694,-627.1008793977769,9.337174596477098
135,155,175,1358.4090372482722,1005.2195973886074,982.2047609546084,-629.0153210949436,7.687801126032127
136,156,176,1349.4385074120041,997.8566326720672,978.8200243873448,-627.2381496474079,8.55437265215005
137,157,177,1343.8317317310364,998.2246603939468,978.6954882008276,-633.0884168637381,5.054225681506296
138,158,178,1337.9589622999042,991.5898231004729,978.5097808521812,-632.1406416527498,5.4979087401468405
139,159,179,1345.3252247416303,995.9571528801646,980.9098692496874,-631.5417973882218,7.277419507778404
140,160,180,1334.4953837715966,1003.6723801437915,963.8592966781074,-633.0362930503024,9.497819644284391
141,161,181,1332.6147313634124,1002.5267751426418,958.9637456687768,-628.8757894480063,11.055638854319227
142,162,182,1338.2518261454588,1006.9116599097083,958.8578869607529,-627.5177207250024,10.685876092238004
143,163,183,1339.3372052413197,1002.2277547168009,964.0418715235262,-626.9324209990073,10.308259004372758
144,164,184,1340.284536301433,1004.7705737798537,962.371666912736,-626.8577043911569,11.300731334156694
145,165,185,1329.3846352808355,989.4639898415803,963.9101436228041,-623.9894981835489,8.479144099445648
146,166,186,1337.5815974052184,991.7238704905344,975.1040175984074,-629.2462906837234,8.086913602056484
147,167,187,1339.9207372062847,991.7007474468866,974.3666909112636,-626.1467011518655,8.450905414978706
148,168,188,1343.0336225260958,991.787835318339,978.3947873469527,-627.149000139196,9.297015767428206
149,169,189,1343.7613262655395,994.4761370445628,977.117395937931,-627.8322067169543,10.104211312137068
150,170,190,1344.772859329861,990.8766762087154,987.7184929135844,-633.822309792439,7.300023041901113
151,171,191,1344.6601374818065,993.6366961819598,983.2044772202988,-632.1810359204521,7.678165648031268
152,172,192,1331.2959447627309,980.06891313915,984.0408437583048,-632.813812134724,5.618685983357068
153,173,193,1326.9053430508402,982.5945990016666,977.3388717844607,-633.028127735287,5.024597134299256
154,174,194,1320.8086995606639,981.8155379993694,971.4578720760226,-632.464710514728,2.223802174769503
155,175,195,1322.91962614761,982.2047609546084,974.9423812094478,-634.2275160164463,2.3689230838828053
156,176,196,1319.9651848341518,978.8200243873448,971.1020287367005,-629.9568682898935,2.4040497531759684
157,177,197,1320.8606209570735,978.6954882008276,972.259362279209,-630.0942295229631,4.395218989703153
158,178,198,1329.6015141893834,978.5097808521812,983.3709399624936,-632.2792066252914,5.753823486151191
159,179,199,1322.8640318250727,980.9098692496874,974.4908019732477,-632.5366393978625,4.806952395282792
160,180,200,1306.7668303881492,963.8592966781074,969.5242319435877,-626.6166982335458,2.7496673561083753
161,181,201,1300.5201328268085,958.9637456687768,968.7543503334412,-627.1979631754093,2.374413725571685
162,182,202,1290.709736161476,958.8578869607529,954.6849792247376,-622.8331300240145,1.5730288419970293
163,183,203,1293.6155846947975,964.0418715235262,952.1151039034237,-622.5413907321524,0.9758313371992244
164,184,204,1291.657784779498,962.371666912736,952.1946180407275,-622.9085001739656,3.6890690087357143
165,185,205,1293.9197943974002,963.9101436228041,951.0673498500308,-621.0576990754346,6.569528148613244
166,186,206,1304.3800923452752,975.1040175984074,953.4285588152688,-624.152484068401,8.119642799462099
167,187,207,1308.9868611918585,974.3666909112636,962.3458756748175,-627.7257053942228,5.179873165599702
168,188,208,1312.4737705875282,978.3947873469527,959.6930114951823,-625.6140282546069,8.491792091143793
169,189,209,1317.7262114845294,977.117395937931,967.2617232532747,-626.6529077066762,10.99556759888344
