Left,Mid,Right,Loss_likeli,Loss_AIC,Loss_BIC,Loss_eBIC
0,20,40,35.19815196106185,7.198151961061853,2.5739087660404607,-72.26172590628403
1,21,41,34.69747805451874,17.249590056023237,14.091773634225035,-54.68084707216718
2,22,42,36.95530604401688,21.95530604401688,17.606476304881653,-38.59671321422451
3,23,43,32.36365535653721,14.472239889406353,11.362677918450345,-39.087966878206146
4,24,44,36.3488700823296,14.348870082329597,9.70292283690793,-26.200270503187483
5,25,45,56.49321432874444,28.493214328744443,18.80080399099893,-41.38804753553342
6,26,46,73.91046092642637,43.91046092642637,31.362149313056136,-107.74692877456897
7,27,47,69.13988167532722,43.8230478288138,29.88279599905792,-47.974167577831054
8,28,48,79.96075323239154,50.021216414568585,34.014373721183006,-100.9240475725087
9,29,49,71.5887562521525,48.34732950031457,40.046225892975144,-68.50138183875072
10,30,50,58.47706239026962,39.47706239026962,33.8835099110824,-31.534332417421012
11,31,51,55.34070964814401,40.35629805602838,35.290756290460365,1.2787824738388167
12,32,52,51.29511956557815,33.29511956557815,29.24730792228968,1.6421459848434665
13,33,53,41.12561002101029,34.12561002101029,34.49909792063909,15.44509998488536
14,34,54,32.88866074689088,24.407626528640606,24.087666285853913,-10.638186110272159
15,35,55,27.8370392135962,20.463840062868258,24.23647446209111,12.310018574699313
16,36,56,41.63272320610105,28.632723206101048,26.31934651135981,-38.01451678736248
17,37,57,62.62318079551767,39.62318079551767,32.33114273300646,-85.20189447074756
18,38,58,62.25885738643382,37.25885738643382,27.584792689248673,-58.44475068479403
19,39,59,61.73061124583205,33.73061124583205,23.379963366154186,-36.80888034978773
20,40,60,56.01248609418076,32.01248609418076,26.93889902401338,-21.485223899749258
21,41,61,57.44884723121129,32.44884723121129,22.774782534026144,-65.72940417771542
22,42,62,49.86732362377484,23.867323623774837,13.002245609252782,-40.9999073858761
23,43,63,29.183779517990843,9.292364050860044,10.508936012543131,-9.226941360410706
24,44,64,34.560259566083005,9.560259566083005,6.63565861006839,-57.19957413974953
25,45,65,43.35340888819036,11.353408888190415,2.7886963158566687,-68.83623385469116
26,46,66,49.30072525535513,18.300725255355133,8.065478869467825,-136.86723684092726
27,47,67,53.62055753308124,20.620557533081183,8.696431693079944,-117.29386267453424
28,48,68,67.20468364519434,27.204683645194336,11.885272200061308,-134.28925638348812
29,49,69,67.74788398647257,30.010969340926863,19.233868320976626,-126.04353434590621
30,50,70,56.14389587892231,28.143895878922308,20.290392063381773,-64.58518772610921
31,51,71,58.357352737502026,33.357352737502026,24.471271315251443,-44.230360095922606
32,52,72,64.61505960308341,29.61505960308341,19.304681943642436,-52.61500453036501
33,53,73,57.77403802382713,31.77403802382713,22.92451114047401,-59.388311093412995
34,54,74,57.78017190961043,30.878409305276023,22.15608838435901,-59.33017620333658
35,55,75,56.73614785933444,29.736147859334437,20.266240057350956,-60.85382456659681
36,56,76,67.9899541473693,28.989954147369303,16.37817825902175,-96.2764007745343
37,57,77,67.14040772073213,33.14040772073213,18.709645721832317,-89.64237902378136
38,58,78,75.8214048683742,41.8214048683742,26.626824169356155,-100.43914573048687
39,59,79,106.2045978294691,63.20459782946904,44.381904762168006,-180.57308059408263
40,60,80,112.25702778174241,68.25702778174241,51.83982361491519,-165.76067849120216
41,61,81,107.7313646669196,68.7313646669196,52.08717405485652,-194.30151664099276
42,62,82,103.83195232642424,63.83195232642424,46.34332198730419,-171.52670284774115
43,63,83,87.20618606253322,55.20618606253322,44.77655583456237,-117.07530735643388
44,64,84,78.4781743344185,43.478174334418554,29.48448549794341,-118.88679013442925
45,65,85,79.57578291710644,50.57578291710638,39.531025817638465,-75.57095426374633
46,66,86,82.65232907768774,52.652329077687796,44.64207211122266,-77.44741974302315
47,67,87,82.93608703756433,47.936087037564334,33.97650815316922,-167.17190110484853
48,68,88,66.10785731298824,32.107857312988244,18.389348327397215,-98.22237593139255
49,69,89,67.18801130076008,31.451096655214428,21.323154318538172,-120.32959980323699
50,70,90,64.98485921943029,31.98485921943029,20.42969678352847,-101.8284306993562
51,71,91,76.90500082164647,41.90500082164647,32.45087861089098,-159.34049808357634
52,72,92,80.05864197611203,26.058641976112085,10.577524827690922,-278.4582043576271
53,73,93,83.31644556543074,31.31644556543074,19.233199906387995,-249.30925503723518
54,74,94,87.13125718404314,33.13125718404308,18.029987867604518,-300.3570245166127
55,75,95,62.50863047684987,18.50863047684993,10.514015015136579,-213.55498991970705
56,76,96,57.17001224206393,4.170012242063876,-3.9749610819224017,-138.69371752120878
57,77,97,40.75770329044792,-2.2422967095521926,-6.2511895574060645,-166.30331069951092
58,78,98,26.426326086003826,-5.573673913996117,-2.4438428254616156,-158.32830277721382
59,79,99,34.22062653349798,-0.7793734665020793,0.8568592117015896,-221.88293521787386
60,80,100,27.062332742134345,-21.937667257865655,-25.192118952860028,-358.015841883604
61,81,101,34.70670175734898,-16.293298242650962,-21.92977657231927,-348.5345425147241
62,82,102,33.4945202118991,-14.505479788100843,-17.608638936598254,-337.30406248411407
63,83,103,38.10824201549917,-9.891757984500828,-14.381211494118133,-324.7472457496349
64,84,104,44.34394062128558,-3.656059378714417,-9.531807249451617,-254.28774259424904
65,85,105,54.998900656602586,4.998900656602586,-1.8839039700229705,-249.57100117363427
66,86,106,53.78322131147746,10.783221311477405,9.817074587830575,-206.7125796368996
67,87,107,32.36473696030214,-2.635263039697861,-4.464766264293985,-204.13879595254855
68,88,108,27.494633295242295,-12.505366704757762,-17.863921384078708,-194.8526307957502
69,89,109,26.626659530099516,-12.37334046990054,-16.540881831884462,-207.62834234148852
70,90,110,20.835975429194605,-15.164024570805395,-17.491393932178426,-171.1098071901141
71,91,111,29.91244733640616,-4.087552663593897,-4.7260425708529965,-140.47668429251894
72,92,112,22.37606191364307,-20.62393808635693,-26.08979681488904,-141.81736509819154
73,93,113,31.271639308235308,-10.728360691764692,-15.696353283519784,-179.67660576458388
74,94,114,33.81501316064049,-13.184986839359567,-21.68203088583948,-200.44367874014404
75,95,115,31.250780600336952,-19.749219399663048,-28.158286451571144,-217.99581296984775
76,96,116,29.37449220718719,-29.62550779281287,-37.9512529729966,-272.56863441206906
77,97,117,22.803282090978655,-28.196717909021345,-35.91263778036944,-238.55043963812363
78,98,118,15.001576849125684,-29.998423150874373,-33.68742543072062,-239.85597001603992
79,99,119,8.89880730340019,-38.10119269659981,-41.239992583184176,-181.8751295581069
80,100,120,39.11218269452951,0.11218269452945151,-1.9759171257746857,-295.1928459387849
81,101,121,45.62372219787363,5.623722197873633,3.7309034213525365,-260.8928171014736
82,102,122,41.61539231833797,4.6153923183379675,3.869598361867702,-254.33230689844208
83,103,123,31.030729330704787,-14.969270669295156,-17.74409246742607,-291.75918044107857
84,104,124,33.64556828855325,-8.354431711446864,-9.177494931134106,-242.66643057802435
85,105,125,35.66519722017506,-7.33480277982494,-9.637135004306629,-265.6559244218231
86,106,126,19.830566365647883,-28.169433634352117,-32.78519238382398,-233.63556682138687
87,107,127,26.32165079379581,-5.678349206204189,-7.400548381589147,-146.20219729766347
88,108,128,14.850507535175609,-18.14949246482439,-19.329837006146363,-139.66617964886188
89,109,129,8.162211692285553,-26.83778830771439,-25.09288609848693,-130.34434749652337
90,110,130,24.983118428765067,-9.01688157123499,-11.388239429893929,-114.01309307450151
91,111,131,30.564689686061,6.564689686061001,8.478846014612031,-98.03670948891249
92,112,132,28.64296845940123,6.6429684594012315,7.126841929546458,-50.9299097138545
93,113,133,18.30434294593408,-1.6956570540659186,0.4770958701932386,-91.43431761163458
94,114,134,17.784436585989397,-6.215563414010603,-6.0342750368594125,-60.718451476203654
95,115,135,46.18658328811523,4.18658328811523,-4.940292386999431,-183.704575434223
96,116,136,49.879802543779874,1.8798025437798742,-9.287181298576229,-221.90450574752447
97,117,137,42.572720638177316,8.572720638177373,1.6959061058786347,-110.25034171866821
98,118,138,37.53768696565601,11.537686965656007,8.297227937293314,-124.1657598789725
99,119,139,35.63694524736928,4.636945247369226,2.532531743617369,-116.59811016965591
100,120,140,43.50243534015061,24.502435340150612,20.934729776147265,-100.32182290479386
101,121,141,76.22621660801968,51.22621660801968,43.63159345251438,-103.92852263213979
102,122,142,64.32513928101139,47.32513928101139,43.132151128293,-83.34474160607454
103,123,143,65.11285238479127,42.11285238479127,36.23286094077241,-59.297531391799566
104,124,144,66.12663893406392,45.12663893406392,40.27536342175648,-47.863551159313374
105,125,145,57.37144251973632,38.449402127787835,32.253531398102496,-38.2732445345365
106,126,146,61.52090077420701,32.99546978445619,22.89251475442245,-83.6894903868772
107,127,147,51.023630172277024,36.57064304305669,27.056176212831588,-36.240950662251066
108,128,148,57.33456221284462,37.33456221284462,27.6305086041433,-43.378221300074074
109,129,149,60.12076065486406,35.76688263596077,27.241208240639537,-35.96612089565065
110,130,150,70.3356035446979,49.29509564438956,38.859694661463436,-24.45843415668685
111,131,151,87.10147560910707,62.09730787086096,49.15278831465906,-77.88179398558623
112,132,152,82.93083386697714,53.31930609592405,41.05983678181491,-89.40693437300558
113,133,153,79.3535936831812,42.3535936831812,28.08674221180047,-127.34253574216598
114,134,154,81.65181698956258,39.651816989562576,22.55374873800838,-148.4705134194511
115,135,155,77.87888351890444,36.878883518904445,22.011549355527222,-195.72007678029877
116,136,156,77.5429734872348,38.5429734872348,23.735104387355136,-181.75211767100382
117,137,157,90.24897012176581,50.24897012176581,35.74110362177623,-184.596248169442
118,138,158,72.97483121011214,39.97483121011214,26.66441100899101,-133.24207768388067
119,139,159,75.27016486939152,41.270164869391465,27.192182171765012,-140.24602880902603
120,140,160,81.32765838613676,42.32765838613676,25.336894183793675,-150.17784776497672
121,141,161,103.80235673444008,59.80235673444008,42.748276980171795,-172.97599236943097
122,142,162,107.06497565972825,69.06497565972825,53.06560916277601,-142.6984384054026
123,143,163,94.21749610720599,61.21749610720599,48.600223086644746,-105.83168046157675
124,144,164,86.88225398063418,55.882253980634175,45.37312363128865,-92.00809697635862
125,145,165,86.33035639406103,48.408316002112656,37.17733734267131,-106.70551058541173
126,146,166,74.65501197758056,46.129580987829684,36.84607837821045,-109.94320596482885
127,147,167,101.4791534348144,61.02616630559402,48.88743236717073,-206.2248905685983
128,148,168,104.20904757896471,65.20904757896471,53.497417772237895,-224.12504581093447
129,149,169,103.77181021261532,60.77181021261532,46.9881853173639,-259.251853283051
130,150,170,108.06032409834313,69.01981619803473,58.0720955769483,-243.51567178441178
131,151,171,96.46856715088336,55.46856715088336,42.68067452918592,-202.07017533574538
132,152,172,96.41548555996405,53.803957788910964,43.00752971432155,-174.46279430065226
133,153,173,86.93116840802054,41.93116840802054,28.879991696623392,-160.5133802047551
134,154,174,68.14191932899155,27.141919328991605,14.70060029757417,-162.6704423982011
135,155,175,34.38084513506425,0.3808451350644191,-7.535690168074325,-133.7531224296298
136,156,176,26.1851020320388,-12.814897967961201,-22.527616774424814,-114.50505455570715
137,157,177,22.310954877687607,-9.689045122312336,-15.429643712123266,-100.28882798458949
138,158,178,24.205616235222806,2.2056162352228057,0.6100481636881341,-51.01555731141514
139,159,179,25.74121596473077,4.74121596473077,4.118282473127465,-33.22641861430361
140,160,180,41.58595933954865,-5.4140406604514055,-18.069967790291003,-154.38846536326378
141,161,181,37.150396964189554,-4.84960303581056,-15.70934666232506,-144.63285636642104
142,162,182,40.4583771597367,2.458377159736756,-6.409901919669892,-149.0307767415925
143,163,183,36.26943606329962,-5.730563936700321,-15.897160382655102,-153.84790604340867
144,164,184,38.640334143249504,-5.359665856750439,-13.749405854019301,-196.81495898433775
145,165,185,28.781478954776617,-18.218521045223383,-26.715565091703297,-188.62771664504305
146,166,186,25.751181707583328,-15.248818292416672,-21.451812698794583,-175.60489306509135
147,167,187,37.01892382521214,-8.981076174787916,-18.019974855330815,-210.41182378863004
148,168,188,38.374791921016254,-0.6252080789837464,-6.179043802087563,-215.33313999704444
149,169,189,52.34936046605151,7.3493604660515075,-1.5382456679943743,-258.14818413975684
150,170,190,54.8321917883103,6.832191788310297,-1.414593274831418,-282.6517420274454
151,171,191,45.20857136416788,3.208571364167881,-2.7991419984269896,-200.4431775405949
152,172,192,40.55951203694195,-4.440487963058047,-10.996460862969343,-206.84498372901498
153,173,193,32.16148677029264,-10.83851322970736,-16.997519138799248,-165.40530623426662
154,174,194,30.582878504036785,-7.417121495963215,-12.12651749201018,-174.9491727075798
155,175,195,37.15967791019648,16.159677910196535,17.487991107398557,-78.0509167646868
156,176,196,39.68832957348991,17.68832957348991,16.09276150195535,-91.6067488900186
157,177,197,33.80996367072714,10.809963670727143,8.163865950789386,-80.89939492349663
158,178,198,41.31523631416576,21.31523631416576,21.061974106465073,-61.17237299164481
159,179,199,39.83525555826924,20.835255558269182,22.247775111059696,-86.11921329572851
160,180,200,78.59709716041937,40.59709716041931,31.382244490732774,-194.48444703314465
161,181,201,57.67014655388641,36.67014655388641,33.14642948716897,-113.40963095648476
162,182,202,80.89558652516166,51.89558652516172,43.349219593388284,-112.75977023379528
163,183,203,72.94978777088818,42.94978777088818,36.00673869644709,-113.06393617377773
164,184,204,71.37782532862099,40.377825328620986,33.60831484553353,-143.1334335378616
165,185,205,76.82932982628768,45.829329826287676,37.32695139180038,-168.21898164275206
166,186,206,76.8470833514354,42.84708335143546,32.15795932605704,-171.2618162736744
167,187,207,65.40203848818072,40.40203848818072,30.727973790995577,-115.91040704440866
168,188,208,60.14242982373321,41.14242982373321,35.148709127770076,-117.92967632274122
169,189,209,83.16152535559388,51.16152535559388,39.04211847180966,-130.35320218199263
