Left,Mid,Right,Loss_likeli,Loss_AIC,Loss_BIC,Loss_eBIC
0,20,40,13.562900497142493,-28.43709950285745,-30.774602291357155,-147.78138433567767
1,21,41,16.56225163913132,-27.43774836086868,-30.014660134355836,-136.8336949838631
2,22,42,16.437880859324594,-47.56211914067535,-52.73938544284522,-418.7190534763913
3,23,43,12.22918550609063,-34.77081449390937,-31.137782880590294,-339.82524149235564
4,24,44,31.791716844304972,-13.208283155695085,-16.55071184526139,-236.83940771788093
5,25,45,34.246015834538696,-12.753984165461247,-16.398997948021588,-275.40640147019167
6,26,46,35.05573475425001,-11.944265245749875,-14.049143509967621,-281.0600472539646
7,27,47,39.01860952240668,-16.981390477593322,-25.540757835938166,-310.1910483096333
8,28,48,37.17261889062661,-32.82738110937339,-45.84387449612484,-391.4019751588695
9,29,49,39.13107471792324,-19.868925282076816,-31.103115648940616,-257.1276933186765
10,30,50,51.133760370302696,-7.866239629697247,-21.99110372722123,-297.89156857772355
11,31,51,58.17767575266737,-0.8223242473327446,-16.680056296256453,-338.556262034517
12,32,52,57.60581445409224,-3.3941855459077033,-21.287370639225514,-287.2503747838848
13,33,53,33.45652755618488,-12.543472443815062,-20.88922394379813,-247.95408994386935
14,34,54,37.00409041082918,-14.995909589170765,-20.524188789845766,-278.1821523200633
15,35,55,32.131564251106624,-15.868435748893376,-22.090757209910635,-283.402434349392
16,36,56,31.63529258225492,-20.364707417744967,-28.925067016150138,-244.4043216187847
17,37,57,34.2112941173545,-9.788705882645445,-16.445577928514467,-199.77082074171642
18,38,58,31.24509897012757,-3.7549010298723715,-6.624125025308331,-150.88945131708033
19,39,59,29.688469244014414,-9.311530755985586,-11.080308880475286,-184.46466326501456
20,40,60,43.50120832084929,-2.498791679150713,-11.2875076858287,-203.99099918519028
21,41,61,44.36941895320564,-2.6305810467943047,-7.20906447250843,-169.57161231840075
22,42,62,80.50147116179443,21.501471161794484,3.9108711614708227,-367.935218262483
23,43,63,68.02651158159608,27.026511581596083,12.505751008498805,-154.03564428200139
24,44,64,55.61794434276368,19.61794434276362,11.906770773085782,-159.66640788263896
25,45,65,69.05439641607086,32.50985433392259,24.158768445932196,-109.60222820762965
26,46,66,68.14050571209987,31.767542897770795,24.5932235407015,-113.1624565081512
27,47,67,76.45353544722303,31.453535447222976,15.89404634334619,-148.24200406314083
28,48,68,76.13234653636744,26.132346536367436,5.181133649592539,-237.88515446690008
29,49,69,76.54232551677052,21.54232551677046,7.508838135053793,-233.7158994865839
30,50,70,79.27335246381523,24.273352463815286,7.287922649479697,-273.8660267865192
31,51,71,77.96239802968108,24.96239802968114,9.665847669459481,-279.1588808243762
32,52,72,95.74209581039793,36.74209581039793,19.121474163880748,-270.7735386486154
33,53,73,104.2973141894467,55.29731418944664,36.79362452213343,-191.7146695093537
34,54,74,92.68563906913334,48.685639069133344,37.4362284348349,-158.3962488493953
35,55,75,145.16528854140154,65.16528854140142,30.88117504372144,-317.2442077453014
36,56,76,151.8701411235602,60.8701411235603,20.41635294077321,-360.43484058873116
37,57,77,152.82739177860526,64.85525338309321,34.39534063364408,-342.6023420647206
38,58,78,150.7194877713801,69.71948777138016,39.180326424865484,-336.0630489142328
39,59,79,142.75644286003626,57.75644286003626,25.807777047925356,-356.03070291118615
40,60,80,156.95162603387473,69.95162603387473,34.00121394595294,-405.0017997993898
41,61,81,135.13165088563267,57.131650885632666,34.42565130856974,-373.95986970381614
42,62,82,115.21326073155046,54.21326073155046,32.854339735433086,-352.3231569200385
43,63,83,118.65839708263258,60.65839708263252,40.7930744968462,-358.331182449949
44,64,84,102.20974498824597,46.209744988245916,28.194675092748184,-263.9674122120907
45,65,85,97.35662160849449,36.812079526346224,18.24507430710787,-242.99728049370606
46,66,86,83.1432492221603,31.770286407831236,19.451764332390667,-186.74796626694592
47,67,87,84.71811083626812,40.71811083626824,27.129766984799744,-226.74426577924112
48,68,88,57.525129981675946,25.525129981675832,17.564606181251406,-141.64968571465988
49,69,89,69.6705711093527,37.670571109352636,32.197331142846906,-172.43383362598308
50,70,90,60.12879690424995,27.128796904249953,20.403274918448346,-177.26972108000746
51,71,91,49.666781461041694,20.66678146104175,18.35873915430784,-187.03203609249567
52,72,92,42.60090460511742,11.600904605117421,10.69312351059591,-177.6458540464871
53,73,93,52.92653658769899,20.92653658769899,17.471469460914136,-175.87807486793474
54,74,94,42.42894218040175,11.428942180401691,9.858035551513922,-176.25527157381032
55,75,95,44.782861412125044,-5.217138587874956,-15.55435463496599,-232.58767229199123
56,76,96,49.20775798871438,-5.792242011285566,-19.311935922821476,-270.63744852034404
57,77,97,43.77675202966793,-12.195386365844172,-16.75348981539412,-238.2731958617686
58,78,98,44.43540836284399,-11.564591637156013,-20.901288264411278,-263.4346032993367
59,79,99,38.79526423379997,-14.204735766200088,-26.728697404181844,-271.2526772291211
60,80,100,42.0444942259262,-6.955505774073799,-17.141429274667644,-245.87580144707317
61,81,101,55.379764449366974,15.379764449366974,9.32806258948608,-259.0471249579582
62,82,102,59.94081244470635,12.940812444706353,3.057474037106431,-338.29985056426415
63,83,103,66.46252954718352,19.46252954718358,9.925764729863658,-367.7237328559047
64,84,104,56.30941092195758,18.30941092195758,13.132518661632275,-228.90328734558807
65,85,105,52.473399838566536,4.473399838566593,-2.7886423932906155,-282.7783053648059
66,86,106,44.80872524326065,-4.191274756739176,-13.800523661865327,-205.645238743125
67,87,107,40.50909963077959,-2.4909003692204124,-7.297084600264611,-216.66289982729938
68,88,108,39.645796074569034,5.645796074569034,1.541570264510142,-162.47644243226807
69,89,109,60.03471294956046,29.0347129495604,26.083452549717435,-181.73487453727682
70,90,110,57.442546521620955,23.442546521620955,19.338320711562005,-196.05571790979104
71,91,111,79.17382182165642,41.17382182165636,34.73155787420956,-231.00187426292996
72,92,112,56.44005344638981,20.44005344638981,17.766110494736722,-226.6514810787503
73,93,113,70.86871456642751,26.868714566427514,18.47897456915871,-202.21464657780916
74,94,114,71.11787991433408,23.117879914334083,13.083248960237142,-253.2602016526489
75,95,115,81.44235541213845,29.442355412138454,15.336818369253706,-290.79126278449064
76,96,116,86.81597339096032,38.81597339096038,26.008753714623708,-270.45330853141
77,97,117,85.26079301937398,39.26079301937398,28.507927637294415,-249.86637774072597
78,98,118,93.84930384378492,46.849303843784924,35.57967107506522,-226.60851775431638
79,99,119,56.0381491404969,20.038149140496955,12.858749515204181,-204.38934945332926
80,100,120,54.97676937957664,23.97676937957658,18.59355325760896,-126.40115195368139
81,101,121,30.55021949843899,12.550219498438992,12.599542383732341,-103.26176739581729
82,102,122,29.28287448476317,14.28287448476317,15.82579578038758,-79.52290425984961
83,103,123,28.39755702833253,8.397557028332528,9.115552371326999,-80.07761552073998
84,104,124,26.695587276746494,8.695587276746494,10.886049276365952,-54.1640840396567
85,105,125,31.31138939271699,12.31138939271699,12.902566912073212,-129.40969449174554
86,106,126,29.04936008160132,-2.950639918398565,-7.445427816023425,-151.8091435940579
87,107,127,28.770372139692768,-16.229627860307346,-23.07126513574542,-201.31272205317487
88,108,128,45.30620494396595,-6.693795056034105,-20.799332098918626,-253.54544448954027
89,109,129,57.064913844757655,-1.9350861552422884,-19.86631915568114,-275.27710343643946
90,110,130,47.45451921135668,-5.545480788643204,-18.762589607185078,-261.88663724746755
91,111,131,71.54000030422691,15.540000304226908,0.8292930753541441,-288.1583769962508
92,112,132,61.97336775684971,13.973367756849711,2.899016031912879,-306.72003699866275
93,113,133,66.09367728130104,16.09367728130104,2.983872511970276,-264.02071967033567
94,114,134,61.45130906647489,7.4513090664748916,-6.956813069403893,-298.5885645709718
95,115,135,37.1654460199976,-6.834553980002283,-13.14485243559136,-274.04172988227685
96,116,136,34.30580946287057,-6.69419053712943,-11.857464172667392,-221.40907144818993
97,117,137,37.19886558591969,-7.801134414080366,-14.590397756583116,-256.0467670836108
98,118,138,37.725181285861424,0.7251812858614244,-2.446627802568628,-226.52851225950724
99,119,139,28.21398652631217,-14.786013473687888,-19.905298611939884,-219.8064998277266
100,120,140,35.15676988275675,-6.843230117243252,-12.850943479838179,-238.31907868045334
101,121,141,30.732500617597395,-6.267499382402548,-9.785882061112602,-281.58138012072527
102,122,142,33.686963362287884,-1.3130366377121163,-4.5288342234281345,-231.13520145531368
103,123,143,42.62887350569423,-3.371126494305827,-10.781169448418154,-198.9292243514177
104,124,144,34.33861027054763,-7.66138972945248,-9.479172537723684,-157.21176208091367
105,125,145,50.261486687455545,5.261486687455545,-7.025729135078791,-142.62951781990705
106,126,146,44.69175183884238,10.691751838842379,4.85465807738376,-134.28446762127044
107,127,147,46.89537713365104,13.895377133651095,7.8630023284093795,-113.89830304380143
108,128,148,63.00067221217819,25.000672212178188,17.80827518460012,-198.78097310038936
109,129,149,66.65401654463301,26.65401654463301,20.716886626892688,-190.8486323057058
110,130,150,85.29465050509259,44.999824787566126,37.92772921148446,-184.19777018213358
111,131,151,91.99452056760333,45.99452056760333,34.353626655952326,-234.95099266422335
112,132,152,82.53761485645919,41.537614856459186,31.3910688106605,-246.80531589732857
113,133,153,88.18388828499002,46.183888284990076,33.24470311679568,-210.3717134987063
114,134,154,84.94990202008512,35.949902020085005,23.29831774249385,-226.37333071279227
115,135,155,109.1914692722629,66.1914692722629,49.635255654771754,-231.79277331356843
116,136,156,127.05232575091225,82.05232575091225,65.19352704042694,-217.47994717230586
117,137,157,130.13477934015475,82.1347793401547,64.12895580961845,-251.84188101310679
118,138,158,129.9713118989207,89.9713118989207,75.63416029968653,-262.88071851933694
119,139,159,157.2664948435406,100.26649484354061,78.1264496722913,-240.35155146459726
120,140,160,155.87076135681247,96.87076135681247,73.73498391200928,-271.46990570400567
121,141,161,131.6641691962468,80.6641691962468,60.81817366509949,-226.87832616315836
122,142,162,117.32270693708352,67.32270693708352,50.93653215700283,-215.06373063488252
123,143,163,111.25868801370166,58.25868801370166,40.84714710697574,-239.1079865745047
124,144,164,98.50611797434772,47.50611797434772,34.44002147311949,-209.44955858824278
125,145,165,99.76568197916413,46.76568197916413,28.416095520734075,-211.11980587839685
126,146,166,72.96406604517188,32.964066045171876,19.634318789411623,-165.63875390467797
127,147,167,62.37364492814072,38.37364492814072,32.316608680252216,-70.84588969791855
128,148,168,48.78485903421574,29.784859034215742,26.50674116092091,-65.09786653041112
129,149,169,31.397383947890432,13.397383947890432,15.139081306229116,-52.045457572969326
130,150,170,38.93875283195763,17.64392711443105,19.104990020848902,-33.08329579635563
131,151,171,37.835135679953225,14.835135679953282,10.832853421093319,-88.80294254156513
132,152,172,38.84725869549243,12.847258695492428,7.396115979108799,-91.72751272779522
133,153,173,42.075197502880656,17.075197502880656,10.520295118215245,-77.14491615359987
134,154,174,51.338028726675645,23.338028726675645,18.369044599161498,-90.16416809364819
135,155,175,48.64629285479725,25.646292854797252,18.354254792286042,-92.4855828756904
136,156,176,45.31562347354139,32.31562347354139,30.348820369080045,-48.24838019009201
137,157,177,44.09989676209261,24.099896762092612,20.034325061312245,-86.17911136318492
138,158,178,43.81386606155348,25.813866061553483,23.090600224606987,-98.56470276412881
139,159,179,57.45105847282912,39.45105847282912,35.644140286036645,-72.33464005704275
140,160,180,45.658148622226406,22.658148622226406,17.792125691674983,-106.43963154628841
141,161,181,46.075513457034674,22.075513457034674,16.711624389706287,-64.75436690710387
142,162,182,43.26837871931389,17.268378719313887,14.217285583001,-76.32951716029561
143,163,183,52.83146131591519,26.831461315915192,20.12526638475282,-120.85664361447277
144,164,184,43.2411496094245,17.241149609424497,10.881528268542127,-122.77208348385523
145,165,185,33.922237207051126,11.922237207051126,7.984002382225924,-98.26192181222928
146,166,186,37.85104959424268,10.319150142479486,7.8432344014746604,-104.22336993657052
147,167,187,41.82397449754933,20.82397449754933,17.428788806137106,-62.34133331441035
148,168,188,55.2206071431915,33.2206071431915,28.15930316885715,-57.65815761378883
149,169,189,57.37719631908294,21.37719631908294,11.270142551055415,-128.01652785683268
150,170,190,62.80336784884628,26.80336784884628,17.6579493364502,-107.4558000092228
151,171,191,63.299825788168164,31.299825788168164,21.953007626623787,-146.31721737741987
152,172,192,61.42924819264596,33.42924819264596,26.073894578209604,-76.4849667961962
153,173,193,67.96020910741112,42.96020910741112,36.75188031302571,-88.4330204248397
154,174,194,65.90516300842069,41.905163008420686,35.50155317025235,-64.83740191404956
155,175,195,34.09548775180809,23.095487751808093,23.51071128202068,-27.180031482435425
156,176,196,42.99472309969531,36.99472309969531,40.029827467470625,14.211272788130032
157,177,197,38.71778837171968,27.717788371719678,27.43986472137226,-10.726925686228583
158,178,198,45.07396120704749,32.07396120704749,31.302833420271554,-50.69089140415542
159,179,199,65.25127120386298,47.251271203862984,44.54523375462696,-29.759943386884515
160,180,200,63.324711049393954,44.324711049393954,40.625944903189065,-59.04933149541307
161,181,201,84.07121815341486,60.07121815341486,53.32103472496658,-66.44961366707435
162,182,202,73.79045465447109,50.79045465447109,45.23128454335966,-75.68426846193495
163,183,203,66.93573308333106,41.46352920250166,35.62110105303549,-45.80547268666305
164,184,204,52.46302631516619,25.46302631516619,19.396265989415042,-59.854728663122955
165,185,205,47.556954426879145,13.556954426879088,10.648700471762481,-191.40728067352336
166,186,206,50.47715432298952,-1.0547451287736749,-8.894549937106945,-259.1261957138796
167,187,207,57.17485157898079,19.174851578980793,13.900839777679153,-203.02256505761568
168,188,208,46.61417148675787,6.614171486757812,3.0288496904918247,-222.91016262692085
169,189,209,41.83962474917075,1.8396247491708095,-4.905224291270088,-210.0528725893721
