Left,Mid,Right,Loss,Loss_left,Loss_right,gain,glasso
0,20,40,9271.124027863545,8167.783552434362,8102.72049967531,-6999.380024246126,36.98039199286177
1,21,41,9243.76604495183,8150.509117450438,8099.162444056884,-7005.905516555493,21.68466207179199
2,22,42,9238.361775427458,8149.468631753203,8082.853679485041,-6993.960535810786,26.97171277683674
3,23,43,9238.406473280298,8155.5958725149485,8068.08704352347,-6985.2764427581205,26.634065210819244
4,24,44,9224.875163687524,8139.543161588654,8031.635157528482,-6946.30315542961,20.367230272419874
5,25,45,9228.233362905426,8141.657050032658,8025.940875916224,-6939.364563043455,23.6029646753218
6,26,46,9235.353563579421,8154.205508115318,8000.502823435632,-6919.354767971528,24.847518485021737
7,27,47,9231.565281931564,8158.873177587971,7990.221756876553,-6917.5296525329595,18.125445426886927
8,28,48,9232.487445684872,8154.743414677534,8009.570023517632,-6931.825992510294,15.01863011867863
9,29,49,9244.44330116837,8162.433946859428,8017.289345222725,-6935.279990913783,23.425040618308685
10,30,50,9234.51849048131,8150.543023149272,8043.525517520988,-6959.550050188949,17.317166315775467
11,31,51,9239.31993208727,8156.966474445555,8057.980440058826,-6975.62698241711,5.262171077777566
12,32,52,9236.290877223535,8163.071233931436,8051.75299686002,-6978.53335356792,-2.014628326665843
13,33,53,9247.881737323383,8160.451805813732,8063.029410275148,-6975.599478765496,4.231570980356992
14,34,54,9241.446058227433,8147.155945406016,8074.28977097642,-6979.999658155004,21.575930397085358
15,35,55,9238.996411900676,8142.311224287672,8073.191758262849,-6976.506570649846,22.214890962262416
16,36,56,9232.770629255148,8141.375809522437,8071.52521151706,-6980.130391784347,20.567383213628545
17,37,57,9229.689423616286,8141.727140376817,8079.855150958179,-6991.8928677187105,14.22065111497841
18,38,58,9222.886092962975,8128.572903763977,8085.2062872917295,-6990.893098092731,14.69428234922134
19,39,59,9206.45976350765,8105.742443069916,8085.763419108949,-6985.046098671215,17.535705114681605
20,40,60,9196.36344931887,8102.72049967531,8091.271128448072,-6997.628178804513,22.659639310885268
21,41,61,9214.780341231131,8099.162444056884,8098.782729645418,-6983.16483247117,23.036197745717345
22,42,62,9223.822261998732,8082.853679485041,8122.950548182986,-6981.981965669294,17.04640206120439
23,43,63,9235.787507739804,8068.08704352347,8139.832469402336,-6972.132005186002,18.136423271125295
24,44,64,9245.077730083682,8031.635157528482,8175.740341352467,-6962.297768797267,3.9367007506807568
25,45,65,9272.427363858693,8025.940875916224,8192.41418989703,-6945.9277019545625,7.337451949581009
26,46,66,9290.83143390491,8000.502823435632,8158.170695266505,-6867.842084797227,29.50693619379399
27,47,67,9274.135354642402,7990.221756876553,8139.909464868331,-6855.9958671024815,16.10966658158941
28,48,68,9291.277407318154,8009.570023517632,8144.372215213871,-6862.664831413349,22.05568616305527
29,49,69,9322.371329418242,8017.289345222725,8172.557388264772,-6867.475404069257,29.716942085087794
30,50,70,9326.309834875781,8043.525517520988,8144.313980716541,-6861.529663361747,31.985693087973686
31,51,71,9341.485051644177,8057.980440058826,8147.29671146581,-6863.79209988046,27.455394748962135
32,52,72,9340.482106219666,8051.75299686002,8150.389475436306,-6861.660366076661,21.537858252750993
33,53,73,9345.853650161771,8063.029410275148,8141.826272325803,-6859.002032439181,21.141446251790057
34,54,74,9329.77935081155,8074.28977097642,8116.623358354431,-6861.133778519301,36.56437873415689
35,55,75,9339.60210154031,8073.191758262849,8119.32297234461,-6852.91262906715,43.10904803881385
36,56,76,9357.194288516654,8071.52521151706,8111.64025429733,-6825.971177297735,47.90602414623481
37,57,77,9381.512126219846,8079.855150958179,8107.239551096049,-6805.582575834382,59.15262956201286
38,58,78,9385.308739107293,8085.2062872917295,8099.0833014492755,-6798.980849633712,59.52561825987959
39,59,79,9381.105540594177,8085.763419108949,8085.921982350911,-6790.579860865684,58.99675517384276
40,60,80,9385.296964588506,8091.271128448072,8086.010752879436,-6791.984916739002,61.235931541161335
41,61,81,9384.521344047327,8098.782729645418,8097.409099153379,-6811.67048475147,54.59049558763991
42,62,82,9409.177874686819,8122.950548182986,8113.697812650834,-6827.470486147002,56.57494337544358
43,63,83,9409.772138161756,8139.832469402336,8110.900763296053,-6840.961094536633,54.104375641544266
44,64,84,9422.94809910293,8175.740341352467,8089.311776798482,-6842.10401904802,55.557736724205824
45,65,85,9421.54979648715,8192.41418989703,8091.087083235771,-6861.951476645652,51.00621743799229
46,66,86,9357.77112904708,8158.170695266505,8072.166338294473,-6872.565904513898,38.57190209692544
47,67,87,9385.62860979802,8139.909464868331,8111.543294903799,-6865.824149974111,46.088681812869254
48,68,88,9376.686635022328,8144.372215213871,8097.323710540852,-6865.009290732394,46.48736490546071
49,69,89,9369.082570864308,8172.557388264772,8087.4914813842515,-6890.966298784717,49.17170105251262
50,70,90,9331.103530925982,8144.313980716541,8102.261396939401,-6915.471846729959,31.62241754185834
51,71,91,9317.283219664227,8147.29671146581,8101.26575286094,-6931.279244662524,30.513102707740018
52,72,92,9327.22544829348,8150.389475436306,8125.002393583301,-6948.166420726127,29.934024064836194
53,73,93,9300.365826599536,8141.826272325803,8127.507586964157,-6968.968032690424,21.581338798521756
54,74,94,9279.260691812928,8116.623358354431,8142.462924751177,-6979.82559129268,17.522718361585703
55,75,95,9284.405035215139,8119.32297234461,8148.749963574617,-6983.6679007040875,19.47119458199313
56,76,96,9270.379702133027,8111.64025429733,8149.596969736638,-6990.857521900942,19.434336649140732
57,77,97,9283.522160568386,8107.239551096049,8163.393444192539,-6987.110834720203,35.320888856273086
58,78,98,9266.69650793248,8099.0833014492755,8161.572833108008,-6993.9596266248045,33.75901953786524
59,79,99,9246.78158242949,8085.921982350911,8153.661698494548,-6992.802098415968,33.31482723930867
60,80,100,9242.453931493641,8086.010752879436,8154.0536564598115,-6997.6104778456065,35.09065509218908
61,81,101,9242.49105303279,8097.409099153379,8151.751439358889,-7006.669485479477,30.261054318226797
62,82,102,9254.279101687518,8113.697812650834,8169.220625307531,-7028.639336270846,20.55088357967452
63,83,103,9254.773596302264,8110.900763296053,8173.68758494838,-7029.814751942169,20.202225806158822
64,84,104,9245.446381008765,8089.311776798482,8179.4637118480205,-7023.329107637737,18.770927059430505
65,85,105,9258.045288899411,8091.087083235771,8180.003879008213,-7013.045673344572,21.390229021568757
66,86,106,9266.942800655546,8072.166338294473,8190.336480171328,-6995.560017810254,25.647529096487233
67,87,107,9265.625223212499,8111.543294903799,8170.374841025789,-7016.292912717088,27.361693453274256
68,88,108,9258.160419996388,8097.323710540852,8157.342584294745,-6996.505874839209,25.88544388176706
69,89,109,9248.147219356166,8087.4914813842515,8151.644766157062,-6990.989028185148,26.21702555013917
70,90,110,9240.776871464299,8102.261396939401,8133.72690569579,-6995.211431170892,25.16328820466697
71,91,111,9244.221783996894,8101.26575286094,8130.19906744931,-6987.243036313355,30.792951092323165
72,92,112,9248.08861177887,8125.002393583301,8123.044777640124,-6999.958559444554,24.60870092889263
73,93,113,9246.72630104913,8127.507586964157,8108.690630052359,-6989.471915967386,25.697723005191165
74,94,114,9248.119264262106,8142.462924751177,8099.677034873797,-6994.020695362868,28.36552442221091
75,95,115,9253.224331332218,8148.749963574617,8105.6448168523375,-7001.170449094738,26.11954271185914
76,96,116,9249.389664341405,8149.596969736638,8116.155232788315,-7016.362538183548,21.710189453325256
77,97,117,9246.242273040303,8163.393444192539,8084.166406358822,-7001.317577511059,35.13428765215667
78,98,118,9252.375489761856,8161.572833108008,8100.400060471351,-7009.597403817503,33.36073510396136
79,99,119,9254.373375021096,8153.661698494548,8106.559399945418,-7005.847723418869,36.26881276117547
80,100,120,9246.521894637546,8154.0536564598115,8075.145758391924,-6982.677520214189,43.832088564342484
81,101,121,9248.512614202826,8151.751439358889,8083.75205660292,-6986.990881758984,44.938597469084925
82,102,122,9243.766327902973,8169.220625307531,8077.343125815847,-7002.797423220405,32.799284322312815
83,103,123,9239.383179499533,8173.68758494838,8059.503899851543,-6993.80830530039,32.45611682140088
84,104,124,9229.53900589901,8179.4637118480205,8032.900742355717,-6982.825448304726,34.47047017204659
85,105,125,9222.6275000287,8180.003879008213,8002.543268774282,-6959.9196477537935,31.559301746965502
86,106,126,9224.63503595499,8190.336480171328,7978.878307236679,-6944.579751453017,25.719631670044237
87,107,127,9207.197657108463,8170.374841025789,8001.700562510002,-6964.877746427326,28.414851975985584
88,108,128,9197.966498334888,8157.342584294745,8021.062387067311,-6980.438473027167,27.081942910003818
89,109,129,9200.537064905102,8151.644766157062,8039.2244124336175,-6990.3321136855775,15.226586655010124
90,110,130,9195.903320514688,8133.72690569579,8042.810765041579,-6980.634350222681,18.907169230596082
91,111,131,9202.703395357874,8130.19906744931,8050.653951331917,-6978.149623423353,24.70470358687453
92,112,132,9188.611398206931,8123.044777640124,8050.298123268196,-6984.731502701388,19.305125215553744
93,113,133,9180.104618785022,8108.690630052359,8045.715809709037,-6974.301820976372,23.521611317606585
94,114,134,9178.965752509284,8099.677034873797,8060.91004393241,-6981.621326296923,28.94430932191517
95,115,135,9185.270759013838,8105.6448168523375,8061.831768426203,-6982.205826264702,31.849000707840332
96,116,136,9197.26445020935,8116.155232788315,8078.517603357226,-6997.408385936191,26.60173628127177
97,117,137,9170.776937683167,8084.166406358822,8072.7021771090895,-6986.091645784745,24.287470575484804
98,118,138,9190.011343727245,8100.400060471351,8099.637869322907,-7010.026586067013,23.900431945228775
99,119,139,9200.190082650233,8106.559399945418,8088.049540626749,-6994.4188579219335,27.598234539138048
100,120,140,9191.62247589073,8075.145758391924,8111.469248197955,-6994.992530699148,25.204507133759762
101,121,141,9202.694205227503,8083.75205660292,8117.613195982616,-6998.671047358033,26.29187828161139
102,122,142,9189.59459039818,8077.343125815847,8104.136661390989,-6991.8851968086565,20.27081808191997
103,123,143,9187.137107518389,8059.503899851543,8112.962122235226,-6985.328914568381,16.011273308770797
104,124,144,9186.129609509499,8032.900742355717,8124.8502726650895,-6971.621405511309,17.18416071962838
105,125,145,9203.889620280359,8002.543268774282,8139.450125314257,-6938.1037738081795,18.782618088121126
106,126,146,9215.09795899145,7978.878307236679,8145.637113084562,-6909.417461329791,2.7576430782874013
107,127,147,9224.456218688856,8001.700562510002,8143.065563831429,-6920.309907652574,14.331374020969633
108,128,148,9244.708823714791,8021.062387067311,8148.089988885372,-6924.443552237892,12.238635839255949
109,129,149,9260.0131394856,8039.2244124336175,8126.787795646825,-6905.999068594843,9.94399604092223
110,130,150,9274.02388230316,8042.810765041579,8135.176963136403,-6903.963845874821,17.75655281940635
111,131,151,9275.961395898488,8050.653951331917,8564.287304323214,-7338.979859756644,15.518627806490713
112,132,152,9279.630658615635,8050.298123268196,8157.747374530032,-6928.414839182593,12.097439454673804
113,133,153,9301.911762147629,8045.715809709037,8442.571382748658,-7186.375430310065,19.98442101464616
114,134,154,9317.276570337817,8060.91004393241,8251.87062035803,-6995.5040939526225,29.59337792605902
115,135,155,9308.617144446089,8061.831768426203,8137.81341029855,-6891.028034278665,27.240234733921625
116,136,156,9311.922744804819,8078.517603357226,8124.076920332273,-6890.67177888468,30.478318448966547
117,137,157,9321.729325688973,8072.7021771090895,8152.50850594438,-6903.481357364495,24.448538241194
118,138,158,9321.21489216116,8099.637869322907,8130.344711418829,-6908.767688580576,22.889215216232515
119,139,159,9302.801722813814,8088.049540626749,8106.571354892816,-6891.819172705751,19.467017155740905
120,140,160,9304.025024905412,8111.469248197955,8076.374780450295,-6883.819003742838,26.17357316928701
121,141,161,9301.7233817179,8117.613195982616,8077.442717142259,-6893.332531406975,26.27423554961524
122,142,162,9304.691645656607,8104.136661390989,8090.57072661194,-6890.015742346321,32.538177497749984
123,143,163,9337.811098026807,8112.962122235226,8121.163725629152,-6896.314749837573,39.02601774340201
124,144,164,9355.043714622047,8124.8502726650895,8123.865385614729,-6893.671943657773,45.764650008043645
125,145,165,9379.863640743892,8139.450125314257,8139.33969485693,-6898.926179427295,53.90159824130387
126,146,166,9370.715636454555,8145.637113084562,8133.030687659904,-6907.952164289911,38.40990074155752
127,147,167,9378.21462997812,8143.065563831429,8152.8406599343525,-6917.691593787662,41.10296986862704
128,148,168,9376.84793852057,8148.089988885372,8155.187076867066,-6926.429127231868,34.560100920772584
129,149,169,9381.517114859089,8126.787795646825,8178.805718758704,-6924.07639954644,40.564216025045425
130,150,170,9379.992200540419,8135.176963136403,8180.049728678362,-6935.2344912743465,44.15970239926128
131,151,171,9356.195283204743,8564.287304323214,8177.711367126638,-7385.803388245109,37.94421210184237
132,152,172,9359.206099478255,8157.747374530032,8180.862309393402,-6979.403584445179,34.82703089299184
133,153,173,9351.068139799378,8442.571382748658,8175.746229143447,-7267.249472092726,32.549590958889894
134,154,174,9342.241460091662,8251.87062035803,8166.894882388568,-7076.5240426549335,37.611583618807344
135,155,175,9351.629949986062,8137.81341029855,8182.331821816407,-6968.515282128894,44.11989819259543
136,156,176,9333.39178808848,8124.076920332273,8181.923475356993,-6972.608607600785,40.576983837712305
137,157,177,9325.271226444755,8152.50850594438,8179.950385534759,-7007.187665034384,27.419834133447694
138,158,178,9298.774955409699,8130.344711418829,8172.463704673166,-7004.033460682296,25.14230932316923
139,159,179,9275.483348401543,8106.571354892816,8180.775976569166,-7011.863983060439,23.52578728251774
140,160,180,9241.195690012222,8076.374780450295,8175.599464121054,-7010.778554559127,25.043384050036366
141,161,181,9263.787079774313,8077.442717142259,8192.676195415592,-7006.331832783539,34.8594266636951
142,162,182,9270.888899348789,8090.57072661194,8189.540120292197,-7009.221947555347,43.58486994917621
143,163,183,9276.610591120723,8121.163725629152,8187.119859827198,-7031.672994335626,32.48098951811744
144,164,184,9283.527532067921,8123.865385614729,8187.980947439151,-7028.318800985959,33.57295284219617
145,165,185,9274.284514961582,8139.33969485693,8177.4052234075825,-7042.46040330293,32.35919560262482
146,166,186,9272.358938449517,8133.030687659904,8170.285403704092,-7030.957152914478,36.00153995594064
147,167,187,9279.227443056612,8152.8406599343525,8172.421252987464,-7046.034469865204,29.734273244927863
148,168,188,9282.50046728035,8155.187076867066,8173.304402444561,-7045.991012031276,33.15388118091141
149,169,189,9277.682599492282,8178.805718758704,8141.155721807141,-7042.278841073563,35.28812162606755
150,170,190,9271.008612025256,8180.049728678362,8137.4650337314215,-7046.506150384528,30.62710594924556
151,171,191,9268.309267065713,8177.711367126638,8131.856878454177,-7041.258978515101,31.314150218566283
152,172,192,9267.942898498026,8180.862309393402,8127.9328390698965,-7040.852249965272,31.343933658174592
153,173,193,9260.957265509953,8175.746229143447,8127.585026615294,-7042.373990248789,27.687418011470072
154,174,194,9264.215242547021,8166.894882388568,8139.627868792486,-7042.307508634032,28.357262018497295
155,175,195,9264.929235989894,8182.331821816407,8108.179315766911,-7025.581901593425,37.155162281936555
156,176,196,9270.281214869452,8181.923475356993,8113.257909939185,-7024.900170426727,35.084164354579116
157,177,197,9257.345053983447,8179.950385534759,8113.798049441614,-7036.403380992926,31.344254248202105
158,178,198,9266.900508004552,8172.463704673166,8131.8638409011255,-7037.42703756974,33.97209907916749
159,179,199,9271.0073371184,8180.775976569166,8131.825336974908,-7041.593976425673,31.02372746760284
160,180,200,9270.55084526229,8175.599464121054,8139.039306277564,-7044.087925136328,31.571889818261297
161,181,201,9268.019873860141,8192.676195415592,8104.816208156871,-7029.4725297123205,30.76229304745675
162,182,202,9274.823399581597,8189.540120292197,8123.491250199438,-7038.207970910036,31.679777214948444
163,183,203,9270.19890444874,8187.119859827198,8123.415715904467,-7040.336671282925,29.627479346721884
164,184,204,9267.795494740942,8187.980947439151,8097.716257996186,-7017.901710694396,35.30338103085296
165,185,205,9260.267326164478,8177.4052234075825,8109.900846270436,-7027.038743513542,29.7935868929967
166,186,206,9251.36935697345,8170.285403704092,8095.214692879006,-7014.130739609649,31.45846829651009
167,187,207,9239.497030080232,8172.421252987464,8131.451617080971,-7064.375839988203,24.344415847254822
168,188,208,9242.070027719928,8173.304402444561,8129.6598629948685,-7060.894237719502,27.933414661257302
169,189,209,9206.601536203041,8141.155721807141,8060.09068054923,-6994.644866153329,14.895068817176252
