Left,Mid,Right,Loss,Loss_left,Loss_right,gain,glasso
0,20,40,9269.53136129861,8125.381863409252,8152.683678314598,-7008.53418042524,16.683540229889786
1,21,41,9275.600917552505,8125.004070541639,8159.384728147536,-7008.78788113667,20.034415987999182
2,22,42,9270.62294382277,8135.696009525608,8155.303625438928,-7020.376691141768,30.45725728100342
3,23,43,9280.565808173098,8157.94549957386,8158.195260390188,-7035.57495179095,27.63291644153378
4,24,44,9285.336651409765,8164.228340965117,8153.6869147667885,-7032.5786043221415,28.805695270284104
5,25,45,9281.623792221373,8173.682606852085,8147.633446113839,-7039.692260744552,23.180392775919245
6,26,46,9284.462127092855,8180.924859817876,8132.3872292956985,-7028.8499620207185,31.026835462931103
7,27,47,9274.835495588526,8175.318312528447,8132.2364344901025,-7032.719251430022,26.65273636409529
8,28,48,9286.22059163113,8162.87561162526,8164.2209645253115,-7040.875984519442,23.899022213521675
9,29,49,9285.853966414812,8172.404177734606,8166.586713937759,-7053.136925257553,25.244994834569297
10,30,50,9283.732726640867,8167.84216538954,8165.5937757030315,-7049.703214451705,26.317790253280236
11,31,51,9286.455389784007,8163.233140565273,8172.967145154926,-7049.744895936192,22.280918237178867
12,32,52,9286.348188146334,8168.328965955365,8161.091674746052,-7043.072452555083,23.58327885605786
13,33,53,9296.574183160496,8173.184046372155,8169.756651376008,-7046.366514587668,21.147199006145
14,34,54,9289.154447747336,8162.866590050708,8169.799424499786,-7043.511566803158,24.88441831551063
15,35,55,9291.972429517835,8167.2662217608595,8167.688151847766,-7042.98194409079,24.695360037622777
16,36,56,9275.549038327757,8153.2474526304695,8163.305512491574,-7041.003926794285,27.784120689881547
17,37,57,9272.364275526015,8151.9681071010455,8154.830983503988,-7034.434815079017,28.783558725670446
18,38,58,9278.45800967484,8143.883171073096,8154.09107334401,-7019.5162347422665,37.03499095971574
19,39,59,9268.471677101134,8135.580681584537,8150.192973752814,-7017.301978236217,38.7505682482074
20,40,60,9275.72577377963,8152.683678314598,8137.1395610080135,-7014.097465542982,34.0628085361659
21,41,61,9282.413773384118,8159.384728147536,8130.133991346633,-7007.10494611005,37.846801028853406
22,42,62,9309.893366043823,8155.303625438928,8152.186010400839,-6997.596269795944,39.319468350286115
23,43,63,9313.073561261566,8158.195260390188,8157.513097570044,-7002.634796698667,33.682054628928654
24,44,64,9313.23915267139,8153.6869147667885,8153.591856081303,-6994.039618176703,31.75266495956248
25,45,65,9332.405614437423,8147.633446113839,8187.374683612257,-7002.602515288674,30.943131884784634
26,46,66,9332.188892976272,8132.3872292956985,8190.026226627381,-6990.224562946809,34.84091408185941
27,47,67,9355.155277957912,8132.2364344901025,8195.928451402737,-6973.009607934926,39.920184395187334
28,48,68,9383.477619925847,8164.2209645253115,8170.396948208432,-6951.140292807897,42.859331978314
29,49,69,9382.022289917228,8166.586713937759,8176.633155502168,-6961.197579522699,38.218695685894545
30,50,70,9431.649337163755,8165.5937757030315,8228.884795656424,-6962.8292341956985,44.17476099026953
31,51,71,9457.801069709572,8172.967145154926,8227.464764121692,-6942.630839567044,52.87544788967989
32,52,72,9454.790155462499,8161.091674746052,8238.44142532567,-6944.742944609221,46.22711847755272
33,53,73,9467.314281832829,8169.756651376008,8220.881004412944,-6923.323373956124,49.571071153291086
34,54,74,9482.477160924846,8169.799424499786,8220.559726738651,-6907.881990313592,54.26046798263087
35,55,75,9490.591048155104,8167.688151847766,8226.879133131313,-6903.976236823975,55.463820625800054
36,56,76,9487.280403470577,8163.305512491574,8218.627543292092,-6894.652652313089,58.82189167739489
37,57,77,9486.039677925477,8154.830983503988,8212.172556267316,-6880.963861845827,60.48147023594538
38,58,78,9487.196336350951,8154.09107334401,8193.915975869866,-6860.810712862925,66.21504957766683
39,59,79,9480.189198266406,8150.192973752814,8169.753626663971,-6839.757402150379,68.09952388574993
40,60,80,9462.39775883316,8137.1395610080135,8140.260418856379,-6815.002221031233,70.97245157793168
41,61,81,9459.022666437675,8130.133991346633,8160.875043002116,-6831.986367911075,72.6554121240938
42,62,82,9463.908666885807,8152.186010400839,8151.484012603667,-6839.761356118699,69.03776817043172
43,63,83,9454.422981270693,8157.513097570044,8152.096452163065,-6855.186568462415,66.51066647921925
44,64,84,9447.516818958533,8153.591856081303,8155.214949152716,-6861.2899862754875,62.45847442982176
45,65,85,9469.237329201107,8187.374683612257,8149.304888789169,-6867.442243200319,68.06756808961472
46,66,86,9467.645852752805,8190.026226627381,8154.190003638116,-6876.570377512693,67.22038596218772
47,67,87,9477.78132403996,8195.928451402737,8170.011206223191,-6888.158333585969,68.53790559853587
48,68,88,9439.84325798378,8170.396948208432,8146.817487076034,-6877.371177300685,67.33461116775652
49,69,89,9449.952193176596,8176.633155502168,8164.261678057803,-6890.942640383375,63.5821639026135
50,70,90,9442.219622326524,8228.884795656424,8153.636587665354,-6940.301760995255,48.687454627747684
51,71,91,9419.114828242631,8227.464764121692,8155.109178151235,-6963.459114030296,39.42444009024257
52,72,92,9415.323395518879,8238.44142532567,8155.594316478491,-6978.7123462852815,33.28793548972453
53,73,93,9395.818406569406,8220.881004412944,8152.211098249378,-6977.273696092916,33.119235491747986
54,74,94,9374.90851820953,8220.559726738651,8152.524792385322,-6998.176000914444,22.25353271030417
55,75,95,9376.437324250099,8226.879133131313,8157.953772182184,-7008.3955810634,25.18273810121582
56,76,96,9374.724130521325,8218.627543292092,8169.386854379249,-7013.290267150016,25.85994844330571
57,77,97,9373.435682699317,8212.172556267316,8180.991843677042,-7019.7287172450415,23.74175147313099
58,78,98,9335.63050027305,8193.915975869866,8173.869176869797,-7032.154652466614,22.017449541612223
59,79,99,9316.77962862923,8169.753626663971,8183.3795678712995,-7036.35356590604,21.633641729875762
60,80,100,9279.769481618541,8140.260418856379,8181.982773689744,-7042.473710927583,23.04319680376102
61,81,101,9285.719035501621,8160.875043002116,8158.5965849887525,-7033.752592489247,28.868544235637273
62,82,102,9279.489008273367,8151.484012603667,8161.700208079893,-7033.695212410194,27.47777853725347
63,83,103,9281.81093077124,8152.096452163065,8161.147826273931,-7031.433347665756,26.671074304517333
64,84,104,9287.078526924093,8155.214949152716,8167.362419230835,-7035.498841459457,25.315495687856583
65,85,105,9286.962132627952,8149.304888789169,8170.0421008599815,-7032.384857021199,25.006886768762342
66,86,106,9288.030868020112,8154.190003638116,8163.131599628492,-7029.290735246495,27.619217799956004
67,87,107,9283.459635712938,8170.011206223191,8137.856786851395,-7024.408357361648,30.81427735460875
68,88,108,9274.914706143489,8146.817487076034,8130.6923128460985,-7002.595093778644,36.69978767896646
69,89,109,9280.480521872525,8164.261678057803,8125.036518823508,-7008.817675008786,34.45214242373231
70,90,110,9274.057793912845,8153.636587665354,8135.02643640496,-7014.605230157469,31.625810013792943
71,91,111,9270.862594093769,8155.109178151235,8134.93777132482,-7019.1843553822855,29.733816401554577
72,92,112,9277.284499182526,8155.594316478491,8150.536084126431,-7028.845901422395,26.19526094113371
73,93,113,9281.343572824035,8152.211098249378,8159.668378517763,-7030.535903943106,27.135883938826737
74,94,114,9273.24266423434,8152.524792385322,8151.52322357123,-7030.805351722212,22.65198475719899
75,95,115,9274.1299467745,8157.953772182184,8148.727904223715,-7032.551729631401,21.479408436749964
76,96,116,9278.23128958214,8169.386854379249,8119.145315921682,-7010.300880718791,31.940267798058812
77,97,117,9276.61236101191,8180.991843677042,8104.03713897297,-7008.416621638102,30.547946422613222
78,98,118,9266.556914143715,8173.869176869797,8104.287519050314,-7011.599781776396,27.51246565184556
79,99,119,9275.277194422191,8183.3795678712995,8100.337892631926,-7008.440266081034,29.42327446549143
80,100,120,9270.542908153704,8181.982773689744,8093.9463673532355,-7005.386232889276,32.12278266774956
81,101,121,9256.677600681347,8158.5965849887525,8102.963445092333,-7004.882429399739,29.17118910869749
82,102,122,9247.300533221129,8161.700208079893,8095.015668056795,-7009.415342915559,25.19524686252271
83,103,123,9252.785979188098,8161.147826273931,8082.666390404409,-6991.028237490242,31.678135064065827
84,104,124,9249.61344325202,8167.362419230835,8083.746653088945,-7001.495629067762,23.597154402227716
85,105,125,9249.627344265431,8170.0421008599815,8081.763978962277,-7002.178735556827,16.86558287454409
86,106,126,9238.568021796731,8163.131599628492,8080.146653583935,-7004.710231415696,14.640868598323323
87,107,127,9222.58433387972,8137.856786851395,8073.429058239997,-6988.7015112116715,16.688305837088137
88,108,128,9215.747815185458,8130.6923128460985,8063.097113254264,-6978.041610914905,15.317955922098918
89,109,129,9207.153800990924,8125.036518823508,8068.067295777633,-6985.950013610218,7.820983512871862
90,110,130,9199.359121591071,8135.02643640496,8036.238603331617,-6971.905918145505,7.6065520036072485
91,111,131,9190.100563451351,8134.93777132482,8040.877971207795,-6985.715179081262,-5.446000795816417
92,112,132,9192.498677921587,8150.536084126431,8029.810607841549,-6987.848014046394,-2.4685515234923514
93,113,133,9183.430506358836,8159.668378517763,8007.339460739885,-6983.577332898811,14.788095753257494
94,114,134,9184.710335902837,8151.52322357123,8004.641934720894,-6971.454822389287,17.586915364945526
95,115,135,9176.220815920982,8148.727904223715,7981.1536968454,-6953.660785148133,20.141054198903475
96,116,136,9139.507396878858,8119.145315921682,7960.409382955422,-6940.0473019982455,17.61651673493634
97,117,137,9129.404832716698,8104.03713897297,7963.126203722586,-6937.758509978858,18.563396213115993
98,118,138,9143.253361313744,8104.287519050314,7994.765145795098,-6955.799303531667,20.795282537329058
99,119,139,9147.354334471162,8100.337892631926,7993.027350812428,-6946.010908973192,22.637984691461952
100,120,140,9152.742762303153,8093.9463673532355,8006.086797866722,-6947.290402916804,26.996966961270118
101,121,141,9169.00799182721,8102.963445092333,8007.253537881546,-6941.20899114667,29.096851803609297
102,122,142,9189.126608265753,8095.015668056795,8023.424455552514,-6929.313515343556,29.673714776107317
103,123,143,9190.817565739657,8082.666390404409,8029.420904746543,-6921.269729411295,23.869837636185366
104,124,144,9218.505672687283,8083.746653088945,8061.701265046874,-6926.942245448536,25.220129446933697
105,125,145,9216.113114912829,8081.763978962277,8061.719146805968,-6927.370010855417,21.466794105338067
106,126,146,9231.315485068146,8080.146653583935,8069.402983332411,-6918.234151848201,22.33361800512921
107,127,147,9268.070080622092,8073.429058239997,8134.363597083009,-6939.722574700914,25.439830656616323
108,128,148,9259.705826510411,8063.097113254264,8093.4696010777,-6896.860887821551,21.207298779434495
109,129,149,9262.743764126913,8068.067295777633,8118.262959835654,-6923.586491486374,2.575334686483984
110,130,150,9262.512151279443,8036.238603331617,8139.433568280566,-6913.16002033274,6.156715084243842
111,131,151,9280.426016116337,8040.877971207795,8424.230617236179,-7184.682572327638,-2.600950063923392
112,132,152,9305.155052697755,8029.810607841549,8174.845596099777,-6899.50115124357,1.9311312145505326
113,133,153,9287.651246014912,8007.339460739885,8182.705005254914,-6902.393219979887,9.596081250518637
114,134,154,9276.66775813348,8004.641934720894,8166.443415748838,-6894.417592336251,7.949394688066604
115,135,155,9267.426891536275,7981.1536968454,8168.276434470876,-6882.0032397800005,8.643824132922418
116,136,156,9290.411369408645,7960.409382955422,8177.953227325914,-6847.951240872691,17.420933559448258
117,137,157,9293.537736184388,7963.126203722586,8175.097231512772,-6844.685699050971,22.643609846164054
118,138,158,9318.230098777276,7994.765145795098,8166.490541121627,-6843.025588139448,33.15234674272779
119,139,159,9316.863206474925,7993.027350812428,8144.73136401359,-6820.895508351092,40.071856794423184
120,140,160,9318.121266604918,8006.086797866722,8140.289767142209,-6828.255298404012,40.183835807318246
121,141,161,9314.663861318153,8007.253537881546,8143.624092740996,-6836.21376930439,33.91819418427076
122,142,162,9325.873425254875,8023.424455552514,8150.194341236818,-6847.745371534456,33.203084617076
123,143,163,9309.111988204717,8029.420904746543,8145.62867293944,-6865.937589481266,30.358432092577914
124,144,164,9362.17872372456,8061.701265046874,8161.830127901261,-6861.352669223574,49.964836300378465
125,145,165,9353.836595437728,8061.719146805968,8164.208857912025,-6872.091409280265,46.04459891520855
126,146,166,9374.132690429358,8069.402983332411,8183.99479215508,-6879.265085058132,47.24005288088574
127,147,167,9366.764800588982,8134.363597083009,8167.53551757585,-6935.134314069877,37.09863447899852
128,148,168,9367.04473994992,8093.4696010777,8171.988400860526,-6898.413261988306,38.759776277188394
129,149,169,9362.179435786178,8118.262959835654,8174.65301855253,-6930.736542602006,28.4043045504327
130,150,170,9351.52458663681,8139.433568280566,8162.277283207023,-6950.1862648507795,30.07046051224188
131,151,171,9373.611568336597,8424.230617236179,8171.649676803321,-7222.268725702903,35.49873717603805
132,152,172,9372.15033460287,8174.845596099777,8150.509715676104,-6953.204977173013,35.823433790437775
133,153,173,9362.564690910507,8182.705005254914,8149.125478515996,-6969.265792860404,33.546772820315255
134,154,174,9347.190392074439,8166.443415748838,8158.848346398579,-6978.101370072978,35.23194466883615
135,155,175,9347.317485866999,8168.276434470876,8156.90711290402,-6977.866061507897,36.55696793011657
136,156,176,9347.270462121918,8177.953227325914,8152.601676824643,-6983.284442028638,31.84053629687969
137,157,177,9340.92618987988,8175.097231512772,8164.759838589696,-6998.93088022259,32.776442883005075
138,158,178,9322.52218628003,8166.490541121627,8167.077435686661,-7011.045790528258,32.49252757287877
139,159,179,9296.69480566334,8144.73136401359,8170.213248056572,-7018.249806406822,34.930206567769346
140,160,180,9291.949266727626,8140.289767142209,8191.323085667975,-7039.663586082557,34.556335202506034
141,161,181,9293.114851762242,8143.624092740996,8186.435901573645,-7036.9451425523985,33.465133963048174
142,162,182,9312.066159688413,8150.194341236818,8194.580356916049,-7032.708538464454,37.003058978719764
143,163,183,9313.843292192427,8145.62867293944,8199.51845099932,-7031.303831746332,40.7191816365189
144,164,184,9309.973578647085,8161.830127901261,8163.943027232281,-7015.799576486457,44.89867632207188
145,165,185,9309.07456719013,8164.208857912025,8165.831812688852,-7020.966103410747,43.125159698787684
146,166,186,9310.539728540749,8183.99479215508,8175.097997268421,-7048.553060882752,31.915682425691102
147,167,187,9295.13129506227,8167.53551757585,8168.722079232501,-7041.126301746081,33.928027000384645
148,168,188,9299.2933857928,8171.988400860526,8174.752467387391,-7047.447482455118,30.58054098247794
149,169,189,9298.34618050718,8174.65301855253,8168.546279421654,-7044.853117467004,30.2912950930031
150,170,190,9299.54089422465,8162.277283207023,8160.202417237353,-7022.938806219725,40.345110215034765
151,171,191,9291.615222710963,8171.649676803321,8128.373674550255,-7008.408128642612,45.78116498291001
152,172,192,9279.736839249552,8150.509715676104,8099.225886969403,-6969.998763395955,54.166094824699485
153,173,193,9277.436555298464,8149.125478515996,8120.85879493906,-6992.547718156593,47.96448572203826
154,174,194,9286.627318274092,8158.848346398579,8141.402523101483,-7013.62355122597,42.03271415054223
155,175,195,9286.449567299358,8156.90711290402,8138.684803523048,-7009.142349127709,41.92373855811638
156,176,196,9277.59723641974,8152.601676824643,8128.5637304827,-7003.568170887602,38.70990290083773
157,177,197,9279.991906855099,8164.759838589696,8126.0451505971,-7010.813082331697,40.26212841850611
158,178,198,9271.442746218867,8167.077435686661,8130.0391140461015,-7025.673803513897,33.83428162954624
159,179,199,9272.978478269988,8170.213248056572,8125.142088816934,-7022.3768586035185,25.460067289880044
160,180,200,9275.58561681185,8191.323085667975,8095.7858934725555,-7011.52336232868,29.479469658589096
161,181,201,9271.799818992331,8186.435901573645,8101.031613718052,-7015.667696299366,30.087762523185575
162,182,202,9274.810169809161,8194.580356916049,8052.897487163763,-6972.6676742706495,43.44298769430088
163,183,203,9278.327906266499,8199.51845099932,8044.772104837209,-6965.962649570029,54.60930609078423
164,184,204,9231.364197302257,8163.943027232281,8037.704446073229,-6970.2832760032525,47.673811151956215
165,185,205,9231.40010526118,8165.831812688852,8034.578147630068,-6969.00985505774,48.90249393249633
166,186,206,9228.450301118872,8175.097997268421,8028.835349553235,-6975.483045702784,43.66297812567518
167,187,207,9264.339234097826,8168.722079232501,8093.839954550287,-6998.2227996849615,47.20102364468585
168,188,208,9265.40436473499,8174.752467387391,8090.439916788109,-6999.788019440512,46.20120068338656
169,189,209,9276.726842727025,8168.546279421654,8104.477519495482,-6996.296956190112,53.102943893754855
