Left,Mid,Right,Loss_likeli,Loss_AIC,Loss_BIC,Loss_eBIC
0,20,40,180.39438248368106,-13.605617516318944,-59.938477460460035,-1359.5129000146808
1,21,41,190.485735063648,10.485735063648008,-30.263293326735038,-1070.653211864354
2,22,42,185.77654023808327,6.776540238083271,-37.980078689162156,-1079.2618883930386
3,23,43,176.43033312708258,1.4303331270825765,-35.37077255781287,-944.6340872898631
4,24,44,181.23039965978364,31.230399659783643,-1.5141164328888408,-913.5654260787046
5,25,45,204.37695499660185,36.37695499660185,-4.982577967776706,-990.0288445047177
6,26,46,208.59025420858143,21.590254208581428,-25.76299945176015,-1117.7365312163915
7,27,47,187.53038118816994,11.53038118816994,-29.653197787064755,-1109.9866138003904
8,28,48,164.6641556310101,-20.33584436898991,-66.69336575577745,-1009.0196387577689
9,29,49,166.19244491033942,-9.807555089660582,-38.37127235460389,-924.3944546858756
10,30,50,147.05271204403402,6.052712044034024,-3.090268004372774,-833.937340222807
11,31,51,130.35569438304606,-18.644305616953943,-29.882145519245114,-855.4186195864354
12,32,52,125.33362121249024,15.333621212490243,8.69507923427318,-529.581853005257
13,33,53,203.70617728438378,69.70617728438378,46.586980563640736,-662.5671011159598
14,34,54,207.3738361041403,73.37383610414031,38.48432798073577,-733.1614855549078
15,35,55,247.36926712433205,108.36926712433205,70.70407082780707,-774.1899533052369
16,36,56,179.0429503831058,42.04295038310579,7.976621229047396,-645.3381929705683
17,37,57,150.54111408235053,39.54111408235053,20.321626289221058,-792.2613301704409
18,38,58,135.23380805034867,10.23380805034867,-8.45843103183961,-688.328347799737
19,39,59,120.16153840976745,-8.838461590232555,-34.24695112310815,-727.4601755177205
20,40,60,111.14461392767316,-29.855386072326837,-55.34651821176658,-827.0538386631674
21,41,61,117.69702914278128,-36.302970857218725,-70.3458043164394,-764.7586271575738
22,42,62,123.71613823390658,-25.283861766093423,-59.263379673388954,-710.2888278704927
23,43,63,131.9329712357994,-21.067028764200586,-55.99829044776402,-732.4590585981787
24,44,64,200.88025954940235,-0.11974045059764649,-46.67448759106219,-941.9198167876671
25,45,65,248.38147594206703,36.38147594206703,-7.027492048105614,-992.581702511261
26,46,66,286.41027422198727,24.410274221987265,-50.596104210510475,-1494.4922292864858
27,47,67,331.10760674677294,50.107606746772944,-40.089808953569445,-1824.79592086112
28,48,68,349.3270131995655,45.3270131995655,-55.99269296031366,-1782.7399800262392
29,49,69,326.0762060069569,28.07620600695691,-24.02423334839773,-1468.9071575864532
30,50,70,347.39313150244334,54.39313150244334,-20.223689044472394,-1527.3293602610643
31,51,71,371.0270214976349,75.0270214976349,1.9155281111507065,-1489.5272757366688
32,52,72,419.59596632585567,116.59596632585567,25.422005289300387,-1806.2455255677987
33,53,73,444.3730241410126,151.3730241410126,58.42985315103965,-1686.4932667166668
34,54,74,510.5993651163849,175.5993651163849,66.72933415640341,-1942.7110516374319
35,55,75,567.8548643561339,232.85486435613393,103.14724453324266,-2004.0202196886721
36,56,76,576.8680188070327,199.86801880703274,51.94700056378656,-2220.688045165505
37,57,77,542.6247151364355,231.6247151364355,103.47451305034792,-2205.496265860423
38,58,78,558.0904661263178,233.09046612631778,101.36076395331816,-2303.80578024463
39,59,79,600.7185372444799,226.71853724447988,78.23046275589763,-2613.361043314673
40,60,80,635.4057597087185,230.4057597087185,64.8136277031524,-2815.876407538005
41,61,81,597.4541986599095,185.45419865990948,20.882460370544095,-2920.9454912393103
42,62,82,506.8967624389659,120.89676243896588,-30.730456294197666,-2688.15736388902
43,63,83,442.56453821541436,103.56453821541436,-17.903368017282446,-2125.114815120767
44,64,84,414.47308678955756,97.47308678955756,-12.725883251797995,-1998.9970427777653
45,65,85,369.5230943179199,63.52309431791991,-12.46916049381639,-1696.82335349902
46,66,86,407.854463027119,65.85446302711898,-37.65757129047324,-2069.7366431066075
47,67,87,400.0728024125906,26.07280241259059,-97.47068621955509,-2417.6730762412712
48,68,88,355.0904853796769,6.09048537967692,-92.99534280931334,-2065.0873613487493
49,69,89,298.28590937798594,-6.714090622014055,-41.64838997822176,-1788.932999915271
50,70,90,306.98716396716964,16.987163967169636,-29.509085065731142,-1830.129398894805
51,71,91,294.89318590168796,-23.106814098312043,-64.59783154597085,-2010.5090753790018
52,72,92,268.58326148804895,-54.41673851195105,-93.47312855589735,-2063.3434554486676
53,73,93,262.41031840164305,-41.58968159835695,-81.43844333556149,-2011.0629301993158
54,74,94,195.97045453974192,-138.02954546025808,-167.3829316996289,-2213.855027809406
55,75,95,199.14325046047975,-114.85674953952025,-154.05068113542097,-2139.4737377833335
56,76,96,148.33718908926335,-172.66281091073665,-220.79313845318939,-2048.067177269992
57,77,97,138.7913220613882,-119.2086779386118,-157.6879472079895,-1761.6320329753216
58,78,98,127.86679414985747,-102.13320585014253,-128.34126186229219,-1742.0213300031992
59,79,99,138.0951808396776,-125.9048191603224,-162.44297620723955,-1805.0769814883374
60,80,100,131.6902117804416,-141.3097882195584,-181.57293264240548,-1946.5423080344258
61,81,101,199.0882140554022,-98.9117859445978,-156.12704046050953,-2040.9160694333727
62,82,102,178.42594666793775,-117.57405333206225,-180.37847378973947,-2113.359067322764
63,83,103,147.20466155996064,-103.79533844003936,-136.86053554301407,-1661.2111991938136
64,84,104,147.13042847290058,-70.86957152709942,-109.81720060252246,-1506.9943687670275
65,85,105,119.92854372492548,-106.07145627507452,-137.48437022716666,-1435.167163406018
66,86,106,174.5492488675145,-90.4507511324855,-139.32090913336992,-1784.4471985953678
67,87,107,154.44227747098103,-85.55772252901897,-127.62742977496532,-1450.7942679904054
68,88,108,140.80462330395017,-135.19537669604983,-183.50588852857163,-1799.0067017536558
69,89,109,130.79582286776304,-68.20417713223696,-85.83474463506536,-1345.9000431063455
70,90,110,120.33959447218945,-56.66040552781055,-67.84337469518482,-1238.094653806711
71,91,111,114.9941490700719,-79.0058509299281,-94.84023492943174,-1224.5664198901695
72,92,112,85.88850504095785,-102.11149495904215,-112.35349332785313,-1195.6020137383302
73,93,113,87.01614324365028,-98.98385675634972,-109.10244371023737,-1211.9604319352552
74,94,114,13.461008801602475,-158.53899119839753,-165.49976173048708,-945.2919106011909
75,95,115,31.077551298636763,-149.92244870136324,-158.9379993324858,-1116.2179838639345
76,96,116,50.072671631386584,-131.92732836861342,-145.86039713401692,-984.4530813018746
77,97,117,60.83457835643367,-119.16542164356633,-126.92355167610003,-857.854927610063
78,98,118,111.97789968271945,-69.02210031728055,-81.15681326092295,-1261.7504628142647
79,99,119,176.84310140232242,-4.156898597677582,-27.381966430279135,-1240.1659724928973
80,100,120,221.27144461239868,27.271444612398682,-4.949458717224843,-1291.1834876650037
81,101,121,275.31543949510706,46.31543949510706,-5.312659576429951,-1450.0187997814428
82,102,122,246.44020891795344,4.440208917953441,-50.887561209444584,-1577.9253282136015
83,103,123,235.93516400815156,-12.06483599184844,-41.018801231997486,-1443.3616999946844
84,104,124,217.01197849655046,-27.988021503449545,-77.95202113989194,-1586.1007246272065
85,105,125,238.1993244736334,-29.800675526366604,-101.8852747030462,-1617.845972148033
86,106,126,241.97973443229898,-11.020265567701017,-74.59715192188605,-1621.580458470064
87,107,127,232.17271960944504,18.17271960944504,-36.38459511883593,-1181.8034775952856
88,108,128,215.6166770084426,-31.383322991557407,-82.96209917780106,-1879.8953099560022
89,109,129,230.67265418572697,-7.3273458142730306,-65.86225524876272,-1757.452181727132
90,110,130,203.0961435793322,-11.903856420667807,-57.25497675788665,-1501.49986497208
91,111,131,201.9513774507791,-11.048622549220909,-61.29576164764535,-1486.8746806628437
92,112,132,221.23609492456853,15.236094924568533,-32.219128396976885,-1630.6962004799962
93,113,133,139.49846602718776,-55.50153397281224,-94.70764106757088,-1141.6803128604165
94,114,134,124.17581652121362,-38.82418347878638,-71.45606113424037,-814.9359481770043
95,115,135,128.04703455358617,-51.95296544641383,-88.5431107534373,-1015.3999892395177
96,116,136,116.44754127923602,-41.55245872076398,-64.33115562031821,-825.2054167356891
97,117,137,126.37237630145432,-48.627623698545676,-69.00672156580708,-962.932181082354
98,118,138,216.78431473876117,33.78431473876117,3.414689271216048,-1330.6227039906785
99,119,139,211.2686440016655,20.268644001665507,-19.37201367794478,-1184.7035634097974
100,120,140,254.19958338229708,37.19958338229708,-13.750286489076643,-1294.6227871342603
101,121,141,238.241184934707,11.241184934707007,-47.01580084943521,-1295.1396078291114
102,122,142,222.54530945512056,-4.4546905448794405,-44.04877530725912,-1378.926835178308
103,123,143,229.51871825629928,4.51871825629928,-12.590279570795701,-1225.2015881356065
104,124,144,248.3171906551886,22.317190655188597,-21.302026940832093,-1363.669631635957
105,125,145,303.6015923120249,64.60159231202488,3.7221414274836206,-1402.984934015376
106,126,146,299.9505266138981,82.95052661389809,24.601663235511523,-1340.4985419336658
107,127,147,324.95051768520216,98.95051768520216,27.675028016918077,-1354.2814639658686
108,128,148,354.0350081539482,149.03500815394818,76.08463169818174,-1613.4440834155853
109,129,149,328.67417524067923,122.67417524067923,42.98760802309653,-1418.1404510699174
110,130,150,323.11011366304797,119.11011366304797,34.52752768425944,-1216.0523403935774
111,131,151,340.2239825206959,135.22398252069593,49.16962231692696,-1340.7932657055194
112,132,152,349.5939824877905,137.59398248779053,63.46829426714385,-1382.2957117251574
113,133,153,310.863706094535,120.86370609453502,43.561697768619524,-1056.193698245874
114,134,154,313.6425062435767,121.77362710383613,47.880165150426365,-985.3143215936655
115,135,155,325.2306163702319,126.23061637023193,46.70908357944836,-1104.1389364154068
116,136,156,324.30885169993553,129.30885169993553,51.60110567159268,-925.1338195544583
117,137,157,386.8014870764491,149.80148707644912,44.9770090909401,-1326.3826571667255
118,138,158,314.82698100245125,125.82698100245125,43.409995156119976,-808.0127567224538
119,139,159,367.9673409307791,148.96734093077907,47.90584955305644,-1025.8062049271161
120,140,160,380.2645771077475,164.26457710774753,66.47333437253405,-1094.7702009657403
121,141,161,380.1223855037929,160.12238550379288,74.2204000434283,-967.2843985195157
122,142,162,334.98616626296325,123.98616626296325,44.404749832452126,-935.2210895956073
123,143,163,342.7599505506555,142.7599505506555,63.21796005562828,-989.350047394244
124,144,164,321.81483838224403,140.81483838224403,76.69421597031123,-932.1858970022545
125,145,165,338.25865459081933,157.25865459081933,94.06381651414608,-956.809019088487
126,146,166,335.58263106128425,131.58263106128425,55.666002162216955,-978.0757473233864
127,147,167,363.7645278870798,166.7645278870798,86.3601520462903,-1100.489900107742
128,148,168,291.820322525994,130.82032252599402,67.64598042861644,-971.1528258149212
129,149,169,277.57326526604766,113.57326526604766,63.88721866800529,-760.1207856900828
130,150,170,256.8948057735936,111.89480577359359,73.6127669328082,-686.5372505498681
131,151,171,237.4190377553591,113.41903775535911,74.96988002640614,-734.2433028458413
132,152,172,210.52354151689474,90.52354151689474,68.62205518320411,-665.493511386698
133,153,173,188.80756672977395,77.80756672977395,55.12991456535815,-654.271667011147
134,154,174,182.14756979247477,76.27869065273421,61.14410161502451,-665.4020464092769
135,155,175,158.1567340982233,53.156734098223296,44.69476948407532,-655.004332774311
136,156,176,158.44233693252795,30.44233693252795,19.951813076143935,-676.6950683467262
137,157,177,153.43341879183572,13.43341879183572,-13.633830978050582,-655.5045147047258
138,158,178,143.69782597712197,16.697825977121965,-3.4628390103407583,-536.2348051575568
139,159,179,142.15180307128435,18.15180307128435,1.1867150191503697,-598.7670651630806
140,160,180,119.98904690435006,14.989046904350062,0.5334061640612617,-525.2273759961772
141,161,181,119.06744866098529,21.067448660985292,22.93787192925174,-380.33026196818946
142,162,182,152.8213775592585,36.82137755925851,14.711435262079021,-598.5190460033073
143,163,183,163.51945041523186,46.51945041523186,13.915558093041454,-637.05874492059
144,164,184,163.8600905375888,18.860090537588803,-16.52395450155882,-961.9304189707691
145,165,185,144.6817947765469,14.681794776546894,-10.184840122265541,-957.854930500509
146,166,186,196.9935931715438,19.993593171543807,-32.904654398891125,-959.7180809284791
147,167,187,233.48566133228564,64.48566133228564,16.61384518883324,-893.0089257375589
148,168,188,215.66655616297248,51.66655616297248,4.190087368905324,-805.8662864007856
149,169,189,228.86904073608434,41.869040736084344,-7.047564548816808,-751.973802425824
150,170,190,273.66515414954074,80.66515414954074,33.041631535218585,-1038.4394018056687
151,171,191,247.8576466756631,84.85764667566309,33.51079514509047,-868.1295629076494
152,172,192,262.48639522693657,82.48639522693657,30.524297581109522,-1109.5049260582095
153,173,193,256.77895252734606,76.77895252734606,26.189532132799513,-981.9217237482912
154,174,194,225.09683689496933,63.09683689496933,25.07107434153272,-1048.3131367252395
155,175,195,212.28236242306184,63.28236242306184,30.689138876886318,-988.256166224809
156,176,196,199.05025116010438,21.05025116010438,-19.621977945983645,-1005.03395865116
157,177,197,163.18061535626907,-0.8193846437309276,-33.94367066150562,-930.1166321875535
158,178,198,134.42543323346786,-11.574566766532143,-31.643914086550467,-808.0008339815495
159,179,199,239.44132025612748,47.44132025612748,3.899380299037375,-1174.9638589479946
160,180,200,247.9779591815868,23.97795918158681,-35.90459050474442,-1532.0383139536993
161,181,201,265.2322954522524,47.2322954522524,-13.47536690649622,-1555.521952426603
162,182,202,274.1647878549593,51.164787854959286,-8.148411526552536,-1569.4651893812684
163,183,203,195.7824129730709,-6.217587026929095,-57.91967042640613,-1357.9941205760665
164,184,204,152.20332286555026,-42.79667713444974,-84.77537295144839,-1163.4437443168417
165,185,205,141.65143474626984,-42.34856525373016,-77.81101279534164,-1218.946829304724
166,186,206,130.9544270641784,-51.04557293582161,-86.55200897471923,-1003.5972079577582
167,187,207,88.84547096301344,-65.15452903698656,-80.25848103834596,-899.1891414316397
168,188,208,112.24663471845247,-44.75336528154753,-64.4846197985778,-939.1403725900777
169,189,209,88.37272721646787,-56.627272783532135,-73.6223749624678,-780.0646733895514
