Left,Mid,Right,Loss,Loss_left,Loss_right,gain,glasso
0,20,40,9254.143098279103,8145.803414809046,8101.328161239952,-6992.988477769897,31.53072109316372
1,21,41,9279.394619891998,8169.679477769569,8145.350665402439,-7035.635523280009,27.164936159182616
2,22,42,9265.106576297794,8167.313772328237,8138.058418697025,-7040.265614727468,24.256013926642026
3,23,43,9270.893795379037,8157.920452105926,8162.5325299856795,-7049.5591867125695,24.52119130835308
4,24,44,9275.938078931715,8155.174686405147,8164.976635177621,-7044.213242651054,27.140343448500516
5,25,45,9279.876707865846,8149.3242633838145,8167.547300860078,-7036.994856378047,27.771988169095494
6,26,46,9282.057938817892,8178.746653063001,8146.7972305297735,-7043.485944774882,27.11521429088316
7,27,47,9272.481517639568,8162.764809909452,8142.3653368604855,-7032.64862913037,26.155485752778077
8,28,48,9268.803826685304,8162.435364031702,8145.9513096674145,-7039.582847013813,25.167152256209192
9,29,49,9268.798864405962,8139.455437972294,8153.5396639020455,-7024.196237468377,30.460817537717503
10,30,50,9263.704723572424,8136.128532660956,8151.269300144182,-7023.693109232714,33.10974025782798
11,31,51,9264.911506025954,8121.737242181639,8156.934387759151,-7013.760123914835,34.37605765776607
12,32,52,9270.934840694426,8118.170817595868,8163.630865856672,-7010.866842758114,39.21960561152537
13,33,53,9271.167943536122,8124.1676695529695,8152.14247180714,-7005.142197823989,41.7847449769929
14,34,54,9275.953605198472,8142.525820616067,8150.91412206512,-7017.486337482715,36.40698253673372
15,35,55,9285.363448451288,8131.638188352674,8182.694880296072,-7028.969620197458,31.62163887884435
16,36,56,9284.581529652585,8087.282243487888,8188.289943693164,-6990.990657528468,46.33771409835117
17,37,57,9282.06403515756,8100.455713571717,8189.412865322434,-7007.804543736591,39.712132600416226
18,38,58,9291.291965360062,8105.339233446222,8199.095734282086,-7013.143002368246,42.19153047131249
19,39,59,9286.490316190044,8087.768749152442,8197.848555259396,-6999.126988221793,44.91906493227998
20,40,60,9293.3530559964,8101.328161239952,8184.003588446945,-6991.978693690498,48.84594841259832
21,41,61,9320.041525846073,8145.350665402439,8190.456891709936,-7015.766031266301,38.607047603876254
22,42,62,9327.617264585468,8138.058418697025,8203.21709751122,-7013.658251622779,37.61355211219052
23,43,63,9339.770913349079,8162.5325299856795,8197.562777769122,-7020.324394405723,30.658492547034257
24,44,64,9352.287328343567,8164.976635177621,8200.301537904443,-7012.990844738497,31.30444736141135
25,45,65,9362.827759027703,8167.547300860078,8191.195501551658,-6995.915043384033,32.197867068352934
26,46,66,9343.82123689938,8146.7972305297735,8191.922280361201,-6994.898273991594,29.091104566543436
27,47,67,9358.293398607073,8142.3653368604855,8205.174188248282,-6989.2461265016955,28.33416893465119
28,48,68,9370.55694894896,8145.9513096674145,8211.144051236064,-6986.538411954518,29.466079081429143
29,49,69,9414.11329431229,8153.5396639020455,8243.561498236186,-6982.987867825941,33.3209651342745
30,50,70,9428.436873203904,8151.269300144182,8254.21621001671,-6977.048636956988,34.963773439243596
31,51,71,9459.743921560334,8156.934387759151,8259.59495130516,-6956.785417503979,43.86682961019005
32,52,72,9460.534119216896,8163.630865856672,8243.783147164633,-6946.879893804409,50.3068494192712
33,53,73,9473.853112817545,8152.14247180714,8255.080201678998,-6933.369560668594,60.74200230305769
34,54,74,9483.473782607492,8150.91412206512,8254.404642209918,-6921.844981667546,58.931440475904765
35,55,75,9511.628078250145,8182.694880296072,8237.253369563234,-6908.320171609161,68.54441239266089
36,56,76,9530.137380744483,8188.289943693164,8225.309062225731,-6883.461625174412,76.5913388281192
37,57,77,9523.942891171928,8189.412865322434,8227.442848293367,-6892.912822443874,73.14762032518865
38,58,78,9529.629345685025,8199.095734282086,8203.263752511002,-6872.7301411080625,85.21282577323973
39,59,79,9529.301329893315,8197.848555259396,8182.385953444382,-6850.933178810463,90.52433904248664
40,60,80,9503.175611734086,8184.003588446945,8158.293505187483,-6839.121481900342,89.28414146238629
41,61,81,9491.30638045266,8190.456891709936,8149.074432926973,-6848.224944184249,78.67838362283874
42,62,82,9496.007775678549,8203.21709751122,8141.756913513807,-6848.966235346479,79.14880122637305
43,63,83,9482.117666744802,8197.562777769122,8143.33124846696,-6858.776359491279,70.38114763472686
44,64,84,9487.436915054652,8200.301537904443,8157.36547047049,-6870.230093320282,68.4887124802276
45,65,85,9461.201828705181,8191.195501551658,8155.218131255694,-6885.2118041021695,64.1110495640205
46,66,86,9461.550163577927,8191.922280361201,8151.381178975227,-6881.753295758501,67.73684657141712
47,67,87,9438.121884443153,8205.174188248282,8137.403942258663,-6904.456246063792,61.27327568611008
48,68,88,9457.340026939291,8211.144051236064,8157.859603747972,-6911.663628044746,65.54990464219645
49,69,89,9450.442127960037,8243.561498236186,8141.688515027154,-6934.807885303302,52.58527558921378
50,70,90,9437.656599324742,8254.21621001671,8126.076767312925,-6942.636378004892,50.27367412112244
51,71,91,9419.934400875236,8259.59495130516,8098.712568490583,-6938.373118920508,50.12208394279469
52,72,92,9400.209832200508,8243.783147164633,8100.782242312611,-6944.355557276736,45.79736545149717
53,73,93,9397.925721808491,8255.080201678998,8088.494771393254,-6945.6492512637615,46.32728733834256
54,74,94,9383.371756058143,8254.404642209918,8082.194937407197,-6953.227823558973,37.16585574539022
55,75,95,9332.340728859306,8237.253369563234,8072.167106958871,-6977.079747662798,20.554441194042738
56,76,96,9300.352535878283,8225.309062225731,8059.541821069472,-6984.49834741692,19.112579067395473
57,77,97,9288.142913296137,8227.442848293367,8051.606734279433,-6990.906669276663,15.08458642914411
58,78,98,9254.56843858091,8203.263752511002,8040.354672171528,-6989.04998610162,8.314321223816933
59,79,99,9251.406656894998,8182.385953444382,8075.164397677163,-7006.143694226546,15.793682507779977
60,80,100,9224.141551528699,8158.293505187483,8090.5788717235455,-7024.73082538233,16.024547066147534
61,81,101,9237.562277026926,8149.074432926973,8113.299252027541,-7024.811407927587,17.70736746020293
62,82,102,9235.447249157198,8141.756913513807,8110.130445364521,-7016.44010972113,13.88602484669218
63,83,103,9239.949114407103,8143.33124846696,8117.915217523173,-7021.297351583029,14.52811418402689
64,84,104,9246.875038578532,8157.36547047049,8108.30946047549,-7018.7998923674495,20.023740398604332
65,85,105,9250.272872609783,8155.218131255694,8115.191700943487,-7020.1369595893975,21.457694082861508
66,86,106,9264.428371495851,8151.381178975227,8124.952790599301,-7011.905598078676,29.626278056583487
67,87,107,9264.96423454877,8137.403942258663,8130.4425682350375,-7002.88227594493,32.08742608073635
68,88,108,9267.582138786962,8157.859603747972,8114.065311688069,-7004.342776649079,30.558815136556404
69,89,109,9255.563612281578,8141.688515027154,8117.22632575716,-7003.3512285027355,28.701238232559263
70,90,110,9246.808745529983,8126.076767312925,8121.19040521751,-7000.4584270004525,28.573514017840807
71,91,111,9238.482244634226,8098.712568490583,8140.039322799006,-7000.269646655364,30.52625923928781
72,92,112,9254.69684995616,8100.782242312611,8165.58646238084,-7011.671854737289,28.94488404004187
73,93,113,9252.84794013398,8088.494771393254,8167.420017847695,-7003.06684910697,31.847646687972883
74,94,114,9244.686708067922,8082.194937407197,8167.5126549205015,-7005.020884259777,25.281507174518538
75,95,115,9236.546508446305,8072.167106958871,8161.985691959004,-6997.606290471571,25.39263195850208
76,96,116,9236.80940265266,8059.541821069472,8166.736868789036,-6989.469287205848,30.448696889194707
77,97,117,9229.33555566603,8051.606734279433,8165.602762337116,-6987.87394095052,30.389939690299343
78,98,118,9227.782924125204,8040.354672171528,8168.307439214688,-6980.879187261013,25.642122714858488
79,99,119,9235.117263004402,8075.164397677163,8139.691552043134,-6979.738686715895,33.694437154290426
80,100,120,9242.073064676402,8090.5788717235455,8155.397240192404,-7003.903047239546,27.324943263097794
81,101,121,9242.259670465464,8113.299252027541,8136.515335273111,-7007.554916835188,26.027565583105115
82,102,122,9239.702024730823,8110.130445364521,8136.34854696949,-7006.776967603188,21.079397421136946
83,103,123,9240.284757079557,8117.915217523173,8144.220517251511,-7021.850977695129,14.278362080973693
84,104,124,9229.70817994032,8108.30946047549,8144.26337906958,-7022.864659604749,17.4071602512563
85,105,125,9235.403432068393,8115.191700943487,8143.175499913908,-7022.963768789003,21.815124740657666
86,106,126,9244.480208497062,8124.952790599301,8125.767648883932,-7006.240230986172,27.468683299443455
87,107,127,9276.249772183939,8130.4425682350375,8144.575903184895,-6998.768699235992,36.44192012384656
88,108,128,9266.623317019777,8114.065311688069,8147.082770383233,-6994.524765051525,37.327481093275765
89,109,129,9262.800291974627,8117.22632575716,8137.499051249926,-6991.925085032459,40.08288971348793
90,110,130,9264.348769548244,8121.19040521751,8116.275078608372,-6973.116714277638,42.72492331623425
91,111,131,9262.808793522529,8140.039322799006,8111.009501641343,-6988.240030917821,39.86854804708719
92,112,132,9268.907229550623,8165.58646238084,8087.2581634634835,-6983.937396293701,41.11366960758005
93,113,133,9269.202496838818,8167.420017847695,8058.102340456242,-6956.319861465119,51.95868545783014
94,114,134,9267.858700430073,8167.5126549205015,8071.746366325281,-6971.40032081571,45.7017134800858
95,115,135,9270.456422834157,8161.985691959004,8086.49033980758,-6978.019608932427,41.642606215182695
96,116,136,9272.452454697866,8166.736868789036,8086.9676688693235,-6981.252082960493,38.25544218043797
97,117,137,9277.140181512474,8165.602762337116,8106.179384374499,-6994.641965199142,37.59708693248513
98,118,138,9278.619862912097,8168.307439214688,8106.806410436247,-6996.493986738837,38.310464518091976
99,119,139,9250.209838031205,8139.691552043134,8091.68428540043,-6981.165999412358,37.364587956346895
100,120,140,9271.846668323342,8155.397240192404,8132.23104842135,-7015.781620290412,36.52981294619076
101,121,141,9297.984333437991,8136.515335273111,8155.383986826294,-6993.914988661414,36.891997551635086
102,122,142,9331.156759835272,8136.34854696949,8173.261725906757,-6978.453513040975,42.42644020878333
103,123,143,9345.08080247498,8144.220517251511,8192.366211755532,-6991.505926532063,42.05284006334159
104,124,144,9360.276474136293,8144.26337906958,8204.704151372516,-6988.691056305803,42.28206785564498
105,125,145,9367.31679405884,8143.175499913908,8198.764875808753,-6974.623581663822,44.98551384757275
106,126,146,9366.98917821498,8125.767648883932,8208.704245951638,-6967.482716620589,46.526318490546146
107,127,147,9386.676524841432,8144.575903184895,8201.738776312148,-6959.6381546556095,52.58300109885113
108,128,148,9399.218343888242,8147.082770383233,8215.75382476328,-6963.618251258271,49.964614919746964
109,129,149,9418.716197863365,8137.499051249926,8219.084937972479,-6937.86779135904,56.56976556023801
110,130,150,9412.815217223317,8116.275078608372,8223.350643672102,-6926.810505057158,54.73338786018576
111,131,151,9410.049551019363,8111.009501641343,8230.473488411188,-6931.433439033168,48.32314803999634
112,132,152,9453.962206700695,8087.2581634634835,8261.372714651749,-6894.668671414538,65.31564694853932
113,133,153,9444.018853278143,8058.102340456242,8245.834040857915,-6859.917528036014,71.3321135871538
114,134,154,9440.8203820756,8071.746366325281,8239.295988185866,-6870.221972435547,65.87469006858282
115,135,155,9451.567939295632,8086.49033980758,8224.511058922908,-6859.433459434857,67.10746919028134
116,136,156,9452.534423445735,8086.9676688693235,8209.903147138684,-6844.3363925622725,69.22409290786345
117,137,157,9454.297414550823,8106.179384374499,8194.272365139122,-6846.154334962797,70.13803061173485
118,138,158,9468.380786908367,8106.806410436247,8181.97909565093,-6820.40471917881,79.41079606391759
119,139,159,9447.445946370366,8091.68428540043,8160.72788232334,-6804.966221353405,78.47285835903904
120,140,160,9447.389111760964,8132.23104842135,8142.8523524473,-6827.694289107687,71.6080205688113
121,141,161,9449.001821105614,8155.383986826294,8118.058551177879,-6824.440716898558,70.96385681823949
122,142,162,9440.799903254616,8173.261725906757,8118.369237356092,-6850.831060008233,63.81871316839806
123,143,163,9424.752178363395,8192.366211755532,8073.930363035073,-6841.544396427211,68.64042355078254
124,144,164,9430.021407488814,8204.704151372516,8085.986555072946,-6860.669298956649,65.2539529108144
125,145,165,9436.021200938452,8198.764875808753,8092.292764559762,-6855.036439430063,67.38892479929063
126,146,166,9426.778013619214,8208.704245951638,8090.403470165532,-6872.3297024979565,56.63669615078061
127,147,167,9384.114047114852,8201.738776312148,8093.460722598462,-6911.085451795758,39.54840736344295
128,148,168,9383.595472494952,8215.75382476328,8103.685871989479,-6935.844224257808,36.40161432032164
129,149,169,9385.73296152027,8219.084937972479,8123.193911984341,-6956.545888436549,34.50406687660234
130,150,170,9373.441636526168,8223.350643672102,8124.627829608935,-6974.536836754869,31.591105706651433
131,151,171,9384.644069160626,8230.473488411188,8141.812476113355,-6987.641895363917,30.946178123981554
132,152,172,9372.353913548455,8261.372714651749,8072.251725599616,-6961.2705267029105,32.05740334169968
133,153,173,9360.633916484243,8245.834040857915,8072.643330219673,-6957.843454593345,33.752218577476924
134,154,174,9348.027272516767,8239.295988185866,8072.741708182584,-6964.010423851683,25.994526977953228
135,155,175,9336.082772889968,8224.511058922908,8096.822832120002,-6985.251118152943,35.17684619519514
136,156,176,9314.35793114955,8209.903147138684,8101.133089630292,-6996.678305619425,30.374621160437528
137,157,177,9295.825822050338,8194.272365139122,8111.33238252581,-7009.778925614595,23.319191867107747
138,158,178,9283.833663083653,8181.97909565093,8082.408390575013,-6980.553823142291,27.19296080001186
139,159,179,9260.734229973388,8160.72788232334,8092.192258563424,-6992.185910913375,22.498273503739256
140,160,180,9227.832009750877,8142.8523524473,8099.713286325853,-7014.7336290222775,13.877911625179422
141,161,181,9243.855040913893,8118.058551177879,8130.814908550772,-7005.018418814758,24.547868016918528
142,162,182,9250.115169809622,8118.369237356092,8146.26521846285,-7014.519286009319,26.077298323544255
143,163,183,9244.665476638957,8073.930363035073,8166.7594053636385,-6996.024291759755,27.25001530204827
144,164,184,9267.219756356928,8085.986555072946,8163.962289722258,-6982.729088438276,37.29491996746947
145,165,185,9263.940899454969,8092.292764559762,8156.788573085036,-6985.14043818983,41.13105198567109
146,166,186,9271.717534307241,8090.403470165532,8160.329471530677,-6979.015407388968,32.72590201478715
147,167,187,9264.64640372449,8093.460722598462,8156.38882805121,-6985.203146925183,29.825910907560683
148,168,188,9266.020737891951,8103.685871989479,8158.006378339895,-6995.671512437422,30.553643802728402
149,169,189,9262.65610723235,8123.193911984341,8142.657124549654,-7003.194929301646,28.73915183623103
150,170,190,9264.709151901801,8124.627829608935,8138.606894585105,-6998.525572292239,32.540125393496965
151,171,191,9272.171664357315,8141.812476113355,8140.609959189692,-7010.250770945733,32.135226048055756
152,172,192,9240.377006903751,8072.251725599616,8151.773005733903,-6983.647724429769,27.116786901046908
153,173,193,9249.366431998631,8072.643330219673,8156.053506477921,-6979.3304046989615,30.818811584120795
154,174,194,9246.52528863489,8072.741708182584,8155.633821555822,-6981.850241103515,24.738345297867
155,175,195,9252.839362721614,8096.822832120002,8148.413231303152,-6992.396700701542,37.67613342135428
156,176,196,9260.059534505901,8101.133089630292,8159.690609169618,-7000.764164294009,33.887515254091795
157,177,197,9271.91255990093,8111.33238252581,8161.4472127061845,-7000.8670353310645,38.32829839034184
158,178,198,9267.510773252434,8082.408390575013,8166.7593168690455,-6981.656934191626,40.93253897913428
159,179,199,9271.621819824262,8092.192258563424,8165.72861130552,-6986.299050044681,39.816863978717265
160,180,200,9273.2275029825,8099.713286325853,8156.695478708687,-6983.1812620520395,42.862385500849996
161,181,201,9275.652233985053,8130.814908550772,8152.569776538485,-7007.732451104204,34.81745227933288
162,182,202,9280.6433416252,8146.26521846285,8158.20386869497,-7023.82574553262,33.34031416430662
163,183,203,9294.95830553395,8166.7594053636385,8171.92555815472,-7043.726657984409,30.505497572590684
164,184,204,9290.651594541503,8163.962289722258,8162.387126565777,-7035.697821746531,27.28026869700352
165,185,205,9283.627464770207,8156.788573085036,8164.125108317806,-7037.286216632636,26.359395193306682
166,186,206,9280.020064503311,8160.329471530677,8146.12939046393,-7026.438797491297,23.96311586339243
167,187,207,9284.529543517609,8156.38882805121,8155.480016623499,-7027.339301157101,25.45015791662263
168,188,208,9287.460145630044,8158.006378339895,8151.565287361456,-7022.111520071307,24.00304660217489
169,189,209,9282.687914921478,8142.657124549654,8159.339251160416,-7019.308460788592,24.550998094898205
