Left,Mid,Right,Loss,Loss_left,Loss_right,gain,glasso
0,20,40,9292.280012952093,8178.871812304674,8154.103715181689,-7040.695514534271,31.65399920586242
1,21,41,9299.953056509881,8186.073581052235,8163.719720533776,-7049.84024507613,34.15457812092791
2,22,42,9295.004023959971,8168.071452253427,8173.212344702299,-7046.279772995755,32.74643752837983
3,23,43,9299.150690713619,8160.699393407738,8180.19868882059,-7041.747391514709,36.09915156232228
4,24,44,9298.722701518509,8155.141228953495,8172.140172827091,-7028.558700262078,37.522395771527044
5,25,45,9291.503559811834,8149.48590181645,8170.709678588493,-7028.692020593109,35.336348189013734
6,26,46,9295.813051261737,8149.260454129073,8173.0586549582795,-7026.506057825614,35.36602565179601
7,27,47,9271.671367706203,8135.102846298767,8147.678400002896,-7011.10987859546,37.750385718811685
8,28,48,9266.202373147418,8121.365472286412,8151.519041234025,-7006.682140373019,34.849444610474166
9,29,49,9263.419783153679,8112.580814188283,8144.715770769068,-6993.876801803672,39.17804752513075
10,30,50,9263.735978883527,8451.381721625941,8153.480619545701,-7341.126362288116,28.43312173851882
11,31,51,9268.2387617182,8229.42822816185,8163.210216872822,-7124.399683316475,28.781288608880914
12,32,52,9250.944907685283,8095.197229734787,8162.710063948231,-7006.962385997735,10.939895339938175
13,33,53,9253.949190545263,8142.0315979705965,8113.924692325564,-7002.007099750897,35.59191768354049
14,34,54,9261.548082910176,8147.961438103685,8117.00840898302,-7003.421764176528,38.164828858307374
15,35,55,9252.690353628312,8130.122203848658,8111.079220010333,-6988.511070230679,41.1814423278488
16,36,56,9246.576666990768,8128.475125574997,8126.783537610875,-7008.681996195104,29.33295049188655
17,37,57,9252.143175103904,8129.893732881028,8132.989187118642,-7010.739744895765,34.849825897363644
18,38,58,9252.116106297508,8151.523559644286,8117.202389501727,-7016.609842848506,32.130581972308846
19,39,59,9252.395154531336,8149.559895993529,8118.616142082727,-7015.78088354492,30.594602065939398
20,40,60,9254.614253674546,8154.103715181689,8124.649090218104,-7024.138551725246,30.68050046911503
21,41,61,9262.019603514786,8163.719720533776,8105.516724169983,-7007.2168411889725,34.239873312148575
22,42,62,9286.726378150515,8173.212344702299,8128.534246904194,-7015.020213455979,30.037717030358635
23,43,63,9329.588388152388,8180.19868882059,8153.044258173864,-7003.654558842067,34.6670551988841
24,44,64,9349.49966644014,8172.140172827091,8142.540822758038,-6965.181329144989,45.927205435335964
25,45,65,9371.80728155809,8170.709678588493,8158.644700212844,-6957.547097243247,45.49337823363476
26,46,66,9376.303688059308,8173.0586549582795,8140.054220076552,-6936.809186975524,51.34823024896241
27,47,67,9358.782344517582,8147.678400002896,8150.403804508583,-6939.2998599938965,42.004190241158994
28,48,68,9366.230355820868,8151.519041234025,8135.025466263032,-6920.31415167619,47.992283907219644
29,49,69,9399.63990645748,8144.715770769068,8165.890839583027,-6910.966703894614,50.73692307577494
30,50,70,9401.612293664199,8153.480619545701,8145.901313399991,-6897.769639281494,53.8008572940912
31,51,71,9409.264241635829,8163.210216872822,8125.327801574178,-6879.273776811171,65.96584499539676
32,52,72,9440.102301281166,8162.710063948231,8172.4696069698975,-6895.077369636963,59.56923186461563
33,53,73,9395.892748502234,8113.924692325564,8163.507952982466,-6881.539896805796,49.54485332947388
34,54,74,9389.103849003182,8117.00840898302,8144.57482500438,-6872.479384984217,47.97409383534887
35,55,75,9383.913075121596,8111.079220010333,8139.119081473274,-6866.285226362012,48.96226995635834
36,56,76,9381.815361355155,8126.783537610875,8118.331714160246,-6863.299890415965,43.97287401663243
37,57,77,9389.750741375106,8132.989187118642,8101.782622392782,-6845.021068136319,48.101658500625035
38,58,78,9367.5234890926,8117.202389501727,8094.586041552585,-6844.264941961712,37.816280275802
39,59,79,9366.619792361995,8118.616142082727,8089.612565756319,-6841.608915477051,35.57948789440934
40,60,80,9343.89996693718,8124.649090218104,8056.676727553677,-6837.425850834599,32.96322996182607
41,61,81,9317.762368013891,8105.516724169983,8068.6282109650765,-6856.382567121169,24.213584267357874
42,62,82,9318.387555540257,8128.534246904194,8059.874769859973,-6870.021461223909,20.283425387931857
43,63,83,9304.023357132004,8153.044258173864,8048.537256637542,-6897.558157679401,8.469195342030162
44,64,84,9293.80751157046,8142.540822758038,8037.982407329407,-6886.715718516985,-3.22343597705958
45,65,85,9295.429250605748,8158.644700212844,8041.091034920716,-6904.306484527811,-12.345855094104536
46,66,86,9268.196592509912,8140.054220076552,8084.992404066658,-6956.850031633299,-8.358581440665603
47,67,87,9279.259398688877,8150.403804508583,8058.218503267632,-6929.362909087338,-2.625630689879017
48,68,88,9284.783317511417,8135.025466263032,8074.042412706609,-6924.284561458224,5.448663467649567
49,69,89,9294.485489292128,8165.890839583027,8072.599208367863,-6944.004558658762,8.882120751407456
50,70,90,9283.824793024482,8145.901313399991,8070.660502698549,-6932.737023074058,14.587358233478426
51,71,91,9260.256704138159,8125.327801574178,8076.41634961417,-6941.487447050189,19.093567314232132
52,72,92,9253.361558672379,8172.4696069698975,8042.945225699377,-6962.053273996895,3.32511490678462
53,73,93,9258.336077753185,8163.507952982466,8063.167515798687,-6968.339391027968,5.432613144493189
54,74,94,9246.150351488031,8144.57482500438,8073.946454927553,-6972.370928443901,7.270518859638287
55,75,95,9243.029940431807,8139.119081473274,8075.603601146457,-6971.692742187923,12.996874901417414
56,76,96,9221.353518257027,8118.331714160246,8080.440953872458,-6977.4191497756765,11.228096881422971
57,77,97,9201.346164505278,8101.782622392782,8073.348845269015,-6973.785303156521,7.534256861742506
58,78,98,9193.02050860856,8094.586041552585,8072.252868699082,-6973.818401643106,10.482338639345016
59,79,99,9182.041171824396,8089.612565756319,8065.850292256837,-6973.42168618876,11.916706721237006
60,80,100,9162.632886277297,8056.676727553677,8070.709494914753,-6964.753336191134,19.400690524015317
61,81,101,9167.620219694763,8068.6282109650765,8062.07641959505,-6963.084410865362,16.391370393509078
62,82,102,9158.126089993937,8059.874769859973,8055.549006699696,-6957.297686565733,16.85639607219673
63,83,103,9156.345544556736,8048.537256637542,8071.750123412573,-6963.941835493379,16.638511163531803
64,84,104,9157.743714551858,8037.982407329407,8094.837428409474,-6975.076121187023,-7.483940961842109
65,85,105,9158.775826876168,8041.091034920716,8099.196185046244,-6981.511393090792,-8.924354225536717
66,86,106,9162.578054800279,8084.992404066658,8107.888772522085,-7030.303121788465,0.4231825844476589
67,87,107,9169.061806504575,8058.218503267632,8102.126532379226,-6991.283229142282,6.106927709836782
68,88,108,9177.098073375239,8074.042412706609,8098.769379426483,-6995.713718757854,12.47480028864311
69,89,109,9181.317097784573,8072.599208367863,8118.923015975721,-7010.205126559011,13.156087171076251
70,90,110,9189.830664553747,8070.660502698549,8121.151617065486,-7001.981455210289,18.169999636878856
71,91,111,9189.745241868784,8076.41634961417,8121.29697265354,-7007.968080398927,17.821981218137353
72,92,112,9167.848747857086,8042.945225699377,8111.982233070214,-6987.078710912505,12.758852394967107
73,93,113,9172.226698984814,8063.167515798687,8115.940737158935,-7006.881553972809,14.155032567250146
74,94,114,9171.866826452442,8073.946454927553,8110.026176900505,-7012.105805375615,15.141772793043401
75,95,115,9166.109977988574,8075.603601146457,8090.739097621187,-7000.2327207790695,19.613636478399712
76,96,116,9166.459201811987,8080.440953872458,8080.656396975904,-6994.638149036375,18.874706249538576
77,97,117,9179.904191091244,8073.348845269015,8089.064512497471,-6982.509166675243,22.362426913435684
78,98,118,9173.094387492576,8072.252868699082,8071.029530606591,-6970.188011813098,25.085152979529994
79,99,119,9190.61356594186,8065.850292256837,8100.275937840176,-6975.512664155152,32.23390236622072
80,100,120,9203.795317352009,8070.709494914753,8102.624474440729,-6969.538652003472,42.23738892718302
81,101,121,9193.39992901215,8062.07641959505,8093.460058942858,-6962.136549525758,37.77457565046507
82,102,122,9205.225876213102,8055.549006699696,8110.366916728003,-6960.690047214597,35.470831458420435
83,103,123,9202.829300536245,8071.750123412573,8115.36763852715,-6984.288461403479,31.483286773908276
84,104,124,9209.860006630399,8094.837428409474,8119.9932446292305,-7004.970666408306,21.54207955796619
85,105,125,9201.003904749097,8099.196185046244,8120.804934683962,-7018.997214981107,18.614154605035765
86,106,126,9206.424060101102,8107.888772522085,8124.250520451624,-7025.715232872606,18.764179233615323
87,107,127,9197.206947122573,8102.126532379226,8109.966578914065,-7014.886164170719,11.667328833405463
88,108,128,9208.135311533344,8098.769379426483,8118.788817374587,-7009.422885267726,17.076848350540786
89,109,129,9204.681131323754,8118.923015975721,8083.837473628265,-6998.079358280231,16.112853956852632
90,110,130,9204.912517899214,8121.151617065486,8090.631305440902,-7006.8704046071725,15.468304175801677
91,111,131,9202.904287717158,8121.29697265354,8094.391900280919,-7012.784585217301,14.509147636523267
92,112,132,9200.44608191125,8111.982233070214,8095.968193829623,-7007.504344988585,14.283307837847133
93,113,133,9195.917219591674,8115.940737158935,8099.827469936643,-7019.8509875039035,14.664063712912593
94,114,134,9199.52929489164,8110.026176900505,8103.413958546342,-7013.910840555207,18.495096206628205
95,115,135,9194.877902030152,8090.739097621187,8105.670964379177,-7001.532159970213,25.511130302003494
96,116,136,9183.249538915694,8080.656396975904,8083.735763494677,-6981.142621554885,19.860705054042228
97,117,137,9178.150044771952,8089.064512497471,8077.760226984246,-6988.674694709765,16.792389190366066
98,118,138,9193.994719042654,8071.029530606591,8107.850159626342,-6984.88497119028,22.579260193594564
99,119,139,9197.40728338126,8100.275937840176,8068.2028941010085,-6971.071548559925,29.722186433389652
100,120,140,9194.884548727403,8102.624474440729,8057.380379936888,-6965.1203056502145,35.7885295107867
101,121,141,9209.748840952914,8093.460058942858,8075.554170701465,-6959.265388691409,35.41111121265931
102,122,142,9255.107421728044,8110.366916728003,8112.121829574753,-6967.3813245747115,30.732172303304196
103,123,143,9252.68801935534,8115.36763852715,8109.2868272890155,-6971.966446460825,27.429965230350263
104,124,144,9258.816819899832,8119.9932446292305,8120.898903287407,-6982.075328016806,17.687923458147452
105,125,145,9283.766949991114,8120.804934683962,8139.537906602414,-6976.575891295262,19.863624342883668
106,126,146,9300.341442650986,8124.250520451624,8154.168930710351,-6978.078008510989,21.120698531114158
107,127,147,9315.58611302112,8109.966578914065,8176.142188699376,-6970.5226545923215,21.807758930406635
108,128,148,9310.16313825487,8118.788817374587,8124.0023877498625,-6932.62806686958,24.6445332444041
109,129,149,9296.01903906812,8083.837473628265,8131.572817226407,-6919.391251786552,19.615256373526336
110,130,150,9292.281502139733,8090.631305440902,8135.955286172793,-6934.305089473963,26.089862647925656
111,131,151,9304.71393026676,8094.391900280919,8134.825358329472,-6924.503328343631,29.81547241971566
112,132,152,9316.781144118695,8095.968193829623,8130.841850260083,-6910.028899971012,36.54430672898752
113,133,153,9320.271242887442,8099.827469936643,8124.3939825259895,-6903.9502095751905,34.839117123434335
114,134,154,9336.25947174486,8103.413958546342,8121.7306000349745,-6888.885086836457,36.87929885342419
115,135,155,9354.42479341795,8105.670964379177,8151.010731377375,-6902.256902338604,42.3786955130081
116,136,156,9373.161942061988,8083.735763494677,8183.02797787885,-6893.601799311538,44.61116486013998
117,137,157,9416.308176451503,8077.760226984246,8198.202115261674,-6859.654165794418,66.042405412461
118,138,158,9422.502817438066,8107.850159626342,8179.521959083669,-6864.869301271945,62.67337249447519
119,139,159,9403.22887634233,8068.2028941010085,8169.232970593697,-6834.206988352376,60.97388512496991
120,140,160,9400.350608669778,8057.380379936888,8163.739872002136,-6820.769643269246,65.34485239163314
121,141,161,9406.55099478104,8075.554170701465,8158.438793766485,-6827.44196968691,65.57158391376561
122,142,162,9390.164285231902,8112.121829574753,8143.013094828444,-6864.970639171295,49.085214568140145
123,143,163,9441.132812424217,8109.2868272890155,8170.546209876762,-6838.70022474156,67.24403741715378
124,144,164,9435.406857624113,8120.898903287407,8170.085061444141,-6855.577107107434,62.651221826515666
125,145,165,9445.609241924232,8139.537906602414,8172.9489826397785,-6866.8776473179605,57.5429529513799
126,146,166,9448.552167242042,8154.168930710351,8169.421273852162,-6875.03803732047,58.937516513333776
127,147,167,9448.398184750235,8176.142188699376,8147.675645482825,-6875.419649431966,57.73046685652753
128,148,168,9405.876867341383,8124.0023877498625,8142.340409450294,-6860.465929858772,54.4380276654847
129,149,169,9414.36369091021,8131.572817226407,8162.928050847633,-6880.13717716383,55.93945025549692
130,150,170,9409.742620538309,8135.955286172793,8158.642612468857,-6884.855278103341,59.69603013869846
131,151,171,9395.2907575625,8134.825358329472,8160.017315003652,-6899.551915770624,55.009441086056086
132,152,172,9376.6630422702,8130.841850260083,8162.561426449561,-6916.740234439443,53.51031576087962
133,153,173,9370.078273387633,8124.3939825259895,8177.051484017238,-6931.367193155595,55.08175024270531
134,154,174,9344.460426703232,8121.7306000349745,8173.855017200662,-6951.125190532404,42.378730130557415
135,155,175,9335.763874414535,8151.010731377375,8176.688989491128,-6991.935846453967,36.269966925246536
136,156,176,9334.53487061544,8183.02797787885,8178.5406748998375,-7027.033782163247,30.6707859759249
137,157,177,9333.37149620665,8198.202115261674,8164.97519146882,-7029.805810523845,29.127356241613597
138,158,178,9320.78100859241,8179.521959083669,8172.414859286285,-7031.155809777543,27.066521659914542
139,159,179,9318.73494420851,8169.232970593697,8188.241458403389,-7038.739484788575,27.94634648898773
140,160,180,9297.4038222144,8163.739872002136,8184.355376186555,-7050.69142597429,25.806503883761707
141,161,181,9293.592456470531,8158.438793766485,8185.8523453115085,-7050.698682607463,25.6408059687069
142,162,182,9292.361525182987,8143.013094828444,8194.57977424213,-7045.231343887586,25.782167105875487
143,163,183,9291.500487790225,8170.546209876762,8152.058064225817,-7031.103786312355,31.636537963909632
144,164,184,9287.272392154518,8170.085061444141,8150.430403124217,-7033.243072413839,31.401968849011155
145,165,185,9285.000174307133,8172.9489826397785,8150.062025469542,-7038.010833802187,30.116489546331195
146,166,186,9286.078243168191,8169.421273852162,8157.344193316327,-7040.687224000298,29.435625094164152
147,167,187,9280.19684892098,8147.675645482825,8162.8945548199645,-7030.37335138181,28.6786955726202
148,168,188,9282.702699926125,8142.340409450294,8166.422792292959,-7026.060501817126,29.819432661976407
149,169,189,9290.331120298106,8162.928050847633,8169.0476280113535,-7041.644558560882,25.68371164626342
150,170,190,9288.133387665568,8158.642612468857,8165.177341930908,-7035.686566734197,27.311265383039427
151,171,191,9286.018246633746,8160.017315003652,8165.526040500772,-7039.525108870677,26.334609798732345
152,172,192,9279.868797133922,8162.561426449561,8151.572891896383,-7034.265521212021,26.44509619966675
153,173,193,9281.892756211731,8177.051484017238,8128.992333252756,-7024.151061058263,35.35057096290757
154,174,194,9284.810521602893,8173.855017200662,8128.073874265145,-7017.118369862914,36.42004256477503
155,175,195,9284.768850655435,8176.688989491128,8120.852437517601,-7012.772576353294,35.81816367602687
156,176,196,9278.33823514533,8178.5406748998375,8087.82705470966,-6988.029494464168,20.46212971745308
157,177,197,9258.27078346306,8164.97519146882,8075.424098414441,-6982.128506420202,15.86224167518776
158,178,198,9254.079216132905,8172.414859286285,8058.572558640792,-6976.908201794173,13.298337719787469
159,179,199,9251.898929324623,8188.241458403389,8038.502371349333,-6974.844900428099,-1.4545487561526897
160,180,200,9253.479266012553,8184.355376186555,8063.561030451803,-6994.437140625805,23.63813613711136
161,181,201,9269.75914964724,8185.8523453115085,8097.444869543305,-7013.538065207575,30.382230326484205
162,182,202,9276.592316291888,8194.57977424213,8102.138789621408,-7020.12624757165,30.700784284387737
163,183,203,9249.597885644775,8152.058064225817,8114.001346335426,-7016.461524916469,27.15749521602993
164,184,204,9251.17605695097,8150.430403124217,8117.437817269729,-7016.692163442976,29.343669933362435
165,185,205,9254.195919661039,8150.062025469542,8127.600014600389,-7023.466120408893,28.769669938712923
166,186,206,9249.153889163947,8157.344193316327,8116.770787042222,-7024.961091194602,27.692411639351576
167,187,207,9252.235575651743,8162.8945548199645,8112.131721996359,-7022.79070116458,28.028337987686882
168,188,208,9249.087270042664,8166.422792292959,8101.019860101851,-7018.355382352145,23.951695316933183
169,189,209,9232.63561458466,8169.0476280113535,8077.774382768086,-7014.18639619478,22.255053162295553
