Left,Mid,Right,Loss_likeli,Loss_AIC,Loss_BIC,Loss_eBIC
0,20,40,135.86393634292267,-107.13606365707733,-120.37981877408811,-1306.425663328776
1,21,41,133.45991507671602,-123.54008492328398,-144.3134577879341,-1471.1327335446813
2,22,42,82.8171904315509,-101.1828095684491,-107.87964911682275,-1514.170848380445
3,23,43,93.43638926937024,-176.56361073062976,-221.22490777790563,-1806.3653791470751
4,24,44,114.19194274001347,-168.80805725998653,-200.00537333990155,-1868.2344371637605
5,25,45,62.614270508613345,-191.38572949138666,-208.74702216322294,-1470.455773386163
6,26,46,62.11553357660296,-165.88446642339704,-176.3962710552778,-1241.5333117555747
7,27,47,45.992133476173194,-151.0078665238268,-154.12654383568156,-1114.8391234722667
8,28,48,33.821489940386755,-217.17851005961325,-234.1749652207568,-1540.5298226227414
9,29,49,9.887538778682938,-215.11246122131706,-219.69452900934948,-1452.9806553821709
10,30,50,7.006339665823816,-218.99366033417618,-226.15303580066552,-1318.0271308262545
11,31,51,28.451927336287554,-200.54807266371245,-210.5873409016524,-1550.5947410028803
12,32,52,76.76143698451187,-174.23856301548813,-195.57745985280212,-1740.4706312336302
13,33,53,103.73367887527957,-248.26632112472043,-311.91850520007165,-2268.3154960443535
14,34,54,118.3102979854491,-207.6897020145509,-268.4480006518195,-2325.8217464847203
15,35,55,108.73287800495905,-205.26712199504095,-257.9715854493056,-2158.8025446698666
16,36,56,120.47372834367548,-185.52627165632452,-243.6052929539328,-2117.730206252657
17,37,57,126.77455919999352,-168.22544080000648,-221.8676553639075,-2116.082164037145
18,38,58,78.52420198817913,-213.47579801182087,-239.23522424615112,-1998.6276760045748
19,39,59,113.04041575094425,-147.95958424905575,-182.24833503057903,-2136.050560497641
20,40,60,60.01612806626645,-184.98387193373355,-187.5476980371168,-1597.1523850235794
21,41,61,82.09723818926136,-156.90276181073864,-178.15901604148803,-1624.4294231174508
22,42,62,112.35850771794162,-94.64149228205838,-107.24407553182346,-1610.3181569068975
23,43,63,168.91968069633413,-80.08031930366587,-120.09730054579768,-1948.4175922224495
24,44,64,204.77562635794607,-61.22437364205393,-105.21324700723062,-2126.3570637450907
25,45,65,196.7823127484039,-48.21768725159609,-87.25200934778377,-1807.5114403659873
26,46,66,219.7828307601401,20.782830760140087,6.025616669274541,-1420.6120120540527
27,47,67,254.30655153658836,40.30655153658836,8.133436665405725,-1497.7518699704474
28,48,68,335.77500831092857,50.77500831092857,-10.377437848956788,-1752.9467573357906
29,49,69,313.9958818187447,44.99588181874469,-31.516481021692698,-1735.0499298296631
30,50,70,307.0592170245134,17.059217024513373,-58.70039176538103,-1925.8793998175925
31,51,71,362.55650639789974,64.55650639789974,-16.57232584732992,-2161.5165607397453
32,52,72,361.52996786596964,68.52996786596964,-17.387579091254565,-2162.466663861505
33,53,73,443.3868304116538,78.38683041165382,-48.922255837993816,-2466.5589332735553
34,54,74,452.7449600406012,96.7449600406012,-27.123051748892976,-2525.8724784378232
35,55,75,458.4544426103255,105.45444261032549,-18.999412310517982,-2438.0674052719824
36,56,76,485.4111481758855,95.4111481758855,-52.31578406962649,-2633.976330166331
37,57,77,512.8924640196326,110.8924640196326,-44.19515622832296,-2658.915823893378
38,58,78,568.460433956528,118.46043395652805,-46.6122201875628,-2953.9381435279884
39,59,79,619.3409519296854,162.3409519296854,-24.634762514644535,-3307.381815325507
40,60,80,631.3746825468488,213.37468254684882,58.831032627850846,-2772.452842737551
41,61,81,616.7389210053386,223.73892100533863,68.97321290501623,-2932.1478964748676
42,62,82,570.7635817671319,191.76358176713188,46.740588303927325,-2782.64762171965
43,63,83,573.1217168239041,181.12171682390408,26.93475282794543,-2781.3806599084173
44,64,84,574.4642046442502,162.46420464425023,1.0788821635158001,-2678.009847070607
45,65,85,530.1384218863564,133.13842188635635,-18.073573316594548,-3014.776453578569
46,66,86,503.08505220889106,122.08505220889106,0.7738160717337905,-2658.381574023434
47,67,87,482.52640636636374,98.52640636636374,-14.125068673548412,-3020.114192866568
48,68,88,496.7526032732487,134.75260327324872,21.911109558085172,-2536.300244220227
49,69,89,460.8735847219418,118.87358472194182,5.670420306503729,-2580.772857641591
50,70,90,353.6348129405528,40.63481294055282,-57.319498293891684,-2300.853750470001
51,71,91,313.49844737525336,22.498447375253363,-63.463088079257204,-2124.4499706514835
52,72,92,280.59826538904235,20.598265389042353,-52.008861367060945,-1747.9368606944254
53,73,93,277.62333508184133,25.623335081841333,-44.040583350885754,-1839.0710239051618
54,74,94,220.76686978332577,-33.233130216674226,-93.49557321455609,-1859.0278976679683
55,75,95,222.76688487605998,-46.233115123940024,-101.83347451367763,-2277.72039018744
56,76,96,144.256609766745,-114.74339023325501,-149.25354717691312,-2086.84485674212
57,77,97,137.57098865290004,-156.42901134709996,-199.17615206582468,-2169.568220516262
58,78,98,98.4745493125074,-178.5254506874926,-214.81280416281334,-2005.5115315211715
59,79,99,92.00378238528174,-195.99621761471826,-237.835603054461,-2149.519161592807
60,80,100,44.58460687606339,-203.4153931239366,-222.56754437035988,-1876.1412477676454
61,81,101,58.59159353769928,-172.40840646230072,-183.09683338351488,-1786.2165848811865
62,82,102,61.58967191461761,-176.4103280853824,-191.6235387348754,-1813.481495634603
63,83,103,47.88205860601488,-195.11794139398512,-211.43418836624323,-1649.535377589612
64,84,104,13.371210586486086,-228.6287894135139,-236.12940408227587,-1585.9923745402257
65,85,105,43.068579776384695,-231.9314202236153,-263.83280998245755,-2066.6589143405536
66,86,106,41.05574249728079,-212.9442575027192,-236.1233263406441,-2006.3354555314872
67,87,107,38.661757924103085,-195.33824207589691,-209.59970894912203,-2025.9340351686865
68,88,108,111.90597765266489,-130.0940223473351,-149.03156549533605,-1982.3051840257185
69,89,109,98.62866104927593,-186.37133895072407,-219.09250699397626,-2201.8735450241256
70,90,110,84.41328526425718,-160.58671473574282,-183.7904450163146,-1850.0216791828334
71,91,111,89.99506388331429,-139.0049361166857,-157.36197052134503,-1897.336136862877
72,92,112,45.88814921011317,-181.11185078988683,-198.81972651127217,-1505.3348368800052
73,93,113,27.768275293819443,-187.23172470618056,-188.56799907784261,-1647.886926451255
74,94,114,58.99786578222097,-174.00213421777903,-186.03286700282706,-1815.1387234234899
75,95,115,58.856207129255154,-172.14379287074485,-181.09935184055894,-1848.9480656953065
76,96,116,83.44557302084286,-142.55442697915714,-151.27751447161518,-1960.5746606484113
77,97,117,70.68885723960466,-156.31114276039534,-165.00810513450165,-1907.9248727701479
78,98,118,86.12739797133713,-137.87260202866287,-154.70452206040204,-1788.1113826168835
79,99,119,113.57738031048666,-128.42261968951334,-154.6382082333937,-1828.7064826488531
80,100,120,115.60067758230934,-126.39932241769066,-158.1600884060506,-1678.159152577587
81,101,121,87.9481855422514,-104.0518144577486,-107.10696411417894,-1355.0278343870405
82,102,122,125.64276188068925,-89.35723811931075,-114.95366381057102,-1633.6760740237983
83,103,123,104.68475163547123,-80.31524836452877,-84.40269232237597,-1348.9232797893847
84,104,124,84.51863200009029,-97.48136799990971,-98.07306408317754,-1403.6999604893417
85,105,125,134.13376487743813,-78.86623512256187,-106.58609085278795,-1394.0735527715228
86,106,126,133.8660221580201,-70.13397784197991,-90.53758324121054,-1478.5534331235058
87,107,127,150.11916274783357,-16.88083725216643,-40.41382456576957,-1254.5299573215189
88,108,128,155.11257824869358,-11.88742175130642,-29.182084439870096,-1292.7686316471272
89,109,129,197.34491508930387,-6.655084910696132,-46.87625133364804,-1500.3594680225124
90,110,130,206.30389507651353,20.303895076513527,-13.035122426132148,-1604.7347348941212
91,111,131,177.24384131604666,-2.7561586839533447,-31.721685004817346,-1494.6075171281836
92,112,132,162.06406134426288,-23.935938655737118,-58.31467692922297,-1278.3516360919466
93,113,133,197.70026213103347,8.700262131033469,-34.45011994866263,-1278.0998114042418
94,114,134,184.79876988583305,18.798769885833053,-10.913327416494212,-1274.7396948856776
95,115,135,219.05909047271712,89.05909047271712,67.65819147670436,-846.1015850265126
96,116,136,237.85200805407248,124.85200805407248,99.78475772346951,-905.1513663867672
97,117,137,233.636286358623,142.78251498205964,126.41292412972712,-724.0254014797838
98,118,138,198.4116911809299,97.70362481763755,84.95106241460167,-651.2936277361282
99,119,139,184.16770050752393,81.64937144681994,79.38254121020987,-592.7711152299228
100,120,140,184.35447002175806,74.35447002175806,59.30448785541307,-578.9184016719719
101,121,141,246.1080569261187,121.1080569261187,99.15848593393457,-758.460455261519
102,122,142,266.6638747752545,145.6638747752545,115.57397457959564,-821.8828135567344
103,123,143,241.1058585676435,134.1058585676435,111.32075729192661,-594.2386221323904
104,124,144,225.70080310539515,112.70080310539515,86.27790830274671,-681.772966116333
105,125,145,269.23936264211557,125.23936264211557,71.91503923106666,-779.950934730253
106,126,146,291.10231232966976,125.10231232966976,63.66038900952958,-914.2495729525378
107,127,147,306.9452532515934,126.94525325159339,61.45684161045028,-971.0079832318463
108,128,148,314.24694304925015,137.24694304925015,74.41396554630887,-906.9163736128094
109,129,149,245.20852233404185,115.40515940044088,73.81594084346875,-641.2882170771816
110,130,150,251.97794378778894,135.97794378778894,92.41717297503578,-571.0604062343041
111,131,151,280.32930337729226,138.32930337729226,96.82796894167564,-626.6694036518263
112,132,152,288.68834490842664,136.68834490842664,76.49925705348232,-646.2895497726406
113,133,153,283.8719447851304,133.87194478513038,80.7190517000738,-640.359070829566
114,134,154,270.0750855387814,130.07508553878142,74.0630609830007,-552.2158473642996
115,135,155,292.5119963879156,156.5119963879156,93.19491032625797,-520.8542394217893
116,136,156,383.0385235369215,199.0385235369215,112.44872458739269,-945.564652152274
117,137,157,372.42655048904,191.5727791124766,112.23813158771395,-934.360300832413
118,138,158,420.0599266167296,195.35186025343728,96.95031916073594,-1266.3514746849112
119,139,159,456.3223262125307,204.8039971518267,102.81608826523393,-1374.25642542636
120,140,160,483.10780819327147,211.10780819327147,88.78729348802335,-1595.398533090757
121,141,161,465.29821159561834,210.29821159561834,100.30403027955049,-1474.3864069170272
122,142,162,461.76737225853026,199.76737225853026,78.9700013712818,-1510.5271503383262
123,143,163,421.9717503588056,189.9717503588056,89.50629975280208,-1398.756780973992
124,144,164,426.5218199538997,173.5218199538997,83.72518329015952,-1729.6749620108694
125,145,165,407.8191237315434,158.8191237315434,68.46809393122885,-1760.7260244531185
126,146,166,423.4202364821756,139.4202364821756,39.025042961454574,-1941.667501450197
127,147,167,328.7228164424764,91.72281644247641,18.650450421842834,-1494.0470941981425
128,148,168,342.92043575436855,110.92043575436855,43.92525127745034,-1541.3412522703202
129,149,169,309.76821662966677,92.9648536960658,31.974858968813123,-1376.7666029527327
130,150,170,266.46544570761625,53.465445707616254,-9.969305969547804,-1403.954158787154
131,151,171,295.60574344643874,67.60574344643874,29.035635164957057,-1577.9614358734566
132,152,172,286.5108162029651,58.51081620296509,15.429633646231196,-1509.7087449591168
133,153,173,259.70757456050706,23.707574560507055,-16.69216516283427,-1502.2935732370238
134,154,174,260.4461243574726,27.446124357472627,-16.897583431631347,-1763.2261678630525
135,155,175,252.25918846401692,21.259188464016916,-23.852772028540357,-1870.2472928530578
136,156,176,229.7263452326656,-22.273654767334392,-69.71787853542946,-1892.630990298061
137,157,177,209.020867356194,-25.979132643805997,-64.44074746078832,-1831.4808625277933
138,158,178,170.25934390503244,-56.74065609496756,-88.31147542755207,-1826.4837904359115
139,159,179,149.3070677514322,-93.69293224856779,-125.15099578263721,-1962.3553180256881
140,160,180,75.99464867287747,-201.00535132712253,-233.55589976923852,-2219.3998002286153
141,161,181,89.64913340140038,-215.35086659859962,-247.81153007730381,-2220.319521587765
142,162,182,57.628025767282,-271.371974232718,-313.1760294537994,-2309.6994423485703
143,163,183,33.37634530128571,-286.6236546987143,-316.3222957026428,-2625.888958870877
144,164,184,19.785439779796434,-206.21456022020357,-200.89728643661397,-1881.5200913441604
145,165,185,9.68313951035907,-222.31686048964093,-219.64020993643294,-1837.4278746041555
146,166,186,2.8184257470518332,-284.18157425294817,-297.347527072327,-2334.8140070103864
147,167,187,49.60741685977837,-224.39258314022163,-253.79635303586565,-2081.617758819515
148,168,188,77.63906994357149,-224.36093005642851,-272.13072064020935,-2304.110184184435
149,169,189,77.51265418912976,-229.48734581087024,-279.955505236456,-2246.185920786359
150,170,190,76.53249582077933,-223.46750417922067,-273.70729839224737,-2252.994221046026
151,171,191,86.89534542898537,-162.10465457101463,-174.59525539667743,-1611.271765162512
152,172,192,157.63601392671217,-54.36398607328783,-68.3842986001473,-1314.214530578316
153,173,193,153.62817879613522,-77.37182120386478,-99.31616630373014,-1416.374801335387
154,174,194,131.70568026434057,-100.29431973565943,-129.50243948820912,-1673.7079347840936
155,175,195,160.7314855409777,-77.2685144590223,-110.156978212794,-1962.9552171289506
156,176,196,166.6006137584268,-50.39938624157321,-78.72441215778758,-1742.3722714254409
157,177,197,157.2522745429717,-47.74772545702831,-65.24632746799921,-1859.9864599716898
158,178,198,126.95945932461223,-64.04054067538777,-74.22244318120056,-1618.436069873169
159,179,199,120.27750864008271,-86.72249135991729,-102.64677846478844,-1730.501871433206
160,180,200,159.8793576755686,-80.1206423244314,-115.73770630315698,-2067.464172395457
161,181,201,146.34061035317654,-122.65938964682346,-153.48583094471473,-2018.4253091615246
162,182,202,228.15011764607812,-40.849882353921885,-91.83376778218394,-2173.814239420118
163,183,203,199.82366774052207,-86.17633225947793,-135.5195153413556,-2544.208953572213
164,184,204,195.2781131560398,46.27811315603981,32.399863484982916,-1286.208318534119
165,185,205,194.6100490884255,46.61004908842551,33.57623914442547,-1259.7252254952245
166,186,206,236.26232722072677,28.262327220726775,-10.455610638775397,-1528.2610283160025
167,187,207,139.53017346442402,-70.46982653557598,-92.47109203059426,-1407.154510532001
168,188,208,139.6662883338479,-47.33371166615211,-65.22821015269619,-1292.5789681388605
169,189,209,109.89226876187513,-61.10773123812487,-52.819251320484,-1279.3711969145602
