Left,Mid,Right,Loss_likeli,Loss_AIC,Loss_BIC,Loss_eBIC
0,20,40,130.60003476417137,-86.39996523582863,-103.28806267280379,-1610.5003833023484
1,21,41,131.53519018608927,-106.46480981391073,-133.46152253292303,-1723.3793115228036
2,22,42,93.88957114111622,-87.11042885888378,-81.91646228852755,-1299.8854680259474
3,23,43,70.79969733421899,-121.20030266578101,-114.89796538465225,-1439.4882892069809
4,24,44,7.262946455067777,-174.73705354493222,-162.06976053491348,-1022.2055841897331
5,25,45,11.02313263173528,-171.97686736826472,-168.12520666174237,-1169.1043711777538
6,26,46,31.403173274060464,-159.59682672593954,-164.58012537755258,-1124.3248556881972
7,27,47,42.17447564672466,-203.82552435327534,-224.34609235031007,-1524.2824559485061
8,28,48,61.62019502939597,-214.37980497060403,-246.29525890903346,-1716.0905597978754
9,29,49,58.81708520670236,-182.18291479329764,-210.85336288793587,-1560.2110770658692
10,30,50,68.96743349673329,-159.0325665032667,-181.74376503506892,-1816.475222617567
11,31,51,65.09020351595427,-180.90979648404573,-216.74146856119364,-1620.9368606753624
12,32,52,67.71790657641895,-187.28209342358105,-211.45855765735746,-1774.5510761532655
13,33,53,63.757663844619174,-189.24233615538083,-214.61035803833715,-1807.7887573118578
14,34,54,86.14876399186414,-155.85123600813586,-188.4863015005767,-1816.1853096145574
15,35,55,90.9621711013258,-158.0378288986742,-186.35218603887347,-1844.7872504331876
16,36,56,93.26071157186402,-136.73928842813598,-153.51474742789264,-1911.6902763181051
17,37,57,66.7415475515013,-172.2584524484987,-177.94814720238492,-1712.1700024333823
18,38,58,76.46879374944069,-152.5312062505593,-166.382783981579,-1778.4797765695512
19,39,59,124.55302539886202,-99.44697460113798,-126.75160680115141,-1686.6496648217321
20,40,60,119.04766096604499,-103.95233903395501,-120.70847097907222,-1759.9195615580793
21,41,61,132.8729082223565,-110.1270917776435,-137.18712004858094,-1809.687945715642
22,42,62,141.0624241987107,-65.93757580128931,-79.9264534121744,-1704.8351173806577
23,43,63,157.30619978874734,-47.693800211252665,-65.39672733391512,-1718.840958525413
24,44,64,176.00283784447242,-40.997162155527576,-61.188338239405994,-1527.6986865248773
25,45,65,201.0005448100535,-12.999455189946502,-35.39486739023505,-1628.6740294460815
26,46,66,199.27427509771564,-34.725724902284355,-65.11477079133601,-1644.9434000720648
27,47,67,245.13067619465141,-6.869323805348586,-57.68242722324726,-1723.4344713131413
28,48,68,293.7280203939024,-30.271979606097602,-120.74236713782011,-2008.1441871665666
29,49,69,304.86315456772036,3.8631545677203576,-85.17773767817471,-2030.385474892113
30,50,70,324.82183066398966,53.82183066398966,-7.299655167526225,-1636.9864369166858
31,51,71,338.6311937519886,90.63119375198858,1.1246036787310913,-1374.864333244754
32,52,72,346.097440542851,102.09744054285102,11.463152704181994,-1514.1804275595964
33,53,73,360.08340723949254,101.08340723949254,10.265973776230112,-1644.4611121150383
34,54,74,340.27982580792286,114.27982580792286,29.834539708999728,-1440.2166633863508
35,55,75,413.4677987522632,148.4677987522632,48.071469221837106,-1866.197552888691
36,56,76,398.6350981046205,142.6350981046205,51.225020478826536,-1846.9788566562938
37,57,77,425.4723373375957,170.47233733759572,82.7197398518083,-1784.4532109967295
38,58,78,470.77881315421405,181.77881315421405,76.04267047761323,-1929.3038401023064
39,59,79,489.50365969180757,214.50365969180757,102.19719698801168,-1782.914981186112
40,60,80,550.3058626654577,262.30586266545765,143.87371377384102,-2021.1460046668963
41,61,81,513.7525278486569,218.75252784865688,98.22161036072112,-1921.5391855417347
42,62,82,524.345030196087,225.345030196087,107.32810483468302,-2317.3698121515326
43,63,83,483.4632051806568,205.46320518065681,93.53826049651843,-2151.883466001548
44,64,84,496.6570988899505,209.65709888995048,115.45247753004537,-2224.709738136567
45,65,85,461.1836102724019,181.1836102724019,90.92510042655454,-2142.888360401525
46,66,86,418.4246824999932,112.4246824999932,22.62227062395982,-2235.0161802251155
47,67,87,405.1148439013018,111.11484390130181,21.654243526696973,-2180.2892984739246
48,68,88,409.35681067795053,87.35681067795053,-21.316620412526163,-2444.2257372284257
49,69,89,345.3231695699876,47.32316956998761,-38.3111193488819,-2447.529277026633
50,70,90,338.90403107718816,60.904031077188165,2.535806913272836,-1839.119524188187
51,71,91,303.261831147365,52.261831147365,-11.031735837708311,-1930.337129611532
52,72,92,295.13499722638016,64.13499722638016,7.698856388209606,-1878.3547584606831
53,73,93,282.9650677019258,63.96506770192582,10.037584602279594,-1749.5986072213936
54,74,94,300.2098316787353,44.20983167873533,-25.366109759420397,-1943.2886675292511
55,75,95,239.64297099830856,28.642970998308556,-17.835847104322056,-1556.9111600736123
56,76,96,150.72571692558859,-47.274283074411414,-71.68502983634221,-1485.5091039298482
57,77,97,137.38811732997056,-50.611882670029445,-69.69739447391044,-1462.0432383299199
58,78,98,90.07102159926558,-114.92897840073442,-126.85832704607219,-1550.695674585002
59,79,99,79.94663116047309,-143.0533688395269,-166.0478254096838,-1622.6494601628474
60,80,100,123.60293063440668,-126.39706936559332,-162.48733803844902,-1945.8558196506074
61,81,101,90.00155326098229,-163.9984467390177,-197.9212968756217,-1966.792528004985
62,82,102,124.7654562538728,-132.2345437461272,-166.95784511250213,-2305.2394217435512
63,83,103,92.48186403854652,-180.51813596145348,-214.19638216898124,-2383.8600008483504
64,84,104,34.81706923462889,-178.1829307653711,-179.21662004403947,-1917.854797068926
65,85,105,56.31221878965357,-182.68778121034643,-201.86459389941638,-1912.5929393825154
66,86,106,70.31145168110106,-213.68854831889894,-255.26933716293343,-2011.5922927108568
67,87,107,58.040443081721605,-190.9595569182784,-220.66020841959744,-1740.7913153622417
68,88,108,84.57366556319266,-180.42633443680734,-223.63802157103828,-2034.282148850472
69,89,109,82.19027740343881,-176.8097225965612,-218.07393368096973,-1855.2921269859908
70,90,110,39.01421214106699,-192.985787858933,-212.3368048852551,-1669.0277405206243
71,91,111,34.84734076437189,-185.1526592356281,-197.6428734908668,-1598.3572284108768
72,92,112,36.350707419595665,-223.64929258040434,-243.52592681983197,-1784.1300693305502
73,93,113,41.12623043140434,-213.87376956859566,-210.7536207046387,-1642.7647135444458
74,94,114,76.24249525399546,-181.75750474600454,-211.30623057744538,-1748.4551376080271
75,95,115,70.88044235739903,-183.11955764260097,-214.2698190569654,-1731.1957957949276
76,96,116,102.98421807593877,-176.01578192406123,-220.16743107556795,-1998.9317953791815
77,97,117,98.61932359721663,-195.38067640278337,-246.44558328822745,-2198.569201773118
78,98,118,78.51914176259106,-204.48085823740894,-236.6736802786943,-1801.8620209697
79,99,119,87.97986672767638,-193.02013327232362,-220.60527713848842,-1751.1122430194237
80,100,120,114.93032143055757,-210.06967856944243,-254.73429950733544,-2355.8851093793864
81,101,121,112.7212175710115,-235.2787824289885,-289.66145656135245,-2608.8191432075537
82,102,122,122.55722161004996,-225.44277838995004,-281.211746883434,-2855.5664203070364
83,103,123,123.2952357733941,-221.7047642266059,-266.88376732472216,-2497.2250958586637
84,104,124,80.63695649796387,-233.36304350203613,-277.63858167328476,-2197.598878426552
85,105,125,102.8553911268591,-241.1446088731409,-279.3577141833098,-2201.1473759751716
86,106,126,72.63724512733529,-261.3627548726647,-327.49027696526923,-2477.9379471725397
87,107,127,66.0359179534687,-245.9640820465313,-299.1285333168955,-2346.635042596563
88,108,128,68.29458195179768,-252.70541804820232,-304.2896448226991,-2367.3027829798175
89,109,129,79.18084805644958,-254.81915194355042,-314.7338462875123,-2281.438859645282
90,110,130,114.53583335898566,-156.46416664101434,-190.4613439027603,-1547.61297167263
91,111,131,108.17990911636707,-147.82009088363293,-179.41802473523467,-1619.2677299673023
92,112,132,39.77957593769452,-221.22042406230548,-224.8911967015722,-1430.828229382213
93,113,133,18.583264757003462,-219.41673524299654,-205.40684692187097,-1277.0119725678396
94,114,134,37.28977485087103,-204.71022514912897,-228.01916233927818,-1306.2179070350685
95,115,135,68.27077695552225,-166.72922304447775,-193.2720581239987,-1515.639414013015
96,116,136,77.64032308186916,-195.35967691813084,-232.15867209141425,-1588.2573690502318
97,117,137,101.41371890746768,-171.58628109253232,-218.43432373069913,-1778.62344471791
98,118,138,99.09588571781296,-174.90411428218704,-208.66645677045517,-1491.7638014349054
99,119,139,107.72030950828139,-166.2796904917186,-202.97741356773577,-1576.1084038248136
100,120,140,168.2902170445493,-129.7097829554507,-194.89623004780174,-2098.134727713832
101,121,141,194.1882764992704,-115.81172350072961,-187.6657114149648,-2237.2880744907425
102,122,142,185.53363439045074,-105.46636560954926,-170.28691205698146,-2327.0341016767225
103,123,143,203.33746247228714,-67.66253752771286,-123.82660196296774,-1818.1434603214352
104,124,144,210.6254243459398,-70.37457565406021,-126.69833623118802,-1909.3879054908111
105,125,145,248.1444812583054,-63.855518741694596,-127.37916491831652,-1984.4757382370153
106,126,146,250.5415569657041,-29.458443034295897,-115.83520201901865,-1819.8209957754407
107,127,147,287.1264203429805,-35.87357965701949,-126.54496881085151,-2037.0542138752758
108,128,148,303.2604457585858,4.2604457585857745,-68.0984635928678,-1788.3180698095202
109,129,149,310.1291391303098,23.129139130309795,-43.03269219440949,-1743.4620995125215
110,130,150,373.2589388590652,102.25893885906521,36.16510467361559,-1396.6936313670358
111,131,151,409.40467239364193,105.40467239364193,1.6425959637012966,-1830.7287534650568
112,132,152,354.5200469609704,79.52004696097038,-4.9294372123338235,-1429.5145445597336
113,133,153,374.0214170598392,109.02141705983922,10.357955480812734,-1517.8577983897403
114,134,154,414.4502857545938,127.45028575459378,18.53371475129302,-1583.1520427719197
115,135,155,424.7061878628781,160.7061878628781,58.38170933726906,-1572.8819704208022
116,136,156,473.2817533443824,169.28175334438242,49.245073862505706,-1555.6116178850102
117,137,157,481.8308759749807,188.8308759749807,62.46118055511806,-1525.552880659117
118,138,158,526.4170468961154,206.41704689611538,71.76262852828268,-1780.4158814840684
119,139,159,543.7378498334754,224.73784983347537,96.92630670071094,-1886.6081092780837
120,140,160,620.5252045834814,280.52520458348135,127.8862504127419,-2189.310264827421
121,141,161,607.8568232530083,292.8568232530083,151.97137532113356,-1974.4308274428095
122,142,162,554.0981335351751,268.09813353517507,140.61108279899327,-1952.6044623820453
123,143,163,548.7261167341505,228.72611673415054,87.43077966007058,-2064.7003336158327
124,144,164,499.31302697437445,195.31302697437445,64.69736629440376,-1825.0227900360198
125,145,165,469.17646717226035,192.17646717226035,72.28937397959135,-1743.8693790360467
126,146,166,394.8774128689877,155.87741286898768,56.9886744155242,-1386.5540385194463
127,147,167,373.6845988390394,167.68459883903938,96.51673130529275,-1164.5760127965214
128,148,168,356.15810550412493,171.15810550412493,115.94670348976479,-921.8173564226274
129,149,169,268.74287296087164,89.74287296087164,48.789067057181,-876.5768341422322
130,150,170,242.98666483683405,79.98666483683405,48.038284449038656,-731.0581560414316
131,151,171,246.2823186297701,87.28231862977009,40.77379098495726,-929.6921315839058
132,152,172,227.41072665728962,80.41072665728962,33.62689331694378,-797.6153834973293
133,153,173,147.03271417785618,22.032714177856178,-6.929488252390911,-735.8595546860165
134,154,174,122.25193775287539,4.251937752875392,-24.690937622732463,-606.3771048236995
135,155,175,138.4420032429707,-4.5579967570292865,-43.86808401038229,-726.4136516995354
136,156,176,124.27984412756246,-15.720155872437545,-47.38189119148956,-759.0726360968165
137,157,177,134.97489744121526,-15.025102558784738,-46.6329362804986,-889.9621641655381
138,158,178,127.92313962128401,-22.076860378715992,-44.096269656414734,-764.6009458633634
139,159,179,101.40634060115144,-60.59365939884856,-72.6892783901751,-868.9209644691678
140,160,180,135.04709607097288,-69.95290392902712,-101.31444955119673,-1529.1242677960472
141,161,181,198.8566309070909,3.856630907090903,-30.150872333468214,-1327.984944866691
142,162,182,196.1947272383345,-3.8052727616657194,-39.26238591526953,-1335.6762572507246
143,163,183,188.5144145957138,-36.48558540428621,-84.3893519773153,-1479.4388552532355
144,164,184,207.49569993057503,-8.504300069424971,-46.609994555513595,-1527.7828720176299
145,165,185,180.12095737757681,-19.879042622423185,-50.83069910238737,-1376.7943826259707
146,166,186,210.64423217752892,18.64423217752892,-16.642261374939153,-1423.3451270556798
147,167,187,225.22800617518078,37.22800617518078,-1.6122002746585622,-1345.8123832897709
148,168,188,267.6024204617586,71.60242046175858,21.154665931543832,-1275.4443841817783
149,169,189,172.08504970505692,-17.914950294943083,-52.72026498846344,-1107.8851109352645
150,170,190,172.04322250063183,-64.95677749936817,-107.8436629352118,-1391.663083045416
151,171,191,197.58205414157624,-32.417945858423764,-81.62320904514922,-1526.8475039117002
152,172,192,208.34934001406327,-24.650659985936727,-78.27022360458159,-1591.8482137824485
153,173,193,238.40276604178985,-33.597233958210154,-105.59385614031794,-1884.325598515546
154,174,194,249.8156447461663,-38.1843552538337,-110.52221663821433,-2274.132267369788
155,175,195,161.22185476254708,-103.77814523745292,-161.1993495731624,-1911.2277599177341
156,176,196,137.33302221433473,-128.66697778566527,-177.92170850115258,-2113.035766625433
157,177,197,137.1285789301155,-154.8714210698845,-213.6049354387742,-2144.9784229800807
158,178,198,145.79404757879456,-136.20595242120544,-187.7680499082153,-2087.7972882290983
159,179,199,58.610735536907214,-185.3892644630928,-212.25401169024713,-1833.7250554166626
160,180,200,70.61537073849013,-158.38462926150987,-183.32656188148871,-1773.9075676133539
161,181,201,82.17198335807302,-151.82801664192698,-175.63594174310538,-1719.9191802572705
162,182,202,70.01252411439395,-161.98747588560605,-187.03671255479594,-1700.4728417719634
163,183,203,88.60034173791723,-171.39965826208277,-204.86148346170648,-2049.9021848129846
164,184,204,100.09779163548546,-140.90220836451454,-162.44224666529885,-1868.660057533073
165,185,205,119.79069522983582,-134.20930477016418,-172.63761158040825,-1941.626125335706
166,186,206,145.12772382700973,-87.87227617299027,-122.08371873595684,-1905.6097302068056
167,187,207,153.03244388314693,-80.96755611685307,-120.18232149023629,-1819.3468895308097
168,188,208,179.36594256778517,-74.63405743221483,-131.43076452729724,-1913.9494022257259
169,189,209,143.71051314174633,-85.28948685825367,-132.065555665871,-1543.6175418907392
