Left,Mid,Right,Loss,Loss_left,Loss_right,gain,glasso
0,20,40,9264.995400613918,8126.408885023837,8129.223568581683,-6990.637052991602,37.56927412061714
1,21,41,9236.472399487217,8129.025965684278,8101.257763457756,-6993.811329654816,21.123959575363187
2,22,42,9241.70236337,8134.66403792214,8085.9660980377475,-6978.927772589888,21.85579446740894
3,23,43,9247.58909882891,8132.535461179617,8091.593415315817,-6976.539777666523,20.06043160623767
4,24,44,9269.25961140508,8126.346043714859,8151.530832619718,-7008.617264929497,32.43274737190404
5,25,45,9287.003016888875,8134.150125677175,8152.935907198202,-7000.083015986502,44.93693873858774
6,26,46,9289.366076647078,8144.529771065079,8156.7451361574185,-7011.908830575419,49.41526047685147
7,27,47,9292.770353292748,8134.869852081097,8161.09775799867,-7003.197256787018,50.400261817501814
8,28,48,9285.59135158735,8113.187589866811,8158.896573061227,-6986.492811340688,49.96041876717209
9,29,49,9289.647119875575,8114.591661896538,8154.43543951588,-6979.379981536844,54.111547845779114
10,30,50,9292.149940671803,8116.535562380768,8154.454702569922,-6978.840324278888,53.483439288572754
11,31,51,9288.593084777922,8102.163365197011,8154.474035747514,-6968.044316166603,60.30811326418598
12,32,52,9279.587737986196,8096.065787203137,8147.149982723865,-6963.628031940807,58.687670620345216
13,33,53,9280.311260012342,8104.727154278507,8153.233676611843,-6977.649570878009,56.97768096180698
14,34,54,9296.016865273126,8144.0435232025675,8168.757051151255,-7016.783709080697,45.89232829990851
15,35,55,9295.75280646443,8154.331756892216,8139.781645390281,-6998.360595818065,46.694227326498094
16,36,56,9296.05479913791,8150.2760447668,8132.157188513824,-6986.378434142713,51.478842098473706
17,37,57,9286.386806053371,8143.23409524509,8130.476795909634,-6987.324085101354,42.625946611978634
18,38,58,9286.485522703155,8152.283567373883,8127.475209077001,-6993.273253747728,41.24109353588301
19,39,59,9282.686396211982,8142.804833926033,8139.122049295287,-6999.240487009338,42.10817845456722
20,40,60,9290.340967534377,8129.223568581683,8163.348527083155,-7002.231128130461,48.87898809368971
21,41,61,9313.06204060992,8101.257763457756,8193.080167059152,-6981.275889906987,45.437830476204
22,42,62,9326.60984650477,8085.9660980377475,8203.373740347806,-6962.729991880782,38.33130296156378
23,43,63,9358.489910015622,8091.593415315817,8213.169904454724,-6946.273409754918,38.89125325360692
24,44,64,9375.029604139767,8151.530832619718,8219.199407291882,-6995.700635771835,37.18738659639257
25,45,65,9373.4490915852,8152.935907198202,8180.095283755189,-6959.58209936819,46.648145267178734
26,46,66,9387.168619184944,8156.7451361574185,8170.539755187421,-6940.116272159896,56.253655533569145
27,47,67,9408.370925507557,8161.09775799867,8169.93717730646,-6922.664009797574,57.99799280074012
28,48,68,9424.927128555495,8158.896573061227,8188.809423639765,-6922.778868145497,56.84030411557342
29,49,69,9429.09634644402,8154.43543951588,8184.59479652715,-6909.9338895990095,60.568680714133734
30,50,70,9431.351706096488,8154.454702569922,8168.361099020188,-6891.464095493622,65.9264639453936
31,51,71,9447.79161536986,8154.474035747514,8167.212602581557,-6873.89502295921,73.1233277350866
32,52,72,9458.117053419353,8147.149982723865,8174.164545615111,-6863.1974749196215,77.87101116593021
33,53,73,9465.738572534985,8153.233676611843,8172.139251787972,-6859.63435586483,76.0157745264637
34,54,74,9447.214396061456,8168.757051151255,8140.7838424684705,-6862.32649755827,66.34292945897596
35,55,75,9440.727261968905,8139.781645390281,8141.98178660037,-6841.036170021745,68.41040789940917
36,56,76,9445.95568665372,8132.157188513824,8145.1026410765935,-6831.304142936697,71.26651889116692
37,57,77,9463.709797145299,8130.476795909634,8153.941754404183,-6820.708753168519,75.48856485652414
38,58,78,9468.53641996025,8127.475209077001,8152.758538929432,-6811.6973280461825,76.97177490462946
39,59,79,9457.086936733105,8139.122049295287,8140.984745683891,-6823.0198582460725,75.03840152748262
40,60,80,9464.35857462292,8163.348527083155,8121.237214730847,-6820.227167191082,79.69055171456148
41,61,81,9487.588649294674,8193.080167059152,8127.291864805988,-6832.783382570466,84.92219278242374
42,62,82,9481.893990433298,8203.373740347806,8122.4456539802395,-6843.925403894747,80.24890046921064
43,63,83,9475.597510454741,8213.169904454724,8106.962353103738,-6844.53474710372,85.31219080624669
44,64,84,9475.939876162047,8219.199407291882,8131.99274368586,-6875.252274815695,75.5696556744183
45,65,85,9439.19188681759,8180.095283755189,8127.389876836362,-6868.293273773959,66.16262271352434
46,66,86,9427.29945412957,8170.539755187421,8114.640191591584,-6857.880492649434,61.164716958187455
47,67,87,9411.150202917946,8169.93717730646,8108.06671765786,-6866.853692046374,49.82269821852151
48,68,88,9420.347618173699,8188.809423639765,8121.323003826261,-6889.784809292327,54.86643878189352
49,69,89,9408.401854959739,8184.59479652715,8126.703886978253,-6902.896828545665,50.852653346356874
50,70,90,9391.210404167536,8168.361099020188,8115.414774444218,-6892.565469296869,55.49530280513363
51,71,91,9375.684251487604,8167.212602581557,8112.182051928344,-6903.710403022296,52.58053950851627
52,72,92,9369.772561478987,8174.164545615111,8118.598073030079,-6922.990057166202,50.248891361119604
53,73,93,9367.07728307831,8172.139251787972,8146.749721524166,-6951.811690233828,55.28258517410404
54,74,94,9334.933341626609,8140.7838424684705,8136.7429225808855,-6942.593423422746,56.05438417489313
55,75,95,9330.767130880538,8141.98178660037,8144.202598522024,-6955.417254241855,55.43213891987307
56,76,96,9332.690916537995,8145.1026410765935,8148.441140876637,-6960.852865415236,55.97464511274302
57,77,97,9327.291482472652,8153.941754404183,8156.329243203633,-6982.979515135163,55.11731529375038
58,78,98,9317.922930585313,8152.758538929432,8152.512311982337,-6987.347920326456,52.210347221618576
59,79,99,9308.265953591233,8140.984745683891,8169.123246020894,-7001.842038113551,45.826337272852925
60,80,100,9263.835627691844,8121.237214730847,8156.160138996573,-7013.561726035576,35.01638215024832
61,81,101,9248.203415534701,8127.291864805988,8139.164834985064,-7018.2532842563505,19.527403132949075
62,82,102,9250.750615969317,8122.4456539802395,8149.480434360674,-7021.175472371597,17.255684585896233
63,83,103,9236.923300887172,8106.962353103738,8152.994240834183,-7023.033293050748,17.73262409928884
64,84,104,9231.276379728053,8131.99274368586,8126.897472991378,-7027.6138369491855,13.651226971009237
65,85,105,9233.494066498071,8127.389876836362,8130.060699049729,-7023.956509388019,13.32811387988886
66,86,106,9230.960922078357,8114.640191591584,8119.165375663708,-7002.844645176934,12.584483208222082
67,87,107,9226.258988932574,8108.06671765786,8119.608922754192,-7001.416651479478,10.425744062386457
68,88,108,9229.388130170184,8121.323003826261,8101.809951128558,-6993.744824784635,24.73105808393484
69,89,109,9222.401533026863,8126.703886978253,8064.614860299782,-6968.917214251171,31.47963171378251
70,90,110,9227.544552029682,8115.414774444218,8054.159991727603,-6942.030214142138,42.303399415060085
71,91,111,9218.454588579523,8112.182051928344,8034.444659088275,-6928.172122437096,46.296931994820625
72,92,112,9223.962907309864,8118.598073030079,8047.704864180727,-6942.340029900943,44.03580699852637
73,93,113,9224.858014303021,8146.749721524166,8042.412011469495,-6964.303718690639,48.72540367509919
74,94,114,9215.008697903306,8136.7429225808855,8036.2697428907795,-6958.00396756836,47.59850639256956
75,95,115,9223.90149223509,8144.202598522024,8051.080485945398,-6971.381592232332,50.266554712903144
76,96,116,9229.276488773468,8148.441140876637,8044.851442165356,-6964.016094268525,50.87164767999093
77,97,117,9217.066740926533,8156.329243203633,8026.151326993396,-6965.413829270496,45.29682352173677
78,98,118,9217.4577659463,8152.512311982337,8024.232462568555,-6959.287008604593,43.86051343575036
79,99,119,9216.424668962118,8169.123246020894,8008.556213364564,-6961.25479042334,45.24442783976383
80,100,120,9207.507496979315,8156.160138996573,8024.770634949949,-6973.423276967207,40.766446235027615
81,101,121,9196.891111592118,8139.164834985064,8034.366503227978,-6976.6402266209225,33.22008690555094
82,102,122,9203.507926940187,8149.480434360674,8067.744320354831,-7013.716827775319,33.33385076007198
83,103,123,9210.978709216986,8152.994240834183,8051.363954173877,-6993.3794857910725,34.252748654003426
84,104,124,9200.224020713664,8126.897472991378,8077.02658354273,-7003.700035820444,31.092434681311715
85,105,125,9202.88676909898,8130.060699049729,8056.562464401964,-6983.7363943527125,32.12094766205837
86,106,126,9201.035280543912,8119.165375663708,8054.096417255685,-6972.2265123754805,40.13775502474982
87,107,127,9198.696846887793,8119.608922754192,8046.838329011079,-6967.750404877477,43.26603392117022
88,108,128,9196.8492280534,8101.809951128558,8060.429371457756,-6965.390094532915,53.98819865798714
89,109,129,9188.692956984865,8064.614860299782,8079.94939483045,-6955.871298145366,53.543673248505
90,110,130,9189.094731513691,8054.159991727603,8071.748681240675,-6936.813941454588,56.599773461819495
91,111,131,9170.603512145743,8034.444659088275,8060.233903758344,-6924.075050700878,51.83010332340609
92,112,132,9170.836378252574,8047.704864180727,8058.122604728283,-6934.991090656436,38.635215111685284
93,113,133,9179.595653753971,8042.412011469495,8070.358137317993,-6933.174495033516,24.07177289447509
94,114,134,9191.97898990466,8036.2697428907795,8131.556748832709,-6975.847501818829,28.498265945661842
95,115,135,9199.438429129958,8051.080485945398,8147.386998126246,-6999.029054941686,34.74776420353237
96,116,136,9188.121466754958,8044.851442165356,8186.339175443694,-7043.069150854093,17.196466151116056
97,117,137,9186.750082211136,8026.151326993396,8118.1309581365385,-6957.532202918799,19.103220506515754
98,118,138,9186.633056724344,8024.232462568555,8119.977780519451,-6957.577186363662,18.417794370713636
99,119,139,9162.666469384443,8008.556213364564,8121.087838005294,-6966.977581985415,15.238618622650392
100,120,140,9201.47123864414,8024.770634949949,8139.0819025893925,-6962.381298895201,33.39866027946027
101,121,141,9221.221369953437,8034.366503227978,8144.250862527237,-6957.395995801777,31.402828244619286
102,122,142,9237.869406710895,8067.744320354831,8165.1856517129145,-6995.060565356849,29.089046876720204
103,123,143,9244.941499704903,8051.363954173877,8164.519316336272,-6970.941770805246,24.151424790255078
104,124,144,9277.257677754533,8077.02658354273,8153.784733891587,-6953.553639679783,35.90972663081584
105,125,145,9288.789489314291,8056.562464401964,8171.023964362004,-6938.796939449676,32.368457382561246
106,126,146,9318.33132562959,8054.096417255685,8201.547606817023,-6937.312698443118,34.978942188367455
107,127,147,9336.402408618444,8046.838329011079,8204.814522953951,-6915.250443346587,41.41640808463035
108,128,148,9320.81848767398,8060.429371457756,8178.710272154567,-6918.3211559383435,40.76995481461199
109,129,149,9367.8927220275,8079.94939483045,8227.01219961465,-6939.0688724176,48.064489179839256
110,130,150,9378.645695461693,8071.748681240675,8237.32412684319,-6930.427112622172,48.528711509403365
111,131,151,9393.967031322587,8060.233903758344,8249.759542528494,-6916.026414964252,47.00021230556422
112,132,152,9418.93934812618,8058.122604728283,8261.156825488426,-6900.34008209053,50.509051115815055
113,133,153,9415.214830321695,8070.358137317993,8249.186780884555,-6904.330087880853,32.470009018735254
114,134,154,9423.114174946062,8131.556748832709,8212.27330848047,-6920.715882367116,43.03681772843083
115,135,155,9419.821165212372,8147.386998126246,8193.374819437966,-6920.940652351841,51.22416151450125
116,136,156,9435.87650782899,8186.339175443694,8182.677514404784,-6933.140182019488,48.61830716595705
117,137,157,9447.098233679582,8118.1309581365385,8179.613936916154,-6850.64666137311,56.87843878222475
118,138,158,9451.444484997093,8119.977780519451,8172.6025830812805,-6841.135878603638,61.93054299762662
119,139,159,9448.695087799519,8121.087838005294,8166.2276713902975,-6838.6204215960715,67.26210618695586
120,140,160,9442.589211283283,8139.0819025893925,8103.204206902445,-6799.696898208555,85.60718307460866
121,141,161,9460.594383710286,8144.250862527237,8125.30809297264,-6808.964571789591,85.0581010969272
122,142,162,9447.40951700159,8165.1856517129145,8119.892706648834,-6837.668841360159,77.451705638362
123,143,163,9443.523173274243,8164.519316336272,8125.629995398589,-6846.626138460619,77.22668216925058
124,144,164,9418.034843744568,8153.784733891587,8118.774534761217,-6854.524424908235,69.66395192278424
125,145,165,9418.979037002056,8171.023964362004,8112.75785853484,-6864.802785894788,65.91346764569698
126,146,166,9415.385413952687,8201.547606817023,8094.582118691504,-6880.74431155584,57.551189938070365
127,147,167,9394.757406005963,8204.814522953951,8087.048677167921,-6897.105794115909,54.08625425666787
128,148,168,9360.458162773544,8178.710272154567,8093.350633707435,-6911.602743088459,44.306632769902535
129,149,169,9366.830018976923,8227.01219961465,8066.268532738391,-6926.450713376116,40.75737369847502
130,150,170,9362.046627815243,8237.32412684319,8062.997004037603,-6938.27450306555,42.518439075313836
131,151,171,9361.104314899429,8249.759542528494,8027.030506420772,-6915.685734049839,38.673980693008616
132,152,172,9351.108630779752,8261.156825488426,8003.126752855377,-6913.17494756405,40.00161935707047
133,153,173,9322.21281695527,8249.186780884555,8011.964134414009,-6938.938098343293,32.52057501398076
134,154,174,9291.630956303423,8212.27330848047,8024.942825966998,-6945.585178144043,22.18002027908824
135,155,175,9274.27287575532,8193.374819437966,8041.369986846617,-6960.471930529264,22.349401768009102
136,156,176,9244.686585979727,8182.677514404784,7996.510976476381,-6934.501904901439,28.499661769679278
137,157,177,9238.842877044503,8179.613936916154,8016.224187974554,-6956.9952478462055,24.73758523996821
138,158,178,9224.778443276788,8172.6025830812805,8005.1854523381435,-6953.009592142636,13.447961463524734
139,159,179,9230.033593812837,8166.2276713902975,8021.466465403626,-6957.660542981086,23.053205108853945
140,160,180,9161.173177120709,8103.204206902445,8018.908288131483,-6960.9393179132185,28.45068158200411
141,161,181,9155.465160600292,8125.30809297264,8001.90617060977,-6971.749102982118,17.493280689696803
142,162,182,9170.573678006267,8119.892706648834,8020.474241412421,-6969.793270054988,28.290858021573058
143,163,183,9176.163626458172,8125.629995398589,8019.28314242248,-6968.7495113628975,36.83726610273425
144,164,184,9167.634086043461,8118.774534761217,8012.318740131046,-6963.459188848803,37.603107287202874
145,165,185,9163.021827744298,8112.75785853484,8013.578944549694,-6963.314975340236,40.3935346908047
146,166,186,9159.291154497007,8094.582118691504,8021.480383269467,-6956.771347463964,34.980047192389975
147,167,187,9144.958838701921,8087.048677167921,8021.605351341242,-6963.69518980724,32.49207680504287
148,168,188,9168.874854706828,8093.350633707435,8042.023289050829,-6966.499068051435,37.212365470314126
149,169,189,9145.123203878231,8066.268532738391,8036.7900006951195,-6957.935329555279,25.802113970024493
150,170,190,9146.996942992842,8062.997004037603,8044.779126291531,-6960.779187336291,25.63043100550749
151,171,191,9147.005647525879,8027.030506420772,8066.110021425597,-6946.134880320489,23.033328028151118
152,172,192,9119.03258695318,8003.126752855377,8054.769845966767,-6938.864011868964,18.320092061196647
153,173,193,9134.834827704395,8011.964134414009,8066.135065006691,-6943.264371716305,21.521800930219797
154,174,194,9130.222521146441,8024.942825966998,8059.6465710070215,-6954.366875827578,17.896848632261936
155,175,195,9120.704833329435,8041.369986846617,8023.752857990861,-6944.4180115080435,18.524564676354203
156,176,196,9099.965767634712,7996.510976476381,8009.742366177631,-6906.2875750193,7.020548350269564
157,177,197,9097.793530104098,8016.224187974554,8022.480584785849,-6940.911242656306,-3.666967096758981
158,178,198,9143.207007099543,8005.1854523381435,8073.458400242868,-6935.4368454814685,11.455642752219319
159,179,199,9163.278906763502,8021.466465403626,8085.193697259088,-6943.381255899212,17.083181588334355
160,180,200,9151.985952392655,8018.908288131483,8087.449554153243,-6954.371889892071,18.14770868716778
161,181,201,9150.607374841706,8001.90617060977,8093.116896146054,-6944.415691914119,11.145928346640176
162,182,202,9167.080987939535,8020.474241412421,8096.707932749328,-6950.101186222215,22.269017430633994
163,183,203,9162.936138033436,8019.28314242248,8092.715749276703,-6949.062753665747,23.951854517637912
164,184,204,9151.762506797644,8012.318740131046,8091.0199398785,-6951.576173211903,21.590553718519004
165,185,205,9153.005658653012,8013.578944549694,8097.019642332258,-6957.59292822894,23.762453612171157
166,186,206,9154.770083382577,8021.480383269467,8100.500078678418,-6967.210378565309,21.481712860867447
167,187,207,9161.60875402545,8021.605351341242,8110.641023081164,-6970.637620396956,25.04054274700775
168,188,208,9169.3943941664,8042.023289050829,8107.209713577693,-6979.838608462122,22.12570908871021
169,189,209,9168.315503550173,8036.7900006951195,8117.138704354679,-6985.613201499626,20.673479326298093
