Left,Mid,Right,Loss_likeli,Loss_AIC,Loss_BIC,Loss_eBIC
0,20,40,164.02866607350325,10.170800194172443,-0.9736925472652729,-977.7269389012076
1,21,41,186.87851647682965,24.878516476829645,0.8346905310279453,-1064.9962519832488
2,22,42,154.95181888695515,10.951818886955152,-14.30004371141581,-947.4263528665301
3,23,43,163.0795833361624,43.079583336162386,34.55686512847615,-666.5604013602801
4,24,44,149.79386029415605,-1.2061397058439525,-22.4209129409021,-833.482347538406
5,25,45,134.80775008728529,-6.192249912714715,-22.905283488154964,-805.0236148322283
6,26,46,138.19971435565162,-4.800285644348378,-29.264928498492964,-798.079546729477
7,27,47,145.91043186464003,-7.089568135359968,-40.62146774656526,-898.4044725018584
8,28,48,146.44320237938268,-49.55679762061732,-94.45937470635272,-1386.2597194152759
9,29,49,123.42453233973833,-51.575467660261666,-87.40915023479988,-1151.4620649219278
10,30,50,202.30561721547338,4.305617215473376,-44.61881947985353,-928.4108634911604
11,31,51,200.29491007245542,-10.705089927544577,-36.16685205701128,-892.2007426792461
12,32,52,206.41325832093798,9.413258320937985,-29.372834698011047,-917.2879466859583
13,33,53,200.1892872739529,-6.810712726047086,-67.26477639164182,-1218.116706463953
14,34,54,128.15920948967232,-54.84079051032768,-93.28788024973801,-945.6614816675228
15,35,55,125.63928617475631,-8.360713825243693,-26.901047104444842,-898.1822197071206
16,36,56,106.10727183968129,-37.89272816031871,-63.144590758689674,-813.503868141403
17,37,57,88.59694725482223,-63.403052745177774,-72.79342453083973,-783.0592058475877
18,38,58,72.37348153016501,-87.62651846983499,-103.86213333291926,-1067.1286493306407
19,39,59,82.3222859729135,-70.6777140270865,-85.92305146996705,-1058.850150203034
20,40,60,90.43994537587423,-49.4179205034568,-51.90561042461968,-863.3073589186215
21,41,61,120.38986479485197,7.389864794851974,11.890784928664743,-472.418675552085
22,42,62,157.81185304245605,-18.18814695754395,-54.71290589258956,-1098.5488218483997
23,43,63,169.85892106660185,7.858921066601852,-15.179091715938512,-918.3214222476554
24,44,64,271.0454248276699,72.04542482766988,23.467341124516224,-1383.0544682876457
25,45,65,279.0860938782,65.08609387820002,9.949390776359223,-1389.8001125373235
26,46,66,286.0405381783564,68.04053817835643,1.0373312117374098,-1461.167357804361
27,47,67,329.3934200361575,77.39342003615752,2.951478359406792,-1732.8036791327354
28,48,68,392.1172343049568,137.1172343049568,59.16532880165414,-1859.5773673823778
29,49,69,364.69182806111894,133.69182806111894,64.32233496515391,-1432.2432239099558
30,50,70,360.8900520329041,98.89005203290412,18.365640292269063,-1400.8913808560255
31,51,71,383.3224544799514,94.32245447995138,30.37370727215898,-1517.1660830499382
32,52,72,401.1189739740323,105.11897397403231,34.627358254092314,-1567.4959571516147
33,53,73,433.627079413139,115.62707941313897,-1.1298462055419805,-2008.7189348644301
34,54,74,443.8524509198446,124.85245091984461,6.611399580941679,-1936.1470631906263
35,55,75,477.89124739884596,133.89124739884596,1.441538458916284,-2346.8019630854437
36,56,76,466.9998540261952,118.99985402619518,-12.950089587759749,-2216.6952408076622
37,57,77,486.4465634346027,141.4465634346027,24.531098771741654,-2151.2176711126076
38,58,78,549.8726666607065,192.8726666607065,58.10958102603581,-2493.1068597024546
39,59,79,559.9054466810812,196.90544668108123,59.15516422574865,-2626.6214816384654
40,60,80,557.0080653642274,194.00806536422738,55.91120931861474,-2584.7028742977914
41,61,81,462.5297377337172,164.52973773371718,70.32157989206326,-1904.4325849914335
42,62,82,474.1544669822483,161.15446698224832,51.223443454554626,-2068.1192528179276
43,63,83,436.35661556100354,126.35661556100354,25.200631017710748,-2069.4652075032445
44,64,84,404.04146689192135,123.04146689192135,30.621664325941765,-1801.39332599898
45,65,85,366.61594347574874,93.61594347574874,15.57627771238458,-1939.707848377062
46,66,86,331.3710540393047,77.37105403930468,10.523712826103065,-1928.604093503519
47,67,87,320.22629939328453,60.226299393284535,-6.4281370194016745,-1881.8529252862777
48,68,88,303.8224401629784,92.82244016297841,38.85608621954361,-1150.3422012621504
49,69,89,270.5385292922308,65.5385292922308,25.402514495626292,-1148.7287430978286
50,70,90,251.9623551788195,59.96235517881951,18.52472219600463,-1220.3830745831115
51,71,91,208.3177989228143,32.31779892281429,-4.706896969061063,-1130.899032822792
52,72,92,194.38873614811178,-18.611263851888225,-48.339426036968234,-1401.2275686404091
53,73,93,205.6300873872301,-10.369912612769895,-55.17917831592581,-1418.261652350404
54,74,94,183.19872475461875,-30.801275245381248,-68.69392141002209,-1461.6430795420165
55,75,95,162.23318498492768,-57.766815015072325,-100.75523577225658,-1468.008922451177
56,76,96,159.60699368593237,-68.39300631406763,-107.4139256132778,-1547.9147567304317
57,77,97,123.66027163718582,-83.33972836281418,-109.45868163349814,-1458.9564807426887
58,78,98,81.61623991873671,-80.38376008126329,-83.40559001642282,-1131.3108869538573
59,79,99,69.17105578545261,-94.82894421454739,-102.31224232606041,-1051.864133646177
60,80,100,39.32841600577899,-125.67158399422101,-130.18701233971137,-1018.7407495267662
61,81,101,139.5907276003761,-81.40927239962389,-107.81340482983319,-1407.1491020225571
62,82,102,180.9216070409616,-30.07839295903841,-60.96139949907001,-1224.41975592146
63,83,103,177.3559443226468,-61.64405567735321,-90.50763087066593,-1337.0460346790574
64,84,104,164.98869402855212,-58.01130597144788,-59.27206485997226,-1104.3981643257057
65,85,105,218.18990245345321,-15.810097546547013,-54.65553980537288,-1532.6766564662485
66,86,106,240.01800841672548,26.01800841672548,7.567716590445798,-1449.2365013422245
67,87,107,300.2500317255285,83.25003172552852,33.74929105859428,-1459.3235403532744
68,88,108,218.66750979795165,32.66750979795165,3.140801788385488,-1245.4080995870463
69,89,109,154.82800783051835,-48.171992169481655,-68.83374499025808,-1501.5800596763775
70,90,110,157.14508842156033,-89.85491157843967,-118.21325721592507,-2053.163236637611
71,91,111,174.80561492435868,-71.19438507564132,-101.82745329858926,-2069.8441299803108
72,92,112,132.49935560543304,-116.50064439456696,-145.50814871532612,-2228.7761792266224
73,93,113,119.83147724289574,-139.16852275710426,-162.1517880163899,-1924.265102617801
74,94,114,111.16304379136955,-127.83695620863045,-148.91917824096367,-1823.4012127394826
75,95,115,168.33949471862752,-55.66050528137248,-90.24318287726533,-1815.440352627581
76,96,116,160.47844464057744,-64.52155535942256,-97.0108661491629,-1793.4859075497588
77,97,117,233.33956567464315,-42.66043432535707,-103.47872462393366,-2019.561907579211
78,98,118,156.11967260789424,-71.88032739210576,-92.84355442879337,-1376.84747679487
79,99,119,143.29540931971906,-82.70459068028094,-96.1917088877342,-1286.9434670241717
80,100,120,131.84188068323988,-106.15811931676012,-132.6555133183915,-1593.2538042655397
81,101,121,60.218610947359366,-129.78138905264063,-135.3065423383166,-1218.4578974791702
82,102,122,90.97719375140127,-95.02280624859873,-101.3290837094064,-1232.5786408961826
83,103,123,82.66435287780496,-127.33564712219504,-133.09676459197522,-1169.9029591092358
84,104,124,26.135919901269745,-176.86408009873026,-139.7484818487569,-1060.9010752301137
85,105,125,55.88839594629985,-120.11160405370015,-102.70149674734262,-1148.1902422900575
86,106,126,52.37800193713042,-87.62199806286958,-44.276897267493496,-771.1231252340694
87,107,127,50.258029143151134,-66.74197085684887,-27.98642932500661,-645.0988572897631
88,108,128,19.243805607596187,-86.75619439240381,-46.99485628601269,-579.93282464813
89,109,129,28.3346372453409,-113.6653627546591,-91.1340583916799,-952.4907455352841
90,110,130,135.18796732023975,-133.81203267976025,-170.00427101381956,-1912.54619871642
91,111,131,166.38865816859902,-116.61134183140098,-166.35860429565787,-2061.457781040246
92,112,132,147.52216847609998,-113.47783152390002,-158.85693719438245,-2037.8158819502087
93,113,133,150.76585590514605,-108.23414409485395,-140.22832270141885,-1845.8764479315992
94,114,134,152.30332051751793,-97.69667948248207,-132.91976877636125,-1828.9162601738617
95,115,135,149.23497304519697,-146.76502695480303,-200.21196047492117,-2170.648763454482
96,116,136,88.04991358501775,-182.95008641498225,-195.09330871017892,-1992.0700646748928
97,117,137,193.18604472574384,-129.81395527425616,-181.09704190209095,-2326.034013340717
98,118,138,187.16441792347746,-120.83558207652254,-126.3040850158336,-1997.2453953909485
99,119,139,189.18322164033475,-153.81677835966525,-180.33569834257537,-2566.8826046146833
100,120,140,190.2340923834513,-164.7659076165487,-223.8683368907682,-2705.871947574762
101,121,141,165.44938247876826,-132.55061752123174,-184.2304100377762,-2080.0245555295187
102,122,142,168.79970181240765,-129.20029818759235,-177.08611006828687,-2087.4453314134043
103,123,143,183.71512396270873,-101.28487603729127,-134.92955935752707,-2012.0762755935275
104,124,144,196.90633555336694,-83.09366444663306,-104.68106144926878,-1704.5553175572313
105,125,145,229.84599877097298,-69.15400122902702,-100.83228881394507,-2170.2039786134073
106,126,146,230.77297633097828,-37.22702366902172,-76.32254421228276,-2025.8778167804367
107,127,147,241.9745075607143,-17.0254924392857,-36.120769771468304,-1818.454520162215
108,128,148,235.14861889800545,-1.8513811019945479,-14.163350564427219,-1562.079147744863
109,129,149,282.67311980088266,3.6731198008826595,-26.88716706612763,-1836.4458833988774
110,130,150,367.1104716562568,17.110471656256777,-77.13009158795012,-2413.9099003854944
111,131,151,390.72022274781034,38.72022274781034,-66.85503584178423,-2616.4877067931493
112,132,152,387.7171481974501,58.717148197450115,-38.53868146842706,-2489.8259079273457
113,133,153,435.32843642567013,84.32843642567013,-28.3859049229402,-2737.476489957228
114,134,154,442.42504865477645,90.42504865477645,-21.054290879211067,-2740.099804997937
115,135,155,497.05551002196535,91.05551002196535,-49.041468849379726,-2945.1750545956684
116,136,156,529.817492501325,120.81749250132498,-6.376738752675919,-2738.610945378089
117,137,157,526.1298470546249,105.12984705462486,-25.09602333171324,-3049.316038472393
118,138,158,514.2044738404879,86.20447384048794,-15.759869625454257,-2957.0312232430897
119,139,159,573.5730800127883,100.5730800127883,-47.417088441121905,-3576.295176738234
120,140,160,623.8217045461779,139.8217045461779,-21.434722839891492,-3780.3408521601013
121,141,161,544.4667293114758,146.46672931147577,22.47303974903366,-3211.002049321221
122,142,162,546.7189577713939,82.71895777139389,-62.02215001576042,-3540.3480057949455
123,143,163,488.49494441741354,92.49494441741354,-11.662118057387943,-2967.9439381718967
124,144,164,420.63402697538595,86.63402697538595,20.140031892233765,-2335.6934360055875
125,145,165,366.3107093669021,55.310709366902074,-13.187021394257727,-2330.492743358535
126,146,166,379.44871462208584,108.44871462208584,41.17342921693603,-2158.6023974850973
127,147,167,322.77041563190755,50.770415631907554,6.141331056225681,-1862.8561237282802
128,148,168,301.4572440134166,57.457244013416584,32.00778975132084,-1606.2511990204052
129,149,169,318.29571217944454,25.295712179444536,-15.700436505243715,-2181.790410635758
130,150,170,309.51098335573465,-4.489016644265348,-59.66540995742207,-2595.5215544651865
131,151,171,297.72220455624574,-34.27779544375426,-98.35753458233194,-2784.788976332906
132,152,172,271.4523336706143,-64.54766632938572,-130.9777735149844,-2709.5562861667513
133,153,173,223.91958965417234,-111.08041034582766,-169.55199664094698,-2778.5214013028417
134,154,174,177.68129498571966,-160.31870501428034,-215.0044791888722,-2657.0527731261227
135,155,175,195.5407647635052,-134.4592352364948,-196.76027585662837,-2565.0644676253232
136,156,176,176.42676462043642,-108.57323537956358,-148.22587522841513,-2313.8359546089164
137,157,177,130.43849441702037,-153.56150558297963,-185.09166030889492,-2354.9310027241468
138,158,178,127.1845618909299,-168.8154381090701,-202.50767698322966,-2524.496298528047
139,159,179,118.97070766165416,-173.02929233834584,-210.62181770015695,-2304.6419351437803
140,160,180,76.47016353198433,-208.52983646801567,-233.97295911538845,-2389.343979211524
141,161,181,134.4656071151801,-142.5343928848199,-180.63011877141525,-2428.1458691396765
142,162,182,96.8139610516721,-182.1860389483279,-220.58434992791763,-2263.038140721268
143,163,183,71.99458173602602,-167.00541826397398,-193.46027634892312,-1788.4351513788338
144,164,184,84.88994005588142,-150.11005994411858,-178.38576297503937,-1712.2815951574266
145,165,185,112.09623254113149,-91.90376745886851,-115.4894015483817,-1554.6319215969456
146,166,186,132.7261488651577,-77.27385113484229,-106.96584435753721,-1517.6161389537237
147,167,187,72.27103925251663,-169.72896074748337,-196.6376964719234,-1947.9300735255229
148,168,188,86.56383188045652,-160.43616811954348,-189.43602225197378,-1693.8272647119584
149,169,189,107.15929936573502,-148.84070063426498,-188.6113133083427,-1772.9553286340679
150,170,190,128.98492402384636,-118.01507597615364,-147.41314238447922,-1979.6417557974946
151,171,191,104.45425356427313,-184.54574643572687,-224.11040929000683,-2259.591380965205
152,172,192,93.59619942392419,-251.4038005760758,-310.877774513428,-2613.5820165100004
153,173,193,87.17128172148477,-253.82871827851523,-306.0548001706584,-2558.4429021065107
154,174,194,68.51791164624274,-253.48208835375726,-301.58829870103705,-2369.351545217847
155,175,195,65.10768890025247,-278.89231109974753,-336.0334019749598,-2430.264435658024
156,176,196,65.90416850123256,-265.09583149876744,-316.7753280608222,-2446.5712151406865
157,177,197,41.962164076126555,-226.03783592387344,-250.98842682247687,-2048.090253296111
158,178,198,46.94996400287391,-230.0500359971261,-259.6572486108171,-2091.139514118401
159,179,199,27.049709612165316,-253.95029038783468,-279.25217985656286,-2012.5057336254804
160,180,200,47.69639415541769,-210.3036058445823,-233.39469768793515,-1988.5725777700573
161,181,201,76.3781114876972,-196.6218885123028,-233.4192970323502,-2164.9943283868697
162,182,202,94.51779871026156,-152.48220128973844,-190.89118104534305,-1850.4978074265182
163,183,203,83.46383912211468,-188.53616087788532,-237.6589261015149,-1999.184446248134
164,184,204,77.70008532659153,-178.29991467340847,-217.72395375720612,-1870.9164628285466
165,185,205,85.82171062158636,-180.17828937841364,-223.88784264942115,-1909.8306988331233
166,186,206,62.06239457163997,-194.93760542836003,-234.51293705865487,-1773.1199199417379
167,187,207,27.615797142688734,-198.38420285731127,-220.09966911555944,-1725.9483513713103
168,188,208,62.25050367734184,-193.74949632265816,-225.89549001057662,-2004.2242964101024
169,189,209,96.6539663505016,-195.3460336494984,-242.2960459488686,-2198.1848078237977
