Left,Mid,Right,Loss,Loss_left,Loss_right,gain,glasso
0,20,40,9245.673867221449,8117.709313775617,8122.228104016842,-6994.26355057101,39.597900371998094
1,21,41,9240.389316869821,8099.434770727929,8121.462481525405,-6980.507935383512,41.346377118250075
2,22,42,9247.54108314235,8103.69835525493,8114.58024848843,-6970.737520601009,49.153299827269166
3,23,43,9243.47001480665,8149.8053975759385,8120.932886215243,-7027.268268984533,26.09530837118973
4,24,44,9220.131293342465,8110.918997569977,8123.18359138316,-7013.971295610672,22.438103355443218
5,25,45,9229.900782108136,8111.9202888066175,8138.733767851887,-7020.753274550369,22.582496662613266
6,26,46,9239.15163003177,8120.3043184651015,8144.303366255674,-7025.456054689004,21.70104012166985
7,27,47,9249.089426542894,8131.892021785547,8135.991443872426,-7018.794039115079,22.530879455163358
8,28,48,9255.704999875335,8127.4848838208545,8143.4631446481435,-7015.2430285936625,26.057059899470005
9,29,49,9251.742348615211,8133.452988886751,8153.794816656849,-7035.505456928389,21.97073594651738
10,30,50,9265.673709214829,8147.2140940906775,8162.237963068876,-7043.778347944724,22.476532266056893
11,31,51,9262.405182441384,8152.408575737396,8154.255729452632,-7044.259122748645,21.05762612428589
12,32,52,9264.748675876637,8157.609537156979,8155.51955463006,-7048.380415910402,22.895914717559663
13,33,53,9257.171512427962,8133.881890630204,8154.5107004239235,-7031.221078626166,25.857211298650782
14,34,54,9255.78042166558,8129.346760189946,8151.1368077701145,-7024.70314629448,24.27853096363333
15,35,55,9251.305952082883,8107.712327779327,8158.091002361378,-7014.497378057822,30.24672818732961
16,36,56,9258.801229081202,8112.237120335744,8167.2384635444805,-7020.674354799023,30.116968630306474
17,37,57,9268.43198587463,8096.3538395733485,8165.695502450914,-6993.617356149634,36.54303341759896
18,38,58,9279.78478258225,8116.188687781974,8155.323697367921,-6991.727602567646,40.75571122983911
19,39,59,9286.527762528014,8126.780688972483,8172.124932045933,-7012.377858490403,34.59629255501568
20,40,60,9289.253887754616,8122.228104016842,8177.245596942623,-7010.219813204849,33.152655151396175
21,41,61,9302.416070663749,8121.462481525405,8192.624190004377,-7011.670600866033,31.21972132216888
22,42,62,9344.097918505346,8114.58024848843,8223.454392927131,-6993.936722910215,35.440667297493746
23,43,63,9351.28079933476,8120.932886215243,8228.95687565636,-6998.608962536844,30.53847762045325
24,44,64,9371.24348356252,8123.18359138316,8242.46019755347,-6994.400305374109,28.35489040114726
25,45,65,9398.847766340206,8138.733767851887,8266.809968308484,-7006.695969820163,25.51006628214418
26,46,66,9415.001985860286,8144.303366255674,8267.089025633375,-6996.390406028764,30.96163882449946
27,47,67,9422.131194431593,8135.991443872426,8269.213533390986,-6983.07378283182,30.374896867258485
28,48,68,9445.693218973094,8143.4631446481435,8283.974331041025,-6981.744256716076,34.301297642185546
29,49,69,9449.123853242658,8153.794816656849,8267.693038783387,-6972.364002197581,42.015942610854836
30,50,70,9480.732684050334,8162.237963068876,8286.005129844456,-6967.510408863,43.50892747913758
31,51,71,9488.183562777773,8154.255729452632,8294.930097653574,-6961.002264328436,48.54572499210735
32,52,72,9494.994392223014,8155.51955463006,8270.804445550368,-6931.329607957416,58.36126594671532
33,53,73,9492.310603562355,8154.5107004239235,8247.961154988383,-6910.161251849951,67.66887658600126
34,54,74,9502.781204354535,8151.1368077701145,8258.826977699693,-6907.182581115274,65.93325423852139
35,55,75,9507.078474301472,8158.091002361378,8244.20782576997,-6895.220353829876,70.85270014587832
36,56,76,9521.499861800368,8167.2384635444805,8222.499123932323,-6868.237725676436,81.300060754681
37,57,77,9523.925614970669,8165.695502450914,8195.471479589058,-6837.241367069304,86.56973370945616
38,58,78,9522.21090556096,8155.323697367921,8177.760739078008,-6810.87353088497,97.54434531744528
39,59,79,9535.445755318537,8172.124932045933,8160.127342372258,-6796.806519099655,104.35439722346291
40,60,80,9525.13426563737,8177.245596942623,8151.080937594763,-6803.192268900015,97.92143178441847
41,61,81,9524.598261748406,8192.624190004377,8134.610659975457,-6802.636588231428,101.10956989863507
42,62,82,9523.516825957948,8223.454392927131,8111.3986671182665,-6811.33623408745,98.00787597263843
43,63,83,9516.163965933616,8228.95687565636,8112.823298975111,-6825.616208697857,91.28223408854683
44,64,84,9522.737471043194,8242.46019755347,8101.569268184133,-6821.291994694409,91.33963882887838
45,65,85,9508.713787397483,8266.809968308484,8099.08751603941,-6857.183696950411,77.0660491375038
46,66,86,9493.537443026638,8267.089025633375,8098.5157687028895,-6872.067351309626,70.87585521803294
47,67,87,9461.769627194617,8269.213533390986,8098.619790625315,-6906.063696821684,54.88984432454299
48,68,88,9458.028401814818,8283.974331041025,8100.507435096652,-6926.453364322859,46.79885403747858
49,69,89,9432.11289404322,8267.693038783387,8114.73383021657,-6950.313974956736,34.42383805661575
50,70,90,9430.370338142717,8286.005129844456,8112.857365205046,-6968.4921569067865,26.34139843839239
51,71,91,9418.713086215856,8294.930097653574,8106.562437248636,-6982.779448686353,23.383783157166363
52,72,92,9396.883105631294,8270.804445550368,8112.535958848788,-6986.457298767862,25.574859180454496
53,73,93,9376.605588596824,8247.961154988383,8110.233518654464,-6981.589085046024,24.13348710044511
54,74,94,9367.89257139323,8258.826977699693,8097.506458029345,-6988.440864335807,28.102370801004326
55,75,95,9352.955078040275,8244.20782576997,8102.9962836679315,-6994.249031397627,28.948588831980487
56,76,96,9317.642437965922,8222.499123932323,8100.5022741356515,-7005.358960102052,22.573578325288963
57,77,97,9282.108140211541,8195.471479589058,8080.3043809939145,-6993.667720371432,19.933035031893723
58,78,98,9262.837386819274,8177.760739078008,8065.459915317633,-6980.383267576368,30.774283799037676
59,79,99,9228.85028130936,8160.127342372258,8061.64143620833,-6992.918497271226,29.022584978586565
60,80,100,9213.77856315593,8151.080937594763,8065.589651716206,-7002.8920261550375,31.39034318285212
61,81,101,9198.76904297928,8134.610659975457,8050.834925199656,-6986.676542195832,25.320627583805162
62,82,102,9180.61976864266,8111.3986671182665,8044.717412965798,-6975.496311441404,24.297559280083533
63,83,103,9182.519669643647,8112.823298975111,8050.485166980262,-6980.788796311726,25.464720511387895
64,84,104,9181.190096571045,8101.569268184133,8045.160363193496,-6965.539534806583,24.60394890598809
65,85,105,9175.45961444616,8099.08751603941,8052.899393230557,-6976.527294823807,20.661412983680293
66,86,106,9173.258243934037,8098.5157687028895,8039.990955912701,-6965.248480681554,18.03814604234367
67,87,107,9166.374765487408,8098.619790625315,8037.7819465753455,-6970.026971713252,12.494391401064604
68,88,108,9156.248486240529,8100.507435096652,8030.020761423018,-6974.279710279141,10.763205759809807
69,89,109,9153.979856811371,8114.73383021657,8023.4362030455595,-6984.190176450758,10.845398371261581
70,90,110,9139.567092591222,8112.857365205046,8011.359532133792,-6984.649804747616,8.00952395070044
71,91,111,9116.549951528777,8106.562437248636,7991.608746028027,-6981.621231747886,2.7318231664694395
72,92,112,9123.872082520837,8112.535958848788,7983.934777735534,-6972.598654063486,7.353292593720653
73,93,113,9129.534783306879,8110.233518654464,7999.019028264162,-6979.717763611747,8.239820519415389
74,94,114,9119.070231154092,8097.506458029345,8001.301547064969,-6979.737773940222,8.09337329629534
75,95,115,9125.322813460274,8102.9962836679315,8000.719817761646,-6978.393287969304,15.826933367287438
76,96,116,9119.558726022486,8100.5022741356515,8007.4650779370495,-6988.408626050215,15.801607169720228
77,97,117,9106.786657682105,8080.3043809939145,8001.487706925352,-6975.005430237161,14.859569560375803
78,98,118,9065.361833559748,8065.459915317633,7944.674313251317,-6944.772395009202,-2.4392224974990313
79,99,119,9081.737659841194,8061.64143620833,7979.105414414757,-6959.009190781893,-2.165565374880771
80,100,120,9073.601832805361,8065.589651716206,7966.802317748069,-6958.790136658914,-10.921211262662382
81,101,121,9069.531632336464,8050.834925199656,7956.447025688489,-6937.75031855168,-21.08788685440186
82,102,122,9083.569602364394,8044.717412965798,7980.912140884105,-6942.059951485509,-12.483271845795116
83,103,123,9085.572704567987,8050.485166980262,7960.671453020269,-6925.583915432544,-4.938107468359249
84,104,124,9082.65187827786,8045.160363193496,7973.434632260562,-6935.943117176197,-2.3446362283116287
85,105,125,9096.183289325603,8052.899393230557,7980.441873969836,-6937.157977874789,1.0134384111684085
86,106,126,9090.108162627814,8039.990955912701,7987.914528565449,-6937.797321850336,-3.612889328534038
87,107,127,9088.647417177914,8037.7819465753455,7999.593563093571,-6948.728092491003,-7.858392581970293
88,108,128,9079.874508712734,8030.020761423018,7998.910146729213,-6949.056399439496,-7.820291694099069
89,109,129,9085.464149277112,8023.4362030455595,8021.196822348327,-6959.168876116775,-2.9340298957322375
90,110,130,9071.03213794945,8011.359532133792,8020.1276906096755,-6960.455084794017,-4.0029397383705145
91,111,131,9073.971096185756,7991.608746028027,8021.412500084831,-6939.050149927101,5.69977552662931
92,112,132,9067.716851186833,7983.934777735534,8016.97567144462,-6933.193597993322,7.6160230415575825
93,113,133,9061.436552023803,7999.019028264162,8010.740261113745,-6948.322737354105,5.652689264437868
94,114,134,9057.593606524304,8001.301547064969,7996.30293765434,-6940.010878195004,6.042726611517992
95,115,135,9074.439711573963,8000.719817761646,8018.55676328002,-6944.836869467703,10.347959706239635
96,116,136,9088.166111946903,8007.4650779370495,8044.2547482952505,-6963.553714285397,7.53084839648136
97,117,137,9105.199591189094,8001.487706925352,8069.342309964022,-6965.630425700279,12.106147005026742
98,118,138,9079.073192651984,7944.674313251317,8079.487757668352,-6945.088878267685,4.4748862542201095
99,119,139,9094.122487811295,7979.105414414757,8059.373213499643,-6944.356140103104,1.2862017515112711
100,120,140,9090.672734564538,7966.802317748069,8069.876577903576,-6946.006161087107,-5.048670913152364
101,121,141,9122.944722384318,7956.447025688489,8090.91522713859,-6924.417530442761,-8.850482462733453
102,122,142,9169.014648483571,7980.912140884105,8120.794411183872,-6932.691903584406,8.729870777265205
103,123,143,9198.297094276539,7960.671453020269,8148.381947431469,-6910.756306175199,16.57574017698562
104,124,144,9208.728677409817,7973.434632260562,8158.739126377983,-6923.445081228727,25.845432835720203
105,125,145,9215.7620630732,7980.441873969836,8153.182187779355,-6917.861998675991,25.453767708535906
106,126,146,9229.968645201337,7987.914528565449,8156.375060982129,-6914.32094434624,28.80264877800937
107,127,147,9253.27331519848,7999.593563093571,8178.695703321923,-6925.015951217014,30.43558882026946
108,128,148,9269.791755932521,7998.910146729213,8189.103243330146,-6918.221634126838,33.85318003262137
109,129,149,9288.96635108624,8021.196822348327,8189.830805023952,-6922.06127628604,34.355336426418035
110,130,150,9295.87830349417,8020.1276906096755,8192.939700459025,-6917.18908757453,37.46837485963124
111,131,151,9316.396361355952,8021.412500084831,8203.619794832432,-6908.635933561311,44.08609733200092
112,132,152,9304.827428327986,8016.97567144462,8196.752487923519,-6908.900731040154,40.500500157045735
113,133,153,9300.16962850727,8010.740261113745,8191.075912239962,-6901.646544846437,36.832178156543705
114,134,154,9312.049655211755,7996.30293765434,8210.389421273685,-6894.64270371627,34.41746904730098
115,135,155,9347.674278997649,8018.55676328002,8200.791006467989,-6871.67349075036,41.43854758019734
116,136,156,9336.168122184266,8044.2547482952505,8166.465892726107,-6874.552518837092,33.39143980536983
117,137,157,9363.916822472787,8069.342309964022,8157.902738847737,-6863.328226338972,39.16373971135636
118,138,158,9420.231954967807,8079.487757668352,8174.204549326165,-6833.46035202671,58.01210324249587
119,139,159,9414.211734422135,8059.373213499643,8176.319282278164,-6821.480761355671,58.057887902238235
120,140,160,9443.627332264607,8069.876577903576,8168.281730216648,-6794.530975855616,68.68287910325762
121,141,161,9452.722947418402,8090.91522713859,8174.061512310367,-6812.253792030555,70.00060370225128
122,142,162,9449.273366027539,8120.794411183872,8167.529473141451,-6839.050518297785,61.24370341369604
123,143,163,9448.00307616371,8148.381947431469,8137.967345516032,-6838.34621678379,67.86099883676798
124,144,164,9449.896984578485,8158.739126377983,8119.255285314094,-6828.097427113593,73.72176792935807
125,145,165,9448.335835400298,8153.182187779355,8125.518105235629,-6830.364457614687,74.8497904187634
126,146,166,9450.580349215623,8156.375060982129,8124.0037168104345,-6829.798428576942,79.04411567273746
127,147,167,9446.188871319124,8178.695703321923,8111.720122466711,-6844.22695446951,77.4121609691847
128,148,168,9428.327423241462,8189.103243330146,8104.231838174613,-6865.007658263297,73.85182874760994
129,149,169,9408.384112395159,8189.830805023952,8110.697409376351,-6892.144102005144,62.86908653650971
130,150,170,9408.579934852401,8192.939700459025,8116.228082649608,-6900.587848256231,63.96981931861819
131,151,171,9396.429088524495,8203.619794832432,8101.319130637037,-6908.509836944973,55.71596968540007
132,152,172,9388.990113854921,8196.752487923519,8109.308158913361,-6917.0705329819575,56.23683987848153
133,153,173,9387.456057724694,8191.075912239962,8114.825772948382,-6918.44562746365,58.17671436951923
134,154,174,9390.70567486875,8210.389421273685,8107.329578278292,-6927.0133246832265,56.345343088668415
135,155,175,9352.373516012412,8200.791006467989,8103.113123440748,-6951.530613896324,44.259243503699054
136,156,176,9322.129659822493,8166.465892726107,8108.230952745788,-6952.567185649403,46.33287777591795
137,157,177,9291.30545565654,8157.902738847737,8101.7105554289365,-6968.307838620134,36.11578030059263
138,158,178,9277.826892744128,8174.204549326165,8099.07202052465,-6995.449677106688,28.46424336811924
139,159,179,9265.17990102939,8176.319282278164,8103.152771700063,-7014.292152948836,28.63949693026734
140,160,180,9257.37741356059,8168.281730216648,8110.4720569614265,-7021.376373617482,21.79461229772369
141,161,181,9258.78603778802,8174.061512310367,8118.210156653971,-7033.485631176318,16.878311432936243
142,162,182,9248.019753473307,8167.529473141451,8111.3801169379585,-7030.889836606102,17.499643668593308
143,163,183,9222.097242769687,8137.967345516032,8102.8629910724085,-7018.733093818753,18.651102043546416
144,164,184,9207.686286447057,8119.255285314094,8081.496353898584,-6993.065352765621,26.74144909517463
145,165,185,9220.268459877541,8125.518105235629,8085.617477792378,-6990.867123150467,34.28659910395754
146,166,186,9211.268817922783,8124.0037168104345,8072.7976420068235,-6985.5325408944755,34.092476935641116
147,167,187,9240.730659525183,8111.720122466711,8126.615198527834,-6997.604661469362,33.21276491855451
148,168,188,9239.271506941523,8104.231838174613,8135.29406257226,-7000.254393805351,36.006257544295295
149,169,189,9245.034760823848,8110.697409376351,8132.340117780712,-6998.002766333215,31.560825000111436
150,170,190,9255.240680572988,8116.228082649608,8138.082614279296,-6999.070016355916,34.899189288026264
151,171,191,9259.116273959527,8101.319130637037,8147.124723277723,-6989.327579955232,36.37462767420175
152,172,192,9268.223940785367,8109.308158913361,8144.584794063032,-6985.669012191025,38.25885276842837
153,173,193,9271.389768187279,8114.825772948382,8134.837699182677,-6978.27370394378,38.32713065117741
154,174,194,9263.46747782083,8107.329578278292,8125.971326634413,-6969.833427091875,39.92282668549797
155,175,195,9250.108934486838,8103.113123440748,8113.3227463220865,-6966.326935275996,40.197260948978965
156,176,196,9257.807284024206,8108.230952745788,8111.741448368815,-6962.165117090397,36.06488921562959
157,177,197,9280.25361177039,8101.7105554289365,8151.55374090487,-6973.010684563418,39.90882995350239
158,178,198,9263.638872220434,8099.07202052465,8146.087349094054,-6981.520497398271,35.989925741770094
159,179,199,9255.926836380506,8103.152771700063,8139.891734783549,-6987.117670103105,34.419300053844836
160,180,200,9256.018034626468,8110.4720569614265,8137.767423355072,-6992.221445690031,30.292569281568376
161,181,201,9251.874604604156,8118.210156653971,8133.730020915221,-7000.065572965035,25.83090844265962
162,182,202,9244.34211808254,8111.3801169379585,8139.846198789368,-7006.884197644786,21.775744021741957
163,183,203,9244.16579941158,8102.8629910724085,8146.044678983988,-7004.741870644817,28.41634244594661
164,184,204,9241.068916252194,8081.496353898584,8154.618563129123,-6995.046000775512,28.9288602198817
165,185,205,9223.006212864435,8085.617477792378,8147.622615932723,-7010.2338808606655,19.491867042678678
166,186,206,9230.920979901488,8072.7976420068235,8162.725321525464,-7004.601983630799,25.079950945386372
167,187,207,9237.162082740844,8126.615198527834,8128.581046611085,-7018.034162398075,25.72960050697884
168,188,208,9244.20199429258,8135.29406257226,8127.010905432657,-7018.102973712337,28.265606194252086
169,189,209,9240.923310713133,8132.340117780712,8116.092053838921,-7007.508860906499,23.860042885749408
