Left,Mid,Right,Loss,Loss_left,Loss_right,gain,glasso
0,20,40,9203.9598005398,8058.839312572084,8144.014102403544,-6998.893614435827,20.63383660666068
1,21,41,9190.142347054552,8026.839184700725,8149.212720959367,-6985.909558605541,11.88772258450308
2,22,42,9191.33695468686,8043.630104828135,8119.258560895674,-6971.551711036949,17.07054800861306
3,23,43,9181.775798049659,8052.101975269639,8082.735083994473,-6953.061261214452,16.33963668833212
4,24,44,9181.224179100913,8058.313515482415,8081.083467484412,-6958.172803865915,15.06500529380628
5,25,45,9165.961515098803,8057.202639066969,8056.067417038894,-6947.30854100706,18.28253850083638
6,26,46,9168.527361194832,8058.617685219425,8040.261111201833,-6930.351435226425,15.796850362515215
7,27,47,9170.966562656386,8051.187321772769,8044.3506054760255,-6924.57136459241,16.144059002451286
8,28,48,9181.90094934797,8057.753940698814,8064.053279276776,-6939.906270627622,20.237737022810506
9,29,49,9185.548884317512,8055.654540494762,8071.77621958558,-6941.8818757628305,16.586136947324576
10,30,50,9187.68056922006,8081.929032041229,8063.705331526637,-6957.953794347806,17.7048808127156
11,31,51,9172.914751559481,8101.4769341573065,8044.31004407293,-6972.8722266707555,16.798757932677745
12,32,52,9150.637398802166,8093.676676658706,8028.35839531222,-6971.39767316876,11.538055105242165
13,33,53,9157.447655224341,8097.485611487009,8026.689646812919,-6966.7276030755875,19.991321218740268
14,34,54,9148.991405465436,8099.858171478563,8021.791801237925,-6972.658567251052,16.42662765027535
15,35,55,9155.808453598136,8135.274091598496,7979.829442581644,-6959.295080582004,24.62947716234794
16,36,56,9131.285253313725,8139.8558358761,7936.611828020088,-6945.1824105824635,18.45247287943448
17,37,57,9167.832476739584,8144.912888704998,7980.724738607347,-6957.805150572762,25.251971787601178
18,38,58,9168.49006567692,8140.970117778716,7996.248317764139,-6968.728369865934,19.383138319374666
19,39,59,9192.280455839165,8143.2499940799635,8021.848085501342,-6972.817623742139,32.99853278576302
20,40,60,9198.061967267264,8144.014102403544,8038.16813017791,-6984.12026531419,27.682955477018368
21,41,61,9207.067399869287,8149.212720959367,8033.720923071921,-6975.866244162,22.458738215702397
22,42,62,9195.406122313936,8119.258560895674,8034.005446991769,-6957.857885573507,13.400973718594742
23,43,63,9184.073739284231,8082.735083994473,8056.597415804006,-6955.258760514247,2.21691120370906
24,44,64,9212.639978950197,8081.083467484412,8092.62546056694,-6961.068949101154,6.7289520909121165
25,45,65,9191.402342493351,8056.067417038894,8093.034198575786,-6957.699273121329,-3.3540660145572474
26,46,66,9190.062859922224,8040.261111201833,8083.115314191762,-6933.3135654713715,-16.68970481186807
27,47,67,9216.167485256821,8044.3506054760255,8105.173036281932,-6933.356156501137,-18.23295399010658
28,48,68,9231.227095176986,8064.053279276776,8103.84969463644,-6936.6758787362305,-7.263801836674247
29,49,69,9298.434312530539,8071.77621958558,8170.439241075699,-6943.78114813074,4.98092762258284
30,50,70,9310.986037042778,8063.705331526637,8167.538681398117,-6920.257975881976,12.82148536058503
31,51,71,9323.20854445151,8044.31004407293,8193.987558428298,-6915.089058049718,16.134490031096902
32,52,72,9300.543996334942,8028.35839531222,8190.942908658835,-6918.757307636113,16.644562744571886
33,53,73,9306.64626643844,8026.689646812919,8187.635799495134,-6907.679179869612,21.02316966337912
34,54,74,9312.070720991014,8021.791801237925,8194.453843756975,-6904.174924003886,21.81885418767206
35,55,75,9327.776562663166,7979.829442581644,8187.724148490701,-6839.7770284091785,41.49052956324749
36,56,76,9308.275422183724,7936.611828020088,8194.133982262945,-6822.470388099309,31.715277077466453
37,57,77,9321.414161819093,7980.724738607347,8173.603324325412,-6832.913901113667,40.603954692156094
38,58,78,9337.090181267231,7996.248317764139,8167.540628226248,-6826.698764723156,41.299904088814856
39,59,79,9330.117349751428,8021.848085501342,8126.764794779027,-6818.49553052894,51.69922352483718
40,60,80,9339.218867263782,8038.16813017791,8113.403602638438,-6812.352865552566,48.33117070043227
41,61,81,9320.040955773871,8033.720923071921,8109.438399938912,-6823.1183672369625,41.16687923282052
42,62,82,9312.423147510874,8034.005446991769,8111.573926485603,-6833.156225966499,36.61722277676108
43,63,83,9357.350427802981,8056.597415804006,8132.454177155838,-6831.701165156863,45.47433394788868
44,64,84,9362.533143377965,8092.62546056694,8118.706969744921,-6848.799286933896,46.05321823106897
45,65,85,9355.20113825754,8093.034198575786,8121.101441137227,-6858.934501455473,44.959056376191256
46,66,86,9357.545788059264,8083.115314191762,8127.461704328861,-6853.03123046136,50.04886057484191
47,67,87,9358.042438214685,8105.173036281932,8135.839058398745,-6882.969656465992,45.75127385924952
48,68,88,9337.559754503558,8103.84969463644,8135.145221308048,-6901.43516144093,41.401818745267065
49,69,89,9341.03390533894,8170.439241075699,8106.37579513349,-6935.781130870249,28.17225415089888
50,70,90,9338.993946682607,8167.538681398117,8105.892421467154,-6934.437156182663,25.007030645102077
51,71,91,9353.133351204957,8193.987558428298,8121.979030162685,-6962.833237386027,27.59143055219738
52,72,92,9357.621715720947,8190.942908658835,8139.306701069403,-6972.627894007292,29.190835618490837
53,73,93,9336.449141960871,8187.635799495134,8134.254350719527,-6985.441008253791,23.678052687792842
54,74,94,9365.247176761744,8194.453843756975,8152.06437784821,-6981.271044843441,26.533359865235525
55,75,95,9364.533095440891,8187.724148490701,8156.749731781064,-6979.940784830875,30.31724354277503
56,76,96,9368.434903349313,8194.133982262945,8166.923356406049,-6992.622435319681,25.497256735409337
57,77,97,9336.371176777664,8173.603324325412,8165.193614716078,-7002.425762263827,26.660457198855056
58,78,98,9318.628713056583,8167.540628226248,8166.2660620809565,-7015.177977250622,26.5287046384542
59,79,99,9280.467690391615,8126.764794779027,8166.627784548939,-7012.924888936352,28.14561623438385
60,80,100,9265.049339958254,8113.403602638438,8157.95635721673,-7006.310619896914,35.777944069683144
61,81,101,9267.889541007386,8109.438399938912,8163.712425966847,-7005.261284898374,36.41554628917811
62,82,102,9287.418140309932,8111.573926485603,8180.759381003712,-7004.915167179384,42.59712486793251
63,83,103,9288.030873752614,8132.454177155838,8184.661364241859,-7029.084667645082,32.25254916375661
64,84,104,9277.567488367898,8118.706969744921,8179.511854238521,-7020.651335615543,33.40838304741237
65,85,105,9280.778019955971,8121.101441137227,8180.340963000168,-7020.664384181424,34.44632141405873
66,86,106,9272.400283596482,8127.461704328861,8162.957758490608,-7018.019179222987,32.064706731468505
67,87,107,9269.428591805194,8135.839058398745,8160.086364032783,-7026.4968306263345,30.695275216903156
68,88,108,9276.766126713112,8135.145221308048,8163.344890119673,-7021.72398471461,33.05955844811524
69,89,109,9264.81359446128,8106.37579513349,8160.675207063018,-7002.237407735229,36.58923480126259
70,90,110,9265.395413944636,8105.892421467154,8169.494537400268,-7009.9915449227865,32.94648245354165
71,91,111,9270.886287547053,8121.979030162685,8175.117628984708,-7026.21037160034,25.913088400754987
72,92,112,9278.524420511827,8139.306701069403,8157.2692773185545,-7018.0515578761315,28.398537685415704
73,93,113,9276.871623194756,8134.254350719527,8160.254109950113,-7017.636837474884,28.914693187496596
74,94,114,9286.105400658165,8152.06437784821,8162.325038633766,-7028.2840158238105,28.10239240629744
75,95,115,9278.971206725573,8156.749731781064,8149.208968824529,-7026.9874938800185,30.41117344587201
76,96,116,9284.697630105302,8166.923356406049,8158.951541613797,-7041.177267914545,24.239431948336915
77,97,117,9284.117731274275,8165.193614716078,8149.93728906782,-7031.0131725096235,25.06734617750135
78,98,118,9280.543273183783,8166.2660620809565,8133.744283671343,-7019.467072568517,32.94709029392516
79,99,119,9287.830880446212,8166.627784548939,8145.779280496442,-7024.576184599169,28.06693684793663
80,100,120,9296.75320467834,8157.95635721673,8176.6636328410295,-7037.8667853794195,28.01996331811324
81,101,121,9299.444629531139,8163.712425966847,8179.708970173726,-7043.976766609434,29.02496229419603
82,102,122,9302.04635436905,8180.759381003712,8151.79700727404,-7030.510033908704,34.95609239718897
83,103,123,9294.242213291642,8184.661364241859,8149.992822266811,-7040.4119732170275,29.50654633374552
84,104,124,9296.585835271393,8179.511854238521,8158.870306390713,-7041.79632535784,28.30434327454168
85,105,125,9298.862513064967,8180.340963000168,8157.593613819447,-7039.072063754647,28.627841385873126
86,106,126,9291.226928119982,8162.957758490608,8166.0359953547395,-7037.766825725366,27.18670281596178
87,107,127,9285.445871149548,8160.086364032783,8164.322325201031,-7038.9628180842665,28.65410014196459
88,108,128,9290.299554328929,8163.344890119673,8166.0178981817935,-7039.063233972538,26.32110890881131
89,109,129,9290.086748702597,8160.675207063018,8162.3718737981135,-7032.960332158535,25.606615924838025
90,110,130,9289.073949875616,8169.494537400268,8150.23964611858,-7030.660233643233,29.239096344355403
91,111,131,9283.97629498975,8175.117628984708,8144.817764703345,-7035.959098698304,20.69403382840528
92,112,132,9272.123447521084,8157.2692773185545,8137.474428762932,-7022.620258560402,22.956200359078593
93,113,133,9275.095423282652,8160.254109950113,8143.540777701267,-7028.6994643687285,21.461613936060985
94,114,134,9265.65049726855,8162.325038633766,8112.604463831011,-7009.279005196226,25.445939645797353
95,115,135,9254.62895486759,8149.208968824529,8112.230000004034,-7006.810013960972,21.8752118078055
96,116,136,9248.197837150241,8158.951541613797,8100.229721758182,-7010.983426221737,20.683065703445664
97,117,137,9242.391119190926,8149.93728906782,8108.379033852303,-7015.925203729197,25.490365409199967
98,118,138,9236.992379559862,8133.744283671343,8107.666283774306,-7004.418187885785,33.51580553845042
99,119,139,9236.00528662853,8145.779280496442,8065.236151311228,-6975.010145179142,34.70160346295461
100,120,140,9238.37049253413,8176.6636328410295,8052.965504325082,-6991.258644631982,38.934461651106176
101,121,141,9260.329905868228,8179.708970173726,8040.044716848524,-6959.423781154022,47.68667167904323
102,122,142,9256.817845656315,8151.79700727404,8067.951065852972,-6962.930227470697,42.6011884810423
103,123,143,9266.103458799145,8149.992822266811,8074.687838650756,-6958.577202118422,37.45679902770553
104,124,144,9303.610707314543,8158.870306390713,8104.559745440376,-6959.819344516545,40.62134996686018
105,125,145,9318.965016630053,8157.593613819447,8106.626077297871,-6945.254674487265,41.91641588623952
106,126,146,9342.075171606279,8166.0359953547395,8107.469963127311,-6931.430786875771,46.352825480757474
107,127,147,9355.35223614276,8164.322325201031,8130.123727732598,-6939.093816790868,43.296938872535975
108,128,148,9356.564501743505,8166.0178981817935,8128.178897005355,-6937.632293443643,41.06341414457165
109,129,149,9376.476555618441,8162.3718737981135,8155.386424847429,-6941.281743027101,39.7757234368828
110,130,150,9390.815711866755,8150.23964611858,8158.172096764038,-6917.5960310158625,37.6645467096796
111,131,151,9396.78748151376,8144.817764703345,8133.167356528754,-6881.197639718339,48.608611456306335
112,132,152,9406.007020354056,8137.474428762932,8137.997546997528,-6869.4649554064035,50.417545962860004
113,133,153,9421.804132426018,8143.540777701267,8130.9961596408175,-6852.732804916066,59.699795718903715
114,134,154,9409.996663414173,8112.604463831011,8134.566882758607,-6837.174683175444,59.793470189784784
115,135,155,9422.048299889932,8112.230000004034,8145.002612657265,-6835.184312771367,62.07201966101593
116,136,156,9410.334734555714,8100.229721758182,8144.11528329831,-6834.010270500778,53.84951062466189
117,137,157,9405.796123545151,8108.379033852303,8152.973849342486,-6855.556759649637,46.04081638436719
118,138,158,9404.745364687935,8107.666283774306,8140.582229095778,-6843.503148182148,44.158188240398886
119,139,159,9393.311859154383,8065.236151311228,8157.782067510516,-6829.7063596673615,43.1115156531082
120,140,160,9392.388653790744,8052.965504325082,8144.436066797076,-6805.012917331414,61.05619936359744
121,141,161,9443.753939803277,8040.044716848524,8173.95219558936,-6770.242972634607,89.6403123529085
122,142,162,9441.042912230625,8067.951065852972,8172.154117494711,-6799.062271117056,83.47944461718635
123,143,163,9441.756971984545,8074.687838650756,8180.927615286155,-6813.858481952366,82.21146181581707
124,144,164,9466.692495308012,8104.559745440376,8193.12894645763,-6830.996196589993,87.02490054128793
125,145,165,9451.65614002727,8106.626077297871,8189.872799801307,-6844.842737071909,81.57777056805526
126,146,166,9440.34923886201,8107.469963127311,8180.679113286928,-6847.799837552229,75.74988697459594
127,147,167,9434.468461172988,8130.123727732598,8174.573431537863,-6870.228698097473,67.9813458158178
128,148,168,9414.888038291852,8128.178897005355,8175.709899164218,-6889.00075787772,67.65684169380893
129,149,169,9400.56587302478,8155.386424847429,8165.901769371709,-6920.722321194358,54.19636495526902
130,150,170,9380.832412187938,8158.172096764038,8149.647548419594,-6926.987232995694,44.67554278755961
131,151,171,9346.91712216211,8133.167356528754,8157.4489647998835,-6943.699199166527,42.568833273468044
132,152,172,9347.655044825688,8137.997546997528,8152.613578281576,-6942.956080453418,41.127228427714726
133,153,173,9330.900900322858,8130.9961596408175,8163.595468398558,-6963.690727716517,34.58404665724811
134,154,174,9341.031484530278,8134.566882758607,8165.5899359425375,-6959.125334170865,41.504804274314665
135,155,175,9341.19433636944,8145.002612657265,8164.045317780609,-6967.853594068434,38.53449727572297
136,156,176,9338.604029214504,8144.11528329831,8173.812401055719,-6979.323655139524,40.32667405054008
137,157,177,9314.015903708916,8152.973849342486,8166.017129253957,-7004.975074887527,27.759274904712584
138,158,178,9291.947391328347,8140.582229095778,8154.3112572408245,-7002.946095008254,19.800119048989473
139,159,179,9281.706244853127,8157.782067510516,8143.301044055341,-7019.37686671273,20.09711033320218
140,160,180,9262.28111835996,8144.436066797076,8129.048743696778,-7011.203692133893,29.650263847576298
141,161,181,9266.800897475385,8173.95219558936,8094.309605341672,-7001.460903455647,32.48394086312692
142,162,182,9271.00383591434,8172.154117494711,8101.885626901059,-7003.03590848143,36.71142018876208
143,163,183,9266.224516733395,8180.927615286155,8097.635687699458,-7012.338786252218,35.899214189832946
144,164,184,9268.869170108223,8193.12894645763,8072.352106100815,-6996.611882450221,39.6051863360035
145,165,185,9264.071856639166,8189.872799801307,8070.982639995432,-6996.783583157572,39.768247678613534
146,166,186,9268.408028667041,8180.679113286928,8084.481566549924,-6996.752651169811,39.152183913863155
147,167,187,9265.884018275405,8174.573431537863,8088.5904035663,-6997.279816828757,39.99793407645893
148,168,188,9264.124591919988,8175.709899164218,8089.254585305037,-7000.8398925492675,38.69664381405437
149,169,189,9259.851898346711,8165.901769371709,8085.828133602074,-6991.878004627071,42.482912861712066
150,170,190,9254.387708504193,8149.647548419594,8082.760319739702,-6978.020159655103,42.616803099330355
151,171,191,9259.873782903785,8157.4489647998835,8081.580487240365,-6979.155669136464,48.26418394108623
152,172,192,9253.505690603375,8152.613578281576,8077.85267717758,-6976.960564855781,46.31371860556601
153,173,193,9260.198516751905,8163.595468398558,8096.381896344663,-6999.778847991316,33.88985544068282
154,174,194,9258.511941824507,8165.5899359425375,8086.653731845241,-6993.731725963271,44.441584668411
155,175,195,9259.857436444561,8164.045317780609,8107.25400044379,-7011.441881779838,34.94091635570476
156,176,196,9281.642905549204,8173.812401055719,8124.131281089002,-7016.300776595517,36.04846832640487
157,177,197,9281.981545065053,8166.017129253957,8132.098694794917,-7016.13427898382,36.060861885103805
158,178,198,9279.62067894371,8154.3112572408245,8131.750393456055,-7006.440971753171,33.355112136782736
159,179,199,9271.73700369013,8143.301044055341,8127.545322116748,-6999.109362481959,33.801176281654534
160,180,200,9241.292950593828,8129.048743696778,8095.826623157893,-6983.582416260842,30.274385637729665
161,181,201,9223.851300710929,8094.309605341672,8103.824900150092,-6974.283204780835,35.106848739631005
162,182,202,9233.302534355671,8101.885626901059,8091.816356628455,-6960.399449173843,40.561929986055475
163,183,203,9243.2796661584,8097.635687699458,8111.428246438341,-6965.784267979399,48.576075295927694
164,184,204,9228.098682334103,8072.352106100815,8117.329007985638,-6961.582431752349,46.99143267386489
165,185,205,9229.897177939652,8070.982639995432,8112.005482437056,-6953.090944492837,48.603287893826746
166,186,206,9229.286934403444,8084.481566549924,8109.590896275073,-6964.785528421551,42.470897738073745
167,187,207,9251.727724620529,8088.5904035663,8141.762043793551,-6978.624722739323,42.94138547172997
168,188,208,9250.438467289556,8089.254585305037,8146.877089970277,-6985.693207985758,42.09489353846129
169,189,209,9250.761174205061,8085.828133602074,8141.502812149826,-6976.569771546838,40.9195079070455
