Left,Mid,Right,Loss_likeli,Loss_AIC,Loss_BIC,Loss_eBIC
0,20,40,90.82786213763438,-140.17213786236562,-160.56462531141892,-2116.2603276196396
1,21,41,98.20412620440379,-134.7958737955962,-159.64982942100323,-1992.195395046946
2,22,42,139.1372574483264,-105.86274255167359,-136.6910918184044,-2149.926609758122
3,23,43,173.22080886883077,-95.77919113116923,-147.9138146181076,-2116.766468287524
4,24,44,216.93275390927897,-61.06724609072103,-121.84154789201193,-2207.031043190426
5,25,45,171.75574646438076,-86.24425353561924,-137.75437978193008,-2180.7179790040354
6,26,46,111.64815932813849,-158.3518406718615,-192.44321951025404,-2345.593790796363
7,27,47,138.1226520840628,-162.8773479159372,-228.5176726477796,-2432.2195121569976
8,28,48,106.28361006860519,-165.71638993139481,-214.49258156474457,-2122.0392563212217
9,29,49,131.5881272236586,-150.4118727763414,-186.14489908290238,-2372.4157514935405
10,30,50,118.74869299185207,-160.25130700814793,-195.53045567521758,-2227.923803472027
11,31,51,147.37262244459703,-101.62737755540297,-135.25940996795202,-1988.746586535428
12,32,52,89.42731994318001,-143.57268005682,-170.52842409337495,-1733.3488636517322
13,33,53,109.23987945738781,-155.76012054261219,-190.61299374244118,-2031.2677495326343
14,34,54,207.52460402309475,-86.47539597690525,-137.27568450076933,-2481.2830681076002
15,35,55,274.3470798975395,7.3470798975395155,-56.61503415620382,-2056.043872537525
16,36,56,263.1819001577644,4.181900157764403,-60.30274147540263,-2088.718947013953
17,37,57,262.2068283212893,44.20682832128932,1.6300344431349458,-1773.610987227392
18,38,58,228.09192587601365,26.091925876013647,-7.934904419184477,-1899.8017299113567
19,39,59,226.78953537811094,-10.21046462188906,-57.157153030642576,-2029.0472269213392
20,40,60,202.2168330353959,-28.783166964604106,-71.35636419157595,-1952.9517717507688
21,41,61,192.5932600151957,-26.40673998480429,-63.00554357045189,-2010.440337228008
22,42,62,224.02733699758028,8.027336997580278,-32.62304562221584,-1721.3046839507738
23,43,63,264.0604721643165,20.06047216431648,-41.808207681115164,-1854.8007795228805
24,44,64,287.01463783087183,50.014637830871834,-8.715552647400727,-1854.9336300907844
25,45,65,248.46371442862414,22.463714428624144,-28.890461382268995,-1780.0679858960953
26,46,66,222.73086828584928,-2.269131714150717,-46.255557228166026,-1512.9868371853208
27,47,67,234.0279291625145,-4.943911499042088,-38.1485853342831,-1531.8338965614962
28,48,68,202.14762558786492,9.147625587864923,-22.02734826781625,-1143.1375253142141
29,49,69,231.4212626504086,31.421262650408607,-9.709490745704898,-1415.098085103797
30,50,70,276.5131865181538,40.513186518153816,-24.304036038661252,-1685.3629959304094
31,51,71,311.26855770939596,62.268557709395964,-13.179807708879707,-1880.9813319942705
32,52,72,304.4048187449548,74.40481874495481,4.950174022642159,-1702.1171253823422
33,53,73,370.90685703259646,108.90685703259646,23.186844666064644,-2042.7616974462353
34,54,74,438.7255622172995,121.72556221729951,17.289927476776484,-2346.6405407666775
35,55,75,467.47671805397613,145.47671805397613,21.20747540090065,-2379.4341536576912
36,56,76,457.25372543622484,140.25372543622484,16.10846418709957,-2289.989480884157
37,57,77,427.33483899212615,127.33483899212615,9.055214598848579,-2148.7016937534054
38,58,78,465.71243571054515,156.71243571054515,31.637407439691287,-2303.558443587731
39,59,79,493.6551248972655,157.65512489726552,18.09799016259285,-2438.6344274825847
40,60,80,503.7793630333472,149.77936303334718,8.378948298823616,-2587.4135020022086
41,61,81,456.8838928106329,121.88389281063291,-8.857609620543599,-2647.514233890617
42,62,82,396.0715532540903,100.0715532540903,-15.412052926142906,-2121.1930786572048
43,63,83,371.0639013486625,61.06390134866251,-39.5619462693644,-2203.006079942094
44,64,84,351.4919012587236,51.4919012587236,-60.39004162322885,-2085.1354944339378
45,65,85,364.4362419413492,56.43624194134918,-54.80450455065579,-2179.1575843317446
46,66,86,307.94565241096257,69.94565241096257,-7.497054665164569,-1523.4998345005847
47,67,87,266.78024323522345,49.808402573666854,7.356963713414643,-1164.3705496594675
48,68,88,271.25016240717264,77.25016240717264,37.96833923561758,-1001.8408589055352
49,69,89,238.32552497035567,85.32552497035567,47.83978535680217,-850.9883811253881
50,70,90,227.98872940700267,60.988729407002666,14.085417569270703,-907.3695257311415
51,71,91,263.9846193124074,30.984619312407403,-26.35091807772187,-1225.3646095087738
52,72,92,241.6891081876488,31.6891081876488,-18.452043642803346,-1375.742361399779
53,73,93,262.27938118494717,39.27938118494717,-20.740759308055658,-1526.1533617536916
54,74,94,272.50718390624775,37.50718390624775,-16.723682536319757,-1644.1264237666355
55,75,95,272.6111245775344,2.611124577534383,-73.7904713275334,-1819.5272075396024
56,76,96,253.71898048852904,-7.281019511470959,-76.16646346896664,-1826.6810527918888
57,77,97,245.5700706341886,-30.429929365811404,-98.63767154564403,-2068.024496349645
58,78,98,228.27884764835176,-63.72115235164824,-142.55593495677635,-1993.8047387766806
59,79,99,206.68169175412618,-77.31830824587382,-146.97155790258603,-2086.4248245634462
60,80,100,146.06028823715133,-89.93971176284867,-132.38938588520978,-1631.9544230596034
61,81,101,128.9790564147288,-71.0209435852712,-97.12056980131592,-1404.3880233824407
62,82,102,136.45347886434956,-51.54652113565044,-78.9497991062508,-1236.0509147697549
63,83,103,89.14205143399431,-148.8579485660057,-172.74175068305226,-1726.7709822761717
64,84,104,87.94724545089048,-128.05275454910952,-152.06760483546714,-1737.693991455325
65,85,105,177.62911921158388,-121.37088078841612,-179.08400144110487,-2289.886188554373
66,86,106,174.80139051564356,-111.19860948435644,-167.41664545483263,-2136.7259432009396
67,87,107,208.23452429365898,-76.76547570634102,-133.49877327677814,-2026.9950912005997
68,88,108,238.80294422838983,-18.197055771610167,-68.15395930324166,-1728.3467972600442
69,89,109,236.95188082825712,-24.048119171742883,-78.43813818950457,-2067.181467031919
70,90,110,199.7158331171538,-20.284166882846193,-52.332126726442084,-1474.121922058297
71,91,111,111.319678576966,-111.680321423034,-127.30039687571616,-1327.512995259105
72,92,112,125.42972149503066,-98.57027850496934,-125.18308030566186,-1576.698975840447
73,93,113,128.44788669046216,-106.55211330953784,-143.10081459299136,-1518.5246518185277
74,94,114,125.24855099156935,-129.75144900843065,-169.43046622002817,-1619.3794032984442
75,95,115,172.4205584134752,-114.57944158652481,-170.67915382356387,-1898.8533122799563
76,96,116,161.92269063709318,-145.07730936290682,-201.22818166533193,-2271.815425561608
77,97,117,141.20401118864766,-150.79598881135234,-199.13229547184255,-2323.055749695579
78,98,118,138.51598186275987,-183.48401813724013,-244.67686735936059,-2556.154418408617
79,99,119,137.0686503233976,-194.9313496766024,-263.1823018081725,-2474.9290450747885
80,100,120,117.83741582418338,-145.16258417581662,-182.179935182294,-2006.6891258153755
81,101,121,112.6048182597267,-99.3951817402733,-120.37884670868289,-1429.5020664264302
82,102,122,136.36118044132468,-99.63881955867532,-127.71924154581347,-1682.8411411240272
83,103,123,147.17884486003913,-100.82115513996087,-137.6485594906626,-2018.8087050594686
84,104,124,116.90354097588079,-97.09645902411921,-120.46215062720262,-1860.5259675945454
85,105,125,126.3892058747158,-121.6107941252842,-163.9833759204655,-1708.7372034866612
86,106,126,141.79257559136408,-90.20742440863592,-122.18813288342562,-1760.7530407007557
87,107,127,138.54488652028704,-93.45511347971296,-130.63442580870196,-1702.0382189792717
88,108,128,156.12422038164482,-80.87577961835518,-131.28820392990838,-1626.0334157174902
89,109,129,153.55959817953635,-74.44040182046365,-120.71860449130372,-1634.2400150754193
90,110,130,183.4704234465521,-19.529576553447896,-55.44056734654305,-1530.328512046999
91,111,131,147.18339154385217,-12.816608456147833,-38.06313666651158,-1059.073580067336
92,112,132,160.2284267161458,-9.771573283854195,-46.58166107730722,-983.5217839153815
93,113,133,145.6283471268639,-18.3716528731361,-33.35390127152641,-878.1778409314661
94,114,134,133.1583481209782,-34.84165187902181,-59.94616742509015,-888.0864329165452
95,115,135,144.5105269690905,-10.489473030909494,-27.074452672893358,-964.9386357996027
96,116,136,255.89726781935906,53.89726781935906,6.710921496156516,-1401.6091217524345
97,117,137,241.38799919317194,38.387999193171936,-7.920199308322253,-1392.7116329536443
98,118,138,251.93679954227764,35.93679954227764,-15.381978344864137,-1574.2356411523024
99,119,139,221.78019209210584,11.780192092105835,-34.20075987374776,-1469.174201259536
100,120,140,286.1384559848193,60.1384559848193,2.379336337454106,-1662.8644914014403
101,121,141,265.79357805711766,81.79357805711766,38.013364348787036,-1284.9657675894086
102,122,142,311.5147430949562,128.5147430949562,86.4531149532238,-1465.393641730509
103,123,143,217.94628493450523,70.94628493450523,31.37760108544444,-1083.550531223655
104,124,144,238.0120078185646,89.0120078185646,43.94213502230991,-1031.0100278703067
105,125,145,237.6899519917913,120.6899519917913,79.76829350288153,-610.5566876217129
106,126,146,290.2076418035301,162.20764180353012,115.37741837222143,-744.7085224229231
107,127,147,270.06820874008963,160.06820874008963,114.9275974143111,-631.8061817561636
108,128,148,266.7971922571603,144.7971922571603,97.16587481676493,-759.9740584573451
109,129,149,226.39821694911848,117.39821694911848,72.14172138770505,-572.3363909690324
110,130,150,214.14122729907967,101.14122729907967,59.631182361397805,-610.516459580163
111,131,151,190.36802847699346,80.36802847699346,38.24123784393578,-486.91042587061816
112,132,152,199.65571992301352,90.65571992301352,50.87341307437168,-397.6006597523876
113,133,153,193.6359147880712,87.6359147880712,69.13476106359917,-324.20965888167007
114,134,154,197.0512504693313,89.05125046933131,55.44266975138066,-336.7939509613484
115,135,155,203.30627156333708,101.30627156333708,66.96773352587797,-396.23443903218913
116,136,156,179.52552952298743,89.52552952298743,60.55287461154944,-250.13229623000143
117,137,157,256.34835710952166,113.34835710952166,63.116336385479144,-594.9084668541991
118,138,158,252.17399820067135,118.17399820067135,58.337992688603435,-625.9397791814301
119,139,159,262.568433878371,138.56843387837102,77.96300834106,-645.7496772880879
120,140,160,285.30467805125954,145.30467805125954,78.37600762471993,-636.401255429394
121,141,161,286.2121218139391,145.21212181393912,79.44791112823032,-576.00597654066
122,142,162,261.15247047202365,133.15247047202365,92.7313270893635,-458.6462956780824
123,143,163,295.10138892025,165.10138892024997,99.15145052305661,-621.1449039528368
124,144,164,297.9519088379802,169.95190883798023,105.07485431528016,-657.6406892908074
125,145,165,239.76770945515,131.76770945515,87.73990463201585,-446.74108270503166
126,146,166,289.9725998564984,163.9725998564984,106.70118021950475,-503.7723470915755
127,147,167,236.96531676612358,154.96531676612358,128.38045290508853,-214.35320676520132
128,148,168,231.15221980193382,152.15221980193382,119.75226680215064,-246.7659697784859
129,149,169,222.9535229232722,133.9535229232722,109.49310528675232,-252.219812081358
130,150,170,224.57111681464175,127.57111681464175,99.09690781536733,-327.9998921930912
131,151,171,186.70567417914913,104.70567417914913,76.58974925838334,-207.4439079093131
132,152,172,227.33855088484734,145.33855088484734,115.85553447045936,-286.6813165255503
133,153,173,316.97341657148263,136.97341657148263,86.41563454830612,-899.1193845545863
134,154,174,294.6652316019333,125.66523160193333,95.21317013731345,-727.3875274439947
135,155,175,311.0954461242111,143.0954461242111,101.93818902169755,-917.9997262134805
136,156,176,287.77710566507403,125.77710566507403,85.20795982265577,-921.0661989880291
137,157,177,197.8017678224951,50.801767822495094,31.025292131732158,-796.429691606581
138,158,178,206.8127325671062,59.812732567106195,26.931926837668243,-921.4060230006376
139,159,179,223.31659129452464,83.31659129452464,45.609173574171336,-893.0759287353342
140,160,180,187.69043902400472,68.69043902400472,46.87431649777932,-722.7156419303246
141,161,181,199.93934821371977,53.93934821371977,16.10246356359994,-822.7998388128872
142,162,182,180.5943947282533,31.59439472825329,9.684711129169273,-806.8600901134428
143,163,183,238.21734373663412,84.21734373663412,34.925272305094495,-883.4236641148052
144,164,184,200.7867764401135,51.7867764401135,10.802622487589815,-837.8728099601149
145,165,185,147.37546264715843,33.37546264715843,12.422160107864556,-661.2624249473429
146,166,186,155.29667388113603,44.29667388113603,22.488483968391165,-600.3282528878954
147,167,187,164.10898530852387,68.10898530852387,54.65526376884918,-486.9681307524961
148,168,188,166.62023901996508,90.62023901996508,83.28088856955105,-518.1982247990554
149,169,189,203.5405521789262,100.54055217892619,98.22219021104615,-731.9153724536704
150,170,190,167.58262847364858,74.58262847364858,70.78100325360037,-679.4905992644408
151,171,191,158.18034277503375,51.18034277503375,41.30097880742801,-657.8220756211795
152,172,192,154.77884890504174,44.77884890504174,32.380887413586606,-650.5407222325343
153,173,193,231.70766629688615,31.707666296886146,-16.860139029201264,-1209.9951322409888
154,174,194,264.994924042197,21.994924042197,-27.37103999193664,-1317.7682080625818
155,175,195,294.4152660249774,-3.584733975022573,-81.61308395704805,-2065.3002034279602
156,176,196,214.119647339101,-58.88035266089901,-123.40364840334428,-1940.971659432901
157,177,197,227.05622502637084,-52.94377497362916,-124.76444316659308,-1891.4920449102588
158,178,198,222.4039225823501,-62.596077417649894,-125.46914781525993,-2153.2024154703813
159,179,199,218.5605539708597,-71.4394460291403,-134.02925838839542,-2215.1286644244947
160,180,200,177.9327267295539,-79.0672732704461,-124.53435593550034,-1967.3392361147262
161,181,201,172.2482784990509,-90.75172150094909,-137.47313303526562,-2118.060179293573
162,182,202,160.11042704092847,-112.88957295907153,-163.20335150003825,-2032.9216478352146
163,183,203,194.54221457425388,-58.457785425746124,-106.43886021733238,-1903.7784697775528
164,184,204,240.61485976138715,-35.38514023861285,-86.06757258096968,-2326.446295566917
165,185,205,241.99400813001193,-46.005991869988065,-102.3327882679855,-2468.548327869719
166,186,206,190.19321378528866,-77.80678621471134,-104.30635846208997,-2534.369351333765
167,187,207,205.33329313821514,-56.66670686178486,-91.79989737036522,-2428.028443612507
168,188,208,191.26318067966463,-55.73681932033537,-80.62942905502086,-2345.8988677963775
169,189,209,201.0530924508189,-34.946907549181105,-56.0958577307199,-2225.24991121136
