Left,Mid,Right,Loss,Loss_left,Loss_right,gain,glasso
0,20,40,9239.355129413625,8114.441833485608,8135.103066961265,-7010.189771033247,30.195769159189695
1,21,41,9243.377572383917,8122.48833135935,8132.257341594419,-7011.368100569853,28.416576750126296
2,22,42,9256.405977646209,8110.21452227299,8149.380107190555,-7003.188651817334,37.36471157642018
3,23,43,9267.357528706281,8123.378329400577,8162.316324170297,-7018.337124864593,33.33186742060161
4,24,44,9269.556479420899,8134.151925960352,8157.047950079118,-7021.643396618572,28.54125993381558
5,25,45,9261.13882085961,8131.711075642297,8152.262865957636,-7022.835120740321,25.99767843999234
6,26,46,9255.454424551186,8142.298835103444,8137.705484632985,-7024.549895185242,20.38784784998643
7,27,47,9263.546872444278,8153.776614156421,8144.376416970486,-7034.606158682629,18.107460036513658
8,28,48,9263.994317370636,8156.632953322796,8134.5755986469785,-7027.21423459914,18.82105665356221
9,29,49,9257.816880262215,8152.628260463585,8129.038097861179,-7023.84947806255,19.30976994747698
10,30,50,9264.806578661759,8148.122431230566,8145.87208133994,-7029.187933908746,20.347185722053837
11,31,51,9260.52707173174,8159.640926189372,8134.9642070804275,-7034.078061538061,19.30900880247873
12,32,52,9260.792248014359,8166.495768407321,8122.979401112417,-7028.6829215053785,15.45788291291774
13,33,53,9265.40405003925,8157.267111356058,8144.6928112553505,-7036.5558725721585,15.39582522198998
14,34,54,9241.832396342274,8145.075650587272,8117.390967470653,-7020.6342217156525,12.028677427068942
15,35,55,9224.296294533533,8122.138489685665,8102.815157952419,-7000.657353104552,20.14416487771541
16,36,56,9222.478972876786,8141.122459813429,8081.919912620332,-7000.563399556973,15.86767906229079
17,37,57,9234.936777376479,8142.740619469436,8097.809329457309,-7005.613171550267,16.376213065064803
18,38,58,9231.511218873613,8127.616773125584,8102.152936736992,-6998.258490988963,17.890428033109856
19,39,59,9224.278611221154,8131.2704429425785,8084.169647960848,-6991.161479682272,24.313320563871912
20,40,60,9234.774135087118,8135.103066961265,8088.239063159539,-6988.567995033685,28.429350884422092
21,41,61,9264.90874834203,8132.257341594419,8107.376799244151,-6974.725392496541,31.45123747175967
22,42,62,9285.389454048462,8149.380107190555,8117.85343913717,-6981.844092279263,29.148645797326026
23,43,63,9295.718807238083,8162.316324170297,8115.247887332085,-6981.845404264299,28.7267204961895
24,44,64,9294.729830681414,8157.047950079118,8115.601238363874,-6977.919357761579,29.260306172242963
25,45,65,9319.35541361243,8152.262865957636,8136.408896653422,-6969.316348998629,33.93558304271346
26,46,66,9332.51054234269,8137.705484632985,8175.133043575073,-6980.327985865368,26.671626869888314
27,47,67,9346.902833446831,8144.376416970486,8176.925286654443,-6974.398870178098,30.063215244041203
28,48,68,9366.456281881448,8134.5755986469785,8199.574005140486,-6967.693321906016,31.376047065777584
29,49,69,9382.057600372067,8129.038097861179,8212.189736224493,-6959.170233713605,32.586930249619854
30,50,70,9375.985293926984,8145.87208133994,8192.450695943835,-6962.3374833567905,31.81606514314899
31,51,71,9386.292173371186,8134.9642070804275,8202.808415336069,-6951.48044904531,35.01620384147782
32,52,72,9376.14285735866,8122.979401112417,8197.730618936917,-6944.567162690673,32.59985100709446
33,53,73,9407.81814720105,8144.6928112553505,8205.504294717033,-6942.3789587713345,34.13290242413177
34,54,74,9382.050825155917,8117.390967470653,8192.389354716037,-6927.729497030772,28.419385251730546
35,55,75,9378.196028116578,8102.815157952419,8160.865580827993,-6885.4847106638335,49.599450642843294
36,56,76,9393.207422163225,8081.919912620332,8192.047257050488,-6880.759747507596,44.99487167149891
37,57,77,9402.732795363405,8097.809329457309,8172.235353744036,-6867.311887837939,47.032691012945634
38,58,78,9407.15243697159,8102.152936736992,8166.28927144646,-6861.289771211863,50.808302319234826
39,59,79,9404.490197726689,8084.169647960848,8162.919536060292,-6842.598986294452,58.14467335920199
40,60,80,9404.342637443708,8088.239063159539,8138.886796395105,-6822.783222110937,57.25605848470923
41,61,81,9411.876940263151,8107.376799244151,8130.740869986976,-6826.240728967976,62.75123859507357
42,62,82,9409.44625438363,8117.85343913717,8137.380645629699,-6845.7878303832385,56.452822312106036
43,63,83,9396.76885516358,8115.247887332085,8139.443168918266,-6857.922201086771,55.175749235843796
44,64,84,9414.130937856193,8115.601238363874,8168.771053554467,-6870.241354062147,64.35346813261458
45,65,85,9411.055560109993,8136.408896653422,8158.9005743123,-6884.2539108557285,61.48580589338735
46,66,86,9424.232271228055,8175.133043575073,8164.066533180176,-6914.967305527194,56.127005690731494
47,67,87,9422.532138750923,8176.925286654443,8168.381006166337,-6922.774154069857,53.94478664157623
48,68,88,9409.075611369048,8199.574005140486,8141.525012834607,-6932.023406606046,54.30085018604041
49,69,89,9408.916147223597,8212.189736224493,8144.8854034480955,-6948.158992448991,49.56446157636219
50,70,90,9402.527412687114,8192.450695943835,8155.966471289352,-6945.889754546073,48.4097577777502
51,71,91,9403.610278788597,8202.808415336069,8153.014778137688,-6952.2129146851585,50.34888831592389
52,72,92,9390.761244942021,8197.730618936917,8147.622444169013,-6954.591818163908,51.527112664767174
53,73,93,9384.667838271045,8205.504294717033,8142.403072002834,-6963.239528448823,46.32735735019469
54,74,94,9373.957407281096,8192.389354716037,8153.780812489847,-6972.212759924789,44.210347570949125
55,75,95,9322.151647478924,8160.865580827993,8143.066925360814,-6981.7808587098825,42.69674943716882
56,76,96,9328.543975256805,8192.047257050488,8143.649340686176,-7007.152622479858,35.70647238610081
57,77,97,9299.599940297907,8172.235353744036,8137.338009190364,-7009.973422636493,33.935161708134274
58,78,98,9296.83618215859,8166.28927144646,8154.585830485031,-7024.038919772902,34.20614233582228
59,79,99,9288.299558554656,8162.919536060292,8153.28693065368,-7027.906908159315,31.969009127404206
60,80,100,9271.909695972508,8138.886796395105,8154.506777021995,-7021.483877444591,34.50090422074072
61,81,101,9269.601396101938,8130.740869986976,8166.210699410569,-7027.3501732956065,30.558842801523497
62,82,102,9268.658793203113,8137.380645629699,8157.426461776174,-7026.148314202759,30.487185294855863
63,83,103,9276.670422320876,8139.443168918266,8166.375357774756,-7029.148104372145,32.24912397120579
64,84,104,9282.469743825399,8168.771053554467,8154.389454239017,-7040.690763968085,31.396057756877326
65,85,105,9275.936146094384,8158.9005743123,8153.899968120217,-7036.864396338133,31.68526936948274
66,86,106,9278.739330327811,8164.066533180176,8162.635373406807,-7047.962576259171,28.296203249856262
67,87,107,9271.519218014066,8168.381006166337,8146.929437169963,-7043.791225322235,28.664745183914874
68,88,108,9259.634154949355,8141.525012834607,8152.01462518315,-7033.905483068402,24.717273197010854
69,89,109,9260.364969895943,8144.8854034480955,8150.382333140634,-7034.902766692785,25.142826609619533
70,90,110,9272.575239989239,8155.966471289352,8155.558436684753,-7038.949667984865,27.31439149988728
71,91,111,9263.56973881114,8153.014778137688,8150.619791844432,-7040.064831170981,25.79065175348569
72,92,112,9273.718227163126,8147.622444169013,8180.343872787953,-7054.2480897938385,24.95006329767284
73,93,113,9271.422423201126,8142.403072002834,8176.11214790791,-7047.092796709618,23.70932195654268
74,94,114,9269.716255603988,8153.780812489847,8154.439238041173,-7038.503794927034,25.601156912735405
75,95,115,9267.708462040024,8143.066925360814,8163.57373116251,-7038.932194483299,25.420889613137206
76,96,116,9269.425724906509,8143.649340686176,8163.285628428485,-7037.509244208153,20.217478204591316
77,97,117,9263.577563753783,8137.338009190364,8161.0945041678115,-7034.8549496043925,19.789050819116255
78,98,118,9268.876713655549,8154.585830485031,8149.349990041725,-7035.059106871207,20.761301760167044
79,99,119,9274.321716407316,8153.28693065368,8151.077388353326,-7030.042602599691,26.537523617987972
80,100,120,9285.34421288773,8154.506777021995,8160.269332475853,-7029.431896610118,33.01284482074789
81,101,121,9289.67084435156,8166.210699410569,8156.154892996778,-7032.6947480557865,29.981835977463106
82,102,122,9292.85404303938,8157.426461776174,8171.082302728499,-7035.654721465293,27.51373646810771
83,103,123,9291.262586751152,8166.375357774756,8162.728829404008,-7037.841600427611,31.16147539360054
84,104,124,9287.961594082213,8154.389454239017,8177.741012100427,-7044.168872257231,28.98537686720192
85,105,125,9283.850334313762,8153.899968120217,8172.141394931401,-7042.191028737856,29.689599005118453
86,106,126,9284.131928059265,8162.635373406807,8172.643417369338,-7051.14686271688,26.07232415895396
87,107,127,9279.958503889286,8146.929437169963,8178.7695122263085,-7045.740445506986,29.5108930317856
88,108,128,9282.666559459136,8152.01462518315,8180.395789688211,-7049.7438554122255,25.29433369364733
89,109,129,9282.174547131326,8150.382333140634,8180.353127619852,-7048.5609136291605,26.86195125484528
90,110,130,9276.719848363646,8155.558436684753,8156.186952598794,-7035.025540919902,30.5004127004795
91,111,131,9289.140546520775,8150.619791844432,8171.981674486905,-7033.460919810561,33.589345846772176
92,112,132,9295.42385060013,8180.343872787953,8165.467134587679,-7050.387156775503,29.76746271388265
93,113,133,9298.77810983277,8176.11214790791,8166.550735137927,-7043.884773213067,29.854747107399817
94,114,134,9294.075201076601,8154.439238041173,8170.071139978787,-7030.43517694336,32.60139205284713
95,115,135,9293.44439632502,8163.57373116251,8151.364806121345,-7021.4941409588355,37.6572023119611
96,116,136,9295.1964066416,8163.285628428485,8160.359886925829,-7028.4491087127135,33.38446853281221
97,117,137,9292.264806480105,8161.0945041678115,8151.661945038908,-7020.491642726614,33.22371521676223
98,118,138,9286.55076782851,8149.349990041725,8158.786641984186,-7021.585864197401,27.08666676185294
99,119,139,9286.707355917672,8151.077388353326,8162.645430500644,-7027.015462936299,25.924405365993152
100,120,140,9281.090107606657,8160.269332475853,8135.158635120995,-7014.337859990192,33.62199911535163
101,121,141,9303.160158086328,8156.154892996778,8151.244803246338,-7004.239538156788,36.44020612147506
102,122,142,9305.998738343986,8171.082302728499,8142.682775956892,-7007.766340341406,32.977001552645106
103,123,143,9303.92405436507,8162.728829404008,8149.998144582909,-7008.802919621847,32.79341471469661
104,124,144,9321.51508699384,8177.741012100427,8149.167398267304,-7005.39332337389,33.151590449201194
105,125,145,9346.702401810018,8172.141394931401,8173.558349027289,-6998.997342148672,37.27666582386564
106,126,146,9365.101618477052,8172.643417369338,8182.091941802271,-6989.633740694557,34.818723340435554
107,127,147,9408.80540606833,8178.7695122263085,8208.161175661804,-6978.125281819781,43.69227254420548
108,128,148,9418.077522107666,8180.395789688211,8199.342161917402,-6961.660429497948,48.56615154993642
109,129,149,9417.343301088062,8180.353127619852,8201.953823018328,-6964.963649550118,47.31943179091104
110,130,150,9414.502022118348,8156.186952598794,8186.476964522724,-6928.16189500317,53.80158554209629
111,131,151,9429.369446857178,8171.981674486905,8181.09630643821,-6923.708534067937,58.2729273530158
112,132,152,9427.359322612823,8165.467134587679,8181.3575249737605,-6919.465336948617,55.35087688207841
113,133,153,9438.538444270023,8166.550735137927,8174.31013451179,-6902.322425379694,58.50914302340061
114,134,154,9448.867038987173,8170.071139978787,8156.42762080962,-6877.631721801234,70.37872891862435
115,135,155,9430.880686143817,8151.364806121345,8149.996056086307,-6870.480176063837,69.40950984555138
116,136,156,9422.825209729972,8160.359886925829,8125.810020894497,-6863.344698090355,63.29047562585947
117,137,157,9414.675947326825,8151.661945038908,8121.174308721388,-6858.16030643347,59.61406933568833
118,138,158,9418.630654934095,8158.786641984186,8109.894741159502,-6850.050728209593,60.63538130293546
119,139,159,9416.777166439495,8162.645430500644,8095.063158058187,-6840.931422119336,59.51824807501589
120,140,160,9391.78235102784,8135.158635120995,8064.611617786492,-6807.987901879649,65.43103542152357
121,141,161,9385.212734583356,8151.244803246338,8042.5739532516845,-6808.606021914666,60.5855171883195
122,142,162,9370.125323051516,8142.682775956892,8049.758175261361,-6822.315628166738,54.199417669705326
123,143,163,9395.105996252452,8149.998144582909,8064.282244377882,-6819.174392708339,58.771618597502766
124,144,164,9368.852002170206,8149.167398267304,8064.877646100178,-6845.193042197276,48.86957037137108
125,145,165,9382.732163800196,8173.558349027289,8062.587066521592,-6853.413251748685,46.79257150229205
126,146,166,9362.913390509531,8182.091941802271,8051.84210939668,-6871.020660689419,39.22464336435041
127,147,167,9361.550947443098,8208.161175661804,8024.931198895402,-6871.541427114109,35.30212041261939
128,148,168,9340.817335607859,8199.342161917402,8010.372233686445,-6868.8970599959885,31.62936658691524
129,149,169,9348.814332065092,8201.953823018328,8057.933671304905,-6911.073162258141,30.880099695285935
130,150,170,9325.782643967937,8186.476964522724,8051.998384218281,-6912.692704773068,27.77438179706496
131,151,171,9306.548472700451,8181.09630643821,8046.123818077714,-6920.671651815472,17.057605673508533
132,152,172,9295.29324015795,8181.3575249737605,8048.435333068604,-6934.499617884416,16.882046151809845
133,153,173,9274.956176140393,8174.31013451179,8057.926781141939,-6957.280739513335,5.98550799280747
134,154,174,9250.30649094089,8156.42762080962,8058.843953627756,-6964.965083496485,1.757413428934342
135,155,175,9274.689567469044,8149.996056086307,8096.346857259443,-6971.653345876706,9.07209715773297
136,156,176,9246.984479872,8125.810020894497,8100.981049841185,-6979.806590863682,8.633924712331464
137,157,177,9252.632733414477,8121.174308721388,8108.057722084333,-6976.599297391243,12.9603285881808
138,158,178,9240.83812436208,8109.894741159502,8099.052599575579,-6968.109216373001,20.999507090307816
139,159,179,9241.881397823206,8095.063158058187,8132.675047745079,-6985.856807980059,23.25015187467079
140,160,180,9210.647980892945,8064.611617786492,8151.958750171794,-7005.922387065342,18.614026451308746
141,161,181,9204.894390127873,8042.5739532516845,8134.301723567952,-6971.981286691764,25.176168299173696
142,162,182,9206.402014780699,8049.758175261361,8130.061622563914,-6973.417783044577,23.72655887263727
143,163,183,9210.730802609702,8064.282244377882,8134.561727285374,-6988.113169053555,20.06432931450081
144,164,184,9213.35339053576,8064.877646100178,8136.13272511907,-6987.656980683487,26.369885911767597
145,165,185,9221.856932893568,8062.587066521592,8153.1033126896755,-6993.8334463177,27.447555058022772
146,166,186,9217.408854610629,8051.84210939668,8161.863702945838,-6996.296957731889,25.735175805077233
147,167,187,9204.678943819985,8024.931198895402,8165.362226370599,-6985.614481446017,21.343495494731542
148,168,188,9200.228492927767,8010.372233686445,8165.149231006435,-6975.292971765113,21.755093874918657
149,169,189,9208.926326743529,8057.933671304905,8160.143996946134,-7009.1513415075115,20.999487762376248
150,170,190,9222.248062388357,8051.998384218281,8174.482951613456,-7004.23327344338,23.561203178496726
151,171,191,9228.08302432844,8046.123818077714,8177.4161569601365,-6995.456950709409,26.11087556295479
152,172,192,9230.187496786872,8048.435333068604,8179.332944536456,-6997.580780818189,25.66981315566909
153,173,193,9239.326898137493,8057.926781141939,8181.057129482512,-6999.657012486958,24.88182248313842
154,174,194,9260.420074059417,8058.843953627756,8193.910865602858,-6992.334745171196,35.89538888539573
155,175,195,9265.536970536108,8096.346857259443,8187.523301211012,-7018.333187934346,26.58740141528051
156,176,196,9269.045543887492,8100.981049841185,8190.245608970101,-7022.181114923795,28.872724164204556
157,177,197,9276.736174345559,8108.057722084333,8197.014833072502,-7028.336380811277,27.354172969980937
158,178,198,9273.350888908677,8099.052599575579,8195.4271728942,-7021.128883561101,30.66677253749731
159,179,199,9279.507481732846,8132.675047745079,8186.54908303692,-7039.716649049153,24.90627686690823
160,180,200,9281.63519678011,8151.958750171794,8160.221103706701,-7030.544657098386,30.513254207033697
161,181,201,9283.485750117155,8134.301723567952,8164.187996603231,-7015.003970054027,31.644314985056553
162,182,202,9283.09555794184,8130.061622563914,8172.855615214285,-7019.821679836357,30.378009913041296
163,183,203,9292.314754881707,8134.561727285374,8182.074753754801,-7024.321726158469,30.474942776161697
164,184,204,9288.306535776217,8136.13272511907,8168.531283227071,-7016.357472569924,37.92227662152345
165,185,205,9288.776046737054,8153.1033126896755,8162.7815857614,-7027.1088517140215,34.411787608954455
166,186,206,9280.21384309918,8161.863702945838,8152.732008755143,-7034.381868601802,28.76618086022654
167,187,207,9274.48652093143,8165.362226370599,8145.215684274613,-7036.091389713782,27.331721934769575
168,188,208,9268.414493558956,8165.149231006435,8141.08862108408,-7037.823358531559,23.92955562835823
169,189,209,9261.885351973528,8160.143996946134,8143.451149024235,-7041.709793996841,21.832340762144668
