Left,Mid,Right,Loss,Loss_left,Loss_right,gain,glasso
0,20,40,9194.113998932477,8154.7453829654605,8031.140751498169,-6991.772135531153,34.87504398643887
1,21,41,9192.207506943148,8147.890386452489,8030.092161181376,-6985.775040690716,35.089549469195845
2,22,42,9187.68036516963,8119.117850966782,8061.732284231199,-6993.169770028349,28.19556878000276
3,23,43,9180.862354421764,8116.369441341617,8048.588104689252,-6984.095191609105,32.31079823154096
4,24,44,9179.650750232082,8119.7402126533825,8059.366192970035,-6999.455655391335,19.72548392501585
5,25,45,9163.230873236329,8097.265014611336,8071.097321300238,-7005.131462675245,11.265265527659722
6,26,46,9162.913967578781,8071.977546565941,8090.000466012099,-6999.064044999261,13.173501588864383
7,27,47,9143.733259082457,8039.801162325263,8096.894380958003,-6992.962284200808,-0.8527495851494677
8,28,48,9167.053915619203,8033.518759845891,8134.76134642949,-7001.226190656178,3.286707365872644
9,29,49,9169.447815170399,8057.247718249103,8124.143975155317,-7011.943878234022,-0.006788796223645477
10,30,50,9167.991523464518,8023.68107294721,8137.097066533488,-6992.786616016181,10.964597452429189
11,31,51,9164.463640373062,8016.042566383571,8137.911528246996,-6989.490454257506,10.49457666005037
12,32,52,9158.014575918443,8007.902748468091,8132.3534243400645,-6982.241596889713,8.090107439835265
13,33,53,9161.903330598401,8010.114584787021,8138.817848224688,-6987.029102413308,9.171314970438289
14,34,54,9181.688637577785,8042.235141519621,8147.750225954294,-7008.29672989613,14.482857366461758
15,35,55,9179.23177643276,8033.371442110185,8147.913228613388,-7002.052894290813,18.44606816499163
16,36,56,9182.88336184343,8056.557627610117,8141.203766720124,-7014.878032486813,19.00558760376134
17,37,57,9189.066928396638,8077.430734763113,8139.878888285502,-7028.242694651977,19.580136905404288
18,38,58,9207.679517275661,8069.796790233569,8155.571340226808,-7017.688613184717,26.56152582901632
19,39,59,9200.058952220232,8050.676925921367,8159.81772408754,-7010.435697788675,32.85981675982384
20,40,60,9190.734119510456,8031.140751498169,8158.305422688212,-6998.712054675925,36.87021448756013
21,41,61,9212.048299807515,8030.092161181376,8163.498632925096,-6981.5424942989575,35.123553859010826
22,42,62,9253.43301934069,8061.732284231199,8184.968313390649,-6993.267578281158,31.26737557465367
23,43,63,9257.388921675509,8048.588104689252,8191.96931784562,-6983.168500859363,31.275622443475186
24,44,64,9274.665717391155,8059.366192970035,8176.986455424773,-6961.686931003653,35.30860426133768
25,45,65,9322.08019246365,8071.097321300238,8202.329531056392,-6951.346659892979,40.14210424613066
26,46,66,9346.979752348632,8090.000466012099,8211.193973940186,-6954.214687603653,35.89228405641552
27,47,67,9383.407663932088,8096.894380958003,8225.677211630746,-6939.163928656661,48.93661902779559
28,48,68,9407.99438836891,8134.76134642949,8202.86374567932,-6929.6307037399,53.10822934868884
29,49,69,9400.544924287678,8124.143975155317,8199.42213899094,-6923.0211898585785,49.84425470079486
30,50,70,9399.365441394106,8137.097066533488,8183.206914067879,-6920.93853920726,50.72331214179303
31,51,71,9432.84865838188,8137.911528246996,8210.983962674414,-6916.04683253953,54.42938119476548
32,52,72,9437.955845136925,8132.3534243400645,8211.33851780956,-6905.736097012699,56.10840489591055
33,53,73,9448.386441947521,8138.817848224688,8206.040311264782,-6896.471717541948,60.30544713629297
34,54,74,9446.561000253172,8147.750225954294,8180.839211503781,-6882.028437204903,64.61675017859261
35,55,75,9469.045732171642,8147.913228613388,8198.695825546363,-6877.563321988109,67.98723883256571
36,56,76,9461.725218156385,8141.203766720124,8194.169003189723,-6873.647551753462,65.69848154133842
37,57,77,9458.544670799165,8139.878888285502,8184.271196898995,-6865.605414385333,69.70636183901206
38,58,78,9464.846441611893,8155.571340226808,8148.753556388696,-6839.478455003611,79.6698336693712
39,59,79,9449.782746310124,8159.81772408754,8131.538448279731,-6841.573426057148,82.7196459166189
40,60,80,9442.39281204061,8158.305422688212,8110.084956769981,-6825.997567417582,83.46843257688306
41,61,81,9439.75877880353,8163.498632925096,8115.984840531242,-6839.724694652807,76.38417145786798
42,62,82,9434.123060398568,8184.968313390649,8092.601273348404,-6843.446526340485,68.04752653828518
43,63,83,9436.343758267765,8191.96931784562,8109.244821588269,-6864.8703811661235,63.37357472701706
44,64,84,9418.361117418535,8176.986455424773,8112.13990718346,-6870.765245189697,62.10749059812224
45,65,85,9404.311243234064,8202.329531056392,8103.6783691603505,-6901.696656982678,47.232273254186566
46,66,86,9408.464947977276,8211.193973940186,8108.883278814108,-6911.612304777018,49.107929166133545
47,67,87,9400.622527913696,8225.677211630746,8090.427416118705,-6915.482099835754,43.556273138757206
48,68,88,9380.68329730312,8202.86374567932,8100.409208916499,-6922.5896572926995,35.093378616048994
49,69,89,9376.859760075024,8199.42213899094,8110.884074729766,-6933.446453645682,34.389025151654096
50,70,90,9364.918210143827,8183.206914067879,8116.0884130140785,-6934.377116938129,31.157138469097845
51,71,91,9358.395255201578,8210.983962674414,8110.697870366333,-6963.28657783917,22.945858328379927
52,72,92,9366.276453067101,8211.33851780956,8127.5698422293935,-6972.631906971852,26.00101246957638
53,73,93,9365.13790825672,8206.040311264782,8127.084951272644,-6967.987354280705,29.8883506666034
54,74,94,9336.783116357135,8180.839211503781,8120.683104148357,-6964.739199295003,30.82144173985762
55,75,95,9332.58756872983,8198.695825546363,8106.386282721276,-6972.494539537809,30.11382735789948
56,76,96,9324.963730994326,8194.169003189723,8096.831119712588,-6966.036391907985,31.13023160375269
57,77,97,9310.177092598457,8184.271196898995,8102.731337636857,-6976.825441937395,31.66331455347745
58,78,98,9286.391224062481,8148.753556388696,8121.780252406083,-6984.142584732297,29.996296810189506
59,79,99,9265.382275477219,8131.538448279731,8113.670786408957,-6979.826959211468,32.32561055552651
60,80,100,9245.136747554867,8110.084956769981,8127.483065272001,-6992.431274487115,29.837077072480042
61,81,101,9277.499582382907,8115.984840531242,8142.687909451196,-6981.173167599531,44.49238675404331
62,82,102,9267.525763330224,8092.601273348404,8149.946454337911,-6975.02196435609,36.001997646552354
63,83,103,9275.161851544075,8109.244821588269,8147.171808510368,-6981.254778554561,34.520886862146654
64,84,104,9275.305386917984,8112.13990718346,8136.165425223558,-6972.999945489033,44.589142712100056
65,85,105,9264.163380526037,8103.6783691603505,8125.999451676976,-6965.514440311288,42.431677093546114
66,86,106,9263.215114140192,8108.883278814108,8096.744437870579,-6942.412602544495,60.22089164476665
67,87,107,9244.526458563516,8090.427416118705,8103.069877637754,-6948.970835192944,50.48068549536629
68,88,108,9245.728570358202,8100.409208916499,8113.601879078162,-6968.282517636459,37.626336256792
69,89,109,9263.091184618139,8110.884074729766,8142.052226574003,-6989.84511668563,37.25350911839314
70,90,110,9276.314904734449,8116.0884130140785,8148.006363094331,-6987.779871373961,43.82492835801577
71,91,111,9276.329805207666,8110.697870366333,8154.541191663538,-6988.909256822204,43.72515093800621
72,92,112,9280.946372716098,8127.5698422293935,8157.751298103796,-7004.3747676170915,41.22511595646529
73,93,113,9279.016625660719,8127.084951272644,8158.155214164752,-7006.223539776676,39.17811081993159
74,94,114,9266.927718158422,8120.683104148357,8152.234896038408,-7005.990282028342,39.97676551904124
75,95,115,9254.52192085206,8106.386282721276,8143.811313043387,-6995.675674912603,38.094330301412356
76,96,116,9258.309770443188,8096.831119712588,8152.7573285071485,-6991.278677776549,42.52460843098879
77,97,117,9260.504213373497,8102.731337636857,8130.864454143303,-6973.091578406664,36.43472999170308
78,98,118,9258.580955388243,8121.780252406083,8123.148453099397,-6986.3477501172365,32.36493545100211
79,99,119,9255.581031750113,8113.670786408957,8128.297947183984,-6986.387701842828,34.54350188611943
80,100,120,9277.76811399156,8127.483065272001,8147.024367600188,-6996.739318880629,39.521141857030216
81,101,121,9267.769170034155,8142.687909451196,8140.119548658681,-7015.038288075722,31.367266049582668
82,102,122,9265.795758449589,8149.946454337911,8135.5147805009465,-7019.665476389269,27.237526557464662
83,103,123,9268.69491037093,8147.171808510368,8137.975889185586,-7016.452787325023,26.99602871901334
84,104,124,9284.734233658926,8136.165425223558,8161.7913802988905,-7013.222571863522,37.9024695011949
85,105,125,9281.446212563853,8125.999451676976,8155.503636001,-7000.056875114122,38.69495483833407
86,106,126,9275.482146552888,8096.744437870579,8149.042884679922,-6970.305175997613,51.96013228919901
87,107,127,9281.181616363177,8103.069877637754,8146.243355226605,-6968.131616501181,56.765131665167246
88,108,128,9277.161248800774,8113.601879078162,8144.480123861304,-6980.920754138691,49.803453067192095
89,109,129,9273.152982237796,8142.052226574003,8129.648598009026,-6998.547842345233,41.46022772433662
90,110,130,9270.501398760774,8148.006363094331,8118.942432581419,-6996.447396914977,35.34234021620796
91,111,131,9267.111859054743,8154.541191663538,8099.732702465173,-6987.162035073967,39.33186651744427
92,112,132,9260.820835645323,8157.751298103796,8122.285352282044,-7019.215814740517,31.88113397792722
93,113,133,9272.189814364967,8158.155214164752,8136.438597666103,-7022.403997465888,36.50960648439377
94,114,134,9267.502660339844,8152.234896038408,8140.755873367482,-7025.488109066046,34.806345843379404
95,115,135,9286.366121039453,8143.811313043387,8171.0643755728215,-7028.509567576755,36.92291565762116
96,116,136,9291.075994240038,8152.7573285071485,8177.831604696915,-7039.512938964026,35.275016156818765
97,117,137,9276.469259189213,8130.864454143303,8155.876098245764,-7010.271293199854,30.80561966280402
98,118,138,9272.140942292295,8123.148453099397,8150.163746580948,-7001.17125738805,36.65883045193823
99,119,139,9278.25785621971,8128.297947183984,8154.586438441249,-7004.626529405523,41.80908295923655
100,120,140,9273.693868918219,8147.024367600188,8137.442882641435,-7010.7733813234045,43.90609099024914
101,121,141,9294.631858511679,8140.119548658681,8173.1814720100965,-7018.669162157099,36.07338156748983
102,122,142,9299.994521846404,8135.5147805009465,8175.884167217992,-7011.404425872535,36.17808176835888
103,123,143,9324.410106079245,8137.975889185586,8185.435869657724,-6999.0016527640655,39.428120420397136
104,124,144,9372.850160855809,8161.7913802988905,8194.027249942608,-6982.968469385689,44.473342500816216
105,125,145,9423.688746108897,8155.503636001,8235.50779725522,-6967.322687147325,54.74053982939904
106,126,146,9424.744317301656,8149.042884679922,8230.07028674792,-6954.368854126185,58.96518999848922
107,127,147,9429.359225223878,8146.243355226605,8236.879226324725,-6953.763356327452,61.58186898992699
108,128,148,9434.807540821375,8144.480123861304,8227.327352861337,-6936.999935901265,68.67442055808306
109,129,149,9451.254752214641,8129.648598009026,8247.58604587019,-6925.979891664574,65.17216940867047
110,130,150,9458.78673426509,8118.942432581419,8249.500458396296,-6909.656156712626,64.31605758122123
111,131,151,9453.491333603146,8099.732702465173,8252.979396691953,-6899.2207655539805,63.00558851678852
112,132,152,9468.30389266969,8122.285352282044,8254.427205278816,-6908.408664891171,65.84959674429774
113,133,153,9468.932475899499,8136.438597666103,8235.440334444282,-6902.946456210886,68.23903313145274
114,134,154,9483.203892898824,8140.755873367482,8242.94069789542,-6900.4926783640785,69.41595218209522
115,135,155,9492.32508582746,8171.0643755728215,8214.170926126488,-6892.910215871847,68.82211031568522
116,136,156,9494.38836850717,8177.831604696915,8194.722878679611,-6878.1661148693565,72.63735852180707
117,137,157,9496.68152684492,8155.876098245764,8210.851290651772,-6870.045862052615,73.26722145302165
118,138,158,9483.543620850902,8150.163746580948,8204.630759649222,-6871.250885379268,73.94948109594816
119,139,159,9482.65618740327,8154.586438441249,8183.581089798476,-6855.511340836454,80.6773764667123
120,140,160,9463.917597562282,8137.442882641435,8158.925466966737,-6832.45075204589,86.8637449864118
121,141,161,9459.60626606551,8173.1814720100965,8136.414115026122,-6849.98932097071,86.1466133985914
122,142,162,9479.806622041913,8175.884167217992,8166.0184035856755,-6862.095948761755,88.39649837937941
123,143,163,9464.084794285263,8185.435869657724,8142.088513433056,-6863.439588805515,84.31747339894036
124,144,164,9432.325731725377,8194.027249942608,8143.033180526149,-6904.734698743381,65.27573843361006
125,145,165,9434.915939506542,8235.50779725522,8124.575786789585,-6925.167644538264,59.92992790938797
126,146,166,9417.688317542492,8230.07028674792,8111.965406222644,-6924.347375428071,59.87722206481658
127,147,167,9412.414148866123,8236.879226324725,8128.858718157439,-6953.323795616041,52.4420143160055
128,148,168,9411.76640987351,8227.327352861337,8133.388437953747,-6948.949380941574,52.2827141205712
129,149,169,9433.86055016361,8247.58604587019,8129.328054920194,-6943.053550626773,56.54465205379847
130,150,170,9441.482930700233,8249.500458396296,8138.09344039062,-6946.110968086683,58.03202053025734
131,151,171,9438.855074482482,8252.979396691953,8138.696363109761,-6952.820685319231,56.337073451798005
132,152,172,9429.084474711366,8254.427205278816,8149.184337976463,-6974.527068543914,47.120633356993494
133,153,173,9397.567192073951,8235.440334444282,8149.11577616252,-6986.98891853285,44.91308295064755
134,154,174,9402.905374999931,8242.94069789542,8161.6432357811755,-7001.678558676662,42.263898144280574
135,155,175,9379.407572738102,8214.170926126488,8163.23350597769,-6997.996859366074,40.29284721039312
136,156,176,9352.55410637374,8194.722878679611,8156.3978574333705,-6998.566629739242,35.964257217554405
137,157,177,9355.867529146584,8210.851290651772,8154.855314265193,-7009.83907577038,36.08809145001305
138,158,178,9345.99174127956,8204.630759649222,8148.176488405527,-7006.815506775189,36.538848914588016
139,159,179,9321.898424015684,8183.581089798476,8153.645689608486,-7015.328355391277,36.78547875671802
140,160,180,9282.624358209123,8158.925466966737,8148.355193728214,-7024.656302485828,34.86899314187531
141,161,181,9276.392193910438,8136.414115026122,8167.664183239327,-7027.686104355011,32.0309678818212
142,162,182,9276.493886049073,8166.0184035856755,8143.590631859664,-7033.115149396268,30.19626861305278
143,163,183,9261.095649987745,8142.088513433056,8140.573767524052,-7021.566630969362,31.709320376770847
144,164,184,9248.206471738114,8143.033180526149,8125.985766297137,-7020.812475085171,26.71378257546985
145,165,185,9236.618719084145,8124.575786789585,8134.1237938688455,-7022.080861574286,23.637244303973603
146,166,186,9239.429211674144,8111.965406222644,8151.049136891568,-7023.585331440068,27.75917359125151
147,167,187,9262.348295359385,8128.858718157439,8161.7146052476,-7028.225028045654,34.879232088805566
148,168,188,9262.484484122533,8133.388437953747,8155.697054210059,-7026.6010080412725,30.41474855366687
149,169,189,9259.609292831728,8129.328054920194,8151.093926029383,-7020.812688117849,33.377389959689026
150,170,190,9257.822842779442,8138.09344039062,8148.423932376572,-7028.694529987752,30.68988872246564
151,171,191,9263.36251248324,8138.696363109761,8154.254769281514,-7029.588619908034,31.694801290987925
152,172,192,9267.523106825247,8149.184337976463,8161.781963911095,-7043.443195062311,29.74871178983267
153,173,193,9266.384702199,8149.11577616252,8159.570555714146,-7042.301629677666,29.595004957693163
154,174,194,9275.704056302307,8161.6432357811755,8160.980873603332,-7046.9200530822,32.70963627539277
155,175,195,9282.120510182105,8163.23350597769,8169.993774157798,-7051.106769953383,32.55817200253978
156,176,196,9284.348291670947,8156.3978574333705,8174.064517600059,-7046.114083362481,34.03491056341727
157,177,197,9276.229670434694,8154.855314265193,8169.681797416272,-7048.30744124677,31.841209372087178
158,178,198,9272.787247291124,8148.176488405527,8163.924893409787,-7039.314134524191,31.500951788325892
159,179,199,9270.324785351453,8153.645689608486,8167.467492145379,-7050.788396402411,32.108680131593246
160,180,200,9275.169291069411,8148.355193728214,8169.999176151344,-7043.185078810147,33.49833674315414
161,181,201,9268.506590811867,8167.664183239327,8154.849550672996,-7054.007143100456,23.343988751324105
162,182,202,9252.85006522217,8143.590631859664,8152.559966779403,-7043.300533416897,23.977931178801555
163,183,203,9258.949091979874,8140.573767524052,8160.010498085874,-7041.635173630053,26.13391441894464
164,184,204,9256.776236508756,8125.985766297137,8168.149378180499,-7037.358907968881,20.40887825468326
165,185,205,9261.665258384277,8134.1237938688455,8163.362922816178,-7035.821458300747,21.309266251401823
166,186,206,9264.664453778167,8151.049136891568,8158.555866485543,-7044.940549598945,22.921531578136637
167,187,207,9264.005285273895,8161.7146052476,8147.303700277371,-7045.013020251075,25.38166859953617
168,188,208,9263.894320900956,8155.697054210059,8149.214636742578,-7041.017370051681,24.8687359787109
169,189,209,9266.021954457901,8151.093926029383,8147.94659917723,-7033.018570748711,28.48091931533736
