Left,Mid,Right,Loss,Loss_left,Loss_right,gain,glasso
0,20,40,9227.018112649937,8101.309354946097,8112.740781462654,-6987.032023758813,38.71512056029542
1,21,41,9246.05711742291,8116.392191051396,8134.129202115335,-7004.464275743821,35.97355788238701
2,22,42,9258.897756314243,8129.378259765388,8157.834411031639,-7028.314914482784,34.262658413901136
3,23,43,9243.732958259447,8115.499768786692,8158.824067606694,-7030.5908781339385,28.161231424701782
4,24,44,9238.111469477011,8113.794352632701,8158.23182245422,-7033.91470560991,26.506403235919606
5,25,45,9238.421396240956,8119.297193468825,8146.463964707631,-7027.3397619355,23.404012103024797
6,26,46,9234.398007997715,8116.243191308608,8146.9606263148635,-7028.8058096257555,22.371076531940616
7,27,47,9242.154383882715,8152.722199881546,8126.47184271289,-7037.039658711721,18.69198134098542
8,28,48,9247.52105949833,8149.746565360943,8140.796421284005,-7043.021927146619,20.639026874261617
9,29,49,9238.06883035503,8140.929442894924,8114.962094414382,-7017.822706954275,25.505927120889737
10,30,50,9241.904356954832,8147.039831915636,8110.702908722701,-7015.838383683504,22.687426876608697
11,31,51,9256.901185130615,8142.846904202905,8122.465717341931,-7008.411436414221,28.088866150298145
12,32,52,9255.609935107044,8137.215172465063,8108.1751392590595,-6989.780376617078,23.15532629362815
13,33,53,9250.070302704524,8148.449527352492,8105.950387377416,-7004.3296120253835,21.617234372306484
14,34,54,9246.027027638145,8148.601866183227,8102.9133151490905,-7005.488153694172,21.333710025754044
15,35,55,9239.210134840947,8143.987208650526,8095.788030976781,-7000.565104786359,17.166113265224794
16,36,56,9234.064526742812,8139.282753154216,8090.743818148491,-6995.962044559896,22.162469917925137
17,37,57,9238.20032560173,8132.308057726574,8103.503111863105,-6997.610843987948,26.194577359928644
18,38,58,9247.808364926801,8120.749867333854,8124.194750729553,-6997.136253136607,36.140810754606264
19,39,59,9241.602152022286,8124.094701538397,8117.218467877976,-6999.711017394087,33.57599899947991
20,40,60,9231.65486054063,8112.740781462654,8116.950526057813,-6998.036446979837,32.90754353248258
21,41,61,9265.02730250569,8134.129202115335,8109.320994466028,-6978.422894075673,35.96042634163177
22,42,62,9267.074882909314,8157.834411031639,8098.232500832404,-6988.99202895473,34.788075787412254
23,43,63,9271.626473715112,8158.824067606694,8104.898864255073,-6992.096458146656,31.239351406774404
24,44,64,9288.660442980097,8158.23182245422,8118.0955160173,-6987.666895491422,31.337846317346248
25,45,65,9295.66376350655,8146.463964707631,8133.816192778952,-6984.6163939800335,30.44656474875228
26,46,66,9307.201074623266,8146.9606263148635,8125.3566760423655,-6965.116227733963,33.514358836120664
27,47,67,9283.86137522256,8126.47184271289,8094.924277264334,-6937.534744754665,22.876938316794167
28,48,68,9294.616235532165,8140.796421284005,8086.604163865445,-6932.784349617286,29.062511204471775
29,49,69,9290.225234226597,8114.962094414382,8096.609267225136,-6921.346127412922,26.014970876683492
30,50,70,9320.236192695673,8110.702908722701,8120.8135627876,-6911.280278814629,26.8361945273341
31,51,71,9301.136519127653,8122.465717341931,8065.2705729247145,-6886.599771138994,32.87122580959158
32,52,72,9308.92734453319,8108.1751392590595,8073.829206786131,-6873.0770015120015,26.209779902635546
33,53,73,9295.28676866114,8105.950387377416,8055.896662125608,-6866.560280841883,20.675209810882734
34,54,74,9318.879827806517,8102.9133151490905,8090.573223537495,-6874.606710880069,23.08346495863816
35,55,75,9313.635371631017,8095.788030976781,8090.886739393139,-6873.039398738902,18.594536500734193
36,56,76,9307.38518745395,8090.743818148491,8090.291156787207,-6873.649787481747,15.277830862471092
37,57,77,9325.697569074047,8103.503111863105,8082.819975267756,-6860.625518056813,26.542178794533356
38,58,78,9328.130181961174,8124.194750729553,8063.239471340476,-6859.304040108853,36.58087028624186
39,59,79,9332.521247960092,8117.218467877976,8063.048483723922,-6847.745703641805,40.11651560988912
40,60,80,9328.74219253809,8116.950526057813,8053.326741770574,-6841.535075290298,39.170225082636534
41,61,81,9297.353909170946,8109.320994466028,8045.143416045368,-6857.11050134045,30.527208955766127
42,62,82,9280.97574719677,8098.232500832404,8062.455024546836,-6879.711778182471,23.34770041153297
43,63,83,9284.178192713349,8104.898864255073,8061.514960425406,-6882.235631967131,22.82353663396134
44,64,84,9306.471592235237,8118.0955160173,8072.2436635504355,-6883.867587332497,26.058893817083117
45,65,85,9318.63354187951,8133.816192778952,8071.683806470236,-6886.866457369679,29.766532865281988
46,66,86,9309.986704982493,8125.3566760423655,8087.7784018266,-6903.148372886473,24.525259644906328
47,67,87,9295.140925630385,8094.924277264334,8086.098370318511,-6885.881721952461,20.073151099912593
48,68,88,9268.650575200701,8086.604163865445,8077.731929384087,-6895.685518048831,17.59886311406308
49,69,89,9275.419582815339,8096.609267225136,8098.241993518148,-6919.431677927945,19.367459751349088
50,70,90,9293.180525342083,8120.8135627876,8086.184839860173,-6913.81787730569,18.170689932503137
51,71,91,9263.025563161913,8065.2705729247145,8109.484822793204,-6911.729832556006,24.04863313500482
52,72,92,9247.56767521418,8073.829206786131,8089.639266059005,-6915.900797630955,20.36500223092844
53,73,93,9225.73346913006,8055.896662125608,8088.376418201413,-6918.53961119696,13.454131965281704
54,74,94,9226.089286130697,8090.573223537495,8072.1583563942295,-6936.642293801029,13.848177849142303
55,75,95,9220.175759557844,8090.886739393139,8079.020537601829,-6949.731517437123,11.835855333198651
56,76,96,9212.626563794765,8090.291156787207,8069.007074077802,-6946.671667070244,10.498643185344008
57,77,97,9195.01536631646,8082.819975267756,8059.876628072422,-6947.681237023717,12.786168326810184
58,78,98,9157.468481834723,8063.239471340476,8062.084291674758,-6967.855281180509,10.394938888489833
59,79,99,9153.58648680872,8063.048483723922,8044.418787981996,-6953.880784897199,13.935417301137932
60,80,100,9145.21503306579,8053.326741770574,8060.530283665079,-6968.641992369863,16.984082727554323
61,81,101,9147.17772497522,8045.143416045368,8065.450670462022,-6963.41636153217,16.73053908494012
62,82,102,9152.179090404985,8062.455024546836,8069.016465760839,-6979.29239990269,19.440422405357822
63,83,103,9153.546973508182,8061.514960425406,8070.33464397367,-6978.302630890892,19.764927949756384
64,84,104,9150.049035426155,8072.2436635504355,8048.915536681343,-6971.110164805623,21.9843602927117
65,85,105,9138.059080801493,8071.683806470236,8024.163005781666,-6957.787731450408,23.378404923645576
66,86,106,9137.05962721478,8087.7784018266,8026.3686490522105,-6977.087423664032,13.246894240206984
67,87,107,9131.279452454772,8086.098370318511,8007.868134324002,-6962.687052187743,18.010287334574514
68,88,108,9130.955385063355,8077.731929384087,8024.819674584522,-6971.596218905253,19.886249911379764
69,89,109,9137.47139133649,8098.241993518148,8019.853358044192,-6980.62396022585,18.6394540695278
70,90,110,9109.861806363553,8086.184839860173,8002.635876595447,-6978.9589100920675,1.7637871168112724
71,91,111,9111.363479516702,8109.484822793204,7973.282857626167,-6971.404200902671,-11.065328709757523
72,92,112,9113.817902927538,8089.639266059005,8016.312999918446,-6992.134363049914,2.019095099270544
73,93,113,9169.40716235495,8088.376418201413,8098.804256600037,-7017.7735124465,9.08872550833712
74,94,114,9163.746732879401,8072.1583563942295,8101.794169674693,-7010.2057931895215,14.617563604379939
75,95,115,9178.995618017354,8079.020537601829,8109.274531349515,-7009.2994509339915,15.448556366300636
76,96,116,9184.596475524846,8069.007074077802,8123.056013681163,-7007.466612234119,12.293678542657744
77,97,117,9181.912705153318,8059.876628072422,8130.068818011354,-7008.032740930459,9.652295653801048
78,98,118,9187.321997358966,8062.084291674758,8134.487830964385,-7009.250125280178,11.842816373672576
79,99,119,9179.238145363397,8044.418787981996,8123.231727387222,-6988.412370005821,10.233063752300495
80,100,120,9184.61295530772,8060.530283665079,8120.254764511362,-6996.172092868719,12.190906287695725
81,101,121,9192.676022562575,8065.450670462022,8123.797383845508,-6996.572031744954,10.250544642943169
82,102,122,9198.514249624479,8069.016465760839,8121.912925034621,-6992.415141170981,18.37274230171397
83,103,123,9210.102028541098,8070.33464397367,8131.228312177689,-6991.460927610262,26.404585075957584
84,104,124,9199.361059255236,8048.915536681343,8139.437085458545,-6988.991562884652,25.455676002222845
85,105,125,9193.41322901861,8024.163005781666,8148.628807610883,-6979.378584373939,30.4241662821496
86,106,126,9187.665795005132,8026.3686490522105,8138.232273146583,-6976.935127193661,30.489279811891265
87,107,127,9176.843127934426,8007.868134324002,8135.661099174924,-6966.6861055645,32.88597789949381
88,108,128,9180.683297963156,8024.819674584522,8116.433963441337,-6960.570340062703,39.63569366903175
89,109,129,9174.01624616019,8019.853358044192,8134.7673339922,-6980.604445876201,28.54242146028855
90,110,130,9175.989957797747,8002.635876595447,8136.909773790236,-6963.555692587937,25.975145053973392
91,111,131,9163.401749873865,7973.282857626167,8143.2956197253625,-6953.176727477665,9.285981940791316
92,112,132,9176.183703133043,8016.312999918446,8143.809077084835,-6983.938373870238,26.419230039750346
93,113,133,9182.854597885085,8098.804256600037,8048.378425491476,-6964.328084206427,46.27888527864343
94,114,134,9195.394136709192,8101.794169674693,8071.871939703579,-6978.271972669079,40.44107554357197
95,115,135,9206.267757456864,8109.274531349515,8071.461700875573,-6974.468474768224,44.64046222361776
96,116,136,9208.759134199698,8123.056013681163,8067.687614547656,-6981.9844940291205,40.807620887489975
97,117,137,9215.542106442006,8130.068818011354,8103.584722380929,-7018.1114339502765,29.735940479798955
98,118,138,9213.062614673381,8134.487830964385,8087.166109178588,-7008.5913254695915,33.17603011947176
99,119,139,9223.927249694401,8123.231727387222,8103.476222602919,-7002.78070029574,32.48642261626219
100,120,140,9219.247257185896,8120.254764511362,8101.900205664562,-7002.907712990029,31.401358473325217
101,121,141,9231.337723598443,8123.797383845508,8123.052076301892,-7015.511736548959,22.960590232452887
102,122,142,9242.12642515231,8121.912925034621,8122.28777079776,-7002.07427068007,25.265734689605324
103,123,143,9245.998843565805,8131.228312177689,8106.856862999306,-6992.08633161119,29.76713815078938
104,124,144,9267.779703907285,8139.437085458545,8125.330892017145,-6996.988273568406,27.47255232286625
105,125,145,9275.723218632334,8148.628807610883,8132.685290286777,-7005.5908792653245,25.523129447259635
106,126,146,9286.818279752355,8138.232273146583,8141.716917532978,-6993.130910927206,28.82698724171587
107,127,147,9299.701008286762,8135.661099174924,8152.9479723071445,-6988.908063195306,28.329013290333023
108,128,148,9284.675342212931,8116.433963441337,8138.362697388601,-6970.121318617008,28.678016445835965
109,129,149,9303.22874928077,8134.7673339922,8155.265444816927,-6986.804029528357,22.341499104633385
110,130,150,9304.63130646749,8136.909773790236,8130.431189334724,-6962.709656657469,33.49775145416288
111,131,151,9318.208000002396,8143.2956197253625,8126.476116566323,-6951.5637362892885,36.70864700265611
112,132,152,9313.42927925153,8143.809077084835,8115.447576731041,-6945.8273745643455,33.88280221217974
113,133,153,9259.282117242761,8048.378425491476,8113.106088824973,-6902.202397073688,29.64928324386483
114,134,154,9257.391931041377,8071.871939703579,8091.424039028823,-6905.904047691027,17.606401799921514
115,135,155,9275.285111431154,8071.461700875573,8098.765728827311,-6894.942318271731,18.823526425902855
116,136,156,9297.996523334565,8067.687614547656,8110.441181533921,-6880.132272747012,27.288615678004135
117,137,157,9298.715274100838,8103.584722380929,8073.299134422386,-6878.168582702476,31.906938461084792
118,138,158,9294.400520381196,8087.166109178588,8075.883894944492,-6868.649483741885,26.863576024682516
119,139,159,9298.60543774703,8103.476222602919,8054.300343200855,-6859.171128056745,23.903588182185104
120,140,160,9304.420143395208,8101.900205664562,8040.238508305641,-6837.718570574994,25.33202874943163
121,141,161,9306.898451294213,8123.052076301892,8044.082366146088,-6860.235991153766,17.1866368590795
122,142,162,9304.936055239967,8122.28777079776,8035.1261704799235,-6852.4778860377155,22.97089177257294
123,143,163,9284.567668955187,8106.856862999306,8039.78921712893,-6862.07841117305,17.79546268753984
124,144,164,9301.881445557021,8125.330892017145,8056.185745330393,-6879.635191790516,19.690715294426354
125,145,165,9320.621078953036,8132.685290286777,8083.55819000534,-6895.62240133908,26.521606752193293
126,146,166,9329.296561502368,8141.716917532978,8093.832218904209,-6906.252574934821,27.092584272570548
127,147,167,9338.72316376789,8152.9479723071445,8098.241861096813,-6912.466669636067,30.6322671554085
128,148,168,9327.064656165645,8138.362697388601,8110.1210165360535,-6921.419057759011,30.155030144721422
129,149,169,9334.99928978482,8155.265444816927,8109.585792283243,-6929.85194731535,25.64670264749111
130,150,170,9314.695409584356,8130.431189334724,8117.621787047773,-6933.35756679814,24.046128208302434
131,151,171,9316.123229452662,8126.476116566323,8122.317329108317,-6932.670216221979,32.01413979651261
132,152,172,9302.089407852718,8115.447576731041,8126.327741727908,-6939.685910606231,31.794480684994596
133,153,173,9297.542903315258,8113.106088824973,8125.684476812628,-6941.247662322345,29.74452284951576
134,154,174,9264.531462236391,8091.424039028823,8120.556939511101,-6947.449516303532,28.09063488582524
135,155,175,9271.719431574344,8098.765728827311,8122.759664015313,-6949.805961268281,28.621988904256796
136,156,176,9257.279531872386,8110.441181533921,8116.036241903312,-6969.197891564847,24.493481514323776
137,157,177,9226.399740419203,8073.299134422386,8124.55515357997,-6971.454547583153,26.35298412862494
138,158,178,9215.907767157649,8075.883894944492,8125.564030268253,-6985.540158055097,25.007726278076007
139,159,179,9198.019457282935,8054.300343200855,8112.962717297527,-6969.243603215447,29.50689358649197
140,160,180,9187.272652127718,8040.238508305641,8111.970057202107,-6964.935913380028,22.535220823926466
141,161,181,9191.220808372482,8044.082366146088,8116.6089187659345,-6969.470476539542,14.857374798265482
142,162,182,9191.201758442796,8035.1261704799235,8116.699383984298,-6960.623796021426,19.39337394203494
143,163,183,9190.778684362544,8039.78921712893,8116.825932696123,-6965.836465462511,19.044683705268653
144,164,184,9182.845067036385,8056.185745330393,8099.2430410446705,-6972.583719338678,14.136327557286677
145,165,185,9180.618248014407,8083.55819000534,8078.4443527863905,-6981.384294777325,16.39831931999106
146,166,186,9193.635452914856,8093.832218904209,8091.962914014519,-6992.1596800038715,19.280473228023766
147,167,187,9199.157633754652,8098.241861096813,8086.387817809417,-6985.472045151579,21.907334194119358
148,168,188,9218.286456308168,8110.1210165360535,8087.67522184598,-6979.5097820738665,29.88759614229184
149,169,189,9225.799178156096,8109.585792283243,8109.540237874613,-6993.326852001759,23.214920904685187
150,170,190,9238.004767119883,8117.621787047773,8116.849866343485,-6996.466886271375,26.169967087490022
151,171,191,9257.383161339174,8122.317329108317,8131.936113417572,-6996.870281186715,31.60013575522862
152,172,192,9259.433366786116,8126.327741727908,8119.5175033082805,-6986.411878250072,34.998635065710005
153,173,193,9259.833907678654,8125.684476812628,8123.76696491423,-6989.617534048204,32.520455630467495
154,174,194,9265.033095793833,8120.556939511101,8122.567048801375,-6978.090892518643,38.13615470381137
155,175,195,9255.069811943824,8122.759664015313,8114.736462350893,-6982.426314422382,37.58622050112126
156,176,196,9268.465989074928,8116.036241903312,8177.5393644321175,-7025.109617260501,21.6944780699655
157,177,197,9273.6958163253,8124.55515357997,8162.024127707411,-7012.88346496208,29.718140359254903
158,178,198,9271.910221393568,8125.564030268253,8167.1537882559105,-7020.807597130597,32.86118473342776
159,179,199,9270.398124434634,8112.962717297527,8160.241799236717,-7002.80639209961,41.090044679502626
160,180,200,9268.950411323964,8111.970057202107,8155.527802244294,-6998.547448122437,40.16530519951448
161,181,201,9271.59124687162,8116.6089187659345,8155.554964797084,-7000.572636691399,39.70718660766215
162,182,202,9271.416761860277,8116.699383984298,8164.278540641977,-7009.561162765998,37.536068855195026
163,183,203,9275.715755659012,8116.825932696123,8179.054431383095,-7020.164608420206,36.83451564872985
164,184,204,9273.49941272007,8099.2430410446705,8177.281582304428,-7003.025210629028,36.79079270347711
165,185,205,9265.263174661288,8078.4443527863905,8176.4528742845605,-6989.634052409663,40.717654414671415
166,186,206,9268.009370592483,8091.962914014519,8176.559473088964,-7000.513016511,42.58171362516259
167,187,207,9270.582934523592,8086.387817809417,8174.843052313004,-6990.647935598829,46.472540589506934
168,188,208,9269.029815566066,8087.67522184598,8165.989706320528,-6984.635112600443,46.76022951970117
169,189,209,9264.99609278027,8109.540237874613,8161.127906297306,-7005.67205139165,32.67531914682468
