Left,Mid,Right,Loss_likeli,Loss_AIC,Loss_BIC,Loss_eBIC
0,20,40,188.0981066082336,20.098106608233593,-21.954573536704856,-1015.6791679290063
1,21,41,199.70772878532807,35.70772878532807,-4.700060402782583,-1064.0936550800589
2,22,42,228.19767475691833,56.19767475691856,12.153530064871802,-1424.0050258440247
3,23,43,231.74663549202614,58.746635492026144,17.031933519891027,-1188.2885954606018
4,24,44,238.18196962508796,52.18196962508796,0.30597385620353634,-1200.405263564508
5,25,45,243.63986428519365,100.63986428519365,61.473239553312396,-794.2725548353626
6,26,46,302.7531663750681,145.75316637506808,99.81952679711708,-919.1712909410633
7,27,47,299.2410518319068,146.24105183190682,103.68517116218368,-1044.4462764542727
8,28,48,278.6153044908167,128.6153044908167,86.85987505086473,-770.437493362108
9,29,49,267.6101698740731,107.61016987407311,71.624325801552,-864.6548142055149
10,30,50,223.83787456269465,77.83787456269465,42.23279275321033,-852.6139790972557
11,31,51,170.84222057230932,38.842220572309316,8.474396726303212,-778.1406352707622
12,32,52,201.6835092205149,51.68350922051491,13.264125093158555,-737.5385872284155
13,33,53,205.94892228949925,65.94892228949925,34.64577725425761,-711.6967587104537
14,34,54,172.07391146273903,58.073911462739034,31.804886237031496,-614.0148323563742
15,35,55,230.61462450474733,91.61462450474733,51.86998666654267,-968.5665851645253
16,36,56,326.3117015810358,147.31170158103578,79.33465210503186,-1032.510551339512
17,37,57,294.8864234962989,123.8864234962989,64.74433337843061,-935.4228491663612
18,38,58,267.9720687780905,122.97206877809049,73.30876231362413,-757.1410254172583
19,39,59,291.4031941014398,132.4031941014398,82.57950695852537,-945.4529284155428
20,40,60,259.9043909784309,90.90439097843091,34.83747467579656,-847.1350691218515
21,41,61,260.24090574159686,107.24090574159686,58.793274037114315,-890.0251742071096
22,42,62,253.50381747121605,131.50381747121605,94.97252365324675,-731.5066743006616
23,43,63,231.5261616941118,117.5261616941118,79.8587980615082,-604.6143459953319
24,44,64,255.2235746060876,110.2235746060876,54.84651271574194,-685.0439780066729
25,45,65,189.87143698128284,114.87143698128284,90.00812597308709,-245.10587777747196
26,46,66,242.32801716810354,144.32801716810354,112.67503026918007,-370.17961100421326
27,47,67,237.76759830820492,147.76759830820492,112.3171329358347,-410.6764009434962
28,48,68,209.67417050810445,122.67417050810445,92.79845150284245,-345.63726362722036
29,49,69,224.58586989375158,98.58586989375158,75.3505566426063,-516.8587843653663
30,50,70,270.93807774079687,119.93807774079687,82.89829698167841,-698.4289756004814
31,51,71,287.5525474006979,128.7510219573071,85.47276969957875,-680.8874192115045
32,52,72,277.83397645664127,132.83397645664127,87.40267539787305,-616.8930498198074
33,53,73,312.1510459394831,148.15104593948308,89.5829281131314,-702.3784514758636
34,54,74,302.021297975024,151.02129797502403,90.18578305585288,-614.1535143297674
35,55,75,441.61761780850134,231.61761780850134,136.78009165553703,-1230.2217657049953
36,56,76,452.5255064933672,251.52550649336717,160.46532634847017,-1242.9177651960151
37,57,77,431.4947820772427,210.4947820772427,112.78699507301667,-1387.4612203507202
38,58,78,458.24718393679154,212.24718393679154,105.49526980795918,-1583.1206318550542
39,59,79,461.483125513239,196.48312551323897,77.85855526058504,-1617.1685295356901
40,60,80,459.3311073798063,190.33110737980633,73.04064892023325,-1737.8690640774234
41,61,81,427.5222662475576,194.52226624755758,96.19470948279627,-1579.7661624633408
42,62,82,413.44795662000706,192.44795662000706,106.28134167083545,-1476.1987803137972
43,63,83,416.4204736502179,185.4204736502179,97.6512150207243,-1550.5631779992837
44,64,84,345.6639588440419,146.66395884404187,76.377795263905,-1199.305661151603
45,65,85,325.51295378881196,147.51295378881196,82.45978558154502,-1062.1209229906462
46,66,86,386.5049230407917,177.5049230407917,103.41201779998096,-1286.8210735515636
47,67,87,366.1573292492476,166.1573292492476,92.92369475512646,-1327.0256847781584
48,68,88,312.65431220422124,135.65431220422124,74.2867629509044,-1074.9866718793096
49,69,89,240.7238757192331,72.72387571923309,35.16308293877364,-955.1738194692857
50,70,90,217.9932714506126,48.99327145061261,14.775402299027064,-996.9309872194635
51,71,91,193.3214153395238,5.519889896133009,-21.269486027339553,-1022.2425369914604
52,72,92,175.9345311319339,-17.06546886806609,-44.95217466192071,-1070.5745630540982
53,73,93,159.3418088453966,-36.6581911546034,-73.3099496097625,-1093.66088875266
54,74,94,189.10853159882663,-21.89146840117337,-57.99038168233892,-1349.6696972970367
55,75,95,189.28396132288208,-51.71603867711792,-100.64388959061398,-1801.7909076327815
56,76,96,176.98874117701598,-76.01125882298402,-122.2594656631702,-1788.8024812230788
57,77,97,142.2189062787602,-178.7810937212398,-244.83070068737197,-2343.02384951177
58,78,98,103.25167838756033,-214.74832161243967,-267.2374641164233,-2321.740471484678
59,79,99,76.8084765338017,-222.1915234661983,-260.9277841119881,-2323.5569506559714
60,80,100,51.581387909363,-239.418612090637,-277.8995656767911,-2293.4223971452466
61,81,101,55.17677765649569,-215.8232223435043,-245.38657396495842,-2239.4928407743687
62,82,102,93.86794599767518,-232.13205400232482,-281.6657957482812,-2480.462292553396
63,83,103,34.33139844847028,-252.66860155152972,-288.118369819736,-2250.797389759625
64,84,104,28.90373596492509,-217.0962640350749,-236.9619613140967,-2027.4156346081581
65,85,105,29.478475833823495,-227.5215241661765,-253.86790161966383,-1848.1898477817076
66,86,106,37.0701466261462,-193.9298533738538,-211.2031785103875,-1826.9704003146899
67,87,107,36.6586835277983,-181.3413164722017,-194.9149705528739,-1520.5491540364474
68,88,108,31.678348209492697,-167.3216517905073,-169.35640773073715,-1425.414290832412
69,89,109,71.27189752849222,-112.72810247150778,-119.42494201988166,-1364.4947171132408
70,90,110,48.487747810768724,-157.51225218923128,-171.69641084389946,-1606.1105885620686
71,91,111,53.5029618432859,-185.4970381567141,-217.45860909795192,-1563.244397989868
72,92,112,71.99156164899637,-164.00843835100363,-193.8217282895414,-1623.17538421253
73,93,113,117.54974460656467,-153.45025539343533,-202.0751544802879,-1889.066175523043
74,94,114,99.13902338754565,-178.86097661245435,-215.08166197893752,-1985.3779785287397
75,95,115,103.6188088992983,-129.3811911007017,-156.24727045610166,-1759.7903303460926
76,96,116,79.89872777102232,-171.10127222897768,-198.67440072268028,-1717.087523613277
77,97,117,74.96798353232589,-208.0320164676741,-242.3206116897943,-1993.165556490957
78,98,118,85.03178834964592,-162.96821165035408,-185.58609879957703,-1926.158649696571
79,99,119,63.80710055740542,-207.19289944259458,-233.29051516124878,-2110.076345866535
80,100,120,23.66565435218945,-261.33434564781055,-284.00487957294354,-2225.8066609680513
81,101,121,29.617853726585963,-264.38214627341404,-287.0280187559006,-2322.727807551085
82,102,122,29.045148625052207,-288.9548513749478,-320.98929400576935,-2196.185148641668
83,103,123,29.892968962419673,-267.1070310375803,-306.1789318356414,-2068.202011435086
84,104,124,27.279874558702204,-254.7201254412978,-289.066857386739,-1934.0458435846758
85,105,125,37.34106036994285,-279.65893963005715,-318.2020321858856,-2130.160170456328
86,106,126,51.05895568300525,-241.94104431699475,-274.8036270168575,-2296.1303093718
87,107,127,44.67768382395275,-205.32231617604725,-220.61816943210488,-1920.3185342122724
88,108,128,45.16217111548622,-194.83782888451378,-197.593193168158,-1675.2124753524968
89,109,129,52.25985676446453,-200.74014323553547,-201.8947755612594,-1658.8447319390584
90,110,130,61.222059947644084,-228.77794005235592,-237.65138613496129,-1956.5704041094768
91,111,131,45.62599076615925,-231.37400923384075,-256.14523288833743,-1830.5291259555597
92,112,132,90.37827068222009,-144.6217293177799,-167.72201425187518,-1827.1113767291881
93,113,133,113.64312495746412,-167.35687504253588,-212.29609574015922,-2132.3288318638624
94,114,134,178.03561982728525,-113.96438017271475,-167.55239916247524,-2112.7201350982914
95,115,135,176.82346304021326,-80.17653695978674,-128.0039329707106,-1819.3562498665738
96,116,136,142.8867118828946,-73.11328811710541,-105.4418116015313,-1591.3731501899765
97,117,137,149.02670611506687,-32.97329388493313,-59.25938730673306,-1144.6836900847593
98,118,138,159.13598429358558,-5.8640157064144205,-33.59987460066259,-1041.8906523295095
99,119,139,211.326511915737,36.326511915737,1.8791237023185658,-1226.4654881691222
100,120,140,219.2447613396887,2.2447613396886936,-34.24696694230215,-1327.7287633465503
101,121,141,298.9171960902677,80.91719609026768,27.898552206431077,-1591.2425424427006
102,122,142,267.3254622416298,73.3254622416298,24.161033585907944,-1242.0378484007128
103,123,143,282.55703084358174,78.55703084358174,17.165109890346685,-1311.9164865827115
104,124,144,296.45534334556237,101.45534334556237,47.942998424554844,-1249.6230891048976
105,125,145,344.8621529996117,113.86215299961168,45.80348059668404,-1640.1386008484046
106,126,146,373.3851016515996,119.3851016515996,33.33798933427079,-1768.5897349376273
107,127,147,369.6750601286494,130.67506012864942,48.42185400862445,-1734.0268220044713
108,128,148,369.97561056534346,132.97561056534346,55.28730217416228,-1436.6300978776203
109,129,149,367.5661422494991,116.56614224949908,45.393551077620714,-1332.780167553974
110,130,150,397.0514558858372,114.05145588583719,31.095524399700025,-1626.188316655578
111,131,151,448.6492888143921,185.6492888143921,100.70131701709533,-1564.5479822527036
112,132,152,451.7111974881859,194.71119748818592,97.98590574024388,-1652.9385765303505
113,133,153,481.60560943446285,190.60560943446285,82.91628179677764,-1837.3484083837725
114,134,154,487.48594261569247,220.48594261569247,121.824188053444,-1735.8746574920544
115,135,155,505.30354228678834,222.30354228678834,122.0170186952198,-1661.8682687371975
116,136,156,473.8427298184338,237.84272981843378,133.4772142756333,-1509.8884344497953
117,137,157,404.02927776118554,188.02927776118554,90.54082633547364,-1217.9351890139094
118,138,158,440.1015019413676,202.1015019413676,96.08601063852166,-1302.8165779331232
119,139,159,471.2537489309998,230.2537489309998,113.26033851979037,-1463.7082374671752
120,140,160,538.6063114268986,243.60631142689863,132.5839446774653,-1736.1542341990803
121,141,161,645.3917172719503,302.39171727195026,158.02762470747166,-2161.9536753840416
122,142,162,596.7491397409376,265.7491397409376,125.15661979800939,-2053.7133977847893
123,143,163,580.7933090782083,247.79330907820827,104.53116889966691,-2067.277944386461
124,144,164,623.5800720983875,244.58007209838752,89.06315030201381,-2884.8271521736124
125,145,165,563.1889693644184,216.18896936441843,78.24774943556054,-2544.8987101898074
126,146,166,545.0921589041773,230.09215890417727,104.98166754192675,-2391.085741209784
127,147,167,497.42413422406617,208.42413422406617,96.42559100127187,-2165.4070243010424
128,148,168,473.5606689895044,187.5606689895044,82.07397537496672,-2159.0202774929185
129,149,169,401.22816550271705,129.22816550271705,34.391581249817136,-1849.161008912154
130,150,170,382.8764004632253,122.87640046322531,35.77811877710633,-1846.6500263657122
131,151,171,328.52225197880944,86.52225197880944,23.658265321888166,-1770.6808532066634
132,152,172,319.4677107193065,74.46771071930652,8.693296870220593,-1682.7672414319372
133,153,173,269.9835070404556,0.9835070404556063,-57.97624424761875,-1888.0402236249492
134,154,174,298.18590778205476,12.185907782054755,-53.30675177451985,-2098.687293763597
135,155,175,276.4434087392617,-33.55659126073829,-101.34743830205366,-2277.985767480711
136,156,176,251.84236667627533,-64.15763332372467,-141.49944900106266,-2611.859737324872
137,157,177,158.4896017136548,-108.51039828634521,-160.68901027056904,-1863.1003072052627
138,158,178,164.06659509172437,-105.93340490827586,-159.9521888931106,-1806.9703275905576
139,159,179,142.41463785132873,-110.58536214867127,-153.7144066763376,-1856.635692442812
140,160,180,106.2115150028526,-156.7884849971474,-189.21359975865266,-1567.7925161373269
141,161,181,128.94438988372212,-130.05561011627788,-153.90026539278324,-1520.8092598054295
142,162,182,112.46672695442066,-142.53327304557934,-167.79257699477625,-1536.9457854036873
143,163,183,105.70136341051034,-158.29863658948966,-182.75246041729224,-1559.0006674011966
144,164,184,162.2159402277548,-103.7840597722452,-139.5224204668134,-2317.169873219434
145,165,185,144.4023761453061,-109.5976238546939,-144.90676835241788,-2103.101486279337
146,166,186,123.46014821219796,-104.53985178780204,-124.47846159736446,-1995.6046464726005
147,167,187,105.27509061129763,-96.72490938870237,-105.79844118374285,-1791.1539720245937
148,168,188,113.39494359263676,-114.60505640736324,-137.66282852944528,-1921.6501795679637
149,169,189,129.69281539093936,-87.30718460906064,-108.41288261549835,-1750.756527825466
150,170,190,144.42980934267712,-52.57019065732288,-67.81873152547723,-1682.9982786241408
151,171,191,115.5305014296614,-71.4694985703386,-76.54077421652369,-1547.218948735148
152,172,192,119.99196809798104,-66.00803190201896,-69.86806940063343,-1237.7157224027724
153,173,193,118.36941985938051,-113.63058014061949,-127.07890063558557,-1636.0320855956115
154,174,194,166.61280917364888,-84.38719082635134,-114.05357917299398,-1901.0917208846595
155,175,195,124.40782969810243,-134.59217030189757,-161.64686418482756,-2147.822581457349
156,176,196,111.0549691139804,-195.9450308860196,-228.12213351030528,-2555.2487919138057
157,177,197,115.07387333186057,-165.92612666813943,-198.38869811568338,-2140.378458545506
158,178,198,156.35139177404358,-122.64860822595665,-157.58118330274624,-2143.1297182829967
159,179,199,171.47450606520874,-95.52549393479126,-134.8808830786561,-2189.512411931978
160,180,200,222.93023533069618,-50.06976466930382,-100.64333722921765,-1841.4002306663315
161,181,201,247.10174732091104,48.101747320911045,19.818274813308108,-1396.5703676110193
162,182,202,226.12965005221304,5.129650052213037,-18.104869628604547,-1607.7744137767777
163,183,203,180.47218863762237,-41.52781136237763,-54.77531797338588,-1612.9710776213196
164,184,204,181.33370571713385,27.333705717133853,24.482495383110745,-1361.6544846630914
165,185,205,183.45021253789037,36.450212537890366,41.58952183494603,-1414.9546361346893
166,186,206,153.4930986192262,5.493098619226203,4.242790744745207,-1228.9884927637863
167,187,207,147.293775845857,-39.706224154143,-49.97610365452783,-1574.9848696902495
168,188,208,119.14849117067365,-87.85150882932635,-104.612975162451,-1561.0137248551491
169,189,209,168.98752407288976,-66.01247592711024,-97.11948516637403,-1735.960914713678
