Left,Mid,Right,Loss,Loss_left,Loss_right,gain,glasso
0,20,40,9205.618840168341,8102.988013928681,8088.371559213175,-6985.740732973514,29.503357460106145
1,21,41,9203.935373987317,8107.402649769691,8081.330069304075,-6984.79734508645,29.740207523569552
2,22,42,9215.494134258726,8142.663762104066,8071.552070560345,-6998.721698405685,23.608250823102935
3,23,43,9234.524379283208,8161.170824880711,8081.977887858748,-7008.62433345625,32.02953974402453
4,24,44,9240.152677008631,8176.884336843288,8082.4003812055735,-7019.1320410402295,35.370560802601176
5,25,45,9240.262575462133,8167.314795600039,8114.864554775402,-7041.9167749133085,29.918000337732337
6,26,46,9247.234178838675,8173.541191132306,8116.9419450021405,-7043.248957295773,27.493636551342206
7,27,47,9247.043282339928,8172.989147871182,8111.391982158708,-7037.337847689962,32.44194807735448
8,28,48,9218.526254903314,8127.007533376688,8111.435422112162,-7019.916700585536,28.632788105012878
9,29,49,9216.05098030333,8139.507695364029,8095.054656487065,-7018.5113715477655,32.361402698672464
10,30,50,9232.324727316456,8142.259670175037,8119.206697367919,-7029.1416402265,30.65943216472033
11,31,51,9229.353840624302,8129.316367982135,8131.985440654853,-7031.947968012686,22.201728211203772
12,32,52,9215.139781654514,8104.520458496251,8135.283358706991,-7024.664035548729,18.709251591322754
13,33,53,9220.112612272625,8102.684189296406,8137.980562727375,-7020.552139751157,18.975597804199424
14,34,54,9208.91892889693,8088.987566162384,8138.5494150366285,-7018.618052302083,18.14352767308401
15,35,55,9209.93395547176,8108.808832421948,8118.055676116855,-7016.930553067041,17.18613637680619
16,36,56,9212.041889967244,8108.4251016633425,8113.516304466068,-7009.899516162166,24.910049971628723
17,37,57,9214.336783779305,8118.731824792008,8097.008619856504,-7001.403660869208,27.118893846933133
18,38,58,9197.033225084233,8104.009351320978,8104.811250823464,-7011.787377060209,18.823207795991948
19,39,59,9197.916353721172,8099.028206510019,8105.635113627675,-7006.746966416522,18.977825393435978
20,40,60,9198.262964652928,8088.371559213175,8116.425492181588,-7006.5340867418345,17.56101708417509
21,41,61,9205.366090848878,8081.330069304075,8130.925645644029,-7006.889624099225,14.123902394392644
22,42,62,9214.520172703673,8071.552070560345,8144.407888661606,-7001.439786518278,11.658815765122654
23,43,63,9252.27639136711,8081.977887858748,8166.621580248822,-6996.32307674046,15.841134574074658
24,44,64,9247.348624523656,8082.4003812055735,8149.200016805982,-6984.2517734879,17.18715777140278
25,45,65,9248.064652187219,8114.864554775402,8109.789201945117,-6976.589104533301,23.715809948795595
26,46,66,9260.377071580246,8116.9419450021405,8120.968989416079,-6977.533862837974,19.63822155215348
27,47,67,9285.952505341571,8111.391982158708,8146.982073402908,-6972.421550220046,24.236465508844958
28,48,68,9288.057915983401,8111.435422112162,8134.345945065249,-6957.72345119401,29.61704632703095
29,49,69,9300.981460286053,8095.054656487065,8149.004385662828,-6943.077581863839,33.109873745598634
30,50,70,9321.785555079987,8119.206697367919,8150.679857272545,-6948.100999560476,30.921079194587037
31,51,71,9337.170800480562,8131.985440654853,8148.512469779093,-6943.327109953385,31.773609097535882
32,52,72,9357.086928774026,8135.283358706991,8154.615941979509,-6932.812371912474,37.77893622444344
33,53,73,9366.239809553626,8137.980562727375,8148.2592513427635,-6920.0000045165125,39.341672379443025
34,54,74,9410.707430997532,8138.5494150366285,8185.061076564181,-6912.9030606032775,48.00641686006111
35,55,75,9394.031776686437,8118.055676116855,8181.997561556257,-6906.021460986674,43.39771380296634
36,56,76,9398.168583496887,8113.516304466068,8152.52104545976,-6867.868766428941,53.86767940941445
37,57,77,9391.446969618002,8097.008619856504,8159.681103359159,-6865.24275359766,50.09748932934326
38,58,78,9395.175327783412,8104.811250823464,8149.379003181735,-6859.014926221787,48.25468789072647
39,59,79,9408.888155608447,8105.635113627675,8151.1290174226015,-6847.87597544183,52.487926797963155
40,60,80,9411.85184717802,8116.425492181588,8124.052487084561,-6828.626132088129,60.63205577421695
41,61,81,9427.961334251715,8130.925645644029,8134.01290315715,-6836.977214549464,58.98889098699556
42,62,82,9421.411048888864,8144.407888661606,8127.924757723135,-6850.921597495877,52.827675716996964
43,63,83,9409.1666411089,8166.621580248822,8116.96592595767,-6874.420865097591,45.6750484080294
44,64,84,9384.136861263434,8149.200016805982,8119.018136852514,-6884.081292395062,39.503151281379814
45,65,85,9370.453703923355,8109.789201945117,8146.7899958074895,-6886.125493829251,41.941741096055466
46,66,86,9400.777607360644,8120.968989416079,8177.057101883278,-6897.248483938714,52.82295601389387
47,67,87,9402.619690965908,8146.982073402908,8170.394976055178,-6914.757358492177,50.91665128621116
48,68,88,9381.661849109276,8134.345945065249,8158.721359594318,-6911.40545555029,51.93631791385042
49,69,89,9381.935972467683,8149.004385662828,8155.569493699621,-6922.6379068947645,47.27341039821067
50,70,90,9374.849871261145,8150.679857272545,8158.803565727187,-6934.633551738587,45.77362822750683
51,71,91,9353.853079301236,8148.512469779093,8154.230898129429,-6948.8902886072865,41.404713231140704
52,72,92,9358.431061124083,8154.615941979509,8164.0914547113825,-6960.2763355668085,40.59399386126461
53,73,93,9359.910384330062,8148.2592513427635,8177.6513789598375,-6966.00024597254,39.62230835422952
54,74,94,9352.583346175714,8185.061076564181,8149.16260519609,-6981.640335584558,37.332593308422474
55,75,95,9340.205756518837,8181.997561556257,8153.37892219497,-6995.170727232391,34.90551126520131
56,76,96,9326.323827417742,8152.52104545976,8141.498025771461,-6967.6952438134795,43.78835091359224
57,77,97,9309.945024050601,8159.681103359159,8136.456014687385,-6986.192093995942,39.72806751490407
58,78,98,9293.898224880782,8149.379003181735,8137.202500878339,-6992.683279179293,38.15609444824577
59,79,99,9287.528428618374,8151.1290174226015,8139.762169089385,-7003.362757893612,35.290197588485626
60,80,100,9266.605265268088,8124.052487084561,8145.171783635973,-7002.619005452445,41.38369528874364
61,81,101,9263.757943264642,8134.01290315715,8134.898036229524,-7005.152996122033,39.82154158423327
62,82,102,9259.874344821379,8127.924757723135,8136.223145678141,-7004.273558579898,40.125608444432146
63,83,103,9243.07971944663,8116.96592595767,8131.7687894339915,-7005.654995945031,39.39575237072631
64,84,104,9244.386119379742,8119.018136852514,8133.233961797478,-7007.865979270249,38.86126301703962
65,85,105,9251.237900585324,8146.7899958074895,8136.4001271915395,-7031.952222413705,30.07880268418512
66,86,106,9245.095997797867,8177.057101883278,8049.177772431664,-6981.138876517074,58.9250619830118
67,87,107,9246.799347018363,8170.394976055178,8056.180530632675,-6979.776159669489,58.26668350376667
68,88,108,9246.665074425826,8158.721359594318,8061.236973210263,-6973.293258378755,60.919238753375794
69,89,109,9249.164281228495,8155.569493699621,8088.656978657032,-6995.062191128156,48.97250572705707
70,90,110,9241.563283562557,8158.803565727187,8074.8224277013,-6992.06270986593,47.34201095931894
71,91,111,9247.393579857246,8154.230898129429,8106.357301412514,-7013.194619684698,42.49023002220156
72,92,112,9243.517305224024,8164.0914547113825,8093.435468794913,-7014.009618282271,37.900798695645335
73,93,113,9251.459309229826,8177.6513789598375,8087.743226951218,-7013.935296681231,36.893368830561485
74,94,114,9228.5505316188,8149.16260519609,8105.999717147028,-7026.611790724319,25.24121041659828
75,95,115,9227.168641351718,8153.37892219497,8099.19267559298,-7025.402956436232,27.4733908277949
76,96,116,9222.355916627524,8141.498025771461,8100.621922598553,-7019.76403174249,29.319600003140295
77,97,117,9223.14629755739,8136.456014687385,8090.56445181004,-7003.874168940034,35.72488810768027
78,98,118,9219.21034087592,8137.202500878339,8079.657630055073,-6997.649790057492,37.91846982551169
79,99,119,9225.879485594673,8139.762169089385,8100.759425151555,-7014.642108646267,26.04207909579236
80,100,120,9222.08855461891,8145.171783635973,8100.24763610558,-7023.330865122643,24.315599360524175
81,101,121,9210.531938549206,8134.898036229524,8084.551579369661,-7008.91767704998,27.562091289400087
82,102,122,9207.661049345137,8136.223145678141,8083.655272172129,-7012.217368505133,27.010248235627387
83,103,123,9196.609484985998,8131.7687894339915,8081.72981065146,-7016.889115099453,24.807308088572427
84,104,124,9195.0683525758,8133.233961797478,8081.664295197981,-7019.829904419659,25.42279705479723
85,105,125,9206.302689427524,8136.4001271915395,8086.2645577989615,-7016.3619955629765,26.79136094382193
86,106,126,9157.214424649394,8049.177772431664,8091.26470575417,-6983.228053536441,31.553271601801043
87,107,127,9149.472539861883,8056.180530632675,8072.687061896141,-6979.395052666932,26.65099565260607
88,108,128,9149.440138165734,8061.236973210263,8067.146318507177,-6978.943153551707,20.762392497609653
89,109,129,9155.178256874122,8088.656978657032,8065.868202890834,-6999.346924673744,16.577663661976658
90,110,130,9143.822663156501,8074.8224277013,8068.3769389433655,-6999.376703488164,18.068518837478678
91,111,131,9145.412622516973,8106.357301412514,8042.303223767104,-7003.247902662644,9.91498126016586
92,112,132,9141.439585727283,8093.435468794913,8056.758037670765,-7008.753920738394,12.403624280751501
93,113,133,9143.491969939907,8087.743226951218,8055.085082834816,-6999.336339846126,13.17672512586796
94,114,134,9137.717088142788,8105.999717147028,8029.459675971567,-6997.742304975807,3.2890143459721912
95,115,135,9159.362641806261,8099.19267559298,8054.765903429025,-6994.595937215743,16.80641920421931
96,116,136,9163.766180427934,8100.621922598553,8044.499804552615,-6981.3555467232345,20.727757014466988
97,117,137,9168.52923320451,8090.56445181004,8052.013690294739,-6974.048908900269,29.649917936530073
98,118,138,9175.391553283593,8079.657630055073,8041.328729787398,-6945.594806558878,38.359346712876686
99,119,139,9178.433125135036,8100.759425151555,8056.116505820711,-6978.4428058372305,26.320360784903187
100,120,140,9188.34959987814,8100.24763610558,8073.790517537586,-6985.688553765027,29.43148918549923
101,121,141,9221.476493659731,8084.551579369661,8114.392519350322,-6977.467605060252,33.59427661195559
102,122,142,9236.932756889246,8083.655272172129,8109.527831926863,-6956.250347209747,36.76242100793934
103,123,143,9263.814838667704,8081.72981065146,8140.626386386511,-6958.541358370267,35.045296656769096
104,124,144,9287.3950877333,8081.664295197981,8170.404158439128,-6964.673365903807,30.576395747558763
105,125,145,9298.827884839444,8086.2645577989615,8165.742340604545,-6953.179013564062,29.864791785871603
106,126,146,9328.061796934178,8091.26470575417,8180.665607738474,-6943.868516558467,33.083191202444596
107,127,147,9342.988088995638,8072.687061896141,8195.84605484826,-6925.5450277487635,38.402822661016216
108,128,148,9365.185098566337,8067.146318507177,8220.791891770787,-6922.753111711627,37.04662488215945
109,129,149,9365.70847851281,8065.868202890834,8217.859274867233,-6918.018999245258,36.25074405191208
110,130,150,9374.163447326373,8068.3769389433655,8230.206691023908,-6924.420182640901,40.67731158170227
111,131,151,9355.072260319468,8042.303223767104,8210.16575147055,-6897.396714918186,34.94565015907074
112,132,152,9356.74467898775,8056.758037670765,8216.580786573795,-6916.5941452568095,36.26227489197299
113,133,153,9356.825379690476,8055.085082834816,8219.962162320167,-6918.221865464508,32.95557289592443
114,134,154,9364.362421891372,8029.459675971567,8224.623686544426,-6889.720940624622,32.702178594337965
115,135,155,9387.556252915741,8054.765903429025,8224.216954420228,-6891.426604933511,41.84405229435788
116,136,156,9388.35315186072,8044.499804552615,8212.619153104284,-6868.76580579618,44.61007362715054
117,137,157,9387.655130196123,8052.013690294739,8195.809300742074,-6860.167860840691,48.38378338507755
118,138,158,9400.352254579093,8041.328729787398,8195.864267431483,-6836.840742639788,52.122868928216576
119,139,159,9390.17438307847,8056.116505820711,8172.916300332905,-6838.858423075146,51.494460382547004
120,140,160,9400.012782963613,8073.790517537586,8146.9865196299925,-6820.764254203967,57.054897221979445
121,141,161,9414.720779037214,8114.392519350322,8147.071022863765,-6846.742763176873,60.50843445555438
122,142,162,9407.150183186397,8109.527831926863,8152.401630317798,-6854.779279058264,59.47780746652961
123,143,163,9428.955629422973,8140.626386386511,8154.891167019834,-6866.561923983372,58.384661438135026
124,144,164,9436.52937489907,8170.404158439128,8149.19679069827,-6883.071574238329,56.17709406426502
125,145,165,9406.652024166473,8165.742340604545,8137.002732906214,-6896.093049344287,48.6232979508427
126,146,166,9402.303613950666,8180.665607738474,8130.228624183141,-6908.590617970949,45.37906487137025
127,147,167,9397.709800847966,8195.84605484826,8130.951757642052,-6929.088011642347,39.4335312886833
128,148,168,9395.451009161829,8220.791891770787,8114.923116784358,-6940.263999393315,34.15976273027536
129,149,169,9399.338197051897,8217.859274867233,8122.8684397437755,-6941.3895175591115,36.87780241136943
130,150,170,9399.37942387349,8230.206691023908,8124.635510734121,-6955.462777884541,34.47270404264373
131,151,171,9401.758020994943,8210.16575147055,8147.734146135552,-6956.141876611158,45.58048273591385
132,152,172,9399.502324490548,8216.580786573795,8148.330075793117,-6965.408537876365,43.36884664198806
133,153,173,9372.72010436247,8219.962162320167,8145.003045994861,-6992.245103952559,33.828954592113405
134,154,174,9396.33291895319,8224.623686544426,8151.512187065386,-6979.802954656621,46.80074616582033
135,155,175,9369.080564917218,8224.216954420228,8139.215196840107,-6994.351586343117,34.728285023543776
136,156,176,9350.232437651062,8212.619153104284,8133.538021825742,-6995.924737278965,32.93124054901864
137,157,177,9345.215846598216,8195.809300742074,8158.962131064034,-7009.555585207892,33.46013945067807
138,158,178,9329.738006687128,8195.864267431483,8153.619727520494,-7019.745988264849,32.660063608836026
139,159,179,9317.260408483693,8172.916300332905,8160.696323728596,-7016.352215577808,36.889422430664126
140,160,180,9295.149527718962,8146.9865196299925,8175.012712578546,-7026.849704489576,32.83750071891791
141,161,181,9298.283821590361,8147.071022863765,8157.072618678478,-7005.859819951882,44.54828843905352
142,162,182,9301.039496650386,8152.401630317798,8158.65272956131,-7010.014863228722,48.87145892108947
143,163,183,9296.445992785013,8154.891167019834,8148.080105258805,-7006.525279493626,47.40067723103948
144,164,184,9294.261915328541,8149.19679069827,8147.420498705935,-7002.355374075663,49.964271702813676
145,165,185,9291.74431275688,8137.002732906214,8153.706422747677,-6998.96484289701,49.49381360508369
146,166,186,9294.928819451401,8130.228624183141,8149.474277106507,-6984.774081838246,52.560951860812565
147,167,187,9288.498384117502,8130.951757642052,8145.677582280559,-6988.130955805111,52.096414531218215
148,168,188,9282.154083530737,8114.923116784358,8145.173793964403,-6977.942827218025,49.354257367519494
149,169,189,9282.355978337688,8122.8684397437755,8133.850652607502,-6974.363114013589,50.40805384203122
150,170,190,9291.872874761382,8124.635510734121,8149.420513560096,-6982.183149532835,53.573759666773185
151,171,191,9296.922275571294,8147.734146135552,8148.276690840556,-6999.088561404813,52.36519745237274
152,172,192,9292.724293896541,8148.330075793117,8149.160381723954,-7004.76616362053,51.03696924511405
153,173,193,9290.04907811563,8145.003045994861,8160.3860482108885,-7015.34001609012,43.20884579772883
154,174,194,9280.429389780833,8151.512187065386,8161.0224971486505,-7032.105294433202,34.01171687511078
155,175,195,9272.875917015119,8139.215196840107,8168.432780419688,-7034.772060244677,27.820064513632133
156,176,196,9269.865945202519,8133.538021825742,8166.367819927442,-7030.0398965506665,30.98661461474967
157,177,197,9274.429251202868,8158.962131064034,8154.089576441553,-7038.622456302719,26.224335410497133
158,178,198,9267.66085313751,8153.619727520494,8154.461469472222,-7040.420343855207,25.168611132902697
159,179,199,9274.873099192413,8160.696323728596,8165.704576586491,-7051.527801122675,21.62358399155437
160,180,200,9274.094401885053,8175.012712578546,8143.893208302132,-7044.811518995624,23.52097252097292
161,181,201,9263.511389030684,8157.072618678478,8137.3726638477465,-7030.933893495539,25.92347771035611
162,182,202,9261.297293018511,8158.65272956131,8121.845044474891,-7019.2004810176895,34.614536918244994
163,183,203,9260.98738887755,8148.080105258805,8132.0559198254405,-7019.148636206695,32.17550682158526
164,184,204,9259.797739241912,8147.420498705935,8123.153300962108,-7010.776060426131,40.95324296161334
165,185,205,9280.327443203461,8153.706422747677,8134.8037328410355,-7008.182712385251,47.961071559223456
166,186,206,9276.102268798435,8149.474277106507,8120.625054257667,-6993.997062565739,52.50390943781349
167,187,207,9282.813413218964,8145.677582280559,8132.23482078839,-6995.098989849985,52.96105712645476
168,188,208,9292.347294545307,8145.173793964403,8138.390409629037,-6991.216909048133,58.18225449996089
169,189,209,9284.941069004168,8133.850652607502,8148.558973062168,-6997.468556665501,50.50366131609826
