Left,Mid,Right,Loss_likeli,Loss_AIC,Loss_BIC,Loss_eBIC
0,20,40,195.08503480247236,-78.91496519752764,-150.1744517017894,-1729.5934952477783
1,21,41,109.0180638983827,-100.9819361016173,-126.37707671009161,-1103.4051019439466
2,22,42,150.1109420764003,-69.8890579235997,-96.68861520080236,-1323.1215960783302
3,23,43,122.71761874110825,-29.282381258891746,-42.57478779860003,-1034.353668679351
4,24,44,203.31100032695576,8.311000326955764,-29.85538599696315,-1445.197532434674
5,25,45,234.22944433813655,12.229444338136545,-34.92455353472633,-1527.3662704331487
6,26,46,215.52523277546015,-12.474767224539846,-65.68444170097973,-1570.6461032269895
7,27,47,113.65398079380998,-47.34601920619002,-60.26719071297157,-1003.4263752727402
8,28,48,134.52078095654474,-46.47921904345526,-41.18122714291712,-1246.1448319106644
9,29,49,104.72857358525403,-104.27142641474597,-118.86853378888122,-1437.2905557280528
10,30,50,150.6248810864288,-144.3751189135712,-188.71780930544742,-2099.5050508735985
11,31,51,148.16418104171316,-145.83581895828684,-194.77643748658807,-2215.8694166313344
12,32,52,158.35962623358546,-153.64037376641454,-203.07847582978752,-2183.7392796459435
13,33,53,193.4639219971565,-150.53607800284362,-222.8998791223794,-2563.2824438911257
14,34,54,196.6757606449139,-171.3242393550861,-249.58329443166735,-2951.075389381553
15,35,55,169.44220920521366,-170.55779079478634,-219.9384225359138,-2267.895725290383
16,36,56,184.04986680971615,-156.95013319028385,-209.9037104181432,-2293.552418369368
17,37,57,164.61049572400407,-158.38950427599593,-210.68309734481022,-2474.9352047847265
18,38,58,150.66924369730327,-154.33075630269673,-189.14694690486067,-2492.683589194011
19,39,59,137.43364422850186,-169.56635577149814,-208.6332461478337,-2501.4630794668956
20,40,60,137.63779010226904,-173.36220989773096,-209.25812636514365,-2048.9286855170144
21,41,61,72.76833566385699,-224.231664336143,-243.0455288007122,-1811.4395970247997
22,42,62,81.72961805908244,-206.27038194091756,-217.35438903716977,-1708.2373734100702
23,43,63,110.36966330963446,-136.63033669036554,-169.3756015371814,-1710.408161366513
24,44,64,129.8634558493668,-111.1365441506332,-147.9446214466957,-1796.9181367974184
25,45,65,139.60681780649224,-142.39318219350776,-175.58208921151595,-1902.934135922545
26,46,66,154.35002529099734,-138.64997470900266,-162.7887118516162,-2010.1905606626015
27,47,67,167.13354598311184,-77.86645401688816,-129.83579229069755,-1657.7938434048765
28,48,68,150.6288608662153,-47.37113913378471,-73.8613274373954,-1395.7329256583812
29,49,69,180.10791980480008,-56.892080195199924,-103.7978396839294,-1726.5332598911791
30,50,70,224.00088614168658,-101.99911385831342,-159.4229142572883,-2239.8729079057703
31,51,71,244.80251651648746,-95.19748348351254,-146.80104830027244,-2298.200682696896
32,52,72,275.55446428087885,-17.445535719121153,-77.93206352848597,-1963.439630792595
33,53,73,331.8343604304034,59.83436043040342,-12.924947849893897,-1726.959764276885
34,54,74,408.3908597799182,79.39085977991817,-19.91626467870151,-2260.51677132359
35,55,75,409.5585018368156,89.5585018368156,-21.464941244076954,-2000.5060725806916
36,56,76,438.15091747705605,107.15091747705605,-19.452394567191277,-2119.9558950901605
37,57,77,425.8372142264395,106.83721422643953,-8.968378795593935,-1926.8154845830668
38,58,78,421.50593042929313,100.50593042929313,-3.051680300452972,-2000.7824251016318
39,59,79,469.8143549568165,111.81435495681649,-16.413107516740865,-2221.7129554457047
40,60,80,597.2631418140436,194.2631418140436,53.29945682527182,-2698.9094193315213
41,61,81,577.9530644121244,160.95306441212438,13.982296718300177,-2962.066804631928
42,62,82,553.619827116747,132.61982711674705,-13.54842537338277,-2825.6343528751586
43,63,83,428.63229444540366,104.63229444540366,-6.9977729959978205,-2124.87848385357
44,64,84,391.62488592608065,98.62488592608065,0.923836899337175,-2074.861185626524
45,65,85,415.5047015811026,58.50470158110261,-47.32398937413245,-2293.8564437297077
46,66,86,411.0685512694481,38.06855126944811,-64.36914533640174,-2413.8253221489413
47,67,87,307.47870666086646,31.478706660866465,-24.428193361470676,-1495.6138437142963
48,68,88,326.4107690845226,76.4107690845226,1.06598601464475,-1434.203634083301
49,69,89,309.0742821784802,90.07428217848019,18.471545974555056,-1314.851287177849
50,70,90,341.8153300341496,83.81533003414961,17.329264506828167,-1631.0161363609318
51,71,91,315.5444412166478,69.54444121664778,30.038087413465064,-1526.4265688728901
52,72,92,299.94918975122255,77.94918975122255,35.85086649586583,-1491.3691073644804
53,73,93,297.62574636183103,79.62574636183103,40.278449331195134,-1544.699650488903
54,74,94,294.81983648090227,70.81983648090227,31.81596355778538,-1604.7026067161992
55,75,95,278.23144647924823,41.231446479248234,-15.034545134525615,-1676.643733342025
56,76,96,262.2744531269261,19.27445312692612,-39.303692727065936,-1677.2838902974527
57,77,97,272.88513457465274,66.88513457465274,20.10493250915806,-1373.9483627262312
58,78,98,273.50687956724573,56.50687956724573,5.529386642677764,-1512.6982951159612
59,79,99,223.68510282325292,11.685102823252919,-19.002481183076043,-1665.2324278732667
60,80,100,333.18689785273773,108.18689785273773,56.81739537690896,-2091.8102815850057
61,81,101,188.7610302289297,-17.238969771070288,-44.24635126609746,-1785.0420530075753
62,82,102,200.9254328623083,-40.0745671376917,-84.91600487860683,-1613.8790172598447
63,83,103,179.89699144195242,-14.103008558047577,-48.30579284238979,-1115.0837435836283
64,84,104,179.9640898041173,-18.035910195882707,-52.84386466621277,-1272.1131030597426
65,85,105,245.90017461791558,29.90017461791558,-15.948811856080283,-1403.842121347252
66,86,106,281.91776968557974,60.91776968557974,5.99455431237925,-1540.0163298391071
67,87,107,219.3617426422138,23.361742642213812,0.699235346716705,-968.2350894948668
68,88,108,270.04676908484635,63.046769084846346,15.00198093113886,-1264.473288094278
69,89,109,172.42246232545745,-8.577537674542555,-44.625828347502875,-1186.048192919
70,90,110,187.0696898551596,11.069689855159595,-29.76731552979504,-1092.9430307374914
71,91,111,169.6727528381714,12.672752838171391,-18.358222357740487,-1081.6722433370733
72,92,112,160.28095681787045,3.2809568178704467,-20.317771230300423,-1083.1722179473304
73,93,113,165.97167946334184,5.971679463341843,-18.16410962583882,-1080.9669053304
74,94,114,120.52250054293336,-31.477499457066642,-53.08767216349429,-1053.5149363100522
75,95,115,103.13590992673016,-71.86409007326984,-97.83146075904187,-1088.5933344980872
76,96,116,143.61184253192118,-54.388157468078816,-84.20732210830352,-1354.2875973256077
77,97,117,108.23982161916501,-55.76017838083499,-68.91943632777202,-1187.058082230497
78,98,118,136.0039809014179,-41.99601909858211,-63.380914930572544,-1232.4268226153704
79,99,119,86.55692520300863,-98.44307479699137,-111.18295792662161,-1171.2924065483576
80,100,120,160.8549579413111,3.8549579413111132,-8.807616969762421,-1429.5262536162008
81,101,121,94.51750327228115,-48.48249672771885,-48.28319468915515,-1079.7570359425172
82,102,122,147.20697637281728,-5.79302362718272,-12.020845185921644,-993.1152192626846
83,103,123,113.79648082144286,-75.20351917855714,-94.09374993865526,-1215.253591162129
84,104,124,120.31836570813039,-85.68163429186961,-109.56985347437694,-1441.472246925301
85,105,125,136.68865338248588,-49.31134661751412,-70.17371487008108,-1328.166147598386
86,106,126,149.9356021690512,-36.06439783094879,-56.92676608351553,-1387.2115511136885
87,107,127,122.57481658800748,-52.42518341199252,-63.6521410766527,-1377.9633834084843
88,108,128,183.06156310253027,9.061563102530272,-10.678441772632368,-1295.66296600656
89,109,129,115.51914298313795,-59.480857016862046,-81.10502238992149,-1342.614155839277
90,110,130,122.37898460554015,-69.62101539445985,-106.29380330804747,-1339.139058618357
91,111,131,127.1761545330794,-66.8238454669206,-106.91838078602223,-1264.1070680617345
92,112,132,139.30133322329993,-60.698666776700065,-103.36811306211962,-1312.2996308283177
93,113,133,169.17414227496852,-87.82585772503148,-141.46331329375107,-1697.2449613216977
94,114,134,145.6866742148443,-91.31332578515571,-118.2752630841469,-1424.5127050643596
95,115,135,100.7726314108861,-103.2273685891139,-130.86755957651553,-1178.4190924153904
96,116,136,91.79638067244196,-120.20361932755804,-153.50374987633904,-1438.2425701851553
97,117,137,87.91633801634748,-109.08366198365252,-116.9253519106096,-1104.372498496573
98,118,138,134.47134148123587,-97.52865851876413,-135.40111802831302,-1488.7535510576636
99,119,139,99.34749934939123,-91.65250065060877,-108.76587496202114,-1263.1672289954558
100,120,140,110.28831250333951,-103.71168749666049,-126.38423191918423,-1574.3947434459578
101,121,141,196.6120809902245,19.612080990224513,-12.018730003667997,-1287.674720014205
102,122,142,208.25242023319151,23.252420233191515,-9.789163242378208,-1237.3785640238066
103,123,143,275.043605235461,47.04360523546097,-6.8592164215385765,-1720.2687309769126
104,124,144,316.2152622082706,65.21526220827059,-3.593495755404092,-1872.589811168919
105,125,145,361.92364881584626,121.92364881584626,55.80810889248323,-1783.75522179344
106,126,146,368.45796054700577,115.45796054700577,43.21673443582176,-1802.922681119756
107,127,147,413.46984834188106,148.46984834188106,66.78849268657314,-2093.307261289423
108,128,148,446.96402996216057,160.96402996216057,66.40147030257617,-2052.3482635879973
109,129,149,475.55274408027185,172.55274408027185,66.18704551250585,-2066.877571162566
110,130,150,491.6217246720307,170.62172467203072,61.49842829272916,-2217.66580463544
111,131,151,498.2978069318906,172.2978069318906,45.690526141427426,-2199.4310554499593
112,132,152,480.5991827663495,157.5991827663495,37.98119961888369,-2036.0163248585495
113,133,153,583.7633749313736,204.76337493137362,60.92749550206281,-2678.960395330606
114,134,154,575.0208325182848,186.0208325182848,51.84504571371281,-2395.4676070064434
115,135,155,516.9699458239206,175.96994582392063,50.34629192056764,-2010.8241151321913
116,136,156,447.6725469703997,140.6725469703997,19.37792035749476,-1911.5509168230415
117,137,157,442.9510942905001,150.95109429050012,51.79727540417207,-1582.334139318495
118,138,158,462.42624474025797,141.42624474025797,13.403430196162617,-1734.5485500401087
119,139,159,452.01251873791807,161.01251873791807,34.45778675879092,-1594.346571205594
120,140,160,540.8434809899286,208.8434809899286,60.88060309396474,-2092.9742577856623
121,141,161,430.7602711403779,169.76027114037788,57.32053395046751,-1660.9427459002627
122,142,162,418.1365638134621,153.1365638134621,44.84269575644316,-1618.7138925470654
123,143,163,341.66463173751663,135.66463173751663,50.97364201153755,-1124.8956538045923
124,144,164,319.5791433883435,126.57914338834348,47.1372320658179,-1034.3656719716898
125,145,165,330.5893373817273,145.58933738172732,71.74374807908225,-1067.2819637285413
126,146,166,351.1333350278187,160.1333350278187,79.94356728545131,-1033.3677963618884
127,147,167,334.2520813689057,145.2520813689057,65.01832512925239,-1065.4700616192215
128,148,168,341.2820794996801,139.2820794996801,58.815607319749006,-1121.8838589191357
129,149,169,298.5504678613438,119.5504678613438,54.12575483712658,-961.4714315659926
130,150,170,304.0785792070076,144.07857920700758,94.44587861464152,-780.4979071651132
131,151,171,291.13014555083055,142.6222353641365,92.30443582838893,-738.5522274157054
132,152,172,308.20275587192896,159.20275587192896,111.5916774678376,-817.1384978376655
133,153,173,337.4641588704401,186.4641588704401,133.12050840475172,-989.9017425360012
134,154,174,329.8913776176098,164.8913776176098,108.62584720878999,-1123.2766089414847
135,155,175,306.31104711628313,145.31104711628313,98.96401529984587,-1026.5919060120102
136,156,176,247.31199717190566,110.31199717190566,70.53545149857018,-913.7075459574398
137,157,177,240.81136538495616,97.81136538495616,51.91637991628363,-995.2706793308273
138,158,178,183.63025099764855,65.63025099764855,37.981115038723374,-754.765036783707
139,159,179,163.30417398589816,42.30417398589839,8.766598525160362,-780.8022792200704
140,160,180,172.8571805743984,38.8571805743984,-1.2229884318569475,-996.9883667996019
141,161,181,120.68151085934119,-2.318489140658812,-30.803461483024876,-955.3033689029423
142,162,182,122.56906541077296,7.569065410772964,-5.902082161087719,-804.014198793619
143,163,183,163.96500098872298,59.96500098872298,31.25496106819719,-560.3564320151575
144,164,184,179.18533953407632,78.18533953407632,48.36531596072609,-425.58669532827435
145,165,185,184.61062972325237,85.61062972325226,58.39019358141741,-349.8683672501686
146,166,186,205.14781298523167,104.14781298523167,70.70708360179901,-382.031957558283
147,167,187,198.60344366471395,101.60344366471395,70.29253432106384,-383.5891299542898
148,168,188,175.9409724425243,95.9409724425243,74.8278745882667,-340.8591756830758
149,169,189,192.28455973146788,120.28455973146788,94.1422584113634,-256.24077485050043
150,170,190,216.59400646271365,149.59400646271365,128.4956141410919,-258.54476780609366
151,171,191,228.19740804559638,157.6894978589023,142.39294749868054,-299.54098503483397
152,172,192,230.25703543500583,172.25703543500572,156.37901499214126,-218.80880695888118
153,173,193,296.31735776783717,204.31735776783717,168.5643073024728,-383.60025721856573
154,174,194,253.0049256061485,170.0049256061484,137.92888607960367,-324.9473807790548
155,175,195,261.40149488680413,175.40149488680413,144.48305600271146,-349.994092277934
156,176,196,272.95943937682296,187.95943937682296,152.22571596609805,-306.168570673869
157,177,197,251.91964770055142,161.91964770055142,125.77603514762131,-455.78637012707236
158,178,198,252.40246241017553,164.40246241017553,131.33402367247913,-458.32499575941574
159,179,199,263.64194442877556,175.6419444287758,147.21343968646897,-393.30085504167937
160,180,200,272.74035822673807,182.74035822673795,150.70335562747164,-426.03003272908904
161,181,201,254.29763214830302,143.29763214830314,103.28372893837536,-638.8599118961583
162,182,202,296.7457372207739,174.7457372207739,136.37445152484815,-599.7755123790325
163,183,203,334.2999969722905,183.2999969722905,128.91662573576264,-969.1310634350814
164,184,204,307.42315941541233,154.42315941541233,107.14126496449558,-885.7037522668854
165,185,205,254.66344943742854,121.66344943742843,85.59551150535435,-790.0457627339579
166,186,206,278.42865737796296,107.42865737796296,59.598160462414626,-1105.1897407389897
167,187,207,285.52286616271317,112.52286616271317,58.276794806050475,-1253.91547594079
168,188,208,248.030979348781,107.03097934878087,68.32077157615026,-1002.9360919042299
169,189,209,244.71840233145542,101.71840233145531,61.36859430726281,-981.1068679998211
