Left,Mid,Right,Loss_likeli,Loss_AIC,Loss_BIC,Loss_eBIC
0,20,40,155.63317711957075,-9.366822880429254,-37.486516109183185,-1114.0170480360412
1,21,41,142.7362307608446,-95.26376923915541,-141.27527312413736,-1590.049992496618
2,22,42,154.1745235125809,-91.82547648741911,-138.60726482923656,-1699.1691094428743
3,23,43,97.24020361498515,-110.75979638501485,-129.40542321603652,-1610.368379416329
4,24,44,116.76726613780875,-110.23273386219125,-136.25837575029595,-1735.0462893705107
5,25,45,78.51233108676479,-131.4876689132352,-145.9304241636114,-1621.077983072044
6,26,46,109.59951938461177,-119.40048061538823,-112.93787629376652,-1704.4720972145578
7,27,47,117.42601897294367,-111.57398102705633,-117.66291355740395,-1610.7055932496105
8,28,48,137.8929730063344,-94.10702699366561,-127.47402982957487,-1437.8950466203642
9,29,49,128.0955328972418,-59.90446710275819,-77.25711095523934,-1185.7154524343337
10,30,50,106.39127128901191,-49.60872871098809,-53.10909772828518,-1040.4689898020401
11,31,51,142.92607925096513,-33.07392074903487,-54.50280507831121,-1241.9817813747059
12,32,52,136.65547424909437,-74.34452575090563,-101.82644257782863,-1522.3308238069349
13,33,53,139.97083924412345,-50.029160755876546,-72.18984637499125,-1352.1825271037824
14,34,54,108.20623219813797,-78.79376780186203,-81.66488245355185,-1359.7594217672972
15,35,55,106.74904069161857,-83.25095930838143,-93.69426520592083,-1174.6406172406405
16,36,56,92.2882092677878,-53.711790732212194,-62.972370643174145,-852.009150964599
17,37,57,85.90605908463522,-50.09394091536478,-61.65881389168044,-781.6579998598104
18,38,58,124.2712371793964,-31.728762820603606,-57.40984161581923,-861.2765382709372
19,39,59,113.74755438742432,-45.252445612575684,-66.673922936086,-877.9973956076328
20,40,60,117.62015122231423,-36.379848777685766,-53.13126346713307,-1043.4521922909885
21,41,61,207.98874085823013,1.9887408582301305,-42.30056385136686,-1305.8645951833396
22,42,62,200.43387459377254,-20.566125406227457,-63.91217367589934,-1294.1555594742167
23,43,63,163.47699114582701,6.476991145827014,-14.980236140850366,-936.8693425841789
24,44,64,189.4461505476993,38.44615054769929,9.362651401609128,-856.5648152032791
25,45,65,229.6892954637715,51.68929546377149,19.26984338053103,-1089.2630725856147
26,46,66,276.918371076679,102.91837107667902,79.694829627025,-1006.4653949762715
27,47,67,270.2245390027515,99.2245390027515,72.10495553158512,-1009.0918475413564
28,48,68,287.82022099791106,104.82022099791106,49.29654458823279,-1201.1221339902213
29,49,69,321.5237615994017,120.52376159940172,67.32405460683026,-1200.3018241111072
30,50,70,310.1830818489375,118.18308184893749,67.67049447573254,-1201.868955997466
31,51,71,311.3008343369672,109.30083433696723,43.11892971519387,-1362.0033857564617
32,52,72,391.1691490514795,121.16914905147951,19.17146294678423,-1820.8170008964935
33,53,73,461.7148576901816,132.7148576901816,23.42480554990516,-2110.0753450625225
34,54,74,492.8746885315154,128.8746885315154,-7.640592109194358,-2627.3423822152445
35,55,75,517.5228748071318,140.52287480713176,1.4501541504096167,-2696.213609401694
36,56,76,592.4175852400963,165.4175852400963,5.752290377192594,-2948.672187913684
37,57,77,584.9571767682764,168.95717676827644,8.285724966562839,-2881.6234334982823
38,58,78,619.6571956748114,178.65719567481142,5.1925168633927115,-3113.9895391138543
39,59,79,629.2656271804158,181.26562718041578,11.10880606443402,-3178.986110098626
40,60,80,699.0512895119641,247.05128951196411,71.57581909879832,-3395.7277230475665
41,61,81,648.9246723111219,260.92467231112187,115.57976670028393,-3018.7209290474816
42,62,82,560.6755282824197,189.6755282824197,52.44777340651035,-2798.8369978030387
43,63,83,486.4610463235431,133.4610463235431,11.996041096614817,-2682.773550387864
44,64,84,457.90167871898575,108.90167871898575,1.3419527272890264,-2824.300679965121
45,65,85,410.42281804230015,57.42281804230015,-37.51648306703669,-2658.4844651520434
46,66,86,458.59761824914244,162.59761824914244,69.75715453929274,-2478.0272464170976
47,67,87,423.4261160157646,139.4261160157646,64.57397263128405,-2469.549278618838
48,68,88,328.88244441019583,51.88244441019583,-5.386082120123774,-2420.880974340469
49,69,89,281.65799016246183,30.65799016246183,-8.272207967322402,-1978.419935289503
50,70,90,248.71190282926523,-16.288097170734773,-57.74377220198426,-2020.5074866073232
51,71,91,205.73221422618576,-51.26778577381424,-96.65859886940598,-1985.6054170521338
52,72,92,162.63026717740308,-56.369732822596916,-86.81731225473868,-1635.9478342753791
53,73,93,148.49268254718254,-81.50731745281746,-105.81154225333444,-1479.9016186312565
54,74,94,171.63694458480154,-77.36305541519846,-122.31294488883645,-1872.946002614266
55,75,95,144.36958194181693,-105.63041805818307,-147.50992749678926,-1772.7893798372415
56,76,96,158.20226701599108,-109.79773298400892,-153.46329775773074,-2172.457893042807
57,77,97,102.2283348363062,-137.7716651636938,-158.13949117010065,-1966.4461600963477
58,78,98,94.1656762536004,-162.8343237463996,-192.01244766829518,-2124.7407734056565
59,79,99,72.62242514709965,-191.37757485290035,-220.78066773455134,-2074.2423104531254
60,80,100,54.689207314757596,-186.3107926852424,-196.43270352974673,-2037.2318213114363
61,81,101,69.31573762681819,-178.6842623731818,-188.9398689724187,-1855.752775684301
62,82,102,116.579582579501,-159.420417420499,-195.9785563994776,-2381.1632696258175
63,83,103,110.64581320410389,-163.3541867958961,-202.03575581384052,-2328.0224715408453
64,84,104,220.4961873274101,-94.5038126725899,-160.18279151371053,-2629.287886688332
65,85,105,227.35474507065874,-88.64525492934126,-146.91480669207476,-2459.2178964549603
66,86,106,208.93685301622259,-103.06314698377741,-164.14672962849363,-2700.3000701977408
67,87,107,205.61899019555267,-98.38100980444733,-150.75104282754296,-2569.7021933662413
68,88,108,259.18573970470686,-44.814260295293025,-101.89754931934704,-2698.816832010197
69,89,109,222.93693342296524,-36.06306657703476,-82.52588151564305,-2212.58126117774
70,90,110,229.76360190385117,-41.23639809614883,-96.02007350724534,-2069.405849768951
71,91,111,159.63579956811623,-77.36420043188377,-108.20256202023575,-1875.4772342600272
72,92,112,147.46661754691036,-90.53338245308964,-130.69989160274076,-1946.9229164002904
73,93,113,166.02486892911384,-51.975131070886164,-90.84865724199653,-1694.1019692612772
74,94,114,140.5058129998904,-49.494187000109605,-76.50690288314377,-1637.8736200375374
75,95,115,135.59424862543688,-59.405751374563124,-92.72010743456235,-1583.415799251533
76,96,116,176.22959226257376,-25.77040773742624,-73.66018164382331,-1512.9958852268237
77,97,117,146.8677656733273,-20.132234326672688,-55.79529730007471,-1186.4606070844352
78,98,118,135.22449741746914,-29.775502582530862,-63.74968610181895,-1150.7545871538387
79,99,119,142.12029677064584,-24.879703229354163,-63.17442323983187,-1063.1150161063474
80,100,120,122.83044452717854,-35.16955547282146,-67.72435875937981,-1074.427882438271
81,101,121,125.21375589137392,-33.78624410862608,-57.486786368723415,-959.9274436938231
82,102,122,179.34394953868377,-1.6560504613162266,-42.972711869578006,-1573.9235641374821
83,103,123,160.8495954116961,-1.1504045883038998,-41.1901422994174,-1154.627369543774
84,104,124,154.42193898607843,13.42193898607843,-14.85786936422437,-987.8161658063591
85,105,125,116.85024248341188,-18.149757516588124,-28.05242907967181,-891.7369788248643
86,106,126,162.09860562513904,10.098605625139044,-12.199850064895145,-1036.8295878953058
87,107,127,163.59979260348564,31.59979260348564,9.112108511012366,-932.1949130261723
88,108,128,166.8259329672735,52.8259329672735,31.183872401986264,-809.0205014401301
89,109,129,144.22746465886917,21.227464658869167,-0.47541317705758956,-812.72583911117
90,110,130,148.8247169533422,10.824716953342204,-13.638087464291175,-865.2163717649023
91,111,131,127.67050968634203,17.67050968634203,3.620286371152588,-664.4586035905736
92,112,132,176.8925677884365,45.89256778843651,15.676036488927366,-991.8554826726304
93,113,133,202.44413839077697,42.44413839077697,5.067534520614572,-1252.936633718703
94,114,134,195.044974878218,48.044974878218,17.14063078615618,-1202.734969092919
95,115,135,195.9583572575043,50.958357257504304,20.70317184871692,-1105.99457984419
96,116,136,262.1649730447589,77.16497304475888,23.87597985237153,-1377.1580118639909
97,117,137,248.01938008674983,87.01938008674983,39.78742314225087,-1061.9392901447732
98,118,138,197.77407653860814,37.77407653860814,-5.4942783663138925,-1004.0094998334985
99,119,139,218.31153652695957,55.31153652695957,13.322171933946265,-1162.7306275453152
100,120,140,179.0664961081759,42.0664961081759,7.49023244385512,-760.428562354806
101,121,141,169.09665469715424,51.096654697154236,35.910825727765086,-574.3099651900411
102,122,142,191.9839543783171,95.9839543783171,72.37918968622193,-469.77895848098046
103,123,143,207.23423626980025,98.23423626980025,72.45132814806857,-594.2101528518174
104,124,144,215.93987474531878,100.93987474531878,79.36626132617835,-708.0877308200218
105,125,145,186.53013547604132,62.53013547604132,33.99598021188012,-615.123863190272
106,126,146,248.246809112733,124.24680911273299,92.9991306662464,-604.7363645199207
107,127,147,209.14493988989966,107.14493988989966,73.16168979315762,-540.5633755468657
108,128,148,215.48891298109106,116.48891298109106,88.45190085625995,-552.0414814170028
109,129,149,247.53186528637775,94.53186528637775,36.752014340062715,-797.0133466855202
110,130,150,239.1760614755251,82.1760614755251,26.949628327947266,-723.0730897770354
111,131,151,262.29211529347776,130.29211529347776,87.58566876286295,-564.303996254823
112,132,152,248.45525223369373,120.45525223369373,82.36317271734038,-560.696370199063
113,133,153,301.6163202629616,141.6163202629616,76.35429863439481,-834.8367455190605
114,134,154,288.9794164035752,141.97941640357521,84.5326805651473,-802.5202038574005
115,135,155,315.3686171544359,158.36861715443592,91.29398856940657,-948.2371813996554
116,136,156,372.04578312831654,180.04578312831654,92.39831002999563,-1216.1342949028435
117,137,157,399.9805892155914,188.9805892155914,103.5120507351628,-1162.1152143896786
118,138,158,397.41345728193164,182.41345728193164,93.8909328361467,-1190.062749070859
119,139,159,479.09566812911885,220.09566812911885,118.09777326765084,-1474.3781667039975
120,140,160,525.4632753238498,231.46327532384976,121.87264570196157,-1512.7907795269603
121,141,161,466.8396065807806,196.83960658078058,78.60384651604909,-1404.2609533721165
122,142,162,470.6489360553737,210.64893605537372,94.37353692399392,-1477.8900382965605
123,143,163,437.49991265556946,187.49991265556946,88.65409595453411,-1273.4884328635756
124,144,164,335.9609650012883,167.9609650012883,115.29469869684635,-826.1670553182857
125,145,165,353.7658893045075,138.76588930450748,62.20118486554952,-847.7744068610357
126,146,166,370.1782065539014,147.17820655390142,70.89347573341774,-923.0260773161522
127,147,167,402.8461937714976,174.8461937714976,74.72006125248208,-1074.2888094773887
128,148,168,339.275869004721,137.27586900472102,61.24859305839527,-982.0932524879242
129,149,169,343.305118237442,119.305118237442,25.36813068154993,-1197.068830288721
130,150,170,294.8162691199482,97.81626911994817,18.64687887929017,-996.8755304622864
131,151,171,359.14418443949785,121.14418443949785,37.68982613155208,-1361.720742317099
132,152,172,348.2906390350379,107.29063903503788,19.17801068792369,-1471.0144311095328
133,153,173,326.4800992744315,104.4800992744315,20.480452825490147,-1519.3922572524318
134,154,174,321.49981711350915,109.49981711350915,32.51500522493552,-1480.5381051199665
135,155,175,354.2038526412264,120.20385264122638,29.003048725847293,-1729.1409886116503
136,156,176,299.75315473197566,91.75315473197566,16.456279294079195,-1465.2231600010768
137,157,177,298.01157085613136,86.01157085613136,20.493008065444428,-1419.7458565844167
138,158,178,254.34499011333673,56.344990113336735,22.873833551456983,-1058.1969982575292
139,159,179,207.02073589987867,58.02073589987867,30.19623713955889,-786.2903307029646
140,160,180,269.9877996360451,83.98779963604511,53.45812613294447,-845.7261920294172
141,161,181,261.91388723051296,88.91388723051296,39.65418058580826,-933.0766644120295
142,162,182,314.38741075515327,138.38741075515327,85.07375612011924,-1044.3728272729368
143,163,183,268.1347020277299,87.13470202772987,47.59494726446519,-809.8516893103738
144,164,184,243.60923398343994,114.60923398343994,96.26241139533931,-550.1476781462045
145,165,185,170.34846094660702,17.34846094660702,-3.4834852647177286,-630.7153147484651
146,166,186,151.46488991847468,-14.535110081525318,-34.63380480711544,-723.9680199865547
147,167,187,148.01476223033433,-17.985237769665673,-40.092094152056234,-839.4803135811367
148,168,188,138.40320828350536,-19.596791716494636,-27.690078677103656,-657.2025074019962
149,169,189,164.7326246966188,-17.267375303381186,-51.13116941300268,-1177.320996009465
150,170,190,174.37885087365134,-22.621149126348655,-65.19144307271745,-1231.572346106112
151,171,191,167.87724576757,-57.12275423243,-112.14528160773352,-1405.2117595105592
152,172,192,128.42279057788915,-67.57720942211085,-109.81352016699748,-1406.366636434148
153,173,193,120.91123962246206,-121.08876037753794,-176.21987934099775,-1768.0553481198476
154,174,194,65.61701815078095,-169.38298184921905,-212.56134926217896,-1752.895301604895
155,175,195,75.38010909491368,-136.61989090508632,-170.42677871385513,-1653.0906555354113
156,176,196,56.807404692593764,-164.19259530740624,-200.05426321520804,-1629.9915723848262
157,177,197,49.398581934199456,-163.60141806580054,-189.93497943490706,-1632.3579240550944
158,178,198,66.45396806287295,-156.54603193712705,-168.9964983377049,-1458.6075976882867
159,179,199,124.48916002225906,-69.51083997774094,-97.47529963704346,-1531.4933301768788
160,180,200,161.5863675883702,-28.413632411629806,-60.50693894664846,-1328.1342722820204
161,181,201,171.68430120808466,-10.315698791915338,-41.017525567886196,-1253.361526350464
162,182,202,179.65225743260885,-2.347742567391151,-32.09896115224569,-1293.669328254417
163,183,203,106.46423804793403,-84.53576195206597,-117.59152141635695,-1229.133497344627
164,184,204,106.51918333815343,-104.48081666184657,-139.86927987551803,-1649.0822355027808
165,185,205,86.01963122003144,-100.98036877996856,-128.92550138463162,-1169.850190109703
166,186,206,90.85407770777101,-97.14592229222899,-125.24234744338924,-1173.541936672787
167,187,207,80.4745274383481,-86.5254725616519,-100.2892355144495,-1089.0677190667525
168,188,208,97.35182910598928,-90.64817089401072,-105.29463456395979,-1083.0472082198712
169,189,209,165.9193739716502,-49.0806260283498,-85.42083301828939,-1682.9536598214672
