Left,Mid,Right,Loss,Loss_left,Loss_right,gain,glasso
0,20,40,9252.222426293509,8127.226241973272,8109.771446557197,-6984.775262236961,35.51536219747186
1,21,41,9253.808770562206,8130.865976463163,8106.779161614939,-6983.836367515896,34.48773788587323
2,22,42,9257.086320326729,8134.0176867840855,8110.806809240712,-6987.7381756980685,39.22709009682103
3,23,43,9236.276371890957,8134.94409055969,8085.549746968821,-6984.217465637554,32.09397925516032
4,24,44,9234.520438769056,8117.589596462386,8091.03338330209,-6974.102540995422,33.9305669038763
5,25,45,9236.24287903197,8135.554197736387,8095.962568821924,-6995.27388752634,31.09889037149378
6,26,46,9258.990185042216,8141.865439125524,8134.623415592468,-7017.498669675775,26.21324238862053
7,27,47,9255.847045478802,8138.426624980069,8134.001056152668,-7016.580635653934,24.3755551770505
8,28,48,9256.968964250893,8157.420569133251,8115.24928900318,-7015.700893885538,26.020441035384465
9,29,49,9267.952788053502,8158.315800094336,8101.68969527331,-6992.052707314142,35.40752194610877
10,30,50,9268.899424413985,8156.474141768695,8103.690228754109,-6991.264946108819,38.00811220055539
11,31,51,9253.80636534197,8151.6123369518655,8088.262140814043,-6986.068112423938,35.96780048193068
12,32,52,9261.282118592286,8160.278326874093,8105.395407082104,-7004.391615363911,35.46115046337172
13,33,53,9269.277628837466,8157.947883025472,8117.797915907314,-7006.468170095319,35.18206340120696
14,34,54,9259.283378626533,8119.1349156647275,8122.775097843603,-6982.626634881799,36.86658106918776
15,35,55,9240.46063907237,8074.841039008979,8129.555995505656,-6963.936395442266,37.18185948642122
16,36,56,9238.13377807344,8082.380044233598,8129.758594062131,-6974.004860222289,41.33886292029001
17,37,57,9231.860264386782,8083.221017321696,8090.727611681385,-6942.088364616298,46.26792980944083
18,38,58,9235.431790403753,8080.987346782926,8109.738439069539,-6955.293995448712,44.4032354577098
19,39,59,9243.525313924072,8095.939767811568,8114.167350632896,-6966.581804520392,43.50075234606447
20,40,60,9246.643619788862,8109.771446557197,8107.825108102032,-6970.952934870367,40.14663810529146
21,41,61,9273.596424045274,8106.779161614939,8131.270163318847,-6964.452900888511,41.28089774059299
22,42,62,9297.259591915206,8110.806809240712,8159.662052726887,-6973.209270052392,40.676085336461256
23,43,63,9290.676615092392,8085.549746968821,8161.960181120658,-6956.833312997087,33.45911200878254
24,44,64,9298.285746422309,8091.03338330209,8156.55673114695,-6949.304368026733,37.879729421701086
25,45,65,9312.735918845969,8095.962568821924,8175.891022293876,-6959.117672269831,36.342976116935006
26,46,66,9342.657100132388,8134.623415592468,8182.534621072875,-6974.500936532955,32.80735786308287
27,47,67,9362.155429813149,8134.001056152668,8194.647550187532,-6966.493176527052,31.318955334568727
28,48,68,9367.561188606673,8115.24928900318,8217.7918955153,-6965.479995911806,30.53197314831641
29,49,69,9342.578798613222,8101.68969527331,8183.1206638167605,-6942.231560476848,32.35993390223166
30,50,70,9363.355449858958,8103.690228754109,8192.3225267585,-6932.657305653651,37.46479557744715
31,51,71,9353.11979789529,8088.262140814043,8180.24414452617,-6915.386487444923,37.88620233605161
32,52,72,9354.638217920081,8105.395407082104,8162.79785883673,-6913.555047998752,36.144172549005816
33,53,73,9355.422173711439,8117.797915907314,8144.222632199902,-6906.598374395777,42.23289839089557
34,54,74,9351.885972885048,8122.775097843603,8115.561031948753,-6886.450156907309,46.93853546196442
35,55,75,9359.313050725386,8129.555995505656,8113.762010678589,-6884.004955458859,55.961351568029386
36,56,76,9365.523182489222,8129.758594062131,8117.415642724269,-6881.651054297177,58.22741242993288
37,57,77,9317.441077595375,8090.727611681385,8105.581461333775,-6878.867995419785,44.14740278791851
38,58,78,9330.991958301423,8109.738439069539,8084.547891964643,-6863.294372732758,49.94072808398596
39,59,79,9332.022090722974,8114.167350632896,8071.1599876468845,-6853.305247556807,51.99685203171566
40,60,80,9348.243066390434,8107.825108102032,8081.877185649798,-6841.459227361396,54.61800117696657
41,61,81,9366.958258635606,8131.270163318847,8101.330557228998,-6865.642461912239,60.10532970063241
42,62,82,9369.94469703041,8159.662052726887,8084.3608423062815,-6874.078198002759,52.43826669886312
43,63,83,9388.968129975616,8161.960181120658,8112.950530110193,-6885.9425812552345,49.436925127578434
44,64,84,9384.290195644702,8156.55673114695,8125.809616910653,-6898.076152412901,45.003582836267924
45,65,85,9397.255921383812,8175.891022293876,8120.623308254404,-6899.258409164468,48.61261575949402
46,66,86,9376.32703470224,8182.534621072875,8116.025354161851,-6922.232940532485,38.381955352631394
47,67,87,9367.235497836096,8194.647550187532,8094.716121739515,-6922.128174090951,32.8085611348406
48,68,88,9370.834930819925,8217.7918955153,8064.04556357709,-6911.0025282724655,34.850964882481094
49,69,89,9328.18006460029,8183.1206638167605,8074.787331391482,-6929.727930607953,21.507402835864923
50,70,90,9329.823607710437,8192.3225267585,8083.0963055988595,-6945.595224646922,18.990133785005128
51,71,91,9351.666832829455,8180.24414452617,8139.972702299055,-6968.550013995769,22.525931279402812
52,72,92,9330.67854494468,8162.79785883673,8146.853319689635,-6978.972633581685,18.17673310484861
53,73,93,9316.086216177511,8144.222632199902,8140.759501848516,-6968.895917870908,18.97683839527781
54,74,94,9299.093004217968,8115.561031948753,8149.677797672015,-6966.1458254028,21.45545676347956
55,75,95,9290.172335495627,8113.762010678589,8155.81479296886,-6979.404468151823,26.755633493171445
56,76,96,9286.72236456949,8117.415642724269,8157.28673626787,-6987.980014422648,26.05418381588879
57,77,97,9281.481905730887,8105.581461333775,8165.852734412712,-6989.952290015601,23.093816827416504
58,78,98,9255.577065170823,8084.547891964643,8165.2286473540335,-6994.199474147854,25.370075771894335
59,79,99,9240.85197520556,8071.1599876468845,8165.9715552463695,-6996.279567687694,24.448606961344467
60,80,100,9226.716232999439,8081.877185649798,8149.253540653206,-7004.414493303564,25.979695326558158
61,81,101,9224.05358528664,8101.330557228998,8133.451635377506,-7010.728607319865,28.71557864641136
62,82,102,9216.15369439425,8084.3608423062815,8143.818427839855,-7012.025575751886,24.68484597389852
63,83,103,9241.27462779238,8112.950530110193,8155.645049236813,-7027.320951554626,25.212810428023204
64,84,104,9250.264529937167,8125.809616910653,8157.437190331034,-7032.98227730452,24.317626019247655
65,85,105,9266.946791002909,8120.623308254404,8166.778750871086,-7020.455268122581,29.601242089512198
66,86,106,9259.253131137451,8116.025354161851,8172.1808874179305,-7028.9531104423295,28.03411538504406
67,87,107,9257.088417059276,8094.716121739515,8172.189652023378,-7009.817356703617,33.28391729143641
68,88,108,9242.781483097726,8064.04556357709,8169.733211687714,-6990.997292167078,31.54846564980062
69,89,109,9259.475393877765,8074.787331391482,8179.886807352993,-6995.19874486671,32.62530807643816
70,90,110,9258.59365539921,8083.0963055988595,8173.607735410998,-6998.110385610647,33.07631825359613
71,91,111,9262.561906397012,8139.972702299055,8152.337966610221,-7029.748762512263,25.130295628666317
72,92,112,9265.529929218814,8146.853319689635,8134.212933604471,-7015.536324075292,26.935450362037045
73,93,113,9256.617139117883,8140.759501848516,8132.737193911311,-7016.879556641943,27.05796990331237
74,94,114,9262.117518797182,8149.677797672015,8130.660003512311,-7018.220282387145,32.243594713243965
75,95,115,9266.596893952741,8155.81479296886,8121.9436311151785,-7011.161530131298,37.10696808074863
76,96,116,9270.136061023104,8157.28673626787,8129.237008371693,-7016.387683616458,36.58205691459443
77,97,117,9271.371307725041,8165.852734412712,8128.079278975778,-7022.560705663449,32.45745188853789
78,98,118,9276.1272416213,8165.2286473540335,8129.098408037069,-7018.199813769803,33.94002245530601
79,99,119,9275.859178582079,8165.9715552463695,8129.901027254323,-7020.013403918612,31.82298119551342
80,100,120,9271.572415924575,8149.253540653206,8143.710041169327,-7021.391165897958,32.721632963930006
81,101,121,9265.932800356746,8133.451635377506,8140.510030256424,-7008.028865277185,35.30944973731539
82,102,122,9269.997785183616,8143.818427839855,8128.028430102178,-7001.849072758418,33.50759930643471
83,103,123,9268.324592242316,8155.645049236813,8118.851541826025,-7006.171998820522,36.017370497268985
84,104,124,9260.464640559581,8157.437190331034,8115.160747271402,-7012.133297042856,36.35690985116116
85,105,125,9254.55867293276,8166.778750871086,8098.491955368069,-7010.712033306396,33.71387395140755
86,106,126,9258.013599731863,8172.1808874179305,8095.658845550611,-7009.826133236678,38.388086403282614
87,107,127,9255.784165518806,8172.189652023378,8086.854185223177,-7003.259671727748,37.54632066426939
88,108,128,9246.207702490967,8169.733211687714,8084.267690460349,-7007.793199657095,34.27614781026932
89,109,129,9249.5494425307,8179.886807352993,8074.082302973596,-7004.419667795888,35.287922764855466
90,110,130,9240.974129802718,8173.607735410998,8065.293077016746,-6997.926682625026,35.55349862312596
91,111,131,9232.109557688167,8152.337966610221,8069.080285739623,-6989.308694661677,24.722215328873972
92,112,132,9220.651420586673,8134.212933604471,8075.4982256534995,-6989.059738671298,20.430361396634453
93,113,133,9214.56860589575,8132.737193911311,8073.090477399706,-6991.259065415266,25.153829417950874
94,114,134,9206.179443769179,8130.660003512311,8071.328990803538,-6995.80955054667,24.580124066824283
95,115,135,9201.215323938839,8121.9436311151785,8071.6750582141885,-6992.403365390528,25.917308057661103
96,116,136,9201.692402759418,8129.237008371693,8039.633589515064,-6967.178195127341,35.52372847385641
97,117,137,9209.44200791214,8128.079278975778,8052.195951954242,-6970.83322301788,36.34756427636103
98,118,138,9206.061820157143,8129.098408037069,8045.427352563509,-6968.463940443435,36.6576671634366
99,119,139,9216.24493728636,8129.901027254323,8062.995487546337,-6976.651577514302,35.91393239565832
100,120,140,9210.54128646784,8143.710041169327,8021.342424204262,-6954.511178905748,38.081733481361425
101,121,141,9225.030199856543,8140.510030256424,8035.168737230888,-6950.648567630769,39.5066748329632
102,122,142,9232.107006332417,8128.028430102178,8034.388886025424,-6930.310309795184,37.52975514036552
103,123,143,9226.615475130386,8118.851541826025,8053.451918506336,-6945.687985201976,22.144738726683954
104,124,144,9248.0515355974,8115.160747271402,8073.952372785032,-6941.061584459034,23.733965467767575
105,125,145,9242.75709321632,8098.491955368069,8077.7454990850265,-6933.480361236776,22.94189179678824
106,126,146,9249.739151315498,8095.658845550611,8072.757693721375,-6918.677387956488,26.900188808251187
107,127,147,9276.924168403675,8086.854185223177,8102.93447977658,-6912.864496596081,25.249032646468095
108,128,148,9282.243310577684,8084.267690460349,8115.1770931653555,-6917.2014730480205,27.036601705468
109,129,149,9263.331339403874,8074.082302973596,8114.587117829228,-6925.33808139895,15.31077112773346
110,130,150,9261.542345784219,8065.293077016746,8129.217095060652,-6932.967826293179,11.508291447194097
111,131,151,9262.940604831596,8069.080285739623,8126.012600808256,-6932.152281716282,5.558333908545137
112,132,152,9279.732512356444,8075.4982256534995,8135.71529919158,-6931.481012488635,11.1490509444684
113,133,153,9281.104506102653,8073.090477399706,8136.971879105441,-6928.957850402494,13.189884666110174
114,134,154,9277.57222152185,8071.328990803538,8128.916500314821,-6922.673269596509,10.59388174787955
115,135,155,9269.436749525285,8071.6750582141885,8116.662233436566,-6918.90054212547,8.769127131949972
116,136,156,9235.541062339653,8039.633589515064,8111.727839536759,-6915.820366712171,-0.12754370451511932
117,137,157,9261.439196094992,8052.195951954242,8114.2868090458705,-6905.04356490512,12.90971029351067
118,138,158,9246.070857995743,8045.427352563509,8090.816015534165,-6890.172510101931,8.891964427540188
119,139,159,9238.972872031369,8062.995487546337,8058.648160676899,-6882.670776191868,10.620523763816891
120,140,160,9238.28947398409,8021.342424204262,8079.750882976397,-6862.803833196569,9.348561884655282
121,141,161,9250.656708631723,8035.168737230888,8085.068391347639,-6869.580419946804,15.848778001548453
122,142,162,9240.149543375319,8034.388886025424,8076.269716160493,-6870.509058810598,12.748624218883378
123,143,163,9261.674275149568,8053.451918506336,8078.997885919543,-6870.775529276312,19.144207120208193
124,144,164,9271.50246090152,8073.952372785032,8075.554285172399,-6878.0041970559105,24.672960589631657
125,145,165,9270.560561818074,8077.7454990850265,8092.406123643952,-6899.591060910905,21.2856885989936
126,146,166,9260.516696091734,8072.757693721375,8076.815144989068,-6889.056142618709,23.775899506130372
127,147,167,9279.097238911489,8102.93447977658,8073.474349695345,-6897.311590560437,27.649050638241988
128,148,168,9291.722182937676,8115.1770931653555,8081.310412858523,-6904.7653230862015,28.822169463834598
129,149,169,9285.99258105945,8114.587117829228,8080.216281296288,-6908.810818066066,26.81861487139713
130,150,170,9297.812153859224,8129.217095060652,8088.26802727496,-6919.672968476389,27.771133418093996
131,151,171,9278.283916880822,8126.012600808256,8090.048057275091,-6937.776741202526,18.87375969023151
132,152,172,9282.840700783112,8135.71529919158,8077.006614189117,-6929.8812125975855,27.47847463511789
133,153,173,9301.155580924535,8136.971879105441,8091.445703835524,-6927.26200201643,37.864680826856784
134,154,174,9281.875168889757,8128.916500314821,8091.487421918487,-6938.528753343551,31.03161544450859
135,155,175,9281.41896575141,8116.662233436566,8096.909310046063,-6932.152577731218,32.57663108619499
136,156,176,9273.884321528116,8111.727839536759,8096.776530735039,-6934.620048743684,33.757599683020544
137,157,177,9235.712747507478,8114.2868090458705,8101.805259821491,-6980.379321359884,22.583857507212997
138,158,178,9220.06701673174,8090.816015534165,8107.465464355287,-6978.21446315771,25.340324245034935
139,159,179,9195.97376432372,8058.648160676899,8119.6986077056545,-6982.373004058834,24.572795342460722
140,160,180,9200.448468995644,8079.750882976397,8101.955597121655,-6981.258011102407,27.582681022168344
141,161,181,9188.349523070458,8085.068391347639,8093.703437953988,-6990.4223062311685,27.64643559078513
142,162,182,9187.41628733338,8076.269716160493,8101.943605904533,-6990.797034731644,26.475432904764602
143,163,183,9178.876074997737,8078.997885919543,8073.3736401818,-6973.495451103605,28.667453833145828
144,164,184,9162.84226056278,8075.554285172399,8069.7076175743805,-6982.419642184001,24.01125653920826
145,165,185,9162.663360537703,8092.406123643952,8069.6233781783685,-6999.366141284618,16.769536845733
146,166,186,9150.617266736474,8076.815144989068,8063.907289250597,-6990.105167503192,12.940016424458918
147,167,187,9155.75800790581,8073.474349695345,8070.72189396545,-6988.438235754986,16.802009902607097
148,168,188,9167.56197996725,8081.310412858523,8081.340586303089,-6995.089019194362,12.083867597283643
149,169,189,9183.386696315247,8080.216281296288,8090.809480769729,-6987.639065750769,30.23911923382866
150,170,190,9186.112397999921,8088.26802727496,8091.461133624491,-6993.61676289953,28.698569649683122
151,171,191,9198.203530798211,8090.048057275091,8113.573648111725,-7005.418174588605,29.79301530109251
152,172,192,9203.908144827701,8077.006614189117,8125.812839998762,-6998.911309360177,32.469363220584455
153,173,193,9203.637939979704,8091.445703835524,8099.065666031057,-6986.873429886877,34.33133357677889
154,174,194,9215.182156821846,8091.487421918487,8104.086711559258,-6980.391976655899,30.125368409440398
155,175,195,9231.653473025232,8096.909310046063,8103.434768793984,-6968.690605814816,35.15638334003643
156,176,196,9245.305889372035,8096.776530735039,8127.435268461923,-6978.905909824927,38.16964415352368
157,177,197,9248.328861326107,8101.805259821491,8128.534785000811,-6982.011183496195,32.48151961735448
158,178,198,9257.319817460666,8107.465464355287,8139.359477568192,-6989.505124462812,35.76827435362475
159,179,199,9262.27561443089,8119.6986077056545,8131.418258550422,-6988.841251825188,36.29904353137272
160,180,200,9262.074505206565,8101.955597121655,8162.434068064673,-7002.315159979764,33.07431175682086
161,181,201,9261.52039590739,8093.703437953988,8169.12751495968,-7001.310557006278,39.35834171603392
162,182,202,9265.284442042519,8101.943605904533,8172.443891931494,-7009.103055793508,36.83407735150331
163,183,203,9253.739770767856,8073.3736401818,8173.482307450493,-6993.116176864436,40.952727913757826
164,184,204,9276.945318529373,8069.7076175743805,8184.49675011963,-6977.259049164637,48.70715490032944
165,185,205,9276.314029612751,8069.6233781783685,8188.930048067066,-6982.239396632684,46.16170739794916
166,186,206,9291.623831813116,8063.907289250597,8198.058207501314,-6970.341664938795,52.85733479449118
167,187,207,9291.319484495194,8070.72189396545,8193.258774584581,-6972.661184054838,55.850844474553014
168,188,208,9289.951572682152,8081.340586303089,8191.066303855263,-6982.4553174762,45.8205577615654
169,189,209,9282.0430789304,8090.809480769729,8171.191766911956,-6979.9581687512855,52.45286289015894
