Left,Mid,Right,Loss_likeli,Loss_AIC,Loss_BIC,Loss_eBIC
0,20,40,65.52874656794893,-174.47125343205107,-183.74872454949877,-2050.537404079262
1,21,41,77.50281463549095,-190.49718536450905,-217.87379139507198,-2097.9031264019577
2,22,42,62.799700864216675,-211.20029913578333,-231.07653423853344,-1825.4371202060443
3,23,43,94.34440598988613,-173.65559401011387,-210.73626056851617,-2006.0057316236362
4,24,44,86.57504789490395,-203.42495210509605,-252.4983944434323,-2031.5356839651154
5,25,45,107.17331800208422,-189.82668199791578,-236.84000984921136,-2423.0511924899192
6,26,46,98.30361260382188,-166.69638739617812,-202.63002913452942,-2130.9827658507993
7,27,47,93.17947382687771,-182.8205261731223,-229.08272567994027,-2165.9249554951966
8,28,48,93.35483917926695,-202.64516082073305,-256.75414352168195,-2195.18157195026
9,29,49,67.31863108701282,-213.68136891298718,-260.35965291119965,-1955.943460195625
10,30,50,66.52965561130623,-184.47034438869377,-219.67218483720671,-1911.5612189421036
11,31,51,76.16123761421886,-189.83876238578114,-235.62775719846877,-1801.9566658079948
12,32,52,99.77285296257946,-116.22714703742054,-144.0543068168579,-1591.9206565722288
13,33,53,99.23310955630859,-54.76689044369141,-68.70845566667367,-925.0075984597315
14,34,54,148.50524370269864,0.5052437026986354,-14.152836064786698,-1015.1808126077894
15,35,55,139.71954459490485,-7.280455405095154,-12.826570615223773,-883.0252616874418
16,36,56,185.12753564144782,59.12753564144782,58.177679000394846,-811.5685838685117
17,37,57,233.9807006602207,35.98070066022069,-0.9066953517892671,-1444.6931721564752
18,38,58,263.73250146417695,45.73250146417695,-1.458790873652788,-1576.1448352444077
19,39,59,209.57344158306273,0.5734415830627313,-26.064369469380836,-1617.0816828047991
20,40,60,197.78005542469327,-21.219944575306727,-48.43781163144308,-1694.3739182586305
21,41,61,239.05944757282782,14.059447572827821,-17.472609287746764,-1923.9557437130798
22,42,62,278.4868257403964,44.4868257403964,-2.699132209426125,-1900.884107333448
23,43,63,280.34945972642436,77.34945972642436,38.16081579279921,-1380.8862583150371
24,44,64,318.7318468977453,126.7318468977453,77.92898332435857,-1377.3875963942455
25,45,65,349.91434626546675,171.91434626546675,122.11041603051831,-1202.9448045391632
26,46,66,336.16243708433717,155.16243708433717,100.39917253625822,-1249.8614176574783
27,47,67,339.05372472537374,158.05372472537374,98.4384299133751,-1085.0268858891504
28,48,68,363.7644208646434,181.7644208646434,119.25634278363691,-1079.1509699957187
29,49,69,286.7801172985032,104.78011729850323,46.34163428779766,-1004.2096061856482
30,50,70,284.54197000247814,118.54197000247814,62.235784158775004,-936.9979820131653
31,51,71,264.20905852429723,79.20905852429723,14.829710442950955,-1020.6390983381098
32,52,72,312.25371228011045,104.25371228011045,28.423443052893163,-1326.2321464888873
33,53,73,313.1054645041115,114.10546450411152,43.957717630218895,-1171.675868115039
34,54,74,318.5976719502453,98.59767195024529,14.129018487379199,-1321.5221494020143
35,55,75,366.03091501184645,133.03091501184645,55.55613045537848,-1415.7763530477255
36,56,76,399.42819877184434,168.42819877184434,84.06540256300718,-1335.3770151650629
37,57,77,407.810156252634,182.810156252634,89.1586757626485,-1381.736644685935
38,58,78,428.43758026676323,195.43758026676323,96.41687632144203,-1406.1461419713478
39,59,79,522.2429914196111,240.24299141961114,118.3434420348517,-1944.5639992664696
40,60,80,584.4333859628819,276.43338596288186,149.80023187907727,-2201.432348342839
41,61,81,536.1411754917958,247.14117549179582,130.37335297437767,-2083.343242683994
42,62,82,539.8663163132446,242.86631631324462,118.91365141979509,-2256.4781867446413
43,63,83,515.2179341821202,207.2179341821202,91.14662097703194,-2406.1970375116443
44,64,84,481.5102137667816,208.5102137667816,97.89263051709986,-2291.7419445181554
45,65,85,478.99188373857123,206.99188373857123,94.0995779034265,-2163.2255514956178
46,66,86,466.7934736645259,210.7934736645259,107.59989396921333,-1816.4065108367233
47,67,87,440.0889489819049,188.08894898190488,87.23340742398,-1798.3374784883877
48,68,88,394.7279130218815,183.72791302188148,104.32460384265346,-1405.7578239591448
49,69,89,320.70149824867894,140.70149824867894,79.0998644281674,-1087.2635464003706
50,70,90,318.9177188993024,158.91771889930237,104.21243551514112,-950.8169324909845
51,71,91,274.2608298990456,127.26082989904558,82.84011578606487,-1071.4338247435753
52,72,92,227.1271838206353,72.12718382063531,35.50704268295772,-1088.418771443883
53,73,93,218.89579977403992,38.895799774039915,-4.4638109870909375,-1121.8000350811653
54,74,94,207.61388279414405,33.61388279414405,-5.339521494448718,-1173.3875645685466
55,75,95,177.12493325716991,30.124933257169914,14.97269578413011,-843.5062813297741
56,76,96,157.30226289430607,-12.697737105693932,-25.96576353654541,-858.3721476876503
57,77,97,116.94753978214817,-32.05246021785183,-44.616189137114816,-974.3129106472811
58,78,98,107.15539196506779,-38.84460803493221,-51.922406476218384,-912.1588687365665
59,79,99,166.35163039476606,-28.64836960523394,-53.99153308879363,-1612.6391193763902
60,80,100,162.39563358808732,-7.604366411912679,-15.648846212128092,-1463.118541209512
61,81,101,143.08470086921602,-39.91529913078398,-56.511480250780096,-1496.4067888136724
62,82,102,122.47806574429706,-64.52193425570294,-70.63293067272775,-1565.5863327371508
63,83,103,163.12731201713268,-34.87268798286732,-52.69853652947859,-1692.2590492886534
64,84,104,155.32595371275988,-36.67404628724012,-50.72722126568419,-1705.5196198163467
65,85,105,167.3484839518046,-25.65151604819539,-43.41404904288174,-1800.2413735328346
66,86,106,164.7974349209071,-24.202565079092892,-46.90510533227052,-1398.6064600144487
67,87,107,152.1786528736145,-98.82134712638549,-135.06290834573838,-1973.8973115154085
68,88,108,137.98635961685704,-123.01364038314296,-174.28449708838502,-1831.7845859106496
69,89,109,164.3242578662605,-111.6757421337395,-172.84060602259615,-1820.5027718112442
70,90,110,115.50736965982537,-126.49263034017463,-172.46291353001357,-1589.2490891179677
71,91,111,151.89104700236112,-97.10895299763888,-152.50879665654747,-1593.8965858591464
72,92,112,136.49588657317054,-56.50411342682946,-100.6062392827937,-1257.7023241955822
73,93,113,147.81137599386398,-47.188624006136024,-92.28648213565407,-1275.7814253550628
74,94,114,118.05233123038374,-72.94766876961626,-103.38269145969912,-1412.0570814834205
75,95,115,119.12199335869855,-28.878006641301454,-37.59663844551869,-918.038776123346
76,96,116,83.49525916871539,-52.50474083128461,-48.358653718344385,-620.2486625496022
77,97,117,115.43633574827936,-59.56366425172064,-70.66812808185728,-874.7308354140432
78,98,118,120.49514874422448,-53.50485125577552,-75.32429767261783,-1176.181685457213
79,99,119,144.16277047993503,-34.837229520064966,-58.45285944023226,-1268.3740609762835
80,100,120,169.1650148306553,-6.834985169344691,-35.88848848478051,-1059.9211937394252
81,101,121,144.45194285647085,8.45194285647085,1.0459529635147646,-942.6912560561068
82,102,122,173.62133223718502,34.621332237185015,20.52314007969835,-921.4626873633347
83,103,123,149.90095809731497,37.90095809731497,36.20543086196744,-674.1048924389052
84,104,124,132.0019595423082,-22.998040457691786,-37.69171584078572,-999.1728014834994
85,105,125,87.35682362164857,-75.64317637835143,-85.74777066560728,-1151.9112290083222
86,106,126,98.21616911519573,-76.78383088480427,-89.54776452070928,-1164.8221062462198
87,107,127,128.52540397274856,-81.47459602725144,-113.93917797218614,-1556.9092459212238
88,108,128,165.0624920993862,-60.93750790061381,-103.44738957566051,-1615.3660426567722
89,109,129,172.98806164434063,-84.01193835565937,-139.52965513883305,-1795.8157029215454
90,110,130,152.80165748734862,-87.19834251265138,-129.74687829697632,-1633.815436177681
91,111,131,185.28460282719016,-75.71539717280984,-126.69242676464341,-1746.6656006642288
92,112,132,197.54345703629383,-55.45654296370617,-115.22111982481101,-1608.6629889777514
93,113,133,212.50257728542078,-38.497422714579216,-102.46487115632976,-1524.0555215347295
94,114,134,231.88903436845112,-43.11096563154888,-111.65837416762383,-1733.3258991956682
95,115,135,180.74171072173567,-63.25828927826433,-106.41199524857734,-1691.305906564162
96,116,136,190.83456582883082,-24.16543417116918,-56.15203885565734,-1440.8969227440725
97,117,137,237.7123113414748,-31.287688658525212,-79.76230879881496,-1613.0468470317392
98,118,138,208.26733513663316,-60.732664863366836,-122.57134887814414,-1775.3917922422224
99,119,139,155.96034142565122,-20.039658574348778,-48.053441118944875,-1382.8736342135749
100,120,140,115.8081130264286,-38.1918869735714,-53.51974655767344,-1095.270279741133
101,121,141,103.96666455902073,-14.033335440979272,-16.636617955309248,-903.7042791265117
102,122,142,113.47322421769331,2.473224217693314,-2.190172783677326,-758.3792322894128
103,123,143,116.84777418094336,26.84777418094336,31.599845281049966,-714.6234774966233
104,124,144,168.0680704193926,43.0680704193926,27.622238010064393,-1026.862142662998
105,125,145,197.28197575301783,48.28197575301783,17.76819374852198,-1113.1295349599873
106,126,146,201.16616605474724,44.16616605474724,14.02423001955026,-1097.5369422455983
107,127,147,228.23079053275524,100.23079053275524,64.5763858379778,-683.3379080242698
108,128,148,220.127272297613,93.12727229761299,57.97073373961257,-745.9663378196078
109,129,149,240.35808354175379,103.35808354175379,63.64133315850472,-662.0276100230881
110,130,150,262.97166212891534,120.97166212891534,79.6339213037545,-715.4839265929509
111,131,151,298.61877934119775,134.61877934119775,90.48564168471603,-953.4561637154357
112,132,152,328.78204679749456,135.78204679749456,68.0099433199432,-1112.0591957453985
113,133,153,380.0543201930234,143.0543201930234,65.8984899183813,-1314.3527540446698
114,134,154,403.43881334684147,153.43881334684147,61.339878159612454,-1379.0391875409523
115,135,155,466.30481065356435,177.30481065356435,65.03855410353617,-1708.3758300166414
116,136,156,492.1233231740832,207.12332317408323,90.53134628307726,-1771.3232981441065
117,137,157,531.0536796772337,226.05367967723373,100.89067441180782,-1777.4858987109055
118,138,158,563.6740174900042,241.6740174900042,107.00756712852967,-1923.269348892215
119,139,159,543.8291630898907,266.8291630898907,147.98179066806142,-1842.8727003229155
120,140,160,590.7887149980957,277.78871499809566,139.28529370089473,-2023.9964105175545
121,141,161,549.0480750254826,253.0480750254826,120.92893651181089,-1843.2526669441684
122,142,162,505.31385107846677,225.31385107846677,101.1605707532267,-1614.3698914577703
123,143,163,472.9019789273641,201.9019789273641,91.15180009843016,-1531.9410773250447
124,144,164,498.050873004775,204.05087300477499,73.96718753549703,-1887.3603452256434
125,145,165,435.51432569979875,198.51432569979875,97.24315579984886,-1604.7997794933458
126,146,166,436.6557183268467,169.65571832684668,63.065052668666794,-2023.0449745585515
127,147,167,444.85717457994997,150.85717457994997,33.25013836075118,-2043.5052792200854
128,148,168,407.48254615169935,135.48254615169935,32.64087443467406,-1986.3557580940465
129,149,169,351.3541115147543,109.35411151475432,27.065477297760026,-1657.1803279487517
130,150,170,340.0754628442728,96.0754628442728,25.0536787848539,-1482.2352404558824
131,151,171,311.33068438967325,87.33068438967325,22.923783078112137,-1276.803924295149
132,152,172,299.90379774252233,70.90379774252233,8.813649721846332,-1245.8292045470398
133,153,173,306.4843936399011,61.4843936399011,20.393087679596874,-1329.7874868309145
134,154,174,287.64551597899845,67.64551597899845,3.215005942993912,-1264.3013747264295
135,155,175,253.75208390165244,38.75208390165244,-16.57081029063943,-1227.6722358146103
136,156,176,243.50530939819828,22.50530939819828,-38.30965700976162,-1270.7253737734677
137,157,177,200.79168993518738,4.791689935187378,-41.497181511667804,-1219.8792977468738
138,158,178,168.94342885369156,-33.05657114630844,-80.94634505270574,-1139.9320549556305
139,159,179,143.62979711315734,-62.37020288684266,-110.51857338894797,-1228.1449391968108
140,160,180,156.2097731625745,-42.79022683742551,-85.02751925013217,-1276.712113932264
141,161,181,125.35554924436587,-59.644450755634125,-90.05958698954328,-1268.7511336566831
142,162,182,93.9554186107805,-67.0445813892195,-82.85796399199603,-1071.5742631975681
143,163,183,88.55917929464886,-62.44082070535114,-68.39249638464935,-904.0471068697511
144,164,184,98.37221609403355,-82.62778390596645,-109.66516123164752,-1049.3455236552136
145,165,185,84.37784603578507,-89.62215396421493,-114.47319051081809,-1074.9482061034141
146,166,186,175.6651788616789,-56.334821138321104,-111.53596016186884,-1681.2645629193175
147,167,187,156.14947360274869,-100.85052639725131,-157.0613903609849,-1911.644118748929
148,168,188,127.70654891636741,-108.29345108363259,-158.90115643896888,-1720.5885124647712
149,169,189,117.72589644564323,-93.27410355435677,-136.633759344468,-1503.1325882135075
150,170,190,167.7017446067291,-40.29825539327089,-71.46321776445438,-1360.929030394604
151,171,191,184.2452665545418,9.245266554541786,-17.336785058736268,-1078.918933579926
152,172,192,165.9877301734357,-26.012269826564307,-44.278525213504736,-1138.8327545302527
153,173,193,202.75618421980607,9.756184219806073,-10.934020561042871,-1018.144438476208
154,174,194,175.26304467419322,4.263044674193225,-32.698335665756986,-1014.7703078473123
155,175,195,184.2457811996453,5.245781199645307,-31.64103733322827,-878.7308852349556
156,176,196,180.82067254685012,-0.17932745314988097,-40.911914764689755,-1039.3969017170957
157,177,197,160.77436851130005,-17.225631488699946,-41.817524227415106,-997.9883874247735
158,178,198,169.56245503128594,9.562455031285936,-20.379715526946256,-788.5996119010629
159,179,199,119.0281913695901,-39.971808630409896,-65.76019147483612,-881.0466834471486
160,180,200,147.4932029666693,-12.506797033330713,-36.470036665795305,-860.1066127257645
161,181,201,112.50007447017333,-53.49992552982667,-76.88162029693262,-863.5549541315672
162,182,202,119.53944724803478,-44.460552751965224,-69.045579160952,-841.603066482874
163,183,203,155.72141929634586,-14.278580703654143,-50.048947726267215,-837.2568076715143
164,184,204,213.12119045527675,11.121190455276746,-43.353481666440075,-1184.7213774306515
165,185,205,198.05956420504413,-0.9404357949558744,-40.05856589514269,-1349.9943133084098
166,186,206,240.42430478240703,25.424304782407035,-28.24458172153095,-1245.25480984483
167,187,207,317.14817466336103,78.14817466336103,4.559308300335488,-1557.531413712727
168,188,208,279.09900978691235,52.09900978691235,-12.049727031989732,-1449.7307794893086
169,189,209,291.92956341341005,60.92956341341005,-4.752658811701622,-1492.3864544711564
