Left,Mid,Right,Loss_likeli,Loss_AIC,Loss_BIC,Loss_eBIC
0,20,40,197.13026817972172,-78.86973182027828,-140.4464841682809,-1726.5708854373947
1,21,41,134.5435604228078,-192.4564395771922,-261.5296278935398,-2215.292906253775
2,22,42,102.48729520700317,-170.51270479299683,-200.67356434825433,-1539.5577257868104
3,23,43,79.1069458326067,-199.8930541673933,-220.79840484780925,-1672.906809819754
4,24,44,87.15043428844888,-213.84956571155112,-235.00748635896593,-1740.6959156128396
5,25,45,83.32375071764591,-203.6762492823541,-236.45721661190305,-1890.4366206163031
6,26,46,83.179357035973,-197.820642964027,-237.22878123471583,-1866.132400028372
7,27,47,81.22239794206394,-189.77760205793606,-214.26342709272672,-1689.1362344383697
8,28,48,58.363659476622615,-173.63634052337738,-187.7161538866469,-1516.7374862322017
9,29,49,109.95058171393657,-155.04941828606343,-171.94066044484407,-1672.9581390904068
10,30,50,118.46930929912651,-158.5306907008735,-175.1761448277059,-1908.0925871458821
11,31,51,123.64587222152545,-154.35412777847455,-190.97883667782276,-1990.6684737433866
12,32,52,114.17854511928795,-177.82145488071205,-226.79066694467883,-2063.001256028667
13,33,53,151.5750902578302,-153.4249097421698,-193.72287218120664,-2104.861244269686
14,34,54,94.75847205002106,-205.24152794997894,-243.00467291292625,-2461.0728326133917
15,35,55,78.32349357055114,-217.67650642944886,-242.704405546609,-2414.980332120991
16,36,56,97.63701091657231,-153.3629890834277,-166.03754616374226,-2444.836722555172
17,37,57,136.12378865414917,-182.87621134585083,-239.10972625484055,-2781.249873305278
18,38,58,91.08699690410458,-219.91300309589542,-263.4992491536698,-2551.109178603279
19,39,59,79.43329341142157,-186.56670658857865,-214.6804482969876,-2199.9709189174637
20,40,60,60.74442512464293,-181.25557487535707,-193.95479339831854,-1851.996569809466
21,41,61,89.5318741689332,-179.4681258310668,-208.03574517896664,-1961.9237629236559
22,42,62,92.41409335777234,-169.58590664222766,-183.5264573942593,-1751.20749437824
23,43,63,135.36831221854413,-117.63168778145587,-144.4620631950636,-1839.839594725654
24,44,64,154.91012011570888,-105.08987988429112,-140.1393172384901,-1975.6051371501658
25,45,65,198.86585169889372,-81.13414830110628,-123.59984910385515,-2010.9220975225212
26,46,66,181.6961173969073,-54.30388260309269,-91.06273936477533,-1834.081203130063
27,47,67,211.26051701365873,-41.73948298634127,-84.39178941370551,-1719.6225847023716
28,48,68,203.82839574893387,-36.17160425106613,-68.2223375763624,-1641.908230998023
29,49,69,221.09654257497277,-38.90345742502723,-63.81558920833527,-1908.0760035723533
30,50,70,220.74873693712038,-69.25126306287962,-99.7659694527938,-2121.9280222988978
31,51,71,248.9788272278622,-55.02117277213779,-113.73796774746279,-2236.6724430345926
32,52,72,240.55271826058947,-73.44728173941053,-125.442819862963,-2314.3191114352007
33,53,73,284.1823782982392,-39.8176217017608,-97.65275002934754,-2276.652992502506
34,54,74,327.31720464130353,-25.682795358696467,-93.88317478112731,-2676.4623420265452
35,55,75,390.85178376614476,19.851783766144763,-86.18434798456701,-2938.7197199573834
36,56,76,432.3666218258056,44.36662182580562,-68.05379270843468,-3398.150259205516
37,57,77,467.2461444334938,36.24614443349378,-109.71258964195658,-3471.2492699592253
38,58,78,508.2401268036065,49.24012680360647,-114.05463772925395,-3615.199527278736
39,59,79,568.5321471110963,92.53214711109626,-85.18805005687818,-3735.9990373449923
40,60,80,578.7507223141301,127.75072231413014,-47.92002914281875,-3268.72390507032
41,61,81,552.4026448401637,144.4026448401637,-25.10910070769296,-2872.7249346609697
42,62,82,546.3825656700058,137.38256567000576,-29.43717176351447,-2892.0918807462826
43,63,83,478.2389641895743,163.2389641895743,30.32470883413862,-2091.893995749281
44,64,84,459.3675291425036,120.3675291425036,-20.336630412220075,-2244.1223987368967
45,65,85,440.6398183926417,110.6398183926417,-20.609835322334902,-1988.3912885665159
46,66,86,446.03213611458455,134.03213611458455,6.770362252839732,-1964.9302916684073
47,67,87,381.70067155716924,98.70067155716924,-15.85585228944251,-1741.899228773067
48,68,88,411.3593252429687,100.35932524296868,-14.746127669091948,-1998.3399774597788
49,69,89,329.78524137053046,70.78524137053046,-19.45885854336757,-1606.112939674595
50,70,90,295.25563908956497,61.255639089564966,-12.042285220357144,-1505.1039928526238
51,71,91,266.6757059089009,61.67570590890091,2.9025961276129237,-1170.00407816616
52,72,92,247.81678134689832,53.816781346898324,29.706840206373045,-820.9283257654392
53,73,93,231.1585314168933,49.15853141689331,24.686837348396693,-810.429058688379
54,74,94,240.93938021590156,28.939380215901565,-8.259931782061813,-1073.2326684654558
55,75,95,178.46178649311787,28.46178649311787,-7.7484655023547475,-843.9284046769108
56,76,96,159.35724143891935,7.3572414389193455,-17.55987612902595,-936.6584407800297
57,77,97,140.45347821070345,-11.546521789296548,-39.39325131067176,-712.4391104477418
58,78,98,121.94997987260058,-19.26828396964902,-33.76106526749618,-702.2486016237217
59,79,99,86.51665261124208,-104.48334738875792,-128.50428784996598,-1082.6310699767264
60,80,100,74.00356228796045,-138.99643771203955,-175.34260882304943,-1331.4765218713492
61,81,101,68.37196872417258,-144.62803127582742,-182.0519475338931,-1563.0351756883992
62,82,102,76.40410956883034,-128.59589043116966,-157.11413539250543,-1514.659394867585
63,83,103,93.94854446533077,-124.05145553466923,-158.41952503213997,-1733.3917587111714
64,84,104,88.12314649464611,-120.87685350535389,-144.5258031467922,-1730.2778093193529
65,85,105,86.64939835424366,-130.35060164575634,-146.42387155733718,-1636.6877483506673
66,86,106,64.37534677951021,-157.6246532204898,-166.60487363295078,-1904.1116815949872
67,87,107,71.04777954578958,-125.95222045421042,-126.99124412088622,-1948.9485071505023
68,88,108,116.8731371899371,-121.1268628100629,-142.23182449431556,-2082.258796494872
69,89,109,112.14864072523528,-99.85135927476472,-119.44872988205452,-1701.1689585354484
70,90,110,58.32063489423308,-117.67936510576692,-113.4618037543255,-1627.546726595861
71,91,111,52.62514686419536,-121.37485313580464,-120.69926671144958,-1462.3242350460405
72,92,112,17.76321915182143,-163.23678084817857,-143.46029261051854,-1446.845265772005
73,93,113,20.443522729034157,-156.55647727096584,-142.95640616431047,-1366.9847312269071
74,94,114,59.38052689510573,-143.61947310489427,-151.49324524476333,-1714.2983936719393
75,95,115,83.27935499082969,-104.72064500917031,-117.22125859773178,-1737.649936520912
76,96,116,138.64572657922417,-87.35427342077583,-114.8026996725016,-1884.7777054328476
77,97,117,141.5729094275291,-76.42709057247089,-97.27702223893107,-1800.2954902941256
78,98,118,171.41529125126704,-55.802972590982336,-76.0988247668397,-1921.4238860591595
79,99,119,140.51361983475522,-58.48638016524478,-59.457509678830775,-1542.9090986579936
80,100,120,105.24643969262434,-115.75356030737566,-131.47593560272344,-1682.1295345898843
81,101,121,85.49620268570493,-137.50379731429507,-160.4855529256945,-1703.8155188989167
82,102,122,82.87088553156309,-120.12911446843691,-130.04708599053424,-1540.4737519941891
83,103,123,81.25532184187614,-148.74467815812386,-172.79818255375972,-1781.5020449907033
84,104,124,96.88389312140748,-141.11610687859252,-178.51002730600385,-1800.1244640498526
85,105,125,67.71396330903417,-161.28603669096583,-188.1471557449779,-1477.5718317491865
86,106,126,67.93446946517497,-137.06553053482503,-153.8709853652358,-1716.9749632371877
87,107,127,87.93972738299726,-143.06027261700274,-155.13499389933668,-2070.148238511695
88,108,128,129.09904839157844,-112.90095160842156,-133.57136270782235,-1996.9905403540752
89,109,129,131.57488891402681,-94.42511108597319,-111.6351206705815,-1978.3478039805823
90,110,130,165.1158880553644,-55.884111944635606,-71.64451161619922,-2103.4632185664973
91,111,131,134.87751958427862,-90.12248041572138,-107.87434463439286,-2049.27051938353
92,112,132,160.94340600223404,-75.05659399776596,-102.44386880434399,-2123.5047300221004
93,113,133,223.78010263419742,-39.21989736580258,-80.04955786535947,-2353.3398541783085
94,114,134,219.96512820170005,-22.034871798299946,-53.44906419637982,-2368.2723503189145
95,115,135,178.3170422273563,-80.6829577726437,-117.78828577369268,-2388.863932167551
96,116,136,183.97487049238384,-90.02512950761616,-135.63817033116038,-2471.924786870287
97,117,137,170.08399880934599,-131.91600119065401,-185.92411639947431,-2520.6112382510382
98,118,138,158.96906414450473,-128.03093585549527,-167.29301361678108,-2540.037471428365
99,119,139,204.3692029894637,-37.6307970105363,-76.79223298500528,-1993.4740311343353
100,120,140,150.31507173618547,-106.68492826381453,-141.7548032204695,-2057.9021729196465
101,121,141,172.27882859002307,-93.72117140997693,-141.57690680558676,-2132.323413842872
102,122,142,239.94103191426643,-37.05896808573357,-93.52309425716794,-2254.1311530001585
103,123,143,255.5559851619612,-23.44401483803881,-86.79562431778618,-2423.7125762900896
104,124,144,262.5844065160088,-29.415593483991188,-106.1709345474394,-2252.9187111056353
105,125,145,272.7377945751937,-7.262205424806325,-83.77464877404327,-1858.1396650476863
106,126,146,266.6752198306615,30.67521983066149,-34.83514990671347,-1720.0720015185025
107,127,147,278.97869185231343,51.97869185231343,5.063528022186119,-1321.5898395641634
108,128,148,286.8498609612575,55.84986096125749,-0.2909063775591676,-1484.39423207026
109,129,149,343.3581518745905,82.35815187459048,0.9353928149907915,-1829.8582834286976
110,130,150,353.6995987740461,98.69959877404608,30.55606362185563,-1809.1100836081227
111,131,151,346.372145276878,88.37214527687797,-2.6473702613500336,-1663.6022261268317
112,132,152,409.81092923050437,93.81092923050437,-18.83756251237037,-2156.596621721689
113,133,153,474.5383872609723,148.53838726097229,29.55572545666837,-2346.971148856099
114,134,154,440.60687533072564,151.60687533072564,59.503763080437466,-2085.802916372327
115,135,155,433.5494679383046,129.5494679383046,35.95656015215877,-1963.1802608718936
116,136,156,485.18545294934233,182.18545294934233,73.26741792978942,-2191.7325672288325
117,137,157,512.034751968449,186.03475196844897,64.27950144190527,-2343.161862866523
118,138,158,544.3930854848795,214.39308548487952,93.41895913346775,-2119.382251087945
119,139,159,550.6157234666816,251.61572346668163,145.25728196105115,-1808.1181723945306
120,140,160,559.3882252869294,236.38822528692936,121.92874041179698,-2221.718484306534
121,141,161,512.7453354577274,207.74533545772738,107.22183739566981,-2190.9738670272036
122,142,162,476.43624221666073,176.43624221666073,72.82411510051861,-2163.6246727399293
123,143,163,484.8142044231895,202.8142044231895,101.92534314399359,-2058.9601594053847
124,144,164,456.4677158141599,170.46771581415987,69.66683152953601,-2059.119989436269
125,145,165,455.7603541185945,172.76035411859448,75.18593619570129,-2071.1418966291158
126,146,166,417.7937289554229,132.79372895542292,43.86440563004521,-1916.6588515599879
127,147,167,330.3260083469647,114.32600834696473,62.49016431298537,-1276.7248525781856
128,148,168,282.6168046731452,78.61680467314523,34.532128666187646,-1267.5623155579506
129,149,169,252.49089557741536,41.49089557741536,-11.57282074053478,-1453.1110981531338
130,150,170,225.61084085347147,6.610840853471473,-36.33146797886752,-1481.8391573820263
131,151,171,212.4705765765059,-14.529423423494109,-71.40011484651632,-1596.7411725011816
132,152,172,259.0228006792868,10.022800679286775,-55.05914269805044,-1741.6536257456496
133,153,173,242.66478425859123,2.664784258591226,-56.51928385917245,-1694.9056920809262
134,154,174,240.5455672093335,5.545567209333512,-45.11668286323811,-1598.19020076361
135,155,175,180.53814302758565,-37.46185697241435,-68.83015594006042,-1473.1963794373196
136,156,176,159.4269972003874,-48.573002799612595,-89.05276581827275,-1478.3755929884323
137,157,177,130.11946672020918,-76.88053327979082,-114.78298861999383,-1466.4188308573448
138,158,178,145.99971600690674,-53.00028399309326,-87.95953100992051,-1232.8615870194599
139,159,179,112.79142456316072,-75.20857543683928,-105.38683575319487,-1108.6336358974004
140,160,180,55.395168264614995,-104.604831735385,-114.69170576710917,-985.9588674592678
141,161,181,60.5712585980491,-102.4287414019509,-108.68824390263717,-911.0711948626763
142,162,182,74.31496751755958,-89.68503248244042,-110.68470061487255,-932.3606880065445
143,163,183,101.22291384374853,-80.77708615625147,-105.53974089646977,-1261.1240522549797
144,164,184,173.80058360942462,-76.19941639057538,-126.49920226491008,-2072.2905842779855
145,165,185,166.6022584622367,-89.3977415377633,-138.17926755912004,-2308.131955670862
146,166,186,203.22679435273403,-78.77320564726597,-137.44332256907524,-2248.3508995531465
147,167,187,215.9702923006662,-47.02970769933381,-106.57434207400911,-2117.8481446692226
148,168,188,180.4185404973698,-76.5814595026302,-129.6731611538437,-1968.7412223492815
149,169,189,157.6153086902275,-64.3846913097725,-102.823666896031,-1660.366252711251
150,170,190,168.7601008150382,-55.239899184961814,-91.90201832253479,-1791.3531820746612
151,171,191,102.09937685038221,-114.90062314961779,-138.37361880191247,-1515.9048113022104
152,172,192,179.90773640651196,-16.092263593488042,-40.20042526242469,-1458.5416638379838
153,173,193,175.94955581087447,-15.050444189125528,-37.36242235473719,-1490.886204522758
154,174,194,142.00720390370338,-46.992796096296615,-61.37757018275488,-1501.7836409964893
155,175,195,94.07898624685618,-94.92101375314382,-107.57291988820225,-1461.8455531451627
156,176,196,94.6690936974519,-116.3309063025481,-134.737263592501,-1564.9267204935763
157,177,197,95.43939775094805,-126.56060224905195,-144.5517360087922,-1867.4870622023304
158,178,198,125.07218497572467,-88.92781502427533,-106.05518200231973,-1777.5254402997243
159,179,199,128.4918545828616,-126.5081454171384,-161.27543528079923,-2138.5074294590286
160,180,200,122.907271483572,-120.092728516428,-148.19247755820516,-2154.043352842544
161,181,201,63.250803028011205,-153.7491969719888,-162.3195282422446,-1851.8975683203353
162,182,202,39.49215936492942,-196.50784063507058,-214.88420209436936,-2010.2994584198286
163,183,203,16.615992065993623,-242.38400793400638,-267.3592602752565,-2163.826327035977
164,184,204,31.905444193657786,-250.0945558063422,-287.56045006430304,-2202.4619849128508
165,185,205,46.336430804098654,-253.66356919590135,-301.13077468668826,-2331.6757598678687
166,186,206,68.1281875289776,-221.8718124710224,-264.70693018431916,-2430.6667539133596
167,187,207,92.55563698616038,-200.44436301383962,-239.57447528326747,-2371.4047431820136
168,188,208,97.20017457636436,-218.79982542363564,-271.80687397089423,-2479.654354745624
169,189,209,104.40885985810132,-204.59114014189868,-260.6980239470379,-2345.014282580728
