Left,Mid,Right,Loss_likeli,Loss_AIC,Loss_BIC,Loss_eBIC
0,20,40,38.07883902770271,14.07883902770277,12.911757786565317,-56.63869807380365
1,21,41,27.213294122371053,12.213294122371167,11.617425890912727,-29.674606794272563
2,22,42,28.139372327993783,11.139372327993783,11.898478424954646,-12.629848552614476
3,23,43,20.6652273564423,2.6652273564423012,1.4817285654219177,-65.51671481702226
4,24,44,27.175958026382204,9.175958026382204,7.492412960275715,-89.6432227985473
5,25,45,27.32403736413903,6.324037364139031,4.409128446034629,-89.0613815453903
6,26,46,32.97568663144068,7.975686631440681,3.7690843235125158,-93.21385445745955
7,27,47,50.35993807986415,29.35993807986415,27.222515374266663,-103.28016193747249
8,28,48,73.92993856994923,48.92993856994917,45.302908246302195,-95.69186274860806
9,29,49,73.08853961047771,46.08853961047771,41.71202767728255,-93.99893622322043
10,30,50,52.40024295441464,29.40024295441458,26.960235155823057,-105.83378838937892
11,31,51,44.707496291054156,28.707496291054213,28.366257088781595,-89.21448901763074
12,32,52,45.21766352936709,25.217663529367087,22.53838618970667,-135.5665402355512
13,33,53,42.12160489962321,26.12160489962332,24.740644926510754,-69.20305582011815
14,34,54,37.90321729641977,19.903217296419825,20.828932010894846,-56.88066136975942
15,35,55,34.18811455169737,19.188114551697367,22.163686445814733,-53.10679287285279
16,36,56,29.8115330898853,16.811533089885188,18.38157424334372,-69.50987598847496
17,37,57,24.873526820219013,1.8735268202190127,-1.9527753394924048,-93.32968861343522
18,38,58,24.89771020376031,3.8977102037603117,4.840251342774877,-52.59537881888173
19,39,59,15.791747238699031,-0.20825276130096881,-1.9357863246934812,-76.64809696169254
20,40,60,22.702528326158244,-2.297471673841642,3.1076018729048656,-43.8812516203634
21,41,61,15.039910757214557,1.0399107572145567,1.981629433373314,-64.7825165433926
22,42,62,18.79990408177582,5.82384157038598,10.617453025247414,-33.01664294312752
23,43,63,14.099728516708296,0.09972851670829641,0.561120682516048,-57.48970284147549
24,44,64,23.63098905103334,9.630989051033339,10.285482122314875,-95.53721291931379
25,45,65,24.222109655511645,9.222109655511645,9.032162999736215,-100.98953885585433
26,46,66,29.51880679255612,9.51880679255612,5.799808682055641,-94.56236907820005
27,47,67,43.041602493396,23.926655690478242,22.003841083302746,-80.35963866283521
28,48,68,56.0304970161385,35.309575392996976,32.913889580993555,-63.98397233709579
29,49,69,56.50855879043257,35.40598229168688,33.37292654609951,-64.18228856077417
30,50,70,62.78350711608783,47.78350711608789,45.86069250891239,-64.3285449823511
31,51,71,64.61751187903099,50.617511879030985,47.6773305712735,-83.91988930831849
32,52,72,67.96333989588527,51.96333989588527,49.54265915193287,-81.6103857731946
33,53,73,70.1100759047008,51.11007590470081,46.05253714448406,-79.42926930200076
34,54,74,74.90936949363737,57.90936949363743,54.644249022627946,-85.16259630639604
35,55,75,82.86267990343828,63.862679903438334,60.294974339434816,-108.0018720422803
36,56,76,86.30304239488873,62.303042394888735,56.93915332756035,-136.33727374662283
37,57,77,82.39398878233192,54.39398878233203,44.959193626215665,-82.26864166724692
38,58,78,97.38093924558495,60.380939245584955,49.1821989639044,-64.01691890609004
39,59,79,89.92465619790545,59.924656197905506,48.80098158767521,-51.693206794942625
40,60,80,100.42381757199053,59.423817571990526,51.973077923554115,-100.53624410885936
41,61,81,96.43114354748207,53.431143547482066,36.52835633971097,-137.11206474836888
42,62,82,90.95888121620953,55.982818704819806,46.548023548703554,-80.03235701902258
43,63,83,85.11002400756166,61.110024007561606,52.97354621799343,-78.66526668169831
44,64,84,91.46083959255594,66.46083959255589,58.173069256490635,-79.11840443471942
45,65,85,101.36520931469249,73.36520931469249,64.27698774885619,-99.94715687344001
46,66,86,84.99775132068623,57.997751320686234,49.40739589162695,-94.03024423062573
47,67,87,56.46313837068669,38.34819156776882,37.269816687650405,-74.4076586124371
48,68,88,51.43077228623213,28.709850663090606,26.01157975809315,-102.63072522288519
49,69,89,49.736727117110604,23.634150618364856,19.80491136945261,-113.08773331225837
50,70,90,78.22064814278997,55.22064814278997,48.62175726083865,-145.10736325968162
51,71,91,49.53629205918185,31.536292059181847,28.119879041675517,-106.55230377901523
52,72,92,37.86594338139446,13.865943381394459,8.888469472354132,-83.01583255770208
53,73,93,34.488190472322344,13.488190472322344,9.167787389951513,-78.5040630921269
54,74,94,36.47272288481622,14.472722884816221,11.914048939282225,-49.02845843350167
55,75,95,43.861915913162306,18.861915913162306,13.81207872998516,-94.33752566768555
56,76,96,28.137763087425242,13.137763087425242,12.601242841369753,-73.9914514607882
57,77,97,17.44691783688768,-4.553082163112322,-7.534944595766774,-70.40661563645006
58,78,98,11.796615933686212,-14.203384066313788,-17.378207301408338,-74.72685518018966
59,79,99,16.243282100219517,-12.756717899780483,-16.104480977354342,-80.23714843498897
60,80,100,17.334078467828363,-23.665921532171637,-31.676712843065957,-144.63063259612545
61,81,101,14.726314638529288,-26.27368536147071,-31.43747124802894,-139.5133329653903
62,82,102,26.020390872168832,-11.979609127831168,-19.115020255837862,-127.94998805856471
63,83,103,26.603462263660276,-9.396537736339724,-15.381515627600038,-166.70378961957738
64,84,104,37.018396884365984,-0.9816031156340159,-3.90925497366311,-156.02533645254937
65,85,105,40.5564540483017,-6.443545951698297,-17.713178720418,-190.77944459490107
66,86,106,44.240275724181174,-1.7597242758188258,-11.49177013692156,-218.46273345639645
67,87,107,42.076103886142846,4.076103886142846,-0.2724056116635438,-192.6591775573878
68,88,108,36.273204345432305,8.273204345432305,5.769880994915525,-145.90233969787596
69,89,109,28.323500427129204,-9.676499572870853,-16.811910700877547,-196.38185855221298
70,90,110,37.47017872184182,-5.529821278158124,-15.501136680329864,-224.15558951402966
71,91,111,36.675885135524936,-6.3241148644751775,-15.255709495806855,-275.31108879691396
72,92,112,26.221738693894736,-19.778261306105264,-30.163612779759887,-219.39175820028026
73,93,113,23.896206797142668,-16.103793202857332,-24.234936604417953,-240.3968471555088
74,94,114,26.386281157689268,-15.613718842310732,-23.624258849744933,-181.8287512583047
75,95,115,23.94977362717782,-18.05022637282218,-29.137772749248256,-183.67793588822462
76,96,116,20.917220830042424,-7.0827791699575755,-12.35869124271403,-153.02363749034646
77,97,117,38.173386646932386,0.1733866469323857,-8.348318842194203,-203.09042749977323
78,98,118,39.91909496064022,6.919094960640223,-0.1530006154413286,-177.04450242398184
79,99,119,40.70836271971439,8.708362719714387,4.21357482208964,-161.54899728847215
80,100,120,40.95096843195449,0.9509684319544931,-8.641398283842591,-179.9459591429279
81,101,121,42.244276533912966,6.244276533912966,1.4903797895597108,-160.11910492540483
82,102,122,33.14507731923163,-9.854922680768368,-19.47966449266005,-187.97412678199066
83,103,123,40.34583807127706,-11.654161928722942,-25.15960199911467,-164.59111104967178
84,104,124,24.378185506188174,-19.621814493811826,-25.19008958222298,-200.25026997536804
85,105,125,23.845279919052587,-21.154720080947413,-26.481672582950978,-188.337124461666
86,106,126,20.838334378730337,-25.161665621269663,-33.92704825940291,-186.45770756801892
87,107,127,32.81738562472094,-7.1826143752790585,-11.14056178551948,-171.8708021760399
88,108,128,34.55663990622418,-3.4433600937759365,-10.578771221782631,-200.80158739727585
89,109,129,33.47665862702297,-1.523341372977029,-1.4002320661577414,-169.2646005761236
90,110,130,34.025320107544246,-0.9746798924558107,-1.5949251095895534,-112.13061022336956
91,111,131,34.23926482774027,-7.760735172259615,-16.1944636668145,-198.0552473325065
92,112,132,30.119213195273346,-1.8807868047266538,-4.088007199459867,-156.5322194004034
93,113,133,21.234745427668486,-11.481764159495015,-6.8829961032761275,-185.88891198588976
94,114,134,16.200570166147486,-22.799429833852514,-26.921678350816705,-185.2511753498287
95,115,135,19.317288843264578,-18.682711156735422,-22.352386381942438,-196.29328314028737
96,116,136,15.253964174386624,-15.746035825613376,-16.27722168366131,-168.2424291194368
97,117,137,20.266914218909903,-12.733085781090153,-13.913430322412069,-172.32033179200914
98,118,138,31.547586401837634,4.547586401837634,5.523329866065069,-104.25982902868293
99,119,139,26.53998389324306,0.5399838932430612,-1.826395183045065,-95.50542046587577
100,120,140,23.026253569248524,0.0262535692485244,2.383594092119324,-39.12198457723741
101,121,141,20.784822024542336,-2.2151779754576637,-4.308612183769242,-24.395155548112598
102,122,142,20.78341985456882,-5.21658014543118,-7.7638919932338695,-77.9466297867641
103,123,143,25.834178622524405,-9.165821377475595,-16.441679627530675,-81.28613439440949
104,124,144,20.989156648494486,1.989156648494486,2.5803341678508787,-84.43090141452922
105,125,145,24.017816207483975,0.017816207483974722,1.6318536572321136,-75.87666398664737
106,126,146,34.57710901826874,13.577109018268743,11.020055174520849,-58.01017876007188
107,127,147,40.61382192077588,12.613821920775877,6.299404522148507,-73.84616466475859
108,128,148,56.944322653262475,22.944322653262475,12.255198627884056,-143.71906658905675
109,129,149,37.628530425514725,7.628530425514782,3.309498610619471,-87.64660950113887
110,130,150,46.64788274136356,17.647882741363446,12.04364176845229,-94.79787875554871
111,131,151,53.05392283703998,24.053922837039977,14.46783513442665,-95.97642252411424
112,132,152,51.49627173973215,25.49627173973215,17.265334818381575,-72.31525428164298
113,133,153,56.29241626899238,24.575906681828883,19.27533316642564,-100.78252967282458
114,134,154,64.42115740945826,24.42115740945826,8.710687866757894,-151.2961716078479
115,135,155,95.28020787309629,49.28020787309629,31.92354302583408,-220.4311761461165
116,136,156,79.86778363611398,39.86778363611393,25.151742019233666,-194.5233363771988
117,137,157,75.8673978054444,36.8673978054444,23.342369505901047,-168.600461760597
118,138,158,53.006929487529305,16.006929487529305,6.8054077297871345,-161.6105243885578
119,139,159,56.31886966064701,20.31886966064701,8.814946133229228,-133.5372026228979
120,140,160,55.78645774975769,27.786457749757687,25.921599637343775,-72.30455328031269
121,141,161,50.171286074177544,21.171286074177488,14.011213503524232,-64.79776942533692
122,142,162,57.01942591059901,24.019425910599125,14.52131520255773,-99.75516001916992
123,143,163,71.50414064409841,37.50414064409847,29.241031750679895,-136.42474969031093
124,144,164,59.28842127962025,35.28842127962025,32.00397375397165,-126.66048070730142
125,145,165,34.14432292277718,3.144322922777178,-4.0202241683556394,-164.26422350880432
126,146,166,32.538154175300235,4.538154175300178,-2.817199439136175,-132.59330768776147
127,147,167,43.189012582076145,9.189012582076089,0.9174425857811457,-113.91511403141988
128,148,168,41.023613698422764,11.023613698422764,2.6725278104323706,-123.6277517380247
129,149,169,48.27132189057795,20.27132189057795,13.262541866421543,-129.41277227629905
130,150,170,49.88213175048452,21.88213175048452,14.526778136048051,-188.62337469164925
131,151,171,61.50493873684229,37.50493873684229,32.141049669513905,-148.63283360205435
132,152,172,61.09600281240091,38.09600281240091,32.68741993595245,-142.09748095849648
133,153,173,47.864654907299496,21.864654907299496,14.811886385857065,-169.19784098206105
134,154,174,60.52035411445672,30.520354114456723,19.743253094506372,-163.54431724185577
135,155,175,58.59715740139984,23.597157401399784,12.847173138807307,-134.59214830218662
136,156,176,57.972329649931226,28.972329649931226,24.60621692348286,-113.51831854824718
137,157,177,39.6174928746471,17.61749287464704,15.32877762255248,-153.5423606403465
138,158,178,46.01620506440071,19.016205064400765,13.891585538141157,-153.14902967708633
139,159,179,37.82252553137124,17.822525531371298,15.143248191710768,-136.97243366432497
140,160,180,21.38105107005447,0.38105107005446825,-2.102945225822964,-126.27828963835998
141,161,181,3.3498916980668696,-18.650108301933187,-20.21769922274484,-86.95310662399208
142,162,182,15.72364950610779,-22.27635049389221,-29.758335212178963,-192.11645671787926
143,163,183,-2.688671176535536,-34.688671176535536,-38.14373830332045,-218.63386348304164
144,164,184,-3.7792806471274503,-36.77928064712745,-39.69249313984943,-222.77108590712714
145,165,185,19.66078936575184,-13.339210634248047,-16.598996717249975,-182.4338822003907
146,166,186,23.15366876215137,-8.84633123784863,-11.608251184073538,-160.7312780182515
147,167,187,46.9626914964814,4.962691496481398,-2.0944191847992215,-172.17602130559635
148,168,188,45.48949229154323,4.489492291543229,-3.0997964759545766,-167.70056850669778
149,169,189,40.73262688849832,1.7326268884983165,-4.860929605445563,-204.35328393334612
150,170,190,38.915445364109644,0.915445364109587,-5.180244993057158,-224.06568948014183
151,171,191,42.63461782037842,6.634617820378367,0.14836537564565333,-226.58451510167492
152,172,192,39.08942903649108,5.089429036491083,0.2920560458721866,-230.38102537505097
153,173,193,30.458639367918295,-5.541360632081705,-11.681039486534473,-219.08449664853447
154,174,194,37.546367966447576,2.546367966447633,-2.7488711609482834,-211.1420556017947
155,175,195,33.842123669660566,-0.15787633033949078,-1.0525075185956894,-128.97333821067662
156,176,196,24.294515792677714,-2.7054842073223426,0.8556071453828054,-114.03249402225595
157,177,197,19.121400032217934,-7.8785999677820655,-9.88405718152194,-134.96556769368271
158,178,198,18.314833222325433,-9.685166777674567,-11.495342947631457,-134.25148705751587
159,179,199,4.18066617329373,-13.81933382670627,-10.304275038613127,-101.33701359955978
160,180,200,6.3827727011728825,-12.61722729882706,-10.986329008630946,-129.97220370537048
161,181,201,-0.9739607292993924,-22.973960729299392,-23.15525728899115,-89.88967636185225
162,182,202,12.599305455186254,-17.400694544813746,-21.240771438624506,-194.47032348107098
163,183,203,24.007885228242287,-1.9921147717577128,-6.2722945709601845,-124.6548490058691
164,184,204,17.04784761516055,-10.952152384839337,-11.722607783956278,-174.66757334375404
165,185,205,19.92618860615363,-9.073811393846427,-10.688706520020332,-178.95474704101332
166,186,206,30.11911089370119,-0.8808891062988096,-3.8380900963067006,-180.75502405434236
167,187,207,35.499822220403985,2.499822220403985,-1.1065374528777738,-198.67003200975728
168,188,208,36.22243299595891,3.2224329959589113,-0.037353087043015876,-208.42300581171685
169,189,209,14.899084432969062,-15.100915567030938,-16.867103239701805,-143.2099103324216
