Left,Mid,Right,Loss_likeli,Loss_AIC,Loss_BIC,Loss_eBIC
0,20,40,72.38151866777974,60.381518667779744,57.52628733897552,-18.43045791017198
1,21,41,67.11877649092946,47.56580614672686,44.33878545684058,-20.713278614398064
2,22,42,61.569606416993,47.569606416993,46.512690856092036,-9.05231852158056
3,23,43,62.37403295569857,51.37403295569857,48.67009417339142,-10.759566567206662
4,24,44,62.87740715309792,52.87740715309792,45.48295258834031,-18.153377882306927
5,25,45,51.74828794035574,39.74828794035574,36.54648302127157,0.3884622761989931
6,26,46,42.68310890723933,34.68310890723933,34.51248930610308,-6.161324201750972
7,27,47,38.59083003010676,31.962445935283768,30.763587746254643,-23.92024708176865
8,28,48,47.79440611564013,38.79440611564013,37.36527140494559,-4.159380608090601
9,29,49,45.25473887478472,34.7271187406954,32.97492373465627,-6.5404427366992195
10,30,50,44.86429968631586,36.86429968631586,36.120307544298214,17.154163456462697
11,31,51,38.28263458176366,30.28263458176366,29.0089314520024,7.73236487923316
12,32,52,38.094604980031875,23.094604980031875,17.706054470056756,-28.041113828036146
13,33,53,39.44354973031233,21.44354973031227,14.561400810006319,-52.62650242955851
14,34,54,36.382793898037676,22.382793898037676,18.185256705399524,-52.611205055522305
15,35,55,45.817962177504796,20.817962177504796,12.775429726335801,-81.69776425439613
16,36,56,51.92165695655649,27.921656956556546,16.73903873213817,-113.066692016802
17,37,57,48.086309440927835,29.086309440927835,21.113909688776857,-65.45692900860524
18,38,58,52.73775510489605,27.73775510489611,18.756837588270855,-97.22948526039238
19,39,59,58.43530460151328,31.43530460151328,22.318362063272957,-131.7323644442654
20,40,60,30.325208632316446,17.325208632316446,14.665258347295207,-33.6758144989783
21,41,61,29.833452691862703,10.280482347660097,6.776092335581893,-14.411159076362196
22,42,62,35.06038920302342,22.06038920302342,20.460297624780424,-22.623271280801987
23,43,63,30.558148654522597,19.558148654522597,18.240504233335287,-31.464320043947282
24,44,64,34.204783953212655,21.204783953212655,18.891407258471418,-46.655656055012514
25,45,65,47.724438662029684,31.724438662029684,27.917463556957387,-38.4259459836062
26,46,66,42.4901540030728,28.490154003072803,25.332337581274487,-33.11355172039919
27,47,67,43.44126606961004,24.441266069610037,19.14069255420668,-54.575623273245014
28,48,68,50.616747705949706,32.616747705949706,28.259693909826865,-66.16053477423202
29,49,69,54.541409235047354,36.541409235047354,31.738701856421017,-62.35603834321262
30,50,70,65.74196872162588,48.74196872162588,44.437127479776564,-37.03579353347209
31,51,71,73.18409732439193,46.18409732439193,36.20744753421275,-94.49128828693745
32,52,72,69.4994497879934,35.4994497879934,22.037737040375305,-125.29388944735899
33,53,73,77.84291337916295,41.84291337916295,27.732041948270762,-145.31654973502918
34,54,74,85.31333720709381,51.31333720709381,37.50505086919566,-164.18936460968462
35,55,75,84.69163910527618,46.69163910527618,31.585035400829952,-178.5828118586934
36,56,76,80.37220241742318,39.372202417423296,23.46514748320601,-180.4428471450998
37,57,77,88.1290548983983,51.129054898398294,34.80881159526382,-138.82961721917945
38,58,78,93.14678908101132,50.14678908101132,31.164560331560324,-153.70984812873883
39,59,79,92.9725313619557,49.9725313619557,33.238050904649754,-196.40772395082092
40,60,80,79.38932030923002,44.389320309230015,27.697937121112773,-116.29966476167328
41,61,81,80.47516365905756,49.47516365905756,33.10364308125895,-112.21811108021757
42,62,82,78.15208952530992,52.15208952530986,39.32107865427838,-111.99366112226323
43,63,83,75.3593998142419,48.3593998142419,36.60667517806576,-131.09576030591325
44,64,84,55.93312661467701,38.93312661467701,32.548843831147906,-71.69501705897324
45,65,85,45.59098655637854,30.59098655637854,24.85586245612342,-43.890750146968
46,66,86,38.018226798342084,26.01000822912249,22.41764122247241,-17.205776045026596
47,67,87,49.7353885782436,30.98149052853205,24.748500291500022,-24.79699769478009
48,68,88,53.61138159046777,34.61138159046777,28.10342521343216,-38.561167074590344
49,69,89,58.881775020801285,37.88177502080123,29.159454099884215,-59.027630538380095
50,70,90,58.02503517367427,34.02503517367427,25.19541020354609,-48.542309481306006
51,71,91,57.643202164343734,30.643202164343734,21.013125964444612,-93.62978508145807
52,72,92,51.47773945695508,21.477739456955078,10.354064846724896,-107.67171363326611
53,73,93,62.938410989177896,32.938410989177896,22.16130996922766,-135.56382507529486
54,74,94,58.74122388693172,31.74122388693172,22.80429486759249,-161.7960709886919
55,75,95,48.24570343117978,29.245703431179777,24.29170350605648,-97.35996862394688
56,76,96,36.13926994094038,16.13926994094038,10.953880043188633,-52.06078557901708
57,77,97,40.96579732458241,22.755703177623104,17.757714755213783,-60.49449611764169
58,78,98,36.53877499321072,18.76175707753714,14.632978111510056,-48.56864857605126
59,79,99,28.875316461332773,10.875316461332773,7.480575369414055,-56.91749479744658
60,80,100,26.751085080634425,8.751085080634425,3.2552305214481976,-48.37144500327918
61,81,101,34.08264197826077,14.082641978260767,8.284202326080504,-94.11938585616701
62,82,102,32.70873074959343,15.708730749593428,13.13675745914395,-81.0146624458157
63,83,103,33.87579945809102,13.875799458091024,9.46365416703054,-88.60927450863664
64,84,104,34.097439576291265,23.097439576291208,22.126368745383957,-53.88351379534504
65,85,105,41.077175978771834,28.077175978771834,23.162297189511378,-38.03997231507026
66,86,106,40.11982267382558,29.111604104606045,28.09654477641277,-34.75025223767557
67,87,107,43.51680566445833,32.762907614746894,31.552567242770692,-42.81620357778024
68,88,108,54.11104456923516,37.11104456923516,31.499740473530096,2.183791014739768
69,89,109,60.50347524682377,43.50347524682371,37.81233964385456,-16.63471452019985
70,90,110,81.84175653892214,51.84175653892214,39.67836115785201,-96.01770538739515
71,91,111,71.57280704162315,42.57280704162315,31.253851387610098,-83.92176985509934
72,92,112,69.65598733095044,45.65598733095044,36.479788770542314,-103.45887190351107
73,93,113,52.316369452166555,31.316369452166555,23.28719571180943,-60.14796043920546
74,94,114,48.90061094819396,25.900610948193957,17.568852114842798,-96.3995454501553
75,95,115,46.168395839965456,23.168395839965456,15.183210596894241,-66.52656920018421
76,96,116,50.53018205280148,28.53018205280148,22.349059881495805,-73.95319931221889
77,97,117,59.544998533132684,34.33490438617332,25.851853006325086,-113.60607633313168
78,98,118,44.02554908422377,21.248531168550244,14.630421518638173,-99.37291834758219
79,99,119,34.14575651339953,17.145756513399533,12.147768090990326,-91.40104520119223
80,100,120,27.398287804625397,16.398287804625397,14.734069793158028,-54.66592498540308
81,101,121,31.730405684041557,18.730405684041557,16.070455399020375,-61.548325178836876
82,102,122,44.138610812231036,26.138610812231036,20.642756253044695,-66.88695046199177
83,103,123,44.67057695295881,25.670576952958868,19.676856256995507,-62.912504866857375
84,104,124,52.04937675115957,36.04937675115957,31.89582805580733,-63.11118889123941
85,105,125,42.56924762457419,24.569247624574245,19.76654024594791,-76.25861116473027
86,106,126,34.71156091384273,17.71156091384273,13.75329326227336,-39.35774217967128
87,107,127,35.112602707263136,25.112602707263136,23.946250832572787,-40.07631759783999
88,108,128,35.707833026171784,19.707833026171784,14.861137150259538,-38.089883245060605
89,109,129,39.68364506633873,22.683645066338727,16.992509463369515,-32.462223991616156
90,110,130,69.45773459872402,44.45773459872402,34.090522720978925,-83.51515940710635
91,111,131,72.4048534840681,48.17901806021342,39.99855177335928,-64.9072180810897
92,112,132,64.23452858901567,44.234528589015724,38.84735945658667,-81.88346041104148
93,113,133,54.400692777779,35.40069277777906,29.75354567209581,-69.15541148845648
94,114,134,44.850782319127575,26.850782319127575,21.701501350221292,-78.92823048855075
95,115,135,47.4076161497664,28.407616149766454,22.74031333771495,-73.25904906000949
96,116,136,49.22519034829105,27.225190348290994,21.470739193396753,-92.68819532597695
97,117,137,44.7283293533842,19.728329353384197,15.077024750915825,-122.74381975316817
98,118,138,41.285188969391186,18.28518896939113,14.547919869943144,-120.38397775124815
99,119,139,45.43719793422815,21.437197934228152,14.68701450577987,-127.32533895329709
100,120,140,37.3352857865724,18.3352857865724,13.727859451729046,-91.72651345143913
101,121,141,34.1202318285508,19.1202318285508,15.811122860255523,-58.334572188484
102,122,142,31.04336011528528,18.04336011528528,14.690262649703982,-82.55280495999602
103,123,143,39.48181679426324,22.481816794263295,17.647199491924994,-67.85802808669871
104,124,144,33.97459767058831,15.974597670588196,10.478743111402082,-64.73555813315079
105,125,145,31.620844770082158,16.620844770082158,12.965162211506936,-74.08679581918602
106,126,146,26.566251138910957,13.756272540596115,12.659398820717342,-26.8185593778328
107,127,147,18.192480274672675,13.192480274672675,12.436017542187528,-25.8297283123959
108,128,148,16.833024389518414,11.456678349797585,10.84573184542478,-24.63838093408424
109,129,149,19.6014984337927,11.601498433792699,10.463158885635835,-42.45229170689856
110,130,150,25.89269947842041,17.08194603177799,15.632336118732951,-17.876128191827206
111,131,151,13.363191659907045,11.970293933381015,11.472427796604052,4.670033033279708
112,132,152,13.412881698799993,7.202082697768162,5.665877167697261,-15.0628826750077
113,133,153,26.37497513040273,20.37497513040273,16.115483789098676,-40.2994322323824
114,134,154,28.53114871602463,23.826105855980018,22.383131513348985,-14.435259267403694
115,135,155,31.871524952087952,27.061905749706455,26.61000661846151,-14.204361961484437
116,136,156,50.13597565339387,38.35133807779255,35.40812975441645,-4.962320497561564
117,137,157,47.94483843702096,33.94483843702096,28.824342711795566,-13.879448466837403
118,138,158,48.34905708840404,31.349057088404038,25.45150230899344,-30.426778104828486
119,139,159,50.534583199322924,29.534583199322924,20.441165208681923,-73.09932471159959
120,140,160,56.852524910594184,36.852524910594184,27.624925316604845,-65.91954881989659
121,141,161,59.01541423514368,39.10513187846976,31.13927369003784,-46.018297899724985
122,142,162,52.3203153978655,37.96152199660975,30.493529944954844,-42.98366188729972
123,143,163,41.21456310862021,23.597229145281574,15.145583393646575,-53.464886578045025
124,144,164,36.91000749048942,18.295755978617024,10.3298977901851,-58.844386852418666
125,145,165,34.134150454007624,18.134150454007624,10.514865855855703,-59.764698297177404
126,146,166,20.501352951742547,7.719466872188946,6.5346161577383555,-20.208948467590858
127,147,167,23.285370673306375,12.285370673306375,7.062475671097445,-29.179332214030637
128,148,168,14.765630987518875,3.38928494779816,-1.0429457214430613,-28.256591859669697
129,149,169,16.193332158571934,4.193332158571934,0.8322471085559755,-33.72583930448434
130,150,170,15.942474874345578,3.0406980038266056,0.04640649109558126,-34.64581325736822
131,151,171,13.096718449565742,6.528646383582384,3.541449562920434,-10.188926801682328
132,152,172,22.689051272127756,14.478252271095926,11.403498691463028,-10.301657645748037
133,153,173,18.590977752242452,12.590977752242452,9.603780931580502,-14.013485166290025
134,154,174,20.066921986748753,14.361879126704139,11.872548442819152,-4.0085131938053
135,155,175,18.915677441524963,11.77240032867985,7.140312551189822,-29.57770751798057
136,156,176,12.0724693319969,3.147480556467997,0.008991189308972025,-38.69557072978438
137,157,177,22.900643969140162,8.900643969140162,4.9434562046873225,-42.77871269795605
138,158,178,25.447475478300248,8.447475478300305,3.842283400921815,-40.94758890970786
139,159,179,47.664384029288385,28.66438402928833,26.851476125886506,-94.01694294713172
140,160,180,51.09313631477096,32.09313631477096,31.088182723938985,-73.14029638422426
141,161,181,48.620586153085924,23.952664876532936,20.870837647741382,-86.58814994759325
142,162,182,51.76563807627332,27.765638076273376,19.629160286705087,-113.38706106570964
143,163,183,52.83849746396794,28.838497463967997,20.008872493839874,-96.86610251659852
144,164,184,52.98934688449776,30.37509537262531,23.536934949605154,-98.50521667443263
145,165,185,48.13065614601123,25.130656146011233,16.798897312660074,-102.9547246453119
146,166,186,26.184474702408124,5.212567221169365,2.3336968155614386,-74.83139080776937
147,167,187,29.33802493534762,13.338024935347676,14.152582814313405,-75.55622580600811
148,168,188,37.016919438150296,19.016919438150353,16.986800781763918,-102.37312472834526
149,169,189,37.518734182560024,19.518734182560024,19.403761600674443,-77.67945188264821
150,170,190,43.35130793209146,25.26028450821491,24.417621671201914,-62.39427219081688
151,171,191,30.440497611296564,16.440497611296564,16.401843502017982,-58.49535585968954
152,172,192,33.48609113809175,19.48609113809181,20.70218613367649,-46.39156639567818
153,173,193,27.437439092765317,16.437439092765317,17.89238339381791,-52.21498390806721
154,174,194,24.29829797425606,14.298297974256116,15.904534821805555,-42.32255631114117
155,175,195,16.465839945040784,-0.5341600549592158,-2.7595597551286346,-85.05878242276503
156,176,196,17.819381008242715,-0.1806189917572283,-1.8641640578638317,-104.1327495963751
157,177,197,14.73305515413523,-5.266944845864828,-6.66615198650004,-67.31955556107994
158,178,198,9.995848826852864,-11.004151173146965,-13.789782974298078,-76.57895152600042
159,179,199,20.37193311793169,-8.628066882068424,-15.441565862441735,-154.57428922774716
160,180,200,18.640582647516908,-11.359417352483092,-17.04039566912354,-129.64551279549994
161,181,201,16.295163759998786,-14.704836240001214,-19.602174026756984,-139.35460563735353
162,182,202,20.238029757908578,-7.761970242091479,-13.037882314847934,-144.12883849140007
163,183,203,18.290799628008358,-8.104859720563525,-8.402110425550063,-100.84401394782742
164,184,204,14.144625828217215,-6.855374171782842,-7.554292666152378,-120.22336215174391
165,185,205,15.899766363920492,-9.100233636079508,-12.882547298505074,-108.4579264793067
166,186,206,19.14355437789584,-0.856445622104161,-2.802899306083191,-55.78382490961371
167,187,207,24.470366079875816,7.4703660798758165,7.7870578220645825,-61.28360101567091
168,188,208,23.26253851803631,7.262538518036308,7.614446496323808,-68.36118636904132
169,189,209,34.69786427024292,15.697864270242917,14.209600247919411,-82.84226368193822
