Left,Mid,Right,Loss,Loss_left,Loss_right,gain,glasso
0,20,40,1348.6755999447741,980.38661747265,999.1374010795685,-630.8484186074443,4.160372249092916
1,21,41,1348.1408989074262,976.4185522989424,998.2710701300055,-626.5487235215217,5.767642484806061
2,22,42,1348.620743429808,980.4444152989145,993.8528886443642,-625.6765605134706,6.64849025667786
3,23,43,1357.7550548548911,990.6667668575767,1000.8900274480658,-633.8017394507515,3.6831112326963193
4,24,44,1350.3224180346324,978.4811892590869,999.4228572112681,-627.5816284357227,3.727962254541012
5,25,45,1352.4341604572714,983.4566438032175,994.3234752182735,-625.3459585642195,4.741825196371906
6,26,46,1347.4224894237689,991.0376462589945,983.2250245942993,-626.840181429525,3.7306742526072867
7,27,47,1349.850126199307,985.3728467180207,986.9144943340793,-622.4372148527932,5.167463252039624
8,28,48,1352.9371233953896,982.097639345836,991.8105863734088,-620.9711023238553,6.192191311462466
9,29,49,1356.7581710954971,983.547673198805,992.3134557155198,-619.1029578188277,8.18008865049103
10,30,50,1357.501462102973,983.0882840584933,990.914770965322,-616.5015929208423,9.59297273686309
11,31,51,1355.0380273473143,983.7765668272914,981.6730462736753,-610.4115857536524,14.262528790893725
12,32,52,1332.8847325003003,948.4733649379464,982.1294887108934,-597.7181211485395,15.29473586113727
13,33,53,1346.0664549077846,962.8329009590169,999.2556510917321,-616.0220971429644,13.704771229061635
14,34,54,1342.3791071999815,957.0168192367012,1000.241224959703,-614.8789369964227,10.679283584098357
15,35,55,1345.3657788364183,951.3401012408292,1002.3822903313342,-608.3566127357451,11.120097125584493
16,36,56,1344.9322168277595,959.998791760719,998.9043533663961,-613.9709282993556,8.769182844872603
17,37,57,1349.2019618016566,982.3788034493136,990.6929903181094,-623.8698319657665,1.4717547902132537
18,38,58,1352.3639506944533,986.4839492871258,992.2181412637188,-626.3381398563915,-1.9341139636887874
19,39,59,1352.2381225297383,994.5806222238933,990.3827320915594,-632.7252317857144,2.279768315472438
20,40,60,1351.9842261291496,999.1374010795685,984.1368614617232,-631.290036412142,3.1330274342763005
21,41,61,1353.1509434995226,998.2710701300055,977.8053425750994,-622.9254692055822,-0.5426094630869329
22,42,62,1347.026569919573,993.8528886443642,976.6591890350742,-623.4855077598654,-0.003750783323766882
23,43,63,1357.3287357390984,1000.8900274480658,974.6578689218668,-618.219160630834,-0.8173287724694092
24,44,64,1365.83817890516,999.4228572112681,981.581086455885,-615.1657647619932,1.9690315735942931
25,45,65,1367.8330659432168,994.3234752182735,991.5948248069827,-618.0852340820395,2.0198707989133027
26,46,66,1365.422493592832,983.2250245942993,997.7674990217909,-615.5700300232581,3.1530267174505298
27,47,67,1376.6466433459464,986.9144943340793,998.9186956884207,-609.1865466765537,5.107911190442337
28,48,68,1375.8226821055066,991.8105863734088,993.7574576782954,-609.7453619461976,6.696163447168146
29,49,69,1391.8823257038857,992.3134557155198,984.8323481469398,-585.2634781585739,11.632466344201134
30,50,70,1398.331181462052,990.914770965322,988.6959923565776,-581.2795818598474,13.329413111567078
31,51,71,1408.0752083456641,981.6730462736753,1011.346999278378,-584.9448372063891,21.174638890842857
32,52,72,1412.6606972420327,982.1294887108934,1017.2353646629439,-586.7041561318047,21.608510113666398
33,53,73,1406.4487556618265,999.2556510917321,1014.9716260164495,-607.7785214463552,12.45418214090705
34,54,74,1398.6935880531407,1000.241224959703,1006.4861263206171,-608.0337632271794,9.07329609832027
35,55,75,1397.1553299207953,1002.3822903313342,1002.0997119781763,-607.326672388715,9.19574205762251
36,56,76,1399.5497124381632,998.9043533663961,1004.7181241260892,-604.0727650543222,7.312940516109279
37,57,77,1394.959219515757,990.6929903181094,1010.317053742191,-606.0508245445435,4.147200307636695
38,58,78,1385.6856981765077,992.2181412637188,1004.1140478914112,-610.6464909786223,5.974118830934458
39,59,79,1383.8978542735942,990.3827320915594,1004.6678508884982,-611.1527287064634,7.954912873648254
40,60,80,1381.1418006234974,984.1368614617232,1004.4415323337505,-607.4365931719765,8.661472452493967
41,61,81,1372.759443540921,977.8053425750994,1003.6903910220458,-608.7362900562243,4.9714424386640985
42,62,82,1380.034341690654,976.6591890350742,1010.0918058718307,-606.716653216251,7.579031779179559
43,63,83,1368.6045973867685,974.6578689218668,1009.2564581923783,-615.3097297274767,3.7321352318660956
44,64,84,1369.6371428327761,981.581086455885,1007.1076347140457,-619.0515783371548,3.819906153378952
45,65,85,1365.2981169106597,991.5948248069827,1000.6534289933035,-626.9501368896265,2.496935310093022
46,66,86,1370.5441258340988,997.7674990217909,999.5840862156776,-626.8074594033696,3.918963575602902
47,67,87,1361.868715500754,998.9186956884207,994.8901208447314,-631.9401010323982,0.7942058779202625
48,68,88,1358.8841458234,993.7574576782954,999.0654991787776,-633.9388110336729,1.7770884192382255
49,69,89,1360.2546514671053,984.8323481469398,994.566061907813,-619.1437585876474,2.0376950155741724
50,70,90,1355.8875398302516,988.6959923565776,988.1454175322069,-620.9538700585329,1.893856081076592
51,71,91,1360.3274963643325,1011.346999278378,972.1184431842752,-623.1379460983208,9.723523400127988
52,72,92,1370.5667517863985,1017.2353646629439,983.8754011847209,-630.5440140612664,7.7786918504466485
53,73,93,1377.1411780841968,1014.9716260164495,1004.1797663329718,-642.0102142652245,4.000789041606367
54,74,94,1373.1710536075211,1006.4861263206171,1007.7309237206873,-641.0459964337833,3.89413415535671
55,75,95,1370.275021929955,1002.0997119781763,1006.227896877598,-638.0525869258192,3.622171974215348
56,76,96,1378.3413297370546,1004.7181241260892,1017.4568103930076,-643.8336047820421,-0.0777931819945934
57,77,97,1373.4915554671984,1010.317053742191,1011.159441559454,-647.9849398344465,0.9245680608112252
58,78,98,1366.8994870474103,1004.1140478914112,1004.3427585150897,-641.5573193590908,1.6432454099530105
59,79,99,1373.1799128297928,1004.6678508884982,1010.6226859630697,-642.110624021775,2.7076570395325916
60,80,100,1371.701223672393,1004.4415323337505,1008.1837131040461,-640.9240217654035,3.8251789815758457
61,81,101,1368.3068912105496,1003.6903910220458,1000.6858198246794,-636.0693196361756,6.026238593370522
62,82,102,1366.527392656624,1010.0918058718307,984.102125192589,-627.6665384077958,7.713859558379909
63,83,103,1363.6118442066327,1009.2564581923783,983.7420504703878,-629.3866644561335,7.019352852998622
64,84,104,1360.884553353761,1007.1076347140457,985.2301844600377,-631.4532658203225,6.695320661088999
65,85,105,1358.07265504822,1000.6534289933035,985.1322775497775,-627.713051494861,9.578937816936104
66,86,106,1357.7094049420014,999.5840862156776,985.2843714944602,-627.1590527681365,8.767071451983725
67,87,107,1357.6746678093377,994.8901208447314,993.1908645325939,-630.4063175679876,7.647341275985809
68,88,108,1360.5645829545217,999.0654991787776,986.1049969718189,-624.6059131960749,9.12391465675114
69,89,109,1356.660995113968,994.566061907813,979.6632847331582,-617.5683515270032,10.931405421245813
70,90,110,1367.1387589456062,988.1454175322069,1000.4643003401525,-621.4709589267532,12.551637059517702
71,91,111,1350.2823420597535,972.1184431842752,995.444420624146,-617.2805217486678,8.931970620259108
72,92,112,1350.218515276858,983.8754011847209,995.8194395089157,-629.4763254167788,5.286541914162058
73,93,113,1353.6612468627561,1004.1797663329718,978.4393013242799,-628.9578207944955,6.2743778842815345
74,94,114,1370.2275208568074,1007.7309237206873,993.4407706159462,-630.9441734798263,8.130914896314152
75,95,115,1370.1969552706287,1006.227896877598,994.7255052973213,-630.7564469042907,7.967625058813383
76,96,116,1377.2358445727987,1017.4568103930076,984.9743290787458,-625.1952948989547,8.149995558871751
77,97,117,1373.972391308699,1011.159441559454,992.0713217660696,-629.2583720168248,8.649001014092846
78,98,118,1371.407168877824,1004.3427585150897,998.1431285003943,-631.07871813766,9.278308892862697
79,99,119,1372.0386420750397,1010.6226859630697,993.7753307112004,-632.3593745992303,10.388663248850094
80,100,120,1368.6192065702335,1008.1837131040461,993.3963590358835,-632.9608655696961,9.959273367829724
81,101,121,1367.549791911572,1000.6858198246794,1000.6842086515289,-633.8202365646364,9.392626403157692
82,102,122,1364.837980184102,984.102125192589,1007.9374680158546,-627.2016130243417,6.733263593121137
83,103,123,1366.3612169732912,983.7420504703878,1010.9929349997876,-628.3737684968842,6.418400419649402
84,104,124,1375.1124899741246,985.2301844600377,1023.882123337541,-633.9998178234539,8.995923396754506
85,105,125,1377.9064732831794,985.1322775497775,1025.7903663518941,-633.0161706184922,9.987759537959732
86,106,126,1394.739856099226,985.2843714944602,1040.9207974321278,-631.4653128273619,13.589581213716201
87,107,127,1399.070600233067,993.1908645325939,1038.7415807229663,-632.8618450224933,13.843345682347149
88,108,128,1394.4604365963664,986.1049969718189,1039.6203348294125,-631.2648952048648,13.969367643064857
89,109,129,1393.1947415067852,979.6632847331582,1038.8960570258128,-625.3646002521857,15.588109209922322
90,110,130,1397.8768142461247,1000.4643003401525,1034.9267472838728,-637.5142333779006,13.00261139233487
91,111,131,1394.2979201126495,995.444420624146,1034.0261930613703,-635.1726935728668,11.646377879789497
92,112,132,1399.0964109519323,995.8194395089157,1040.0756123749418,-636.7986409319251,10.859946530678144
93,113,133,1396.8626444330812,978.4393013242799,1042.1185907360605,-623.695247627259,19.05489596881762
94,114,134,1394.2721966957233,993.4407706159462,1025.8057612936177,-624.9743352138407,15.164611149142047
95,115,135,1394.8924882953231,994.7255052973213,1027.3420597416434,-627.1750767436417,14.104213895348948
96,116,136,1388.850334313245,984.9743290787458,1029.5928704262483,-625.7168651917491,14.535111544646384
97,117,137,1390.4906465073987,992.0713217660696,1030.4273695428371,-632.008044801508,11.656504393891282
98,118,138,1390.7237985722727,998.1431285003943,1025.816238047687,-633.2355679758084,11.592803356577633
99,119,139,1382.1547795204501,993.7753307112004,1020.2198789398874,-631.8404301306377,11.554847358203233
100,120,140,1388.8111906159106,993.3963590358835,1034.3376396267042,-638.9228080466771,9.40801795936352
101,121,141,1392.5408475800841,1000.6842086515289,1028.6423899346323,-636.7857510060771,9.978334949844225
102,122,142,1408.9778182109117,1007.9374680158546,1034.7372185022648,-633.6968683072078,12.150029253179468
103,123,143,1409.1222176916017,1010.9929349997876,1029.55495285022,-631.4256701584059,12.238000572501733
104,124,144,1420.2229475535478,1023.882123337541,1031.7604367141244,-635.4196124981177,11.414122528030475
105,125,145,1417.9141630566344,1025.7903663518941,1024.6864269969803,-632.5626302922403,9.74159212514985
106,126,146,1416.8746675300563,1040.9207974321278,1012.4246328804451,-636.4707627825164,8.086287238304976
107,127,147,1420.9565982729864,1038.7415807229663,1013.6286346147231,-631.413617064703,10.527632304592203
108,128,148,1420.5042759245357,1039.6203348294125,1014.2073216999171,-633.3233806047938,11.294056146079583
109,129,149,1415.244991023836,1038.8960570258128,996.215920803862,-619.8669868058387,12.979664607277755
110,130,150,1407.9776081615532,1034.9267472838728,990.0628671554155,-617.012006277735,14.021039830443556
111,131,151,1410.4553499314275,1034.0261930613703,990.8303220316633,-614.4011651616061,9.990242308130291
112,132,152,1415.4651288659543,1040.0756123749418,984.2631086848052,-608.8735921937928,13.833586739389375
113,133,153,1422.4876188427886,1042.1185907360605,980.2015559754809,-599.8325278687528,14.515957562526296
114,134,154,1417.934827813819,1025.8057612936177,998.3799513152858,-606.2508847950844,10.846068043228797
115,135,155,1416.074120174837,1027.3420597416434,994.8998579451569,-606.1677975119633,9.85105623617983
116,136,156,1416.2433032606286,1029.5928704262483,997.2798024203075,-610.6293695859272,13.219667610190982
117,137,157,1418.1238651138408,1030.4273695428371,999.5859795946483,-611.8894840236446,12.735995198165142
118,138,158,1423.756670531221,1025.816238047687,1003.7696309517302,-605.829198468196,12.158877271876577
119,139,159,1419.212649151874,1020.2198789398874,997.9493288159251,-598.9565586039384,13.043827898475115
120,140,160,1430.1763842178996,1034.3376396267042,1001.4320548655137,-605.5933102743184,13.059546630350269
121,141,161,1432.608658251088,1028.6423899346323,1008.663215722974,-604.6969474065183,11.265738611214715
122,142,162,1428.018372408908,1034.7372185022648,992.543049872869,-599.2618959662259,18.163079445413473
123,143,163,1416.109983719161,1029.55495285022,988.601218375944,-602.046187507003,13.694336815987867
124,144,164,1410.7913340680043,1031.7604367141244,983.4189641799628,-604.3880668260829,11.996321642994872
125,145,165,1407.6413905877505,1024.6864269969803,989.8292624369001,-606.8742988461299,11.329131336804267
126,146,166,1389.6094224913627,1012.4246328804451,989.9061747601853,-612.7213851492677,7.2384998831568055
127,147,167,1384.721513594191,1013.6286346147231,986.1762677740447,-615.0833887945769,8.11121761946265
128,148,168,1383.646927207143,1014.2073216999171,991.2135135698004,-621.7739080625743,8.746324121442512
129,149,169,1377.2368858966809,996.215920803862,1002.6138673517518,-621.5929022589328,5.817148841475728
130,150,170,1381.8668076454114,990.0628671554155,1005.1601163230139,-613.3561758330179,8.732249564279527
131,151,171,1377.952321425983,990.8303220316633,1003.5094608188998,-616.3874614245801,3.2031331705981074
132,152,172,1369.8064897680702,984.2631086848052,999.0767238604353,-613.5333427771702,7.665766059716361
133,153,173,1361.9309063073401,980.2015559754809,1002.4330350934188,-620.7036847615595,3.9315761426038307
134,154,174,1369.7185835295168,998.3799513152858,980.0124375074465,-608.6738052932155,8.029358559488173
135,155,175,1368.434322348557,994.8998579451569,983.0051258094545,-609.4706614060542,8.047409353837793
136,156,176,1365.974127048,997.2798024203075,979.5109311166059,-610.8166064889135,10.431922221566879
137,157,177,1362.9082121101083,999.5859795946483,975.8333274071481,-612.5110948916881,7.783136839471695
138,158,178,1370.3679327845887,1003.7696309517302,976.1157653248796,-609.5174634920211,8.393447762986625
139,159,179,1372.2836592666317,997.9493288159251,978.9604236861552,-604.6260932354485,2.4507224016555256
140,160,180,1360.638862025034,1001.4320548655137,967.9623793599475,-608.7555722004272,2.2765923914816995
141,161,181,1361.8528969366923,1008.663215722974,956.4904135982642,-603.3007323845459,-2.683531717358278
142,162,182,1337.7915613703062,992.543049872869,949.5459400384282,-604.297428540991,-16.50136669631422
143,163,183,1340.0111733817457,988.601218375944,958.271990789411,-606.8620357836094,-16.758990394943908
144,164,184,1330.0754968594952,983.4189641799628,946.8777044738852,-600.2211717943528,-6.586864528063643
145,165,185,1330.9699399525439,989.8292624369001,943.6538841076233,-602.5132065919795,-9.201492382616266
146,166,186,1336.1530386934046,989.9061747601853,954.4099331513515,-608.1630692181323,-4.210456000870408
147,167,187,1324.1614059863316,986.1762677740447,947.2067059654481,-609.2215677531613,-4.448301546233779
148,168,188,1335.5580301245868,991.2135135698004,958.1921397543631,-613.8476231995767,-3.970112673117228
149,169,189,1357.969496920568,1002.6138673517518,981.3209683521636,-625.9653387833473,4.590675730167391
150,170,190,1361.7672079525341,1005.1601163230139,980.457937316989,-623.8508456874688,7.77127706167721
151,171,191,1366.8292360454166,1003.5094608188998,994.3187831665937,-630.9990079400768,6.955637858700584
152,172,192,1366.7439749016933,999.0767238604353,999.8892654456843,-632.2220144044263,9.226335596385411
153,173,193,1363.2331574974382,1002.4330350934188,991.9744196846084,-631.1742972805889,8.821602252634875
154,174,194,1357.0989872981313,980.0124375074465,1003.8622823319923,-626.7757325413077,8.957846835290184
155,175,195,1370.7414534188356,983.0051258094545,1007.9547621030467,-620.2184344936657,14.720618296809562
156,176,196,1371.9454419058923,979.5109311166059,1009.2243226591659,-616.7898118698795,12.99362565845513
157,177,197,1367.795144128671,975.8333274071481,1007.8642673792331,-615.9024506577102,11.62308498848381
158,178,198,1375.3719969620304,976.1157653248796,1012.928634785266,-613.6724031481151,12.6844422025124
159,179,199,1380.600883852283,978.9604236861552,1015.0532084216447,-613.4127482555168,3.100134136008819
160,180,200,1377.5118604221946,967.9623793599475,1018.3570487731376,-608.8075677108907,4.758162551654891
161,181,201,1377.900184525558,956.4904135982642,1019.5112590858071,-598.1014881585133,3.1452261884103336
162,182,202,1375.4407741604632,949.5459400384282,1018.438466755357,-592.543632633322,-3.795539122860646
163,183,203,1376.5058915964325,958.271990789411,1013.2334468232419,-594.9995460162204,-1.4596580475711107
164,184,204,1373.5797634341022,946.8777044738852,1025.7636201026698,-599.0615611424528,10.846324397094577
165,185,205,1377.3799962431758,943.6538841076233,1030.1082000794354,-596.3820879438829,10.712907350259457
166,186,206,1379.3199956439526,954.4099331513515,1031.7089881660004,-606.7989256733995,14.931232179070435
167,187,207,1375.0272130612825,947.2067059654481,1029.7717734681519,-601.9512663723176,15.022543954174239
168,188,208,1375.6687763731788,958.1921397543631,1019.5038387072549,-602.027202088439,16.94475600740236
169,189,209,1373.755570950511,981.3209683521636,1012.7341904366871,-620.2995878383399,14.532024823783331
