Left,Mid,Right,Loss,Loss_left,Loss_right,gain,glasso
0,20,40,1392.077376804755,1015.544322090004,996.784388555104,-620.251333840353,4.24779060082642
1,21,41,1389.2945254972026,1014.3345446442422,994.5787836804691,-619.6188028275087,4.26495282287658
2,22,42,1384.6588881347784,1013.5802140768109,986.9413521298239,-615.8626780718564,1.261499130437187
3,23,43,1380.1347114196724,1014.9145460700859,979.9868394265649,-614.7666740769782,0.9916587181112391
4,24,44,1381.73857868382,1012.2923497544632,990.1619874892323,-620.7157585598757,1.4347020467628226
5,25,45,1379.023070339641,1013.1712524113016,988.6850692557277,-622.8332513273883,0.46048812284698215
6,26,46,1371.5623811857583,1012.7865120516708,994.3238550490856,-635.547985914998,174.41332079625568
7,27,47,1366.4834545471726,1007.9874564806021,995.3059280416,-636.8099299750295,163.24030532720167
8,28,48,1370.434858374048,1003.7982575595141,999.1302188018476,-632.4936179873139,6.210880035667515
9,29,49,1371.6112503149054,1008.0329300609208,998.7998918088924,-635.2215715549078,3.2402496479536467
10,30,50,1369.6086455584377,1006.9162213774532,999.3778526065535,-636.685428425569,4.786740053654739
11,31,51,1356.4184187307687,1008.9540411215961,993.471071403323,-646.0066937941504,5.538802186015005
12,32,52,1353.551165473454,991.3498737377038,1003.9922038145929,-641.7909120788429,-9.242114331570065
13,33,53,1362.1801114792756,993.4294098009461,1008.4590929818431,-639.7083913035135,-8.959111021472381
14,34,54,1348.0887539358114,970.2777254921714,1007.1433246933907,-629.3322962497507,-4.855949202335296
15,35,55,1339.8747854314324,984.9787198037303,991.9111452701227,-637.0150796424205,-3.5035857295056303
16,36,56,1364.3878749347487,986.3944607336641,1007.0976355278174,-629.1042213267328,2.867190935763915
17,37,57,1377.114926485392,985.1382644662976,1020.0547193517115,-628.0780573326169,4.232896651291185
18,38,58,1377.2234385341126,990.6799866275205,1014.6871947139164,-628.1437428073243,2.9936931896987744
19,39,59,1381.03413913023,992.9419229048815,1010.9080683791868,-622.8158521538385,6.495428582351451
20,40,60,1377.3652392713786,996.784388555104,1011.1136449538164,-630.5327942375418,4.086783189743983
21,41,61,1392.553100504689,994.5787836804691,1024.4392257294242,-626.4649089052043,8.393372648475179
22,42,62,1388.5639831596027,986.9413521298239,1023.5662845362497,-621.943653506471,7.66045189211809
23,43,63,1392.4723495078385,979.9868394265649,1032.4416034551211,-619.9560933738474,8.261365344439128
24,44,64,1403.200360520445,990.1619874892323,1035.9813722028182,-622.9429991716056,8.247702886055322
25,45,65,1411.3996704425317,988.6850692557277,1040.1247827861432,-617.4101815993392,9.314746498474506
26,46,66,1407.0102083414358,994.3238550490856,1034.903843696889,-622.2174904045387,-165.9951654174498
27,47,67,1412.4020442903204,995.3059280416,1032.4942651362408,-615.3981488875204,-151.18545746495204
28,48,68,1414.535602948425,999.1302188018476,1033.3393060979695,-617.933921951392,7.621604251556846
29,49,69,1407.7024357920836,998.7998918088924,1027.2128893536246,-618.3103453704334,10.984381604525879
30,50,70,1432.2467748277918,999.3778526065535,1042.3173792991715,-609.4484570779332,6.664779399283702
31,51,71,1436.687681995209,993.471071403323,1047.4684872274338,-604.2518766355479,7.0285637719345
32,52,72,1446.5315856703392,1003.9922038145929,1051.2215261275574,-608.682144271811,15.146739918036587
33,53,73,1447.111404851673,1008.4590929818431,1047.0249970563762,-608.3726851865463,13.344407165678717
34,54,74,1443.3031687653186,1007.1433246933907,1048.2852311352412,-612.1253870633134,12.721287168287631
35,55,75,1437.0982592448343,991.9111452701227,1051.7685111073065,-606.5813971325949,12.213185457981353
36,56,76,1441.494666578521,1007.0976355278174,1034.3115821513359,-599.9145511006323,13.431372863014758
37,57,77,1456.5275633996227,1020.0547193517115,1035.404796156905,-598.9319521089935,13.195756413032768
38,58,78,1450.800267509412,1014.6871947139164,1036.103928234552,-599.9908554390565,11.567791106425375
39,59,79,1448.4324610153822,1010.9080683791868,1028.7148563010364,-591.190463664841,15.939789628137873
40,60,80,1447.9021728515527,1011.1136449538164,1015.0977455704201,-578.3092176726839,20.776004508837786
41,61,81,1447.7527882015706,1024.4392257294242,1009.5966361003179,-586.2830736281715,15.00787193817348
42,62,82,1451.248738291562,1023.5662845362497,1016.4545649028792,-588.7721111475669,16.20403279937841
43,63,83,1455.820603289833,1032.4416034551211,1015.2918377339234,-591.9128378992118,15.956138939233824
44,64,84,1453.6587136879298,1035.9813722028182,1012.4116984699133,-594.7343569848017,16.8575767021174
45,65,85,1455.8766320744771,1040.1247827861432,1016.6723980831408,-600.920548794807,14.551439384942341
46,66,86,1443.0771081122784,1034.903843696889,1009.3168392592851,-601.1435748438957,10.070832226544553
47,67,87,1441.7132834372164,1032.4942651362408,1006.261143947937,-597.0421256469613,11.053346267349298
48,68,88,1441.644983535886,1033.3393060979695,1008.5770115112939,-600.2713340733774,8.371894536447826
49,69,89,1436.4811650893776,1027.2128893536246,1008.5131787499499,-599.244903014197,6.263209255475431
50,70,90,1434.593649656472,1042.3173792991715,996.9621829551378,-604.6859125978374,14.320536136856731
51,71,91,1430.3852119033158,1047.4684872274338,978.7192778639328,-595.8025531880508,13.005234131376596
52,72,92,1432.040267968101,1051.2215261275574,980.6893899664864,-599.8706481259428,11.575531069261956
53,73,93,1431.1336506522523,1047.0249970563762,985.5385273882677,-601.4298737923916,10.610958066506782
54,74,94,1433.4196977824713,1048.2852311352412,991.7213988444885,-606.5869321972584,10.48062863449934
55,75,95,1434.1739274169408,1051.7685111073065,995.8340446224037,-613.4286283127694,9.852385697027671
56,76,96,1418.9674580699973,1034.3115821513359,992.0155562761439,-607.3596803574826,4.084747647483027
57,77,97,1408.174735442732,1035.404796156905,983.1632433845111,-610.393304098684,0.7627122142289409
58,78,98,1404.952535371507,1036.103928234552,983.8262023182492,-614.9775951812942,-0.34420060834202104
59,79,99,1396.575779623,1028.7148563010364,981.1120552271598,-613.2511319051962,3.0646599807598705
60,80,100,1377.4393045936167,1015.0977455704201,974.5398733812447,-612.198314358048,-1.2739143677242737
61,81,101,1385.5943852118648,1009.5966361003179,992.3036699371381,-616.3059208255913,-0.27373282286976064
62,82,102,1386.881228107275,1016.4545649028792,987.2708631460484,-616.8441999416525,0.9883271480613303
63,83,103,1388.5578995615494,1015.2918377339234,984.0558671761491,-610.789805348523,2.5083931845426832
64,84,104,1389.3803448952315,1012.4116984699133,988.2294301902695,-611.2607837649514,0.9413680833175704
65,85,105,1399.7127530014627,1016.6723980831408,998.7357388736589,-615.6953839553371,4.417849198228396
66,86,106,1405.4183829020292,1009.3168392592851,1010.3585171600887,-614.2569735173445,12.443976562879243
67,87,107,1402.3098094916447,1006.261143947937,1013.346604921746,-617.2979393780381,11.780218570168017
68,88,108,1403.1552477014316,1008.5770115112939,1006.0312026133977,-611.45296642326,14.60452589364661
69,89,109,1401.6049301020985,1008.5131787499499,1011.5624050407307,-618.4706536885822,13.06107832945031
70,90,110,1404.3388056696467,996.9621829551378,1021.9516605499248,-614.575037835416,12.962213271306837
71,91,111,1397.5444262966175,978.7192778639328,1025.912833211404,-607.0876847787192,8.599906244143085
72,92,112,1396.952483174918,980.6893899664864,1023.9189166737985,-607.6558234653669,8.398709232435749
73,93,113,1401.0610779827553,985.5385273882677,1019.4211271704555,-603.898576575968,10.074064103104092
74,94,114,1400.1535167738748,991.7213988444885,1019.4487343672149,-611.0166164378286,8.525662749204002
75,95,115,1394.5194273006464,995.8340446224037,1012.6607297781225,-613.9753470998799,9.088308959000415
76,96,116,1390.4158664012075,992.0155562761439,1009.5039887687874,-611.1036786437239,8.546893760413468
77,97,117,1387.3053814766981,983.1632433845111,1013.995833839566,-609.8536957473789,8.522913582983733
78,98,118,1381.155344063881,983.8262023182492,1012.0150918936229,-614.685950147991,4.649305787765911
79,99,119,1379.0431904871032,981.1120552271598,1013.8039533245183,-615.8728180645749,4.408342112527862
80,100,120,1386.8901498363823,974.5398733812447,1020.8800836346115,-608.5298071794739,2.4303570888716877
81,101,121,1395.571930701111,992.3036699371381,1021.5019851271115,-618.2337243631387,3.882735340329191
82,102,122,1396.0187931886994,987.2708631460484,1025.9714668896868,-617.2235368470358,4.326888953007369
83,103,123,1392.2000467544303,984.0558671761491,1018.3669873434822,-610.222807765201,8.614511458951256
84,104,124,1393.88107163111,988.2294301902695,1017.9535014603916,-612.301860019551,4.815144412663585
85,105,125,1393.4888358909643,998.7357388736589,1008.8328922816781,-614.0797952643727,5.138660986592981
86,106,126,1394.3412693279752,1010.3585171600887,1010.1757381963595,-626.1929860284731,2.657519022806582
87,107,127,1401.2213501441931,1013.346604921746,1010.966108228946,-623.091363006499,4.990036281254106
88,108,128,1390.5473356389034,1006.0312026133977,1013.5566881979646,-629.0405551724589,2.497363135174396
89,109,129,1389.1003284849212,1011.5624050407307,1014.0760030985623,-636.5380796543718,1.3955623183733223
90,110,130,1389.07781542657,1021.9516605499248,1008.5946281446397,-641.4684732679946,3.247178804373334
91,111,131,1387.0257834457127,1025.912833211404,1003.3495585319555,-642.2366082976466,5.010806355925524
92,112,132,1393.181908153154,1023.9189166737985,1002.8420060310707,-633.5790145517153,3.1345088881660104
93,113,133,1394.2889338405416,1019.4211271704555,1010.0662042227113,-635.1983975526252,1.9468437859387677
94,114,134,1391.8416833636752,1019.4487343672149,1008.5362584210786,-636.1433094246183,2.209968133278835
95,115,135,1393.6930138287617,1012.6607297781225,1013.1317951765532,-632.099511125914,1.9338854883646945
96,116,136,1400.739153844464,1009.5039887687874,1019.0548746794768,-627.8197096038002,3.9080882984562777
97,117,137,1393.3302314737557,1013.995833839566,1008.426151512444,-629.0917538782542,5.203354312305805
98,118,138,1390.9996951406538,1012.0150918936229,1010.7504321057304,-631.7658288586995,2.979884090343262
99,119,139,1391.7164918064686,1013.8039533245183,1008.5522968416344,-630.639758359684,4.72589857782657
100,120,140,1399.429778243285,1020.8800836346115,1006.8425128517797,-628.2928182431062,4.796866749370565
101,121,141,1396.5827922002497,1021.5019851271115,1010.5094267659379,-635.4286196927997,1.4676568171969393
102,122,142,1397.9670998636777,1025.9714668896868,1005.038800255928,-633.043167281937,3.5308223279077993
103,123,143,1411.7773154018153,1018.3669873434822,1014.6383161934396,-621.2279881351064,7.9913407323304
104,124,144,1419.0230516394422,1017.9535014603916,1017.6342133703039,-616.5646631912532,10.412573935553723
105,125,145,1417.1544346260766,1008.8328922816781,1019.8813222639042,-611.5597799195057,11.316909765706896
106,126,146,1417.1578853605733,1010.1757381963595,1023.402199091834,-616.4200519276201,7.231056046424783
107,127,147,1427.8906890204266,1010.966108228946,1027.5412383497,-610.6166575582195,8.193320570132755
108,128,148,1434.0839043156175,1013.5566881979646,1031.882753433401,-611.355537315748,3.3328003113314253
109,129,149,1437.7326088182463,1014.0760030985623,1035.2901649038233,-611.6335591841394,2.9038282387226673
110,130,150,1432.4612827963642,1008.5946281446397,1041.340003805511,-617.4733491537868,10.714305304480945
111,131,151,1449.8901782735545,1003.3495585319555,1054.5095368476643,-607.9689171060652,10.729618647218672
112,132,152,1441.1752425438822,1002.8420060310707,1047.2815444957453,-608.9483079829338,12.185580983223645
113,133,153,1439.4703856429655,1010.0662042227113,1041.8667719889906,-612.4625905687367,9.81802325659055
114,134,154,1439.117027104784,1008.5362584210786,1036.3114692684014,-605.730700584696,10.376662217844228
115,135,155,1443.5798221473615,1013.1317951765532,1034.6470267655861,-604.1989997947778,11.971592433214937
116,136,156,1441.2158794662064,1019.0548746794768,1031.418271538255,-609.2572667515255,9.855789330857988
117,137,157,1433.8612267653375,1008.426151512444,1033.5059282324723,-608.0708529795788,11.536811451050767
118,138,158,1440.4748901297903,1010.7504321057304,1036.9588419855793,-607.2343839615194,13.178496708617786
119,139,159,1434.897338965326,1008.5522968416344,1028.9160525629027,-602.571010439211,15.211852758669352
120,140,160,1432.924265101795,1006.8425128517797,1026.7603590753013,-600.6786068252859,17.456137215868466
121,141,161,1426.9868651696684,1010.5094267659379,1026.0985969434555,-609.621158539725,14.736416975949737
122,142,162,1430.7546474999053,1005.038800255928,1031.9433681126027,-606.2275208686253,15.65215128368368
123,143,163,1427.6635943458941,1014.6383161934396,1022.5771494089029,-609.5518712564483,11.886085147206131
124,144,164,1422.7230370595291,1017.6342133703039,1017.6451917443369,-612.5563680551115,12.049072363955474
125,145,165,1423.9366054091727,1019.8813222639042,1020.7905769957205,-616.7352938504521,10.154898443908792
126,146,166,1422.998151104763,1023.402199091834,1018.4848448537037,-618.8888928407746,9.91819275444493
127,147,167,1420.2989023399914,1027.5412383497,1012.4856050319277,-619.7279410416363,7.8321829298926104
128,148,168,1422.9850980228318,1031.882753433401,1014.3019802932481,-623.1996357038172,5.7793254595512735
129,149,169,1417.0566515363284,1035.2901649038233,1009.9684480927044,-628.2019614601993,3.8789532120931653
130,150,170,1419.3867673977766,1041.340003805511,1009.8731469981257,-631.8263834058603,0.29112894282786783
131,151,171,1421.936710569757,1054.5095368476643,992.8463870929172,-625.4192133708245,-0.261570782857234
132,152,172,1417.8141597386903,1047.2815444957453,991.6918009579554,-621.1591857150104,-0.3398387931756588
133,153,173,1407.827082322484,1041.8667719889906,990.9107657634634,-624.9504554299699,-0.598998404726558
134,154,174,1405.1928892339147,1036.3114692684014,990.0966162660796,-621.2151963005663,-0.2262792527764077
135,155,175,1396.8602226160747,1034.6470267655861,988.7497505419944,-626.5365546915059,-4.175630016176001
136,156,176,1397.4019638225768,1031.418271538255,994.767345489488,-628.7836532051663,2.004354650560458
137,157,177,1405.6824303473036,1033.5059282324723,997.7831681225141,-625.6066660076829,7.95061023653102
138,158,178,1403.6881056509978,1036.9588419855793,985.0864609943646,-618.3571973289461,9.001093743922297
139,159,179,1402.7597932632834,1028.9160525629027,992.5402826342465,-618.6965419338658,11.9080047146158
140,160,180,1400.4430148173285,1026.7603590753013,975.2586420844244,-601.5759863423971,23.2232909704328
141,161,181,1394.225485880238,1026.0985969434555,976.612171390001,-608.4852824532186,17.568884782304053
142,162,182,1396.4213519854009,1031.9433681126027,962.7109453270117,-598.2329614542134,19.009599326643297
143,163,183,1387.5517732312808,1022.5771494089029,972.6100314160501,-607.6354075936722,13.91429770497109
144,164,184,1387.6347259925,1017.6451917443369,968.3320158882518,-598.3424816400886,15.573059312364535
145,165,185,1389.9722463001199,1020.7905769957205,967.8100699155717,-598.6284006111723,23.54675158235443
146,166,186,1389.4219267910114,1018.4848448537037,969.9585770169923,-599.0214950796847,23.44989722168998
147,167,187,1383.1127186288654,1012.4856050319277,968.7138726161975,-598.0867590192597,25.362827750808833
148,168,188,1379.7460768465698,1014.3019802932481,966.2014591598222,-600.7573626065005,21.72446134755262
149,169,189,1378.6982305708843,1009.9684480927044,961.3689334935889,-592.639151015409,23.054715439860843
150,170,190,1372.787523169647,1009.8731469981257,958.1852748983788,-595.2708987268575,22.062176514461044
151,171,191,1348.3888264015245,992.8463870929172,966.2121185912208,-610.6696792826135,14.883976780585613
152,172,192,1367.7492899386464,991.6918009579554,992.3023578463576,-616.2448688656666,10.825610549056933
153,173,193,1374.3854728649376,990.9107657634634,1002.7843146653336,-619.3096075638593,7.831414195126399
154,174,194,1368.5538997097333,990.0966162660796,1003.2552570282475,-624.7979735845938,4.011159197261122
155,175,195,1370.165220497331,988.7497505419944,1005.7731963498777,-624.3577263945413,2.381577276475923
156,176,196,1369.0886735466975,994.767345489488,1001.7973598771492,-627.4760318199396,5.609253865147593
157,177,197,1361.912990945073,997.7831681225141,994.6700510994215,-630.5402282768625,2.3208273181836603
158,178,198,1354.9544936779678,985.0864609943646,996.2230020888601,-626.354969405257,1.6207743327536264
159,179,199,1358.5532214732439,992.5402826342465,992.511257587886,-626.4983187488888,4.075393498348717
160,180,200,1339.8207498591914,975.2586420844244,988.5762116576643,-624.0141038828974,1.9138482181172094
161,181,201,1340.9290536310382,976.612171390001,985.2281252716621,-620.911243030625,4.993905286616496
162,182,202,1329.1572301895148,962.7109453270117,976.0122599005895,-609.5659750380864,6.441088203911136
163,183,203,1338.6750864270896,972.6100314160501,982.0636014320235,-615.998546420984,11.273901903864498
164,184,204,1330.3578469639065,968.3320158882518,972.9164413399125,-610.8906102642577,14.882414753416356
165,185,205,1338.6664575222885,967.8100699155717,970.7992081879959,-599.9428205812792,13.436649261426851
166,186,206,1340.6103738067643,969.9585770169923,978.6903476254392,-608.0385508356674,11.976590159813782
167,187,207,1341.5864913262362,968.7138726161975,972.4297847687033,-599.5571660586645,19.24236588617009
168,188,208,1343.3510295413384,966.2014591598222,977.0558758689688,-599.9063054874525,20.14653038365816
169,189,209,1345.6508494229408,961.3689334935889,979.9907853899958,-595.7088694606439,24.58509671579702
