Left,Mid,Right,Loss,Loss_left,Loss_right,gain,glasso
0,20,40,1306.2538467922727,960.1411666658396,957.1766590924149,-611.0639789659817,-6.187078755207722
1,21,41,1307.324168588652,967.6951769639594,951.081780521911,-611.4527888972184,-6.9775024221066815
2,22,42,1304.5964692442035,963.0048219028628,951.9077247327557,-610.3160773914151,-8.92554997338982
3,23,43,1299.1920841135752,964.5397394348836,951.1047726521933,-616.4524279735017,-9.712286906508098
4,24,44,1304.2593444121976,974.5625723573634,953.8145335064886,-624.1177614516544,-7.1911580205461405
5,25,45,1314.0744166962072,977.1962677264032,964.2899462414879,-627.411797271684,-4.510973156695513
6,26,46,1327.0073522983694,974.1310651697833,979.6377506343158,-626.7614635057298,-4.079669522685094
7,27,47,1315.8372894439663,964.4041940802306,972.2427507665664,-620.8096554028307,-2.212726358796658
8,28,48,1339.755718732867,960.5911119266523,998.906500887497,-619.7418940812822,0.5640790157227684
9,29,49,1335.0831643697757,965.1153491088627,988.148248192038,-618.1804329311249,3.2327065215379207
10,30,50,1333.1520231211034,960.835313953233,989.663887949888,-617.3471787820176,2.959446535678353
11,31,51,1327.2430093105,955.061453696284,987.6793515282943,-615.4977959140783,5.7868331649909805
12,32,52,1338.5662063557083,965.046080641951,996.6905144966538,-623.1703887828965,8.46706853914975
13,33,53,1351.180501466538,968.5294389537528,999.2296179340465,-616.5785554212612,12.314611127068247
14,34,54,1347.5868746181095,971.4715997716938,995.9996896216162,-619.8844147752006,10.520579103333944
15,35,55,1348.4207342824443,972.0953281799987,1000.7543282620129,-624.4289221595673,9.731599462616373
16,36,56,1350.8192718872579,964.3418134914801,1008.6665650242462,-622.1891066284684,4.872365201650723
17,37,57,1351.4393882582594,968.1211843997787,1008.912394245652,-625.5941903871712,5.0441874636991315
18,38,58,1346.7717719202442,957.9949015758457,1007.0020465854225,-618.225176241024,5.405922339679819
19,39,59,1346.6355945154733,960.8489080484878,1002.030843071203,-616.2441566042176,6.492135672468635
20,40,60,1345.5912585073363,957.1766590924149,1005.4613590850292,-617.0467596701078,4.662856929225313
21,41,61,1343.383664312765,951.081780521911,1007.3383060437864,-615.0364222529324,4.914155342723234
22,42,62,1352.7378989655476,951.9077247327557,1009.8401078388235,-609.0099336060316,8.017457117053027
23,43,63,1358.0951125130705,951.1047726521933,1015.3557445978123,-608.365404736935,6.296801815816252
24,44,64,1347.0422033403743,953.8145335064886,1005.9740180604467,-612.7463482265612,4.733266926730039
25,45,65,1366.7560195650854,964.2899462414879,1011.7611813750278,-609.2951080514304,6.069515081954933
26,46,66,1367.5084804959165,979.6377506343158,1000.3358628442224,-612.4651329826218,9.182920177534356
27,47,67,1371.831985954335,972.2427507665664,1013.7811966741889,-614.1919614864203,8.444567826260482
28,48,68,1377.4581591971205,998.906500887497,999.7433146921305,-621.1916563825071,6.481053749839248
29,49,69,1367.7987965864434,988.148248192038,997.3780972881123,-617.7275488937069,5.061600138392009
30,50,70,1377.7965120328504,989.663887949888,1000.9342953038142,-612.8016712208519,5.1482412668201505
31,51,71,1374.911225671095,987.6793515282943,993.6495046649595,-606.4176305221588,6.57545353793239
32,52,72,1372.2115638115279,996.6905144966538,982.9178256721136,-607.3967763572396,7.412457331862356
33,53,73,1393.2025050302195,999.2296179340465,1001.3782570475262,-607.4053699513531,11.561889273343354
34,54,74,1395.8843602646343,995.9996896216162,1002.9923558021911,-603.1076851591729,12.342955826652087
35,55,75,1400.1256545510182,1000.7543282620129,1004.7495303093413,-605.3782040203359,13.565741355285468
36,56,76,1412.1051861322185,1008.6665650242462,1010.693351401882,-607.2547302939097,11.540537855839602
37,57,77,1414.1492658387165,1008.912394245652,1012.3907133206787,-607.1538417276142,12.392144350815556
38,58,78,1415.6934458210117,1007.0020465854225,1019.8298083274293,-611.13840909184,14.365971019962558
39,59,79,1414.634287645804,1002.030843071203,1018.2557093474195,-605.6522647728184,15.029557112351085
40,60,80,1418.595463407795,1005.4613590850292,1011.0677994777395,-597.9336951549737,16.64304835386156
41,61,81,1417.5782682791873,1007.3383060437864,1007.416533878375,-597.1765716429741,19.577849587836226
42,62,82,1414.8069003689209,1009.8401078388235,999.7151484089311,-594.7483558788338,20.60797222458052
43,63,83,1413.3970758922508,1015.3557445978123,985.2495077800995,-587.2081764856609,23.393140575949246
44,64,84,1410.1737480214533,1005.9740180604467,990.7756683105425,-586.575938349536,25.530393783691125
45,65,85,1408.2390690316788,1011.7611813750278,982.2392020466414,-585.7613143899903,21.500770270842736
46,66,86,1395.6705586320882,1000.3358628442224,985.426421210999,-590.0917254231333,20.481877877704733
47,67,87,1403.8447037348005,1013.7811966741889,989.870834008512,-599.8073269479005,16.65122367766378
48,68,88,1380.4938798416028,999.7433146921305,985.1681383269877,-604.4175731775154,13.153742237040433
49,69,89,1382.0886589416468,997.3780972881123,985.7706444195173,-601.0600827659828,13.737447839552487
50,70,90,1380.2154760382584,1000.9342953038142,981.3114016633934,-602.0302209289491,12.73685626796464
51,71,91,1375.912840114616,993.6495046649595,988.0833543999036,-605.820018950247,12.419467174835745
52,72,92,1364.2619131671527,982.9178256721136,989.0819296370862,-607.7378421420472,9.91933701198127
53,73,93,1350.937332931549,1001.3782570475262,964.2292629770478,-614.6701870930251,0.8139867511704324
54,74,94,1347.887985966339,1002.9923558021911,961.7708066203307,-616.8751764561828,1.9738347964130298
55,75,95,1354.4512228723083,1004.7495303093413,969.7338287572001,-620.0321361942329,4.152070939055534
56,76,96,1345.7586447263982,1010.693351401882,958.3594384230447,-623.2941450985284,2.11375941184599
57,77,97,1347.6215577160592,1012.3907133206787,955.3339214153011,-620.1030770199206,4.173851136967301
58,78,98,1349.473314585979,1019.8298083274293,948.7961168091773,-619.1526105506275,3.260430413552058
59,79,99,1348.419350100684,1018.2557093474195,952.3989713635349,-622.2353306102705,3.4865060859644927
60,80,100,1338.1561744415726,1011.0677994777395,948.7030886335331,-621.6147136697,0.4664237191113898
61,81,101,1345.9786149097802,1007.416533878375,965.8009747141645,-627.2388936827595,1.6475739048000833
62,82,102,1339.3350614416838,999.7151484089311,961.7269266381104,-622.1070136053577,1.4961869516474735
63,83,103,1340.6828096529819,985.2495077800995,980.7315404028473,-625.2982385299649,4.8132166106672685
64,84,104,1349.5486105872628,990.7756683105425,988.2910451370749,-629.5181028603547,2.8874735104976708
65,85,105,1342.2845695600186,982.2392020466414,990.4772743134972,-630.43190680012,0.17216504357236317
66,86,106,1342.3290740840573,985.426421210999,987.0416263072447,-630.1389734341863,1.552643413397277
67,87,107,1337.1574910316735,989.870834008512,979.3126200635734,-632.0259630404119,1.1762196400778748
68,88,108,1331.4419628083647,985.1681383269877,976.443179392101,-630.169354910724,-0.9267441798704112
69,89,109,1333.3370783485734,985.7706444195173,977.9908430559749,-630.4244091269188,-0.48434130765087957
70,90,110,1350.438488658774,981.3114016633934,1003.5491020016577,-634.422015006277,1.5900810308053224
71,91,111,1355.2370939100279,988.0833543999036,1001.7813916227444,-634.6276521126201,3.304964400134736
72,92,112,1360.1014905239535,989.0819296370862,1004.2222056165604,-633.202644729693,3.2007419114652294
73,93,113,1351.7194521705533,964.2292629770478,1006.8621444469075,-619.3719552534021,5.698106128924451
74,94,114,1355.215851532263,961.7708066203307,1010.1455294485587,-616.7004845366264,7.891514597138098
75,95,115,1355.9140291063295,969.7338287572001,1005.5643582296499,-619.3841578805204,6.699075261793041
76,96,116,1355.1988367556105,958.3594384230447,1005.9523225202197,-609.1129241876538,7.963250856078957
77,97,117,1362.9155904035717,955.3339214153011,1013.1858343093982,-605.6041653211275,11.686318671363779
78,98,118,1354.5319786120203,948.7961168091773,1010.2654546961217,-604.5295928932787,7.320054256750723
79,99,119,1354.867648469517,952.3989713635349,1009.9963161208855,-607.5276390149033,8.367546006882549
80,100,120,1351.577389410495,948.7030886335331,1010.5007231759254,-607.6264223989633,6.4097606699964444
81,101,121,1355.0177664622734,965.8009747141645,999.7216154967081,-610.5048237485992,7.342163628331946
82,102,122,1353.1834254874545,961.7269266381104,1002.6188144205836,-611.1623155712393,4.885019673922216
83,103,123,1353.8457395176447,980.7315404028473,990.6754262310077,-617.5612271162104,3.9441570973510807
84,104,124,1354.0683343073242,988.2910451370749,980.7605336357262,-614.9832444654769,-1.6454731496905879
85,105,125,1353.789481832716,990.4772743134972,977.2012380222611,-613.8890305030422,7.0891960921761665
86,106,126,1359.5106863352785,987.0416263072447,985.5400358467853,-613.0709758187513,9.345549712341608
87,107,127,1361.24364024983,979.3126200635734,989.8748148963984,-607.9437947101419,9.404632401141384
88,108,128,1359.2277858521525,976.443179392101,985.4228602477065,-602.638253787655,7.36602872380206
89,109,129,1356.809600480634,977.9908430559749,989.21884596716,-610.400088542501,8.494188202160785
90,110,130,1357.680643701961,1003.5491020016577,975.2779391427558,-621.1463974424528,6.284724560685163
91,111,131,1358.2070894228068,1001.7813916227444,977.2622812342197,-620.8365834341573,6.61397268691519
92,112,132,1357.9162561468665,1004.2222056165604,973.952843372453,-620.2587928421467,7.776396689463581
93,113,133,1365.4976766989637,1006.8621444469075,972.13661867846,-613.5010864264038,9.528911521234022
94,114,134,1366.398642561247,1010.1455294485587,973.0136203598843,-616.7605072471961,7.577727398093202
95,115,135,1363.137191418298,1005.5643582296499,967.9780417714289,-610.4052085827809,5.107313092084382
96,116,136,1367.5508530699226,1005.9523225202197,973.9564363093255,-612.3579057596226,4.764087399099708
97,117,137,1370.9787318363185,1013.1858343093982,961.2805432179192,-603.487645690999,10.507050734204654
98,118,138,1361.7871119440051,1010.2654546961217,959.8467108478441,-608.3250535999605,3.8439642225160924
99,119,139,1362.5932539852529,1009.9963161208855,962.584533100174,-609.9875952358066,5.485912841420031
100,120,140,1370.473843620292,1010.5007231759254,971.6759346975275,-611.7028142531608,2.6351479193974683
101,121,141,1370.4064137077792,999.7216154967081,976.4012479266316,-605.7164497155607,3.9438811458186365
102,122,142,1368.1600435666664,1002.6188144205836,975.1758980861489,-609.6346689400661,3.468663125617695
103,123,143,1366.917901526714,990.6754262310077,980.6556876418773,-604.4132123461709,1.7448614308364085
104,124,144,1359.8666196091635,980.7605336357262,981.0881029716048,-601.9820169981676,-7.5652366128454105
105,125,145,1379.2361649850327,977.2012380222611,999.0243106993904,-596.989383736619,5.595829294254486
106,126,146,1375.3337573697422,985.5400358467853,986.9412984233496,-597.1475769003928,5.770843934684649
107,127,147,1379.7094201945633,989.8748148963984,985.3548223719083,-595.5202170737434,8.085693470056526
108,128,148,1380.1628698170312,985.4228602477065,990.3330212425819,-595.5930116732573,4.783146194503161
109,129,149,1381.8027985438448,989.21884596716,992.3105935425481,-599.7266409658632,6.778764356793204
110,130,150,1366.7726412658728,975.2779391427558,997.3084693045946,-605.8137671814777,3.0611237966771796
111,131,151,1366.8114632096708,977.2622812342197,995.0423510952905,-605.4931691198394,2.0576013491115646
112,132,152,1375.8965568185997,973.952843372453,1007.2165090573592,-605.2727956112124,4.591651799182273
113,133,153,1363.644688500495,972.13661867846,999.3490638275839,-607.8409940055487,5.419393401415391
114,134,154,1365.3468698713496,973.0136203598843,997.7004821197833,-605.3672326083179,3.305363752664107
115,135,155,1365.461120059555,967.9780417714289,1001.2811273386687,-603.7980490505427,1.8112949274423045
116,136,156,1361.3565701377393,973.9564363093255,988.1491340306433,-600.7490002022296,5.069375229127672
117,137,157,1353.8699108621704,961.2805432179192,985.5072579712152,-592.917890326964,1.382343214455318
118,138,158,1350.2931401548788,959.8467108478441,985.7687262986498,-595.3222969916151,-0.25031593555820564
119,139,159,1357.5645336654472,962.584533100174,993.5627589598167,-598.5827583945436,2.6825798730299084
120,140,160,1378.5055429020408,971.6759346975275,1003.5773579425475,-596.7477497380341,6.79507805622552
121,141,161,1384.2516769378203,976.4012479266316,1010.3305243292151,-602.4800953180265,5.963279478089817
122,142,162,1395.2728640433784,975.1758980861489,1018.1136314665391,-598.0166655093096,6.88491065793437
123,143,163,1394.6876040675947,980.6556876418773,1015.077045631361,-601.0451292056437,8.33103916353275
124,144,164,1393.5038452571864,981.0881029716048,1016.028739656487,-603.6129973709055,7.035786703158237
125,145,165,1392.793069266354,999.0243106993904,994.7573207352511,-600.9885621682874,3.956146068665362
126,146,166,1379.0506301624512,986.9412984233496,997.3889185701744,-605.279586831073,2.2681805869547134
127,147,167,1381.9495846239438,985.3548223719083,1000.2833277398535,-603.6885654878179,5.344753110409442
128,148,168,1383.3235070349692,990.3330212425819,1001.0770116923293,-608.086525899942,4.370457895487675
129,149,169,1386.0489717487005,992.3105935425481,1005.335705784319,-611.5973275781664,5.385130249982467
130,150,170,1380.842363693539,997.3084693045946,1000.7365142183484,-617.2026198294038,2.2270515216030162
131,151,171,1380.3186387364979,995.0423510952905,1002.2574825002308,-616.9811948590234,2.7261199147616253
132,152,172,1376.961350772167,1007.2165090573592,990.8804702783749,-621.135628563567,3.3334897432733896
133,153,173,1364.6838150162218,999.3490638275839,992.7428055386914,-627.4080543500534,2.0513314918441665
134,154,174,1364.3566689584195,997.7004821197833,990.5825607492978,-623.9263739106616,1.0026939383429863
135,155,175,1358.9912950377652,1001.2811273386687,992.4021192663395,-634.691951567243,-3.0876763319083693
136,156,176,1350.5114056764785,988.1491340306433,990.0312176692623,-627.6689460234272,0.7296049531322524
137,157,177,1343.1668018025944,985.5072579712152,986.3966741266902,-628.7371302953111,-5.0235998449454655
138,158,178,1345.2722783695922,985.7687262986498,985.6219405632473,-626.1183884923048,-5.843542010219039
139,159,179,1352.1167698544439,993.5627589598167,985.5737139250946,-627.0197030304673,-0.7743760254572862
140,160,180,1345.7440519909037,1003.5773579425475,970.6604066627287,-628.4937126143725,7.377794676913254
141,161,181,1346.4243124025745,1010.3305243292151,964.2336286194577,-628.1398405460984,9.534469966655251
142,162,182,1351.0293411558641,1018.1136314665391,965.3206866693013,-632.4049769799763,9.71705215537861
143,163,183,1351.191286016743,1015.077045631361,971.7786548390944,-635.6644144537122,8.451295744351341
144,164,184,1353.5137825370593,1016.028739656487,971.0194097254248,-633.5343668448525,5.818843111321598
145,165,185,1339.422591096245,994.7573207352511,971.0240300716875,-626.3587597106937,0.23139064249073726
146,166,186,1350.623456732937,997.3889185701744,979.5146075383063,-626.2800693755437,6.457187669383302
147,167,187,1353.0802262487155,1000.2833277398535,978.4634378238217,-625.6665393149597,8.86776003399109
148,168,188,1357.682364322086,1001.0770116923293,984.7431560124568,-628.1378033827,9.36990775526317
149,169,189,1359.1908955357162,1005.335705784319,982.5911433445555,-628.7359535931582,9.564221896081108
150,170,190,1359.8414308925771,1000.7365142183484,992.4916016101171,-633.3866849358883,5.455572621375154
151,171,191,1358.460041788853,1002.2574825002308,990.4937231295575,-634.2911638409353,6.23660922969907
152,172,192,1347.9151323634305,990.8804702783749,990.0673789740188,-633.032716888963,3.33163791879781
153,173,193,1342.9945815059486,992.7428055386914,986.2233888574033,-635.9716128901459,2.5715855804560306
154,174,194,1337.231068848083,990.5825607492978,982.4913637342445,-635.8428556354593,-0.3633420565159895
155,175,195,1337.3599759723888,992.4021192663395,981.7263643162618,-636.7685076102125,1.1352674225947794
156,176,196,1335.7287657073987,990.0312176692623,979.9111708332498,-634.2136227951135,2.2298652650523536
157,177,197,1336.2562611392418,986.3966741266902,981.5517072195926,-631.692120207041,4.389954684346435
158,178,198,1343.0635069693994,985.6219405632473,988.4719762790256,-631.0304098728734,5.513166236704137
159,179,199,1335.0762927252981,985.5737139250946,980.1077545255391,-630.6051757253356,6.006644835421071
160,180,200,1315.317539069155,970.6604066627287,969.9887949111668,-625.3316625047405,3.8533183022673256
161,181,201,1306.0729406642408,964.2336286194577,969.6508491747458,-627.8115371299627,3.6265804201026413
162,182,202,1293.4737414879378,965.3206866693013,948.1544190621371,-620.0013642435006,3.2817252945510518
163,183,203,1298.719543292591,971.7786548390944,949.9187227533612,-622.9778342998648,1.577074800248056
164,184,204,1294.3313623732595,971.0194097254248,944.6296681755391,-621.3177155277044,-2.3079311514786696
165,185,205,1296.228261593355,971.0240300716875,943.3820614522788,-618.1778299306113,-1.1698254990370742
166,186,206,1308.6042880403215,979.5146075383063,947.503499241907,-618.4138187398917,6.856521474732062
167,187,207,1314.7927007668538,978.4634378238217,958.0416289065507,-621.7123659635186,6.096051990740307
168,188,208,1319.3116054673874,984.7431560124568,954.2434119404205,-619.6749624854899,4.38437910374364
169,189,209,1323.7828079898527,982.5911433445555,957.9222515330414,-616.7305868877443,6.9464506890033135
