Left,Mid,Right,Loss_likeli,Loss_AIC,Loss_BIC,Loss_eBIC
0,20,40,28.51940656600732,13.51940656600732,12.289739139391884,-95.46886835232976
1,21,41,27.395648313284482,13.395648313284482,13.356994204005957,-93.07941611964247
2,22,42,33.403401865038745,21.403401865038745,22.36048002931426,-94.45382091403815
3,23,43,21.762472645983394,2.7624726459833937,-0.11208573746006323,-97.7958503280122
4,24,44,25.902630021983157,7.902630021983157,4.486217004476828,-86.67057129429918
5,25,45,30.15194988839403,15.151949888394029,13.575708871498591,-51.01463164669394
6,26,46,39.81062822809912,18.81062822809912,12.860896029421895,-105.27681530860036
7,27,47,41.79896137570631,20.798961375706313,14.849229177029088,-104.2752493443046
8,28,48,37.4401300872546,15.440130087254545,8.645958161520412,-82.7903693586428
9,29,49,40.88251331498151,19.88251331498151,15.972546952605057,-74.28152684721181
10,30,50,33.701914266602614,11.701914266602614,6.990610049975771,-47.95913272584062
11,31,51,30.94723626300788,14.94723626300788,11.140261157935583,-31.094174440442885
12,32,52,44.75632555381128,39.75632555381128,37.9601420504863,25.86518605254946
13,33,53,43.44218813226149,31.96457650468119,29.909796405648024,-24.635688053645254
14,34,54,53.91195424847422,36.91195424847422,30.855177485754723,-58.49924316289798
15,35,55,51.99944869260253,35.41091940280296,30.368942483107844,-23.251301756330577
16,36,56,54.665572737916364,31.665572737916307,23.11790305434249,-65.51415948326121
17,37,57,33.18740653703935,18.18740653703935,15.647249714965426,-48.92071562593662
18,38,58,28.162603059134653,17.05158311993091,17.0897484680749,-27.54009763440729
19,39,59,19.93895549790676,12.487600849297053,12.922151434148986,-14.680223868245434
20,40,60,27.439095158741907,21.185535266123225,21.122219714197968,-21.504679842576365
21,41,61,37.86155448194995,28.889746038055137,27.484124622296008,-24.367811901236564
22,42,62,37.61116175511518,31.47160828478627,29.87070582524416,-9.452720330015836
23,43,63,36.70937167704017,28.709371677040167,26.112736943944128,-19.218525013549993
24,44,64,37.24081790933553,27.92450933238507,24.830008462512012,-8.143812923848145
25,45,65,33.180724693195316,24.017876215487206,21.42124148239111,-13.002708772235906
26,46,66,28.11680252277597,20.108941128094557,17.66359894149548,-17.561702519080654
27,47,67,39.09645755813,28.162552084157312,24.72147762400425,-31.981280393182033
28,48,68,38.39255312084828,28.39255312084822,24.80018611419814,-17.25038431582027
29,49,69,50.88326432100604,41.88326432100604,41.17510287771381,-12.452845786129387
30,50,70,61.16187578515934,53.16187578515934,53.00506902511313,16.815958207521703
31,51,71,61.51080021759492,54.51080021759492,54.72728292127658,11.44086049716202
32,52,72,60.773785739005575,54.773785739005575,55.197515538797575,19.243411897840815
33,53,73,71.06931878251919,53.06931878251919,47.22689063305302,-51.29398122298312
34,54,74,83.22132565213064,59.221325652130645,50.04512709172252,-76.82755348142064
35,55,75,82.72650770565235,56.72650770565235,46.55457687169019,-43.63293120939966
36,56,76,89.57252219795998,58.572522197959984,44.95153976467145,-74.83066309942399
37,57,77,68.63405256480848,43.634052564808485,34.708174089942304,-34.347156360128906
38,58,78,47.46737410350465,26.35635416430091,18.98984301271514,-54.27204117242877
39,59,79,44.339462919812036,29.61242563049848,23.486739442677504,-44.89084571551314
40,60,80,48.56364508155946,34.310085188940775,27.903656113085162,-63.97095831021829
41,61,81,44.649034103542476,29.677225659647718,23.5515394718268,-44.453716047174225
42,62,82,50.31255998055758,40.45373943564812,34.82591938460416,-33.56719659240014
43,63,83,44.95198721294389,33.95198721294389,29.1686068889569,-40.029362558536036
44,64,84,39.37238465591986,28.05607607896934,23.60268135388651,-43.19928642384809
45,65,85,24.671307782776694,16.508459305068527,13.125634234685094,-34.49112910858503
46,66,86,21.51203942106997,12.504178026388558,10.165776843674735,-33.95591025746273
47,67,87,14.570872469251071,4.636966995278499,1.7701578379457032,-24.262214553238323
48,68,88,20.538290435927138,9.538290435927138,5.101483702220094,-31.263881977238952
49,69,89,22.321839823753862,14.321839823753862,11.378631500377764,-43.66314979681829
50,70,90,23.15669250583096,14.15669250583096,11.963784924142601,-28.49569898782056
51,71,91,0.9625846574485308,-8.03741534255147,-10.89610645410363,-49.59699541168442
52,72,92,22.172845611268258,14.172845611268258,13.309078829571945,-47.07823604505154
53,73,93,7.8808868922182,-4.1191131077818,-4.201755714346291,-81.22942263248376
54,74,94,7.824541759619137,-5.175458240380863,-4.9961384434287766,-71.02288415072303
55,75,95,9.040758135922886,-4.959241864077114,-7.423911105315369,-73.57551712000327
56,76,96,7.745188340638208,-5.254811659361735,-7.568188354103086,-48.91635870123753
57,77,97,-4.38317298826837,-17.38317298826837,-19.024168426352162,-52.05548968757398
58,78,98,25.864404211052147,13.864404211052147,12.395467243367762,-40.19247031537486
59,79,99,31.86986789253217,19.86986789253217,18.747504515127844,-40.52541292128376
60,80,100,31.45046022437282,18.45046022437282,17.176804300471417,-65.65450002723708
61,81,101,30.28875591790313,20.28875591790313,20.70047781450785,-37.5521319094164
62,82,102,37.46564356594746,30.465643565947516,32.17918446270801,-25.154014045009717
63,83,103,38.08234169092748,30.08234169092748,29.91172208979117,-27.460741016758334
64,84,104,30.671937124001943,21.671937124001943,21.696598566648618,-29.130127278839154
65,85,105,24.84047628104821,17.840476281048154,18.899071515736523,-14.74569983464221
66,86,106,20.474144675451612,11.474144675451612,12.092609951248505,-33.2324665941419
67,87,107,21.533627801041348,16.533627801041348,17.23985859571951,-3.3240706582405437
68,88,108,26.216490437923653,20.216490437923653,20.69502952006144,-11.890894094575742
69,89,109,31.867832617878094,25.867832617878094,24.960077338895985,-2.9204656743926307
70,90,110,32.3858298319326,27.385829831932597,27.2869991554212,4.005761948193708
71,91,111,43.59395681856688,41.59395681856688,45.387553413415674,18.653632111144134
72,92,112,32.53626515645186,26.53626515645192,25.628509877469696,-23.47105834602837
73,93,113,30.93496627232514,16.93496627232514,12.604697746671263,-58.77715043956118
74,94,114,35.3374793448304,18.3374793448304,14.792466643274565,-83.52059486045391
75,95,115,38.53524301162395,23.535243011623947,19.18641327248872,-75.5250449617638
76,96,116,42.659014089995026,31.659014089995026,29.301648897967766,-56.785691826564744
77,97,117,51.650965232658905,41.650965232658905,39.44489258712872,-34.60580712645071
78,98,118,47.627589523480424,36.627589523480424,34.270224331453164,-34.558702245990276
79,99,119,52.07243336820045,41.07243336820045,38.368494585893245,-41.59051050994344
80,100,120,55.36897324181996,42.368973241819845,39.01587577623877,-40.15024945925563
81,101,121,31.791119231349,19.791119231349057,15.355528489662106,-78.64446987196061
82,102,122,51.60484311872614,34.60484311872614,26.874867816082883,-85.0822702852737
83,103,123,70.12916871652146,51.12916871652146,41.61579756489846,-99.84929278339393
84,104,124,73.10342895159067,53.10342895159056,45.31832623983041,-137.13014094997948
85,105,125,65.31355169992679,44.31355169992685,40.09668745264935,-117.6987223313007
86,106,126,60.94852873036439,30.948528730364387,26.21423421507245,-104.68599040033962
87,107,127,63.33225474784649,35.33225474784649,29.363195494530032,-100.485134598856
88,108,128,67.47708738755853,41.47708738755853,37.54348117863594,-107.51591751752096
89,109,129,66.25833659332523,41.258336593325225,39.208890882299556,-126.26130185304169
90,110,130,57.38067535723451,32.38067535723451,31.02437682676873,-139.79956659268066
91,111,131,58.016347808993885,32.01634780899383,31.832349697634186,-162.61747518655318
92,112,132,45.07344181813272,19.073441818132665,16.526129970329976,-148.8188573641046
93,113,133,61.54195016919243,38.54195016919243,39.088373350104916,-156.36892665703044
94,114,134,41.94837806850876,18.94837806850876,18.241238221317076,-161.69419440843672
95,115,135,40.922109459988576,18.922109459988633,18.712835749573856,-151.09671890197308
96,116,136,56.64324872477965,33.643248724779596,32.24296169702802,-146.03963968916594
97,117,137,57.14652777635365,34.14652777635365,33.43938792916197,-165.79730026703874
98,118,138,57.52360522520286,31.523605225202914,28.28314619684022,-189.01195450497778
99,119,139,55.87666919141196,29.87666919141202,27.32935734360933,-185.02078790712244
100,120,140,58.76417925117789,30.76417925117778,26.527987949261274,-161.19194374097594
101,121,141,66.84461443864404,38.844614438644044,35.64814390756737,-194.22995708592953
102,122,142,69.43663079530552,24.43663079530552,16.242171841819527,-276.3072040299737
103,123,143,65.24935019288239,23.249350192882275,16.548489649727344,-273.9304321231331
104,124,144,71.16025572838998,30.160255728389984,24.51765047383128,-205.7774442859286
105,125,145,66.10877447972985,31.108774479729846,25.120388171774152,-177.1486189817315
106,126,146,52.37731173094562,19.37731173094562,15.922007527562414,-126.1039179293025
107,127,147,58.16008204812988,26.16008204812988,21.318720560225188,-114.12530062166297
108,128,148,57.46678182982589,26.46678182982589,22.12328647869822,-150.54496664628823
109,129,149,83.73457138628623,54.734571386286234,50.6936611281526,-164.7898484069376
110,130,150,91.59474806321043,59.59474806321043,53.02051862390579,-184.2031009538507
111,131,151,100.36183865297448,68.36183865297448,62.48075639422984,-200.7689225040133
112,132,152,99.49451347709174,68.49451347709169,63.457870945404125,-191.93520550082008
113,133,153,121.44895836161731,80.44895836161731,69.39393369131972,-169.91549653391792
114,134,154,107.77290313345247,61.77290313345247,48.22854777927,-218.26241155047865
115,135,155,111.8618453462662,65.86184534626625,51.277769221243716,-231.18016702766045
116,136,156,113.8606813189258,64.8606813189258,48.78300678357243,-261.55689230245616
117,137,157,111.57607348286086,65.5760734828608,50.645423767558555,-290.41066603415186
118,138,158,108.28030547968098,57.28030547968092,38.82060430965362,-296.8790718860739
119,139,159,111.6492279669668,56.649227966966805,35.85148865955148,-304.6915440366362
120,140,160,119.054582325056,65.054582325056,45.447856334977814,-269.77316078210833
121,141,161,118.92379058378583,58.92379058378583,35.98329418276546,-296.0868420033073
122,142,162,105.76993220229309,44.76993220229315,22.967325194921614,-307.48988840091226
123,143,163,84.22419833304667,26.268786019785466,6.422790488638157,-291.09903910617845
124,144,164,71.80082271815303,32.800822718153086,21.569051521828783,-168.8785313147157
125,145,165,62.2060710670213,28.2060710670213,15.78407909024304,-103.18019166050749
126,146,166,44.8316722021774,25.8316722021774,21.75071770462705,-30.137053671259878
127,147,167,47.23141198190251,31.23141198190251,28.117584057390218,-26.99806726054453
128,148,168,46.553099438262564,31.553099438262507,29.630284831087124,-43.8203801964969
129,149,169,48.34032433749303,33.34032433749297,30.377788959477698,-72.82882135212674
130,150,170,54.77104470340146,35.77104470340146,31.163618368558105,-84.5458744450491
131,151,171,52.83917567202849,32.83917567202849,27.588406951188517,-78.6697843101781
132,152,172,43.08293668224684,28.08293668224684,25.46697489451151,-26.969986021696286
133,153,173,36.539618635104716,17.539618635104716,12.433031094151715,-67.74315637726454
134,154,174,79.24988131969792,61.24988131969792,58.303396962201646,-38.07944742737027
135,155,175,65.80985906259383,50.80985906259383,49.233618045698336,-70.86673445806002
136,156,176,65.32249163571748,48.32249163571748,45.40394475498806,-62.92661514617862
137,157,177,54.652176833061276,41.652176833061276,39.68537372859993,-81.68855712846027
138,158,178,54.66539193717017,41.66539193717017,41.43145678410866,-52.59116436026454
139,159,179,60.74395461915867,45.74395461915867,44.86086078282324,-76.50199275336956
140,160,180,44.81922796193908,30.819227961939077,31.43092111896658,-36.831928276155736
141,161,181,49.25178935841427,34.25178935841427,33.71526911235878,-56.68000030896144
142,162,182,43.81269584267477,32.81269584267477,30.358218229673355,1.6883233550537398
143,163,183,40.35432754054858,30.39891522728732,29.892862373877335,-18.242753190447615
144,164,184,40.994545380847,32.994545380847,30.39791064775096,4.37066954382658
145,165,185,44.736669369685444,34.736669369685444,31.144302363035365,-1.7523698691322807
146,166,186,40.18998900912243,28.189989009122428,25.168082337051146,-2.0414967162461153
147,167,187,35.748428767782684,23.748428767782684,19.160329487578622,-25.592399145491072
148,168,188,29.214414821033415,18.214414821033415,14.817328858166263,-24.96465335781727
149,169,189,28.413592289965152,13.941667287694429,10.986657755347437,-49.22314870682544
150,170,190,20.335348788131398,1.4312583715741312,-2.917571367561095,-79.23671978817822
151,171,191,11.099522591070752,-8.900477408929191,-14.151246129769106,-67.30520432384083
152,172,192,7.974478052376753,-10.025521947623247,-13.655603123868786,-46.123688453196905
153,173,193,13.61658354074848,-3.383416459251521,-6.454550955810646,-52.75294694674926
154,174,194,38.73046327710608,22.730463277106082,20.086564012603844,-78.08397939085012
155,175,195,41.86671461509218,21.866714615092178,20.227158046271597,-116.5436709351444
156,176,196,46.93516983774248,28.935169837742478,28.291345542475938,-74.13746188603602
157,177,197,46.71534678359308,31.715346783593077,32.56512089865748,-71.26626765267599
158,178,198,42.695235347334915,17.695235347334915,13.912921684909406,-103.62853747130112
159,179,199,48.366983230029916,15.36698323002986,11.006682070634042,-87.08113952351982
160,180,200,74.18311295020067,45.183112950200666,40.05968200697305,-103.14574128012475
161,181,201,86.40942063578382,59.40942063578382,54.71436066355068,-98.6788119484512
162,182,202,76.62113334338642,47.62113334338642,42.193928724132775,-153.8026949225722
163,183,203,71.75953838513914,42.759538385139194,37.332333765885664,-113.25623875382757
164,184,204,84.76664351991371,48.766643519913714,40.2009495335011,-205.56516287143234
165,185,205,79.00063785786313,44.000637857863126,36.97253077906748,-149.10302843848865
166,186,206,66.17829623784985,35.178296237849736,30.834800886722064,-162.24575677572682
167,187,207,84.26229516904453,51.262295169044535,45.576493954082935,-169.11276208654283
168,188,208,62.9804896647758,36.9804896647758,35.472898587813006,-130.92093693218317
169,189,209,31.53095315649159,10.059028154220869,13.272450662710526,-105.25468713481689
