Left,Mid,Right,Loss_likeli,Loss_AIC,Loss_BIC,Loss_eBIC
0,20,40,88.31325603039988,68.31325603039988,59.12953186767385,-17.90734042807071
1,21,41,88.28754979153189,72.07969824090765,61.62450936859068,-26.24784608171842
2,22,42,81.38903239007499,68.45679621307556,61.48667029819762,-30.605813620277047
3,23,43,50.84595837613563,39.84595837613563,34.85248330119157,-26.36906956872724
4,24,44,51.16786743655808,43.16786743655808,39.346772431613374,-22.45356316950432
5,25,45,55.75282999087392,39.75282999087398,37.932326173003275,-54.3925855599922
6,26,46,44.914229599419514,38.280022102160274,42.33160113630885,0.6638138582807187
7,27,47,42.730848621755115,33.730848621755115,35.141804425521684,-27.18292495152923
8,28,48,37.96422738101353,30.013995146043044,33.22113445313465,0.8807925017064235
9,29,49,30.197152914210562,13.197152914210562,11.503827103334459,-45.67726558951472
10,30,50,31.95305127265908,15.953051272659081,12.839223348146788,-33.45728165008802
11,31,51,31.164499630074317,9.265398091199927,10.978938987960532,-3.908803037738153
12,32,52,39.79872139658863,22.798721396588633,22.101131934827094,-14.488695194942807
13,33,53,48.16313282439398,29.163132824393983,28.53301757125928,-34.23440852995202
14,34,54,47.463993403384734,29.463993403384734,28.941275867177012,-28.225867434067027
15,35,55,49.30329922102675,26.303299221026748,22.071063419783115,-49.301180917718966
16,36,56,40.18895593576684,16.18895593576684,12.985743029862647,-65.03105351659701
17,37,57,42.90148359098362,21.755060690741175,20.676410505461092,-38.834583674444616
18,38,58,52.22387821281484,31.22387821281484,27.244875971486636,-50.124953654148385
19,39,59,65.34104737665848,46.34104737665848,43.29371178731179,-70.31598613928782
20,40,60,69.2706803281011,54.27068032810109,52.694439311205656,-49.62103288548656
21,41,61,71.23628299301782,54.236282993017824,49.93144175116856,-61.48971846689756
22,42,62,54.914998943870216,43.914998943870216,42.94392811296291,-77.31943219695472
23,43,63,44.84926533150656,32.80739759750401,34.23035190575439,-33.078528032717145
24,44,64,51.26689598439816,40.27845499108332,35.75011004627157,-54.94769843436052
25,45,65,86.97245605448484,59.9658119100032,51.73111948550445,-94.40972784350151
26,46,66,81.37475732799214,64.29819423564084,57.8926386720766,-20.135747984433806
27,47,67,88.4443377544128,68.74446479268647,59.980197212139046,-33.804762013479035
28,48,68,97.43718560535012,78.43718560535012,71.59315376600182,-22.01306656018164
29,49,69,77.88587776527277,60.45014579689348,49.35209416976147,-45.189627185989934
30,50,70,94.9185032634673,80.92642702335161,69.97337201425773,-33.5553768102028
31,51,71,85.51863794520898,66.35087078328729,56.3935480477474,-20.73259845321752
32,52,72,87.2658414496118,65.2658414496118,55.222203877214724,-52.044799659554656
33,53,73,90.26453077791382,69.26453077791382,56.73517804991934,-56.26202121155984
34,54,74,82.66402752768772,60.664027527687665,48.89390540105978,-82.14696230867503
35,55,75,91.50812794839078,63.50812794839078,49.90221269040899,-85.80025402074375
36,56,76,83.40391734604304,60.403917346043045,46.10880678287265,-107.56753761758193
37,57,77,77.06429005843347,50.91786715819103,41.73066262066095,-77.61484475671625
38,58,78,70.05014716938024,47.05014716938024,37.948211727640626,-63.226153373720535
39,59,79,77.05689054834045,50.05689054834045,39.56238000175426,-103.45177407092399
40,60,80,77.1943062419349,57.194306241934896,50.35614581891468,-55.03697976179353
41,61,81,72.43735379149086,57.437353791490864,54.12824482319553,-37.15757327128631
42,62,82,78.3887529287706,49.3887529287706,39.090786288162064,-62.41235653382671
43,63,83,69.51417929162744,42.472311557624835,32.75504144403931,-75.67219874887701
44,64,84,68.20402324998048,41.46513994627287,37.76546889041174,-54.834520883106734
45,65,85,65.07032586319474,45.0636817187131,40.60575743268248,-31.298508759066294
46,66,86,61.12264466815668,41.04608157580526,35.15966492905318,-35.60607557028817
47,67,87,52.80916970505393,42.10929674332772,40.074790921645615,3.3872775493777567
48,68,88,49.80798408674366,37.80798408674366,34.83328593619433,-15.40331812522993
49,69,89,47.00840972354911,36.00840972354911,33.13509804813998,-9.162967025041667
50,70,90,54.58569009367085,46.58569009367085,48.16312485918951,-8.42357181736304
51,71,91,44.18581087137704,28.08578571455672,31.40022907085944,-1.7041503612797442
52,72,92,40.16070306330886,30.16070306330886,30.061841055787852,1.9661480069988215
53,73,93,48.22661207017734,38.160339880330184,37.447865645130946,19.232019938342432
54,74,94,57.319567602473796,44.319567602473796,40.61989654661261,8.111273143696224
55,75,95,59.13203062364647,44.13203062364647,40.587279088961566,-13.966095691889677
56,76,96,62.56325015352087,48.88297716458396,47.52134424611074,-12.96910437025258
57,77,97,56.36423600233945,38.36423600233945,31.828660672313276,-20.960092757000666
58,78,98,54.07495579710729,48.07495579710729,47.860347698685075,10.15793765252721
59,79,99,45.853848692034205,35.853848692034205,33.30120245622402,-11.703185733017847
60,80,100,74.25789084790523,59.25789084790523,56.50229906742953,-11.07165135322748
61,81,101,71.61082737040755,69.61082737040755,74.47227770473648,78.4616562202724
62,82,102,73.58837405445172,57.588374054451776,57.95491763997745,20.24933920435592
63,83,103,76.5390476978194,53.73011929116865,50.616291366656355,-26.551433987834002
64,84,104,71.72264786065051,50.81240435032521,52.97982288657681,22.247201147463556
65,85,105,75.84148738969725,55.71515627326107,56.67044393985225,-5.4531109284314425
66,86,106,78.60765176093759,58.99946279096457,59.21940527739412,3.015781033336566
67,87,107,68.48072853617805,59.8565265745608,65.55299656553734,33.58239964332256
68,88,108,54.68171926183703,43.68171926183709,47.05119283859449,4.6401884518109
69,89,109,49.86176226361255,35.861762263612604,34.0902402029343,-54.51185697543815
70,90,110,54.30393000720454,35.3039300072046,33.830852400135996,-51.26379189457407
71,91,111,43.249782718147344,20.563973466847415,22.018917767900007,-77.9340186367101
72,92,112,48.78132406052339,28.78132406052339,24.36917876946302,-77.81414087592827
73,93,113,53.41991719767526,35.35364500782816,33.777403990932726,-52.01612503496324
74,94,114,62.81748606668475,43.81748606668475,39.9032069124014,-71.30702255887377
75,95,115,62.32034168253006,44.32034168253006,43.096959078714576,-54.571178597972676
76,96,116,68.56708105485939,47.88680806592242,45.81270091225008,-60.43171463969031
77,97,117,74.82657555610604,56.826575556106036,55.489604080279605,-75.05043309540122
78,98,118,80.27401710025367,63.27401710025373,62.43491176120426,-77.90085648407728
79,99,119,66.7078513244141,51.70785132441415,51.86447825891855,-54.35027354372278
80,100,120,70.5290461059974,58.529046105997395,61.42593581921244,-1.9605434732991398
81,101,121,84.9530645498022,80.9530645498022,83.08591465917732,66.6616306295823
82,102,122,79.93555703507877,72.93555703507877,68.8374996323418,32.70783472659599
83,103,123,88.7783306009643,75.96940219431355,72.53572651764898,19.226891715410204
84,104,124,82.79617323945746,70.63637203952493,69.06959024503277,24.209600613542023
85,105,125,101.11909536116599,80.99276424472987,74.42868171346294,20.00952360686847
86,106,126,102.35717599421923,80.47629755917706,74.6444631585129,3.8285199319496996
87,107,127,106.9435463543632,91.31934439274607,88.86965059038135,23.60476954296871
88,108,128,87.45437524328236,70.45437524328236,66.15267362820668,10.441178787668093
89,109,129,81.0138155529055,64.01381555290544,57.97610635965634,-44.093784525868614
90,110,130,75.58744495938026,54.587444959380264,46.74295219352575,-64.06935959791531
91,111,131,73.80353489575322,50.80353489575322,38.142647849600735,-121.0321956831184
92,112,132,75.95655618286628,50.95655618286628,35.57636351151041,-139.7231253929731
93,113,133,85.47764085549733,56.47764085549733,39.78465863065816,-138.54132337448766
94,114,134,83.84139885094731,55.841398850947314,46.40660369483106,-155.4695944162802
95,115,135,88.81155887234007,58.81155887234013,48.383689290790414,-102.78311674694555
96,116,136,85.25191963133659,54.25191963133659,44.70982042600917,-126.79967190680281
97,117,137,99.75787397495117,78.75787397495117,74.54100972767372,-117.89191703743177
98,118,138,91.60243914377088,64.60243914377094,59.80283081416155,-109.31951107681675
99,119,139,79.75049095514942,60.1735154727607,62.25307992464968,-63.414154117556336
100,120,140,84.17502310669084,67.17502310669084,63.563329045401474,-20.358809459024314
101,121,141,72.60523882014786,66.29655730689967,68.91785348264244,40.81776349367783
102,122,142,64.96859195540435,60.51528756685184,61.85903916345137,42.729100073020106
103,123,143,62.28775895678126,56.62355966570141,57.71043520264726,30.309031216950643
104,124,144,53.920083926320274,49.725895102418065,51.15617796082387,23.552963002777403
105,125,145,55.08599145330351,50.86870773725934,52.15292427686853,41.11718183002927
106,126,146,51.784077030830986,44.388691032796544,46.459399268639174,19.514193134604284
107,127,147,58.12363013021775,53.03551329377598,52.77691669806785,29.928147111482986
108,128,148,45.62241254234715,38.32572893810823,38.21842488889712,34.16638274344206
109,129,149,55.10670551371999,49.845654393015366,46.858457572353416,16.581537961585298
110,130,150,46.651890510786075,41.54052711925948,38.55333029859747,17.204710018872277
111,131,151,55.42329461409685,42.405367367114195,35.01689531958334,-23.149282597491208
112,132,152,55.37750756488924,45.088917358280355,39.61238985373342,-17.87930375233418
113,133,153,60.1663953103797,43.679311191769614,36.06087293584244,-23.62472559912942
114,134,154,60.10979136411805,46.19688889077452,39.7246291126736,-20.676998656059027
115,135,155,59.31990325813615,44.61880704394548,37.43793893852376,-12.560148039182252
116,136,156,70.25991782414519,50.25991782414519,40.8923011135646,-69.52849956552882
117,137,157,73.31299339406996,56.31299339406996,47.66261536931535,-15.864465219538829
118,138,158,75.74721442032791,54.74721442032791,46.70774302792387,-67.931291031353
119,139,159,72.87567835611384,48.29870287372512,39.81997262548242,-41.808764534409306
120,140,160,83.57652701210895,58.55283273679379,46.3088827465416,-52.190199637039996
121,141,161,67.8177950849165,52.813341192228336,51.06628630136527,10.251917721419431
122,142,162,64.71485781102797,50.69143651474337,46.47400017971279,-1.3829658333423822
123,143,163,63.85035731618416,52.492073701433924,46.20065186570389,-1.4161114775662327
124,144,164,63.81964246621908,52.62545364231687,49.65162228776114,-0.08067070475942728
125,145,165,62.1648681952787,48.94758447923459,45.417723137433086,-2.9285927962798723
126,146,166,62.19746397737697,41.80207797934253,34.42206292225944,-42.35184733728147
127,147,167,71.81354051809615,54.72542368165432,47.29044050599873,-51.622440784798414
128,148,168,63.284465346229695,51.13935317799337,47.848870498987765,7.317896379121976
129,149,169,62.50323178619442,48.77593097361205,42.40682469396188,-36.71513503690255
130,150,170,57.04749562731388,42.706155323315556,38.37689815764236,-33.14352710653009
131,151,171,69.99403069655068,53.99403069655068,45.33538893549451,-39.9364383050721
132,152,172,69.44487802444803,52.44487802444803,42.97731607484474,-54.509795187749546
133,153,173,56.04219757382714,44.04219757382714,38.10676812366779,-40.45343114709999
134,154,174,50.51464524753271,37.2186589125576,32.97713322263354,-27.69840997267113
135,155,175,44.80279819651611,34.802798196516164,27.63229787969766,-41.631668900648265
136,156,176,47.17113001274322,36.17113001274322,29.937750411782247,-29.345379928097657
137,157,177,41.00229143858576,30.002291438585758,24.077486537823575,-32.0991668337914
138,158,178,41.53974478645614,31.86548171218169,29.961994159645542,-34.09235386574153
139,159,179,41.67966105862064,27.796187302909175,25.17994779894309,0.7948490235602321
140,160,180,48.879222593912004,36.11369878894453,37.07402317844878,5.3519604633453355
141,161,181,53.12139295695988,32.42562057751991,35.42546350822238,-30.72555930355736
142,162,182,62.69122429575742,35.12110738802528,35.86637718163871,-71.83933370119803
143,163,183,48.200348096635025,28.200348096635025,31.143477795704143,-69.13408041770401
144,164,184,60.81285597037072,37.81285597037072,35.01194348139609,-95.016974599582
145,165,185,56.87361682531326,34.873616825313206,33.50603338615849,-120.59335016862588
146,166,186,59.90961838122428,26.909618381224277,18.797802034302777,-131.36384020626167
147,167,187,55.50178802404554,30.50178802404548,26.719474361619973,-124.68218931645458
148,168,188,60.72031039379772,36.72031039379772,33.498477654724866,-110.92240373539596
149,169,189,69.51462063935872,44.514620639358725,38.99943902553332,-93.23168763257979
150,170,190,66.82362517557965,39.82362517557965,33.65928487848021,-131.6010770782707
151,171,191,69.4937933178254,38.49379331782541,30.684562063897943,-131.7227406402692
152,172,192,76.99641097183337,39.99641097183337,28.379987425755985,-113.05618711173474
153,173,193,77.96270413957956,47.9627041395795,42.48257602684953,-87.36863550488317
154,174,194,80.81407837354368,52.81407837354368,46.151871939667274,-78.06327210893687
155,175,195,64.53159851405229,35.531598514052405,36.98641597816743,-80.64991283706365
156,176,196,69.26997554192081,43.269975541920815,40.43839321357774,-64.89164349077441
157,177,197,53.81771151856799,29.81771151856799,24.256475034923994,-75.10369441672094
158,178,198,37.72408099899434,30.04981792471989,34.6872400902173,-0.40436445837576684
159,179,199,37.38408894541021,24.50061518969875,25.77774030961848,-38.28710677321408
160,180,200,36.642204859243805,18.876681054276332,17.798306174157972,-43.339114377406304
161,181,201,43.85138206909636,35.85138206909636,42.45046378596709,43.06530077942671
162,182,202,28.11751367924319,10.117513679243189,16.70762557347848,-43.5500858061348
163,183,203,26.32387772043677,10.755567038832453,19.388114656463415,-29.370791461643194
164,184,204,20.333909471685956,6.333909471685956,12.91784756920265,-47.46343898014936
165,185,205,25.837062644037132,13.837062644037132,18.953023891672387,-76.46967150479088
166,186,206,27.023805135913108,11.023805135913165,13.801728246160337,-55.87948119853627
167,187,207,21.848863807869066,10.848863807869066,15.422970421441391,-100.54370596396984
168,188,208,23.51902735512772,8.519027355127719,10.755095831312019,-84.2595980050354
169,189,209,26.32884689822407,8.328846898224072,8.378169783517478,-60.21842003748543
