Left,Mid,Right,Loss_likeli,Loss_AIC,Loss_BIC,Loss_eBIC
0,20,40,49.75926884102023,22.75926884102023,20.06066444672058,-85.22625356771505
1,21,41,40.39664951155112,13.594804787245835,17.446326855224584,-26.472954784389458
2,22,42,31.944542523943767,23.944542523943767,27.932806006167084,-10.888019367204265
3,23,43,38.819305185126495,23.819305185126495,23.919513844399717,-20.43649875119513
4,24,44,48.55108125905514,36.55108125905514,38.501830437179365,16.59057908948739
5,25,45,62.66143957769941,58.96021588643737,65.24252900876286,-5.311171809731377
6,26,46,66.21359443256739,59.73005070138203,62.6346049154796,13.559290329927308
7,27,47,62.899564941247036,56.15991640579966,59.75761780045724,19.381728301806675
8,28,48,63.54056733349222,55.49104381322792,60.71077726127646,1.1921229113986556
9,29,49,52.919802354470164,39.919802354470164,39.21274643198444,-14.62997111000118
10,30,50,41.450542528590745,30.916276550667362,32.32723235443399,-43.05972568492007
11,31,51,57.832364575807276,38.504041419599446,36.68469637209978,-87.90674544035494
12,32,52,59.06469050706346,41.333628756557346,39.757387739661795,-69.34258797720065
13,33,53,51.16993292494902,35.97614197671123,33.31619169168994,-32.62813426900868
14,34,54,71.95347747165329,56.476655969532885,51.15480666574058,-82.92572177047646
15,35,55,70.21711661675505,59.19767320223792,56.44974592264481,-2.258745023207325
16,36,56,70.79123345453229,60.191130134097875,56.77848820733317,13.288349020941496
17,37,57,64.16761279819252,54.573560052030984,51.54643907887902,-48.72208649802474
18,38,58,53.27909050770887,41.33535080031572,40.32029147212245,-24.76873407756284
19,39,59,58.46758477477886,37.36935750947771,27.90921254632633,-42.87305462768529
20,40,60,51.84201586092439,35.537814412000444,26.078357813237517,-36.456313698960116
21,41,61,53.199321303576596,36.23560164032267,30.759074135775677,-32.943999160956196
22,42,62,50.1163316241923,45.1163316241923,42.72350522534441,7.264374658060547
23,43,63,50.60550851557139,44.91974726510273,44.06002182044574,27.953824426473204
24,44,64,66.55385078172321,61.55385078172321,61.09791188252689,42.611138015587244
25,45,65,67.5547764304473,64.85355273918526,65.39540737324819,64.91746333343565
26,46,66,75.32874024891942,69.84519651773405,68.3955866046889,39.53662756520134
27,47,67,64.99809341128719,60.258444875839814,59.34707218054382,50.67921237526667
28,48,68,67.91852101394807,59.86899749368382,56.92578917030778,35.41179366653523
29,49,69,75.99732937857806,61.99732937857806,59.27470103973167,24.12906411376457
30,50,70,75.0937652959754,63.55949931805202,60.60378759797766,3.090950410673713
31,51,71,62.85424556053067,48.5259224043229,44.71582439643879,-21.13667002556076
32,52,72,77.10351771068053,55.37245596017431,48.411195555985955,-41.392992785061665
33,53,73,74.62575932449181,54.431968376254076,47.34109967254494,-26.670835622871323
34,54,74,75.96655195832898,51.48973045620858,46.29149537206058,-27.833287948494444
35,55,75,70.86675662228947,52.323779779390065,47.540399455403076,-36.08303862867626
36,56,76,80.85699309274708,54.25688977231266,46.25373785137674,-49.18515711828013
37,57,77,79.49251424621355,51.79242054599922,44.81877097286758,-57.217150476997176
38,58,78,79.91740949749845,47.973669790105305,39.107131976077426,-82.96176002669085
39,59,79,102.56658656431159,59.293888826832585,42.143727163211,-115.38970210090042
40,60,80,95.28157405015293,57.290569118382905,36.829238010742756,-119.87511316980476
41,61,81,84.72545823658447,49.01329107620586,37.34314021890259,-147.5068300730312
42,62,82,69.11930869875812,43.11930869875812,29.93298855074147,-87.98143520877261
43,63,83,66.80978056495326,37.12401931448471,23.906672218716835,-93.43854572280861
44,64,84,60.89993105119976,37.899931051199815,28.06073497171792,-58.028925479322766
45,65,85,80.00987306429181,44.00987306429181,27.09562534267775,-160.05161659706164
46,66,86,67.48456773120199,41.48456773120188,27.854156953076085,-98.52752984808944
47,67,87,78.55976396745757,33.55976396745757,17.853910263019657,-172.63595842627558
48,68,88,81.06125279610308,39.061252796103076,23.904882666940466,-210.2638891598691
49,69,89,77.72799947553074,33.72799947553074,20.2772684704438,-211.57024849470622
50,70,90,79.0032030820779,40.0032030820779,28.50112443023022,-227.39056259322558
51,71,91,85.98120483953915,53.981204839539146,37.78441078808282,-194.8936131777583
52,72,92,54.67358066136046,31.67358066136046,35.88478158682551,-103.14870277617331
53,73,93,62.44573887507988,35.44573887507988,32.316275589261636,-86.15417577994663
54,74,94,54.37798905001944,31.377989050019437,36.761556051529965,-101.40167692314981
55,75,95,56.16848534915789,31.64495192077561,32.92927662069201,-106.71662399311549
56,76,96,44.15961502064613,14.159615020646129,18.75202110213388,-108.53994829376109
57,77,97,33.55891208495882,6.452871130906146,21.307183381180494,-62.77849900214903
58,78,98,34.646602202795975,11.646602202795975,23.789087903988616,-121.01327388451602
59,79,99,35.84553763434536,0.8455376343454191,3.274804991926999,-151.3393507624222
60,80,100,26.728015714286926,-1.2719842857130743,2.427352062975956,-58.759901540438705
61,81,101,22.450770918500325,-3.7738745818430743,2.9676505679808542,-144.46261029851883
62,82,102,27.79887998551783,-1.2011200144821714,-1.0382056759378884,-117.52168732036455
63,83,103,33.76161056365038,-5.8028449354510485,-6.670143145640509,-80.95852659048285
64,84,104,42.21522028695506,6.215220286955059,-1.6388661461222682,-101.0428462075082
65,85,105,39.855094543061,3.855094543061,-0.7210880027537314,-111.3395801112589
66,86,106,35.27186241821528,11.271862418215278,11.244487644763694,-35.1878091799972
67,87,107,57.67162013504674,16.67162013504685,8.795719905185024,-121.78176009159597
68,88,108,64.14231084102914,28.142310841029143,21.917052178806784,-132.75680786071484
69,89,109,40.22952187053477,6.229521870534768,0.7390016993560948,-164.866130744805
70,90,110,34.89163543155371,4.891635431553709,2.432300578322838,-143.60963791051154
71,91,111,37.33775862137628,8.337758621376338,4.296848363242589,-106.0937864942141
72,92,112,34.95832858364952,14.958328583649632,18.511505315150885,-59.82030444884492
73,93,113,38.48077920661359,8.480779206613533,4.556622076769145,-61.12753330677572
74,94,114,55.67159104531976,33.005245613392844,31.126419503503485,-79.04912535784115
75,95,115,44.99357022678669,20.993570226786687,17.362549110858254,-101.90634762035279
76,96,116,71.64156855206375,41.641568552063745,35.71350805970167,-108.49605621485512
77,97,117,70.88630183684467,43.886301836844666,42.622765630956565,-76.08108689714652
78,98,118,71.20931702298606,47.37386295646394,44.58728156759241,-92.58997304921559
79,99,119,85.11100339593679,62.11100339593679,56.57995641650075,-120.18355571110942
80,100,120,76.20644724727765,55.20644724727765,49.49475689184692,-66.14595408466641
81,101,121,73.12515085979987,46.125150859799874,43.77312005578017,-169.7081524531177
82,102,122,66.68799593078029,41.68799593078029,42.8026540455927,-77.45167182711918
83,103,123,64.35705267679407,31.7925971776927,34.41036192494221,-43.42877684565133
84,104,124,47.72524617499147,11.725246174991412,8.011582452498487,-156.8252577885329
85,105,125,49.42349622856841,18.423496228568297,18.069512318038505,-101.10816377627839
86,106,126,53.335020297057554,23.335020297057554,23.254764741102804,-121.8962042835949
87,107,127,82.55376037143918,50.553760371439125,48.21428340353259,-154.6544955952005
88,108,128,75.36366310741539,48.36366310741539,49.73836198870572,-135.8507949553035
89,109,129,82.29802286368465,47.29802286368465,41.6562101460089,-215.09551630380975
90,110,130,74.86580528989532,41.86580528989532,38.25944561661356,-195.85449232490555
91,111,131,73.85886292001476,41.85886292001476,37.36407502239001,-212.24760420996984
92,112,132,62.14374039492736,36.14374039492736,36.02244367908452,-152.08782916621158
93,113,133,54.14138366285795,17.141383662857947,13.420038586489795,-195.34297472879496
94,114,134,57.16040196107332,30.494056529146462,30.707601579641732,-78.4834989898327
95,115,135,51.53291161968514,19.53291161968525,13.550065352608044,-126.79823457230441
96,116,136,66.1945157769884,37.194515776988396,29.68786961605491,-143.07694764475798
97,117,137,74.85510579226064,42.855105792260645,32.61906429093119,-149.31377247088528
98,118,138,76.51996207360929,45.684508007087175,35.253980577416996,-149.642757465714
99,119,139,81.52538060674863,50.52538060674863,39.94356063058137,-114.3313614136166
100,120,140,71.05993086787487,41.05993086787487,31.322550618764637,-121.21179017517045
101,121,141,76.34861817141018,44.34861817141018,33.268932058465964,-152.5109678218547
102,122,142,81.71872507559266,52.71872507559266,44.31355670011766,-99.1755446034972
103,123,143,85.92627329030762,54.92627329030768,44.31770132251347,-96.98789897054826
104,124,144,101.2416273320585,67.24162733205856,54.52727776509846,-109.00994782981934
105,125,145,119.4419636094724,84.11426783486468,70.65255508724653,-110.26457199875722
106,126,146,139.54612132189197,96.54612132189197,79.01681454584593,-194.88848881284468
107,127,147,133.25883211300095,88.25883211300095,68.97401827055592,-192.82577246899154
108,128,148,134.96977316401694,93.96977316401694,71.97274221851325,-214.01922481999122
109,129,149,136.06926160134879,89.06926160134879,67.74899471450982,-181.71764827021877
110,130,150,153.07740547069,106.07740547069,83.11436749452821,-194.31533058990874
111,131,151,144.25321170080355,98.25321170080355,77.06221691319081,-202.7292530648782
112,132,152,145.37895081033008,100.37895081033008,78.6403272486836,-177.65904278660088
113,133,153,154.63298015674383,104.57152592492122,78.68248681251748,-231.09061058166844
114,134,154,150.5397719954019,103.8073711142066,82.06548326122072,-119.1660657545275
115,135,155,135.83347283823116,91.83347283823116,71.55967896466058,-115.230388475849
116,136,156,128.36285863110777,85.71201351050877,64.15247708260091,-124.63231867730644
117,137,157,127.32247091117284,78.3567396315346,53.77988958410492,-203.58938891705589
118,138,158,126.82776937798565,76.82776937798565,55.746772032215574,-258.44957210866676
119,139,159,104.08918414770727,56.08918414770727,35.3860424779441,-244.6143708678294
120,140,160,105.56116714995369,54.56116714995369,33.675450847966545,-260.8186394552355
121,141,161,65.13248678991488,39.13248678991488,27.47043115804172,-113.70510066068738
122,142,162,71.96832456886267,40.96832456886267,29.83455596843379,-118.16657345411357
123,143,163,55.12255641142633,27.820480540022174,19.606651505891932,-106.99545729348756
124,144,164,47.92643127062257,28.926431270622572,24.412800252839418,-58.596054234226244
125,145,165,56.507901346307904,38.18020557170013,31.10277560761108,-59.39956746238016
126,146,166,35.32954539328523,27.32954539328523,25.52838588002561,-9.645542157187208
127,147,167,42.0189275433454,26.0189275433454,20.132510896593317,-38.1993127031991
128,148,168,41.11384711451484,28.11384711451484,24.643499406160345,-43.80685761722964
129,149,169,44.44230694393349,27.442306943933488,24.920054567924296,-33.39859221849758
130,150,170,55.65703980529679,34.65703980529679,27.98931277870861,-34.937479790489704
131,151,171,89.12350004893216,58.12350004893216,47.195106482485016,-108.80810658807252
132,152,172,92.65047163028021,65.65047163028021,56.71354261094103,-121.46876837931666
133,153,173,101.82136980852192,75.82136980852192,67.49549410943979,-127.59093535117916
134,154,174,112.93224772180798,86.93224772180798,79.53290561008566,-124.57794593801918
135,155,175,104.86048990110078,85.86048990110078,84.37222587877727,-116.19132340248598
136,156,176,104.83927007616717,83.87826503153917,81.89213487243865,-91.8036277426852
137,157,177,84.46174638656726,60.49601510692895,59.745422719580915,-58.396560639840004
138,158,178,74.27622567298465,47.27622567298465,42.1516061467251,-92.98603866578378
139,159,179,51.02957471303063,27.029574713030627,23.74512718738208,-112.17363083067619
140,160,180,53.75128305622741,32.75128305622741,30.96043394090981,-103.07503266812819
141,161,181,51.858432019473014,27.85843201947307,25.505945438946014,-69.42425358368837
142,162,182,57.40516504250206,36.40516504250206,33.92116874662457,-97.52442865204466
143,163,183,49.67823039129581,27.376154519891713,27.675746231471066,-57.040664355251124
144,164,184,45.38381266499016,26.38381266499016,27.014569501308472,-60.805566098665054
145,165,185,60.59345799082695,42.59345799082695,39.87019215388051,-82.70868838781416
146,166,186,45.40296515521436,28.451467302182834,27.01823076149003,-46.241935613701685
147,167,187,57.1452632401668,36.1452632401668,30.54210463176946,-61.52718461113591
148,168,188,50.79816260963776,31.798162609637757,28.305604323640466,-65.90217346273471
149,169,189,52.61737396304551,25.61737396304551,22.073141115394435,-72.95803411915938
150,170,190,58.26198297842092,29.261982978420917,22.83739322882775,-78.15100370500545
151,171,191,54.30671355793464,29.306713557934643,21.814732076902658,-125.86957359220776
152,172,192,52.475495729202066,31.475495729202066,25.52907067608794,-137.3967532183109
153,173,193,51.32108749790933,28.58345080754964,27.1012865296849,-129.52370326646053
154,174,194,50.767638260171225,22.767638260171225,17.8382997776946,-151.36832213653702
155,175,195,79.70766703382714,53.70766703382708,49.8044209413448,-132.464224742895
156,176,196,79.40982823983751,51.409828239837566,46.13391616708094,-163.39199567355718
157,177,197,62.87783156639449,36.877831566394434,32.4468951778245,-158.68511062996936
158,178,198,52.03455460646131,24.03455460646137,17.025774582304905,-134.24097450117017
159,179,199,56.88942250452419,28.88942250452419,22.920363251207732,-108.28480828817942
160,180,200,50.548346904554705,27.548346904554705,23.37547115456323,-102.68746848017508
161,181,201,51.02819943601753,24.028199436017587,19.835540854879582,-115.20002920101126
162,182,202,45.10137468237002,22.10137468237002,17.928498932378602,-110.79632953569103
163,183,203,45.18247605907328,24.18247605907328,22.685884267327708,-75.82197544603753
164,184,204,57.45021969358447,38.45021969358447,35.57566131014096,-82.93582764941539
165,185,205,54.15281895108751,40.15281895108751,40.11416484180904,-94.2396152533081
166,186,206,49.20860761498341,32.25710976195188,33.214187926227396,-63.59252099549303
167,187,207,70.88314837579634,53.88314837579634,50.96460149506703,-62.12519891450631
168,188,208,69.01788721869622,49.01788721869622,46.745702080755564,-61.906800691209696
169,189,209,66.29613977089394,47.296139770893944,46.29882074189874,-55.658918570672085
