Left,Mid,Right,Loss,Loss_left,Loss_right,gain,glasso
0,20,40,1347.0141309337719,990.4663318039336,969.206035941869,-612.6582368120307,-1.3751224150346388
1,21,41,1345.6864608918352,991.0842590597456,969.1910112478309,-614.5888094157415,-2.86094378439509
2,22,42,1353.9198212702277,993.4355033266671,981.0357330017357,-620.5514150581753,-0.6548900694037911
3,23,43,1350.6721567109325,985.6373988352108,987.0766872961949,-622.041929420473,-1.683610583132804
4,24,44,1350.0949250230456,980.6167377661461,991.0590114200375,-621.580824163138,-2.0867120908038714
5,25,45,1351.1194497458478,979.4537874221123,993.352604923821,-621.6869426000856,-1.4342339050732562
6,26,46,1350.1899616971139,980.12028132087,991.1341830038,-621.0645026275563,-3.210333155602484
7,27,47,1359.3530560021,985.0000814936695,996.1895739663106,-621.8365994578803,-1.9086167379588233
8,28,48,1357.5283880876887,984.7183644488942,995.0012516830285,-622.1912280442341,-1.6951968517751084
9,29,49,1356.8376073905888,983.103347737557,992.0638653154931,-618.3296056624613,-0.7758829013008608
10,30,50,1353.967666149942,982.0958447005909,991.5726990638193,-619.700877614468,0.028785887864273718
11,31,51,1351.8431425529725,981.283689229096,989.0208660660305,-618.4614127421542,0.36366609635081204
12,32,52,1342.652688801054,989.5048427856304,979.936698248312,-626.7888522328885,-0.9680905624016987
13,33,53,1341.1627043209915,988.4920341315999,976.5757422502734,-623.9050720608818,0.04942056858590149
14,34,54,1341.649356832161,989.5515094584806,981.2512542349716,-629.1534068612912,-0.11257339613155182
15,35,55,1337.2511144659506,982.4760996672387,980.5673187016473,-625.7923039029354,1.1180217518926838
16,36,56,1347.596452394606,979.138188169688,990.5459137047687,-622.0876494798506,4.151257707593686
17,37,57,1351.5673168922822,980.2320876631321,990.4002825426435,-619.0650533134935,3.5899806293721213
18,38,58,1361.8959853862843,988.2202572644628,992.0445486895096,-618.3688205676881,5.440511219016571
19,39,59,1359.2477451326574,971.8544665085096,993.7489512397823,-606.3556726156346,4.142692900578368
20,40,60,1351.7314270638835,969.206035941869,990.8389069060613,-608.3135157840468,2.723115809352521
21,41,61,1359.9234086944757,969.1910112478309,997.5992220148073,-606.8668245681624,5.392075865057109
22,42,62,1359.3435712036467,981.0357330017357,994.8654902773301,-616.5576520754191,3.0089565267189755
23,43,63,1366.655531440351,987.0766872961949,997.7427365475035,-618.1638924033473,2.3814946441616485
24,44,64,1374.080138847688,991.0590114200375,999.6923700433015,-616.671242615651,3.34959570153967
25,45,65,1365.2260477203183,993.352604923821,991.7672544408799,-619.8938116443826,0.5949253188809962
26,46,66,1363.4448431843325,991.1341830038,991.6504824437518,-619.3398222632193,-2.6386473511375925
27,47,67,1368.238189306177,996.1895739663106,988.5943893692364,-616.54577402937,-0.8295495274619498
28,48,68,1374.7392628619868,995.0012516830285,998.046586832872,-618.3085756539135,-0.14473842665199754
29,49,69,1376.4783422493329,992.0638653154931,1003.0092173848795,-618.5947404510398,-1.2971939747412762
30,50,70,1376.5370709256326,991.5726990638193,1005.3790571683614,-620.4146853065481,-0.8887622586352109
31,51,71,1380.605976743626,989.0208660660305,1010.7263239899239,-619.1412133123285,-0.0695489090725232
32,52,72,1370.0329921650225,979.936698248312,1013.5802995738686,-623.4840056571581,0.2201162820040281
33,53,73,1372.1595306096797,976.5757422502734,1016.2170257979137,-620.6332374385074,1.9342738390884051
34,54,74,1376.2473799436061,981.2512542349716,1018.5321130960449,-623.5359873874104,0.5989176186317309
35,55,75,1369.4539825127172,980.5673187016473,1013.1110479302283,-624.2243841191585,-0.07464685335548893
36,56,76,1372.1010473225083,990.5459137047687,1007.813470031627,-626.2583364138875,0.06221862224037977
37,57,77,1375.72144702247,990.4002825426435,1008.9805884680238,-623.6594239881972,-0.4142069501521064
38,58,78,1375.7212747938954,992.0445486895096,998.9988382595117,-615.3221121551258,2.6862917941206206
39,59,79,1386.2529047053274,993.7489512397823,1004.3274781991655,-611.8235247336204,2.4035664770840413
40,60,80,1382.4603687026924,990.8389069060613,1002.517042642913,-610.895580846282,2.8980084657024463
41,61,81,1385.2159965812066,997.5992220148073,1000.545364002925,-612.9285894365257,3.172160923512706
42,62,82,1382.6847850234235,994.8654902773301,1005.3707668559362,-617.5514721098427,1.1275256296452199
43,63,83,1381.3398042931135,997.7427365475035,999.3952773438589,-615.7982095982488,1.0813972442447266
44,64,84,1379.6379881193238,999.6923700433015,995.4846427029183,-615.539024626896,1.9275268730442576
45,65,85,1382.4119181184756,991.7672544408799,1003.6625243098795,-613.0178606322838,3.886223476410237
46,66,86,1383.9779860625413,991.6504824437518,1007.1076329358085,-614.7801293170191,3.9283562617901
47,67,87,1383.2262340375182,988.5943893692364,1009.5173834160138,-614.885538747732,0.5847208164252606
48,68,88,1389.0312418095987,998.046586832872,1008.608386493078,-617.6237315163512,-0.4388518319112791
49,69,89,1386.365670131981,1003.0092173848795,1006.5095877832542,-623.1531350361529,-0.02306612763220528
50,70,90,1381.985379112605,1005.3790571683614,1001.3905074122703,-624.7841854680266,1.3063414306128607
51,71,91,1388.5442359963045,1010.7263239899239,999.3077038830316,-621.489791876651,1.749183445257131
52,72,92,1398.6352868424115,1013.5802995738686,1001.4714064107216,-616.4164191421787,2.7809831334353703
53,73,93,1402.90929628069,1016.2170257979137,995.3144665453457,-608.6221960625694,4.5832454321976
54,74,94,1401.943846472494,1018.5321130960449,995.7575761625343,-612.3458427860851,3.8303426013555963
55,75,95,1393.7574806123766,1013.1110479302283,993.9258414865525,-613.2794088044043,3.318672774171546
56,76,96,1382.7087380897258,1007.813470031627,996.5605399055021,-621.6652718474033,0.3309096349826177
57,77,97,1380.8648938959373,1008.9805884680238,996.3465518656445,-624.4622464377312,0.6954959422080265
58,78,98,1362.2943328889642,998.9988382595117,986.5820861134789,-623.2865914840263,-1.2593288763325745
59,79,99,1359.8867187623673,1004.3274781991655,977.5058179161827,-621.946577352981,-2.3660338665357585
60,80,100,1368.4532966096579,1002.517042642913,982.4275059474963,-616.4912519807515,2.764179286433091
61,81,101,1363.7790901183853,1000.545364002925,974.8910939615819,-611.6573678461216,2.9385676286819944
62,82,102,1373.1900236009851,1005.3707668559362,987.1284774214282,-619.3092206763793,3.29969454959587
63,83,103,1372.4507703557706,999.3952773438589,989.5015645003793,-616.4460714884676,3.9381065112866054
64,84,104,1372.2680631191934,995.4846427029183,989.5586618834539,-612.7752414671788,4.111037873127771
65,85,105,1376.284800208971,1003.6625243098795,989.8898258195775,-617.2675499204859,3.768494972250778
66,86,106,1377.0518459641594,1007.1076329358085,987.5677863194389,-617.6235732910882,4.721090174893334
67,87,107,1378.9856925792517,1009.5173834160138,982.2334423359466,-612.7651331727086,4.487810385072407
68,88,108,1376.112844061957,1008.608386493078,980.0819929108852,-612.5775353420061,3.3925437235124036
69,89,109,1375.4217115371866,1006.5095877832542,983.1059330553364,-614.1938093014041,2.5149458839990757
70,90,110,1371.2869176971255,1001.3905074122703,982.4576908060313,-612.5612805211761,1.6425073491686817
71,91,111,1372.6207370410384,999.3077038830316,981.9697284392754,-608.6566952812686,3.0969074057434227
72,92,112,1383.385333049107,1001.4714064107216,997.628399538964,-615.7144729005786,3.324866624973083
73,93,113,1384.927454390604,995.3144665453457,1003.2134238263322,-613.600435981074,4.347549651785016
74,94,114,1378.5995031674456,995.7575761625343,1003.4412293387392,-620.5993023338278,2.4323035501572576
75,95,115,1383.5809064387158,993.9258414865525,1009.1723993680279,-619.5173344158645,3.5357847694577913
76,96,116,1386.9701148464883,996.5605399055021,1012.7625721934774,-622.3529972524911,3.203001321693023
77,97,117,1384.2038882098518,996.3465518656445,1010.5107743840706,-622.6534380398634,3.4707243804404015
78,98,118,1373.7920037043352,986.5820861134789,1006.2788049243961,-619.0688873335398,3.1350506717096778
79,99,119,1382.7199135730095,977.5058179161827,1014.2979984067224,-609.0839027498955,5.668964603501763
80,100,120,1364.70204264626,982.4275059474963,1006.5161725434668,-624.2416358447031,0.6294180018201132
81,101,121,1363.9844829323565,974.8910939615819,1006.9468307744644,-617.8534418036897,0.500640055584654
82,102,122,1363.1939977475722,987.1284774214282,1003.0172644704951,-626.9517441443511,-0.5911720086562582
83,103,123,1359.2350738466753,989.5015645003793,996.5651828487541,-626.8316735024582,-0.8948706944889864
84,104,124,1357.9274784424738,989.5586618834539,995.5274491353144,-627.1586325762946,2.26506359973871
85,105,125,1351.7773154070182,989.8898258195775,994.8461329208691,-632.9586433334284,0.6385821915580436
86,106,126,1365.6322997498828,987.5677863194389,1005.0514073677328,-626.9868939372891,1.7691580917010015
87,107,127,1355.7537109267914,982.2334423359466,999.309816410459,-625.7895478196142,0.6876028916515224
88,108,128,1350.3070457827343,980.0819929108852,997.2886775843801,-627.063624712531,0.05644338801585036
89,109,129,1350.1164118190045,983.1059330553364,993.2316372884899,-626.2211585248219,-2.8875846358199624
90,110,130,1359.6114022647898,982.4576908060313,1003.9220303751713,-626.7683189164127,-2.978679211988947
91,111,131,1357.6909841120862,981.9697284392754,1001.4197625414711,-625.6985068686602,-3.519440817118493
92,112,132,1353.6441265103251,997.628399538964,989.2126597455672,-633.1969327742061,-4.450990827140913
93,113,133,1362.087089481432,1003.2134238263322,990.4107097363508,-631.537044081251,0.4287684107956693
94,114,134,1358.3817658100843,1003.4412293387392,989.807110297169,-634.8665738258237,-1.4673894732247845
95,115,135,1370.0932423465567,1009.1723993680279,998.5342248285081,-637.6133818499791,2.368040124916206
96,116,136,1378.200313502284,1012.7625721934774,1008.3153850545289,-642.8776437457223,2.9401436911338124
97,117,137,1379.73882221789,1010.5107743840706,1013.2972364039895,-644.0691885701701,2.796818144596841
98,118,138,1381.5289093373078,1006.2788049243961,1014.5752740564781,-639.3251696435664,4.136638475587688
99,119,139,1381.8639619727164,1014.2979984067224,1000.5596603884303,-632.9936968224363,6.456951253041552
100,120,140,1390.7827836945348,1006.5161725434668,1008.0411994340934,-623.7745882830254,10.103544927491612
101,121,141,1388.5839955706072,1006.9468307744644,1007.5376076227094,-625.9004428265666,9.160916096735036
102,122,142,1384.4476671088655,1003.0172644704951,1012.4195710104109,-630.9891683720405,6.188258566659329
103,123,143,1378.0468642883661,996.5651828487541,1017.4681586433778,-635.9864772037658,4.0402217292714795
104,124,144,1384.387382292342,995.5274491353144,1015.3858014556492,-626.5258682986218,7.073446066326369
105,125,145,1380.036301320551,994.8461329208691,1013.0181395597141,-627.8279711600321,5.40802653781293
106,126,146,1383.0545479031518,1005.0514073677328,1009.0224841803233,-631.0193436449042,1.6386843628486076
107,127,147,1389.095281877771,999.309816410459,1017.1613830600012,-627.3759175926893,2.025158534499724
108,128,148,1388.603294200644,997.2886775843801,1016.4735679842083,-625.1589513679444,3.0679855767368736
109,129,149,1391.402350698129,993.2316372884899,1019.561900206882,-621.3911867972427,1.7511435172784786
110,130,150,1391.4883576453815,1003.9220303751713,1009.8754589220562,-622.309131651846,2.9341635874774283
111,131,151,1391.0137963644163,1001.4197625414711,1012.5219038816409,-622.9278700586958,2.624601480264687
112,132,152,1384.0422609306065,989.2126597455672,1014.0404250067072,-619.2108238216679,4.077653880454591
113,133,153,1380.3218929460877,990.4107097363508,1009.4721398466661,-619.5609566369292,3.2608567119475538
114,134,154,1382.0909870608577,989.807110297169,1009.9354552482159,-617.6515784845271,2.734149983479483
115,135,155,1400.376181174537,998.5342248285081,1019.3375307419318,-617.4955743959028,4.4354482889796145
116,136,156,1401.4559644174178,1008.3153850545289,1014.2484392043215,-621.1078598414324,5.460635517123819
117,137,157,1406.5730701474502,1013.2972364039895,1007.022092239584,-613.7462584961233,7.002621341436679
118,138,158,1408.0613909041808,1014.5752740564781,1003.9182612923871,-610.4321444446844,7.148902074032435
119,139,159,1390.88261876432,1000.5596603884303,1002.2356970976595,-611.91273872177,5.737678113039578
120,140,160,1393.9634427107426,1008.0411994340934,996.5669782961486,-610.6447350194994,4.612047478902696
121,141,161,1392.3076194619937,1007.5376076227094,1000.9537805497686,-616.1837687104842,5.069201998877588
122,142,162,1408.7711403692929,1012.4195710104109,1010.3110744710598,-613.9595051121778,6.173765667163252
123,143,163,1413.809443644013,1017.4681586433778,1015.4896833414684,-619.1483983408332,5.565547516973538
124,144,164,1412.8072150441685,1015.3858014556492,1011.3863820652717,-613.9649684767523,6.78013668355959
125,145,165,1417.0413498202843,1013.0181395597141,1017.4056933310374,-613.3824830704671,7.39747339935775
126,146,166,1415.4416921551615,1009.0224841803233,1019.7879087521742,-613.368700777336,7.100476244041147
127,147,167,1417.9252180819662,1017.1613830600012,1015.923532039558,-615.1596970175929,7.730286950675691
128,148,168,1421.0393300278158,1016.4735679842083,1021.1441151729787,-616.5783531293712,8.510677914168696
129,149,169,1423.40263941608,1019.561900206882,1022.1547377571817,-618.3139985479836,9.223621415345633
130,150,170,1417.275490980393,1009.8754589220562,1020.6782147003732,-613.2781826420364,11.580542537138058
131,151,171,1417.9123785686638,1012.5219038816409,1017.9167628910004,-612.5262882039774,12.738337685180113
132,152,172,1417.2161504262356,1014.0404250067072,1017.5926754694017,-614.4169500498733,11.44020591180913
133,153,173,1409.7509317334468,1009.4721398466661,1014.2168620538497,-613.9380701670691,9.080852266584884
134,154,174,1416.4292905003877,1009.9354552482159,1018.7176244933487,-612.223789241177,9.011769195522106
135,155,175,1396.538552966971,1019.3375307419318,999.7620686800223,-622.5610464549829,1.9934037381591452
136,156,176,1390.5483298334184,1014.2484392043215,991.7609324669456,-615.4610418378488,2.67548672754549
137,157,177,1391.1950709019934,1007.022092239584,994.1137595120169,-609.9407808496076,6.452559564834246
138,158,178,1387.7568330088402,1003.9182612923871,990.5298763289254,-606.6913046124723,7.616974420898714
139,159,179,1385.6415561136473,1002.2356970976595,988.7941913144219,-605.3883322984341,10.418035488421879
140,160,180,1380.886798453846,996.5669782961486,997.1170100614736,-612.7971899037761,11.573695402640396
141,161,181,1385.5489773209424,1000.9537805497686,999.2349034364252,-614.6397066652512,12.09871717264366
142,162,182,1388.340015574699,1010.3110744710598,999.6323441840648,-621.6034030804256,8.565636960060147
143,163,183,1392.5164170943672,1015.4896833414684,996.3922937883133,-619.3655600354145,6.573324575371544
144,164,184,1369.397485297367,1011.3863820652717,988.5758874781106,-630.5647842460153,4.691934522649831
145,165,185,1387.1023382070298,1017.4056933310374,999.8524030980988,-630.1557582221062,2.445954893514113
146,166,186,1395.7225304558917,1019.7879087521742,1007.2115387805919,-631.2769170768745,4.0008010755231
147,167,187,1394.7938316690893,1015.923532039558,1009.3951184317812,-630.5248188022499,4.4398908078494514
148,168,188,1397.0169446582474,1021.1441151729787,1009.8756475733683,-634.0028180880995,4.388178648065377
149,169,189,1401.9724818752275,1022.1547377571817,1012.399417641244,-632.5816735231983,5.0529227708602775
150,170,190,1397.6597632619541,1020.6782147003732,1012.4251186307363,-635.4435700691554,6.233312517652166
151,171,191,1390.9401352317896,1017.9167628910004,1010.1819871766222,-637.1586148358331,5.0699649009419545
152,172,192,1391.1806583435082,1017.5926754694017,1010.8681965805047,-637.2802137063982,3.411181410396125
153,173,193,1385.9086094386707,1014.2168620538497,1013.2607595595588,-641.5690121747377,3.4859594696924887
154,174,194,1394.1592764917764,1018.7176244933487,1012.8510539494691,-637.4094019510414,4.863461933323492
155,175,195,1390.209188400324,999.7620686800223,1019.8630495118011,-629.4159297914994,3.4243319425377194
156,176,196,1388.7688118873625,991.7609324669456,1022.3440647331487,-625.3361853127317,2.022632580958998
157,177,197,1386.7135936672287,994.1137595120169,1013.271114185133,-620.6712800299213,3.7604615044009506
158,178,198,1384.3821147781632,990.5298763289254,1013.1411932652968,-619.288954816059,3.799354155302808
159,179,199,1381.0250427122999,988.7941913144219,1013.021765008423,-620.7909136105452,6.2799508287878325
160,180,200,1381.3960286785277,997.1170100614736,1003.6913058973532,-619.4122872802991,11.545752087328424
161,181,201,1381.5617158715195,999.2349034364252,998.8595890745496,-616.5327766394553,11.123949458687434
162,182,202,1379.1629938217802,999.6323441840648,1003.8649645113715,-624.334314873656,2.106336035859499
163,183,203,1383.0684220504236,996.3922937883133,1002.7565518517315,-616.0804235896212,2.327432595214873
164,184,204,1382.4650238379327,988.5758874781106,1005.033145204211,-611.144008844389,0.84914913675766
165,185,205,1382.856117055393,999.8524030980988,992.3202619442608,-609.3165479869665,7.8698427815488685
166,186,206,1380.5743695557035,1007.2115387805919,986.6203497115524,-613.2575189364409,6.448210740150444
167,187,207,1378.5124712950956,1009.3951184317812,979.9115394759583,-610.7941866126439,6.9364481606611434
168,188,208,1378.1520492508018,1009.8756475733683,978.5548886720019,-610.2784869945683,4.608755435868488
169,189,209,1378.58736901117,1012.399417641244,974.2422266392429,-608.0542752693168,2.004123037291606
