Left,Mid,Right,Loss,Loss_left,Loss_right,gain,glasso
0,20,40,1374.4541708388447,1015.0468708181844,982.8878653114585,-623.4805652907983,13.595652492277964
1,21,41,1362.3865186616354,1011.6974963728375,975.6341026261334,-624.9450803373356,8.584009377155212
2,22,42,1356.3654609913988,1002.4130081075726,978.5073728896674,-624.5549200058413,7.235644705129516
3,23,43,1345.1790313779375,997.9537697432085,973.6720722628856,-626.4468106281565,4.270750489562147
4,24,44,1347.2807579003006,999.0033808275609,965.0332895131227,-616.7559124403829,7.900517785065858
5,25,45,1345.57243595125,999.5391112433986,956.037690841165,-610.0043661333134,11.233363751817137
6,26,46,1347.7227029626297,1007.3618615537376,952.1696670045188,-611.8088255956268,9.845677467640485
7,27,47,1343.5339143367637,999.9312786820417,957.0141182944333,-613.4114826397113,9.035604333670221
8,28,48,1342.0545271333017,997.8799054204367,957.1082242857995,-612.9336025729344,9.324797536655069
9,29,49,1338.4461775880711,1000.8860436345225,960.1428917905005,-622.5827578369519,2.6845912506803415
10,30,50,1340.252075138366,1002.0460858652034,965.9484037643273,-627.7424144911645,0.3750005158759677
11,31,51,1357.1063348576033,1005.5303181681666,974.4624127670082,-622.8863960775714,6.884023548562595
12,32,52,1359.206159384797,1001.5300485822115,977.3063500308252,-619.6302392282396,7.432301021742433
13,33,53,1343.8926026461827,991.5659926254601,976.1311174665218,-623.8045074457991,0.21069077189577
14,34,54,1340.7318080113432,988.0627760435893,970.7192116138671,-618.0501796461131,-3.476334956559981
15,35,55,1338.504770822186,984.6181358878118,971.7926738661231,-617.906038931749,1.9813651887126298
16,36,56,1342.2800639497386,980.9972317629165,981.1858367193993,-619.9030045325771,-0.557701067841549
17,37,57,1342.6007756880367,989.9223013941689,975.6810086201399,-623.0025343262721,9.483871936856644
18,38,58,1346.6628873026507,995.5418598123922,979.7782144262177,-628.6571869359591,9.20860979038207
19,39,59,1339.6615752285697,984.229109121019,978.8822852843675,-623.4498191768166,3.8889521793379345
20,40,60,1343.176978114543,982.8878653114585,988.1741899784674,-627.8850771753828,5.361514408518701
21,41,61,1346.2825940593868,975.6341026261334,991.3973177373396,-620.7488263040862,6.041564350418184
22,42,62,1368.6645228734262,978.5073728896674,1002.6395075357044,-612.4823575519456,7.880467160338185
23,43,63,1376.7201756662346,973.6720722628856,1008.6671137356655,-605.6190103323165,5.813351168300187
24,44,64,1376.9383370903042,965.0332895131227,1008.2128566234875,-596.3078090463059,8.231787881724472
25,45,65,1370.0182062299327,956.037690841165,1013.3533571169106,-599.3728417281429,11.68602536078538
26,46,66,1370.4182749313186,952.1696670045188,1019.0701946122339,-600.8215866854341,8.677808940796353
27,47,67,1372.6568704239307,957.0141182944333,1022.6233137347941,-606.9805616052968,6.626918295998735
28,48,68,1379.5586023242768,957.1082242857995,1029.505208235882,-607.0548301974047,5.921804494972093
29,49,69,1386.69486069377,960.1428917905005,1029.4531979315661,-602.9012290282967,6.708320639375188
30,50,70,1393.5967017993642,965.9484037643273,1025.412434629467,-597.7641365944303,7.914327717606625
31,51,71,1386.7631581397363,974.4624127670082,1015.298978235352,-602.9982328626238,8.30700116372293
32,52,72,1406.173731613013,977.3063500308252,1026.5851664754096,-597.717784893222,12.118068523245142
33,53,73,1411.1858028890597,976.1311174665218,1030.820412796178,-595.7657273736402,10.965919960620795
34,54,74,1406.6588729444143,970.7192116138671,1033.401377395221,-597.461716064674,9.638755742135913
35,55,75,1403.0603527467993,971.7926738661231,1031.4346112444482,-600.166932363772,9.240627118647922
36,56,76,1424.6836151371294,981.1858367193993,1034.4930375354402,-590.99525911771,14.0477709768345
37,57,77,1417.7884846549318,975.6810086201399,1032.6425679470165,-590.5350919122245,14.386417284323102
38,58,78,1413.3630493166927,979.7782144262177,1025.9183366237871,-592.3335017333122,11.649817408285458
39,59,79,1419.9238814574676,978.8822852843675,1026.8942436862958,-585.8526475131957,14.893292367788263
40,60,80,1424.6909105567306,988.1741899784674,1025.495614548337,-588.9788939700738,16.83512924882507
41,61,81,1424.0940021102858,991.3973177373396,1027.1975780822468,-594.5008937093005,15.985629133201428
42,62,82,1414.7177363973574,1002.6395075357044,1013.5028537761829,-601.4246249145299,9.829671912208255
43,63,83,1415.2912458289593,1008.6671137356655,1012.1059317520189,-605.4817996587251,9.120841719353052
44,64,84,1410.6684475919842,1008.2128566234875,1011.5143514442002,-609.0587604757034,7.3676070408430405
45,65,85,1415.7763089245323,1013.3533571169106,1018.3659535869874,-615.9430017793657,11.358981466237083
46,66,86,1412.9188933481337,1019.0701946122339,1011.7532438799867,-617.904545144087,9.131221601704397
47,67,87,1422.6620493415908,1022.6233137347941,1023.075381833292,-623.0366462264953,10.657080641894368
48,68,88,1432.120810898135,1029.505208235882,1025.4265445912367,-622.8109419289835,11.3689941708069
49,69,89,1435.9431171578408,1029.4531979315661,1029.9202419677345,-623.4303227414598,11.598841630640095
50,70,90,1429.2857736558817,1025.412434629467,1022.6213874499424,-618.7480484235275,13.27088274221262
51,71,91,1410.4296052418063,1015.298978235352,1023.409819044308,-628.2791920378538,11.896994808886689
52,72,92,1399.798909612643,1026.5851664754096,1007.6120993587303,-634.3983562214969,10.926833154437759
53,73,93,1403.764364173647,1030.820412796178,1007.2251185570151,-634.2811671795462,10.675382426648298
54,74,94,1413.954135343245,1033.401377395221,1017.9754500418628,-637.422692093839,10.073901866276174
55,75,95,1413.7521277107348,1031.4346112444482,1019.2262668552771,-636.9087503889905,10.231750260236595
56,76,96,1411.6400795170803,1034.4930375354402,1015.2878079529231,-638.1407659712831,10.011568313905741
57,77,97,1420.5664367857416,1032.6425679470165,1020.502308512614,-632.5784396738891,12.576827741269653
58,78,98,1417.160735945884,1025.9183366237871,1022.005816270705,-630.7634169486082,11.309006681099618
59,79,99,1410.3493766453826,1026.8942436862958,1018.652487190024,-635.1973542309372,10.018468510513799
60,80,100,1404.546593788352,1025.495614548337,1012.4804205178433,-633.4294412778283,11.274777928310527
61,81,101,1401.716137674402,1027.1975780822468,1012.8488007132986,-638.3302411211434,9.614161891769754
62,82,102,1393.4382704955578,1013.5028537761829,1015.5372310702226,-635.6018143508477,9.134845900784853
63,83,103,1390.557832543927,1012.1059317520189,1011.9398174045019,-633.4879166125938,9.852897286258099
64,84,104,1393.2029583890649,1011.5143514442002,1015.5721889201652,-633.8835819753006,8.377046691659189
65,85,105,1389.9268923383086,1018.3659535869874,1007.7684100331653,-636.2074712818442,8.866039164165272
66,86,106,1380.7098309460273,1011.7532438799867,1004.4336484990063,-635.4770614329657,7.755775459719189
67,87,107,1382.974150224858,1023.075381833292,989.4708200607179,-629.5720516691517,6.218230636344856
68,88,108,1383.8432127191509,1025.4265445912367,984.7231169538724,-626.3064488259583,9.018588186118222
69,89,109,1390.9620798182336,1029.9202419677345,996.1891432101334,-635.1473053596342,8.073715430653351
70,90,110,1387.079300920073,1022.6213874499424,996.9544612482109,-632.4965477780804,7.168579546020737
71,91,111,1383.3266514564498,1023.409819044308,995.2441991416249,-635.3273667294832,6.364229690371872
72,92,112,1376.9846932055877,1007.6120993587303,1001.2193464830453,-631.8467526361881,6.329055862311861
73,93,113,1373.97680851008,1007.2251185570151,996.3189775571773,-629.5672876041124,5.724386227496552
74,94,114,1373.2488238611247,1017.9754500418628,982.1214635679763,-626.8480897487145,8.404542079686394
75,95,115,1377.514443457871,1019.2262668552771,991.0661143842883,-632.7779377816944,9.663971909271595
76,96,116,1367.7459686383804,1015.2878079529231,973.9210827202462,-621.4629220347888,13.7025340294731
77,97,117,1365.051221183131,1020.502308512614,962.7807343085396,-618.2318216380227,13.68974220732457
78,98,118,1368.270140533803,1022.005816270705,964.6359267645637,-618.3716025014658,13.025936054865952
79,99,119,1361.09891300275,1018.652487190024,957.8106135968054,-615.3641877840794,10.29826568638066
80,100,120,1356.2157618451615,1012.4804205178433,961.3426133921455,-617.6072720648272,7.461263862545138
81,101,121,1375.3484905545179,1012.8488007132986,983.1069116575029,-620.6072218162835,7.270713896961183
82,102,122,1378.5717506753913,1015.5372310702226,980.09375298398,-617.0592333788113,9.51345932037043
83,103,123,1370.7934020582077,1011.9398174045019,978.3461526620374,-619.4925680083318,9.617687842136093
84,104,124,1379.4801239428662,1015.5721889201652,995.4366094684976,-631.5286744457967,4.904870492921873
85,105,125,1371.230133627136,1007.7684100331653,992.5841669600624,-629.1224433660916,7.319989137010339
86,106,126,1376.4087867906305,1004.4336484990063,998.1796382684947,-626.2044999768705,12.074256406945779
87,107,127,1369.0039861180912,989.4708200607179,991.4512479733237,-611.9180819159503,9.508829092258907
88,108,128,1355.6410204944532,984.7231169538724,987.9025907224832,-616.9846871819022,11.53505335000284
89,109,129,1356.520769010367,996.1891432101334,977.1310530551375,-616.7994272549038,9.032547117838362
90,110,130,1361.5143643587694,996.9544612482109,982.8540731794958,-618.2941700689373,9.446339124446354
91,111,131,1362.9910120390368,995.2441991416249,992.4562646535924,-624.7094517561804,12.124990454608337
92,112,132,1365.9453761120221,1001.2193464830453,990.4039910085617,-625.6779613795848,9.533428396208478
93,113,133,1363.8405940445414,996.3189775571773,998.4562733131045,-630.9346568257404,10.351552412084402
94,114,134,1357.2295835529308,982.1214635679763,1002.4411289328878,-627.3330089479332,12.382694347466781
95,115,135,1356.0919031376043,991.0661143842883,999.7353833307122,-634.7095945773963,8.954740853733142
96,116,136,1344.672137728352,973.9210827202462,1001.2966627832113,-630.5456077751055,7.587778961800836
97,117,137,1337.8622349505147,962.7807343085396,1002.9921827782674,-627.9106821362923,7.7254091130524785
98,118,138,1338.6722998910582,964.6359267645637,1003.7344441758528,-629.6980710493583,7.774024045913279
99,119,139,1336.6427611039726,957.8106135968054,1002.2510390536868,-623.4188915465197,5.891919506670206
100,120,140,1335.2222293760592,961.3426133921455,1002.6741804286032,-628.7945644446895,3.080121487593715
101,121,141,1338.850825850746,983.1069116575029,976.4900830124755,-620.7461688192323,2.732864052706873
102,122,142,1334.963673691112,980.09375298398,971.2672020764784,-616.3972813693463,4.360128473158625
103,123,143,1345.0914884215986,978.3461526620374,985.5273425672887,-618.7820068077276,7.390967647818115
104,124,144,1345.9072200814776,995.4366094684976,961.5311131664562,-611.0605025534762,7.621946592488484
105,125,145,1342.00159854827,992.5841669600624,951.539150326428,-602.1217187382204,6.706704172813943
106,126,146,1364.1259882010204,998.1796382684947,956.5857619600939,-590.6394120275681,-2.2800735399655423
107,127,147,1356.8657312948335,991.4512479733237,957.5806932477063,-592.1662099261966,-4.089266243543079
108,128,148,1355.0512245961152,987.9025907224832,958.5378684239001,-591.3892345502682,-2.8797180674637275
109,129,149,1340.8724196843727,977.1310530551375,955.4241900057611,-591.6828233765259,-6.908205572174893
110,130,150,1346.1723671112545,982.8540731794958,948.4537538601089,-585.1354599283502,-7.199020617133897
111,131,151,1343.7715519481026,992.4562646535924,941.0747795217482,-589.7594922272378,-7.034995518819301
112,132,152,1338.5248615880805,990.4039910085617,937.3389028325107,-589.2180322529919,-5.7656419452112
113,133,153,1337.2411434112246,998.4562733131045,926.8624652460257,-588.0775951479056,-9.243773175205547
114,134,154,1337.532300202708,1002.4411289328878,915.556037527927,-580.4648662581067,-21.535172212107113
115,135,155,1344.2547321792613,999.7353833307122,929.2645454437613,-584.7451965952123,-18.73316010727831
116,136,156,1347.466907151469,1001.2966627832113,935.9233753509186,-589.7531309826609,-19.5447753670594
117,137,157,1361.7815279941387,1002.9921827782674,954.0443801832059,-595.2550349673347,-8.83313250248068
118,138,158,1366.9174807536174,1003.7344441758528,960.5882470093748,-597.4052104316102,-2.4918571779951435
119,139,159,1376.2424984912989,1002.2510390536868,980.8056404035634,-606.8141809659512,10.06399750406922
120,140,160,1370.243991782998,1002.6741804286032,975.9447754497301,-608.3749640953354,10.446649843752198
121,141,161,1331.6082519627348,976.4900830124755,965.8121155175929,-610.6939465673336,4.629084694003268
122,142,162,1340.2146932499968,971.2672020764784,979.1246358327171,-610.1771446591988,7.303939855716408
123,143,163,1342.8884047550682,985.5273425672887,975.2523575408445,-617.8912953530648,5.773628673834082
124,144,164,1333.557113383135,961.5311131664562,987.7480247998261,-615.7220245831472,0.8274793552748179
125,145,165,1326.4385731195935,951.539150326428,987.1328389642214,-612.233416171056,-2.654265639949813
126,146,166,1310.9756320118759,956.5857619600939,978.0957919734452,-623.7059219216633,-14.099300474353413
127,147,167,1325.6912280446634,957.5806932477063,990.8613831542656,-622.7508483573085,-13.599461738727427
128,148,168,1330.0669358594917,958.5378684239001,996.2208817826415,-624.69181434705,-12.468766135934516
129,149,169,1331.2183461238164,955.4241900057611,996.9942605918246,-621.2001044737694,-14.201674364432506
130,150,170,1325.2667879948465,948.4537538601089,996.2148029087559,-619.4017687740184,-14.56380562058871
131,151,171,1354.2392681081253,941.0747795217482,1017.6386112630014,-604.4741226766243,-6.500089416446144
132,152,172,1348.7220167058113,937.3389028325107,1015.6398718539434,-604.2567579806428,-1.5136508377338487
133,153,173,1347.3923926602884,926.8624652460257,1017.9520026207355,-597.422075206473,-5.963559962654472
134,154,174,1340.5946167696952,915.556037527927,1021.0612196952193,-596.022640453451,-16.919024537366
135,155,175,1347.3980533366353,929.2645454437613,1019.167625029485,-601.034117136611,-13.912200265981141
136,156,176,1354.0293177033657,935.9233753509186,1021.7688458470872,-603.6629034946402,-16.360728384795948
137,157,177,1353.7961227202254,954.0443801832059,1013.0122616336255,-613.260519096606,-8.639984870502872
138,158,178,1350.6320266925838,960.5882470093748,1008.5851621897759,-618.5413825065668,-5.500977347135972
139,159,179,1351.5869254223155,980.8056404035634,994.1784980340714,-623.3972130153193,5.598522409792167
140,160,180,1350.3171244032276,975.9447754497301,997.2632726065431,-622.8909236530455,7.4559553481424246
141,161,181,1348.153872301188,965.8121155175929,999.1952137079179,-616.8534569243229,8.156009472840765
142,162,182,1349.2133024622676,979.1246358327171,987.4920297055555,-617.403363076005,12.93745387235765
143,163,183,1345.7113322451696,975.2523575408445,988.5275640773584,-618.0685893730333,12.061309498085166
144,164,184,1341.9422906263342,987.7480247998261,979.2543544075189,-625.0600885810109,8.57679753667287
145,165,185,1342.4980564454615,987.1328389642214,974.2520503862853,-618.8868329050451,9.529305863784202
146,166,186,1328.7950614711112,978.0957919734452,973.4376541401951,-622.7383846425291,5.442186497088983
147,167,187,1329.699909807199,990.8613831542656,956.0795117063791,-617.2409850534457,1.2181881366125253
148,168,188,1333.3404199849713,996.2208817826415,960.6333678291646,-623.5138296268349,1.0146607218425743
149,169,189,1334.9535693035853,996.9942605918246,958.4032524150493,-620.4439437032886,1.7575433193597974
150,170,190,1344.6692447179219,996.2148029087559,971.2419114074075,-622.7874695982416,6.544156189473597
151,171,191,1351.74301677005,1017.6386112630014,957.988405345852,-623.8839998388034,9.422726829916996
152,172,192,1351.57156143655,1015.6398718539434,960.9204360794527,-624.988746496846,8.654231483393914
153,173,193,1360.0974559079914,1017.9520026207355,961.8426089565867,-619.6971556693306,10.528721996921035
154,174,194,1368.1138878983143,1021.0612196952193,971.3317562924184,-624.2790880893235,9.685121983645217
155,175,195,1355.5217255937891,1019.167625029485,950.914060124619,-614.5599595603148,4.31058636747548
156,176,196,1363.3945792935956,1021.7688458470872,956.0624984850945,-614.4367650385861,9.748457878010413
157,177,197,1357.7124225167986,1013.0122616336255,965.5446594380796,-620.8444985549065,9.62229441358636
158,178,198,1355.7074786824062,1008.5851621897759,972.7403593480184,-625.6180428553882,8.459922401512358
159,179,199,1356.323291541481,994.1784980340714,977.977401911611,-615.8326084042014,11.516553426584323
160,180,200,1360.2310340691874,997.2632726065431,981.3304483175164,-618.362686854872,11.510165556546099
161,181,201,1366.068792803571,999.1952137079179,984.6041831946337,-617.7306040989806,9.18246097314568
162,182,202,1356.2362827227134,987.4920297055555,988.9307667621574,-620.1865137449995,10.072391035232272
163,183,203,1355.6849746135983,988.5275640773584,989.2483873275683,-622.0909767913283,10.135411683863254
164,184,204,1352.8408644923184,979.2543544075189,994.3752335899972,-620.7887235051976,9.129681858345634
165,185,205,1347.5202857596885,974.2520503862853,990.2857554186314,-617.0175200452284,9.558070669442827
166,186,206,1348.3460739380043,973.4376541401951,993.2363323616648,-618.3279125638555,8.698286187092094
167,187,207,1336.2584390867992,956.0795117063791,990.5611897124209,-610.3822623320007,6.680078059535276
168,188,208,1343.5331092282472,960.6333678291646,997.9680134774418,-615.0682720783593,8.693771002483004
169,189,209,1340.8697198809396,958.4032524150493,997.1081381776551,-614.6416707117648,7.9239055114201165
