Left,Mid,Right,Loss_likeli,Loss_AIC,Loss_BIC,Loss_eBIC
0,20,40,96.59813808838453,79.59813808838453,70.8717802344417,-12.201226536750028
1,21,41,90.54866117094679,72.54866117094679,65.05595691512428,-47.92739979728725
2,22,42,84.34465172442651,69.34465172442651,61.95563887522627,-37.55207065253194
3,23,43,85.89728508766365,68.89728508766365,64.0610978604555,-10.194552648307933
4,24,44,82.0744200906185,63.0744200906185,54.74137170575381,-28.11031993168973
5,25,45,58.65516407968079,52.08726319904923,50.343779885634945,14.881229551884076
6,26,46,51.30467597262782,42.30467597262782,40.24693946153195,7.4801626402638135
7,27,47,48.42693331143363,42.085723180132106,42.62188195729203,16.083867954478137
8,28,48,48.622406918514,42.622406918514,41.39479687208279,13.714936345472552
9,29,49,49.325829881244886,42.016974383434274,38.46247313703827,11.252894083741012
10,30,50,50.88387955388811,44.74685604167922,42.07225014805465,21.44975393082302
11,31,51,45.98880973642514,38.98880973642514,34.71822729377959,-15.681430115928947
12,32,52,47.7691198629301,32.24158563992336,33.14116747936214,-6.699900406567224
13,33,53,53.48687383202872,38.48687383202872,34.85865751515098,-10.583977312786374
14,34,54,54.55786349138583,38.55786349138583,34.404314796033646,-26.951722871225456
15,35,55,69.81355640589157,36.27609922946334,26.601743991214903,-87.18489765307402
16,36,56,85.59277463683799,45.59277463683799,30.53015942967778,-137.85573780703157
17,37,57,85.39089005085066,51.39089005085066,41.57301114324997,-92.40642608320525
18,38,58,88.56080456373098,56.56080456373098,45.57725925826759,-126.67222530615527
19,39,59,92.49856372753675,58.49856372753675,48.53322675988875,-143.7585437084649
20,40,60,53.98615690229167,35.98615690229167,32.916317475065284,-26.440900100985573
21,41,61,49.6736586123028,31.673658612302802,32.68273978394791,-66.29812006884322
22,42,62,58.115101342628634,36.115101342628634,38.17403443743797,-66.37969438222751
23,43,63,53.112548942413355,28.698524031103148,32.84858870852753,-29.627202790061688
24,44,64,46.21714032997653,17.217140329976473,13.579489190028994,-70.91419885964785
25,45,65,35.847947940529366,20.847947940529366,20.772667222960422,-32.63074677893678
26,46,66,33.09864116640142,15.098641166401421,15.91002321246151,-7.321106777053046
27,47,67,30.714613738539697,15.714613738539697,18.841633232292793,-96.47101678819968
28,48,68,41.1830026361925,23.18300263619244,21.784535801142965,-85.55902414965624
29,49,69,35.319289408751615,16.619302479024668,20.010989571004302,-51.973103617207585
30,50,70,50.204531298694064,32.204531298694064,31.795170023815672,-34.0678725778223
31,51,71,52.551089101474304,31.551089101474304,26.98765126391686,-79.23263976209762
32,52,72,56.94290779457742,32.41537357157074,31.878853325515138,-97.19670994482692
33,53,73,66.86353920059258,39.86353920059253,34.41981232575063,-93.52144892886542
34,54,74,70.20516350196516,41.20516350196522,38.78470511204273,-92.45467130235409
35,55,75,72.31674866010394,35.31674866010394,24.627334093662284,-97.38815436556513
36,56,76,74.46670526774813,33.466705267748125,25.83156170581276,-114.12769768414091
37,57,77,79.39157759175976,41.391577591759756,32.893638727523694,-109.5828366075059
38,58,78,84.9943877857387,56.27258613412903,53.989353730651374,-92.08743061029213
39,59,79,93.77025051071905,67.77142347185259,62.375672851766126,-149.11705697329649
40,60,80,80.82674869042353,61.80952051949566,47.71797614324271,-66.77200643839387
41,61,81,80.44990496725893,54.44990496725893,43.33725465198091,-38.291482507910814
42,62,82,71.51746401148216,44.51746401148216,36.88035347403945,-39.037550784486825
43,63,83,67.8511317222301,38.437106810919886,36.02325071834059,-30.400368112296178
44,64,84,71.9386409051566,46.9386409051566,40.7443493180034,-49.94949428354141
45,65,85,66.6377576307583,45.6377576307583,38.66604179571641,-43.259913409045
46,66,86,72.3102876585582,50.310287658558195,45.29196337023836,-29.50450269647081
47,67,87,93.47222477714826,66.47222477714826,57.25989381998397,-90.81627994728672
48,68,88,97.61860987626767,73.61860987626767,64.49976701635364,-66.67614682454143
49,69,89,95.15195286589574,71.45196593616879,66.85994798288056,-50.69759320380683
50,70,90,82.83656360582319,55.836563605823244,51.30584942465964,-52.8038428860018
51,71,91,66.96334814035839,41.96334814035845,38.82703340306966,-73.96695355659165
52,72,92,72.31953458808493,44.319534588084935,35.92446020280852,-123.17300391768606
53,73,93,71.80747472062791,36.80747472062785,26.25890885029162,-143.86670186787148
54,74,94,61.15648094659116,26.15648094659116,19.36253137488677,-138.71420729995464
55,75,95,54.14078687853913,31.140786878539075,22.573719525107663,-93.25724736203335
56,76,96,38.35392267523571,15.353922675235708,13.798023917383432,-15.261776588188695
57,77,97,41.08935487110455,15.861266490943876,10.97502168799707,-36.64174165527311
58,78,98,25.510896376824178,5.789094725214511,5.528104678267368,-1.2742900850569185
59,79,99,20.160715025146033,5.494098269830374,7.768820855293143,0.1291983445422602
60,80,100,16.162356433475566,7.466535075001275,9.633953611252878,-29.007740705402853
61,81,101,34.08084865392391,14.080848653923795,11.274425687721305,-67.99033607713329
62,82,102,18.818049926432025,-3.1819500735679185,-4.987106065788339,-54.96011754842516
63,83,103,24.50121146026538,-3.498788539734619,-0.30573885615842755,-36.043764955379174
64,84,104,37.308620404623355,20.308620404623298,16.696926343333985,-42.53625070165231
65,85,105,28.522024678718424,18.522024678718424,18.773089759110178,-2.669828639533762
66,86,106,30.081785575767583,15.081785575767583,13.423788256304476,-20.01487235526372
67,87,107,54.052710410951136,36.052710410951136,33.40629720532456,-35.80783482868753
68,88,108,65.70322348927829,44.70322348927829,39.801035557594446,-54.79754413350713
69,89,109,65.37898874918056,42.378988749180564,39.16207737842001,-45.56535617647637
70,90,110,107.68303890486226,65.68303890486237,51.84510265865424,-109.252064669736
71,91,111,91.69289498492407,50.69289498492401,44.290352550276,-84.63569492498016
72,92,112,100.65120852155394,57.65120852155394,48.184855277114025,-94.83662034118413
73,93,113,97.97047420067918,63.336659013611325,58.50057943765819,-77.52763387663185
74,94,114,92.69338228361516,54.693382283615165,40.168944429645194,-96.79345817180558
75,95,115,89.77007446547714,59.77007446547714,51.07241498720674,-111.23699164297238
76,96,116,93.45269285000484,63.45269285000484,56.37814438747148,-115.03489551177438
77,97,117,96.08006232265717,61.85197394249644,52.4611672836661,-91.58372858570738
78,98,118,66.14789870723047,33.14789870723047,25.69669179836626,-87.4975534156788
79,99,119,49.75580550372251,22.088015787273207,19.40873844761279,-68.96820483399381
80,100,120,59.857406771306046,35.161585412831755,33.522028844011174,-131.18995720604778
81,101,121,53.75490211051647,29.75490211051647,27.674662162634036,-59.73070769913045
82,102,122,44.347943090842136,16.568685355951743,15.022125959439336,-30.11618057933117
83,103,123,39.91255601377645,9.912556013776339,9.740506554155218,-30.57558187062091
84,104,124,47.98861941749851,25.988619417498455,21.94720917188272,-45.756402930285276
85,105,125,39.96119553654637,24.96119553654637,22.376356342773192,-47.4208134954124
86,106,126,33.87387814386079,14.873878143860793,10.877842687009661,-43.414320930016174
87,107,127,36.99238249545675,19.99238249545681,18.75728764319581,-48.617383422899366
88,108,128,43.86523597983103,15.865235979831027,10.466101068410012,-80.88450008734253
89,109,129,40.53307530697765,12.53307530697765,7.866554023172057,-60.52052869489353
90,110,130,84.74675190979593,52.74675190979593,42.77253711703088,-98.26123116635154
91,111,131,98.6673736808724,64.6673736808724,58.331306556286734,-78.55335158577861
92,112,132,96.79010674320341,56.79010674320341,48.470778318814496,-131.30734809367732
93,113,133,79.30765645674512,49.673841269677325,45.995520905230194,-89.67623023025055
94,114,134,78.54068723852959,50.54068723852953,41.341484342609476,-72.8194552873673
95,115,135,80.88238015755803,48.88238015755809,37.45612045433387,-108.51712265299557
96,116,136,86.86107909441921,59.86107909441921,54.043312387599826,-134.1876090741772
97,117,137,77.77164417280432,47.77164417280426,39.76713187509381,-139.41380060371534
98,118,138,77.62069624045057,42.62069624045057,31.087132488015186,-115.62140501167937
99,119,139,73.33367398168389,37.33367398168389,24.955670502191538,-90.53773083972203
100,120,140,88.40119754965764,54.40119754965758,43.712073524279276,-127.88423700389296
101,121,141,78.13087079246566,61.13087079246566,59.0699578992224,4.4043271693244606
102,122,142,71.53927673300632,52.76001899811598,51.734164830214695,19.1059975315884
103,123,143,74.33520578074348,54.33520578074348,47.63499555496304,-32.27604689988175
104,124,144,61.08364291602277,43.08364291602277,39.64740285639516,-33.39038120017972
105,125,145,62.361909460824506,49.36190946082445,46.35538558552332,-49.65307578617785
106,126,146,47.180622146681,36.180622146681,34.484194848545144,-6.274898613874143
107,127,147,43.72707213237976,32.39647692210775,31.85565669000613,-6.633198313901175
108,128,148,46.4476968110817,30.762688121289614,30.656303229118237,-8.585481498810054
109,129,149,44.229466943412945,26.760505801705733,23.8612859756156,-21.29647692041226
110,130,150,47.080767572925765,37.93612067792935,35.013481647485094,-12.70761816504006
111,131,151,57.17733240007186,52.60267142011088,50.78805962503162,11.949766904099477
112,132,152,58.96151873622114,51.16200158679766,47.86441757167836,-4.4848548633218
113,133,153,63.11929448991219,53.11929448991219,48.76301488844183,-17.8763140103203
114,134,154,46.90662193576685,39.90662193576685,36.359681535402274,-11.725856808688604
115,135,155,53.04783534765585,41.96761340888878,39.71755226607269,-14.420239279438533
116,136,156,70.9257412853176,60.9257412853176,57.33337427866752,-3.9816792416417
117,137,157,65.36958984171633,55.36958984171633,50.20695515391293,-13.503960734306133
118,138,158,73.00101910885007,61.00101910885007,54.7816179435099,-25.75254107090325
119,139,159,85.96650364892162,69.96650364892162,61.66733276719253,-30.415182556998957
120,140,160,93.8796427110019,77.8796427110019,69.42424612164444,-16.42619735378065
121,141,161,105.69185312461605,93.69185312461605,88.75718025413204,-2.670036230053711
122,142,162,92.70062311796949,79.70062311796949,73.26265642624139,4.417049278717798
123,143,163,77.43998303646663,60.43998303646663,53.47939554173024,-19.439467697398754
124,144,164,60.91865948497065,46.91865948497065,40.27949004368952,-22.682901754453837
125,145,165,65.86859163202462,49.86859163202462,42.37806202812777,-30.184191708370406
126,146,166,43.63132552799436,31.631325527994363,27.024638173010715,-0.18494088028654687
127,147,167,44.15481510803431,29.824219897762305,26.91709920989166,-17.26441502774992
128,148,168,42.900665991949836,29.31228908060939,28.64055235873741,-5.8280203755516595
129,149,169,40.95197263163607,26.483011489928856,24.38424289360978,-23.699785080211427
130,150,170,41.529631253561945,28.384984358565532,25.51500675683309,-21.728302053731397
131,151,171,41.08945517479606,30.514794194835076,27.42029332496196,-20.51260200526849
132,152,172,42.65915737556941,30.859640226145984,29.03706340390886,-11.221015307639846
133,153,173,51.72619666817417,38.72619666817417,33.85311211365371,-16.93579513714127
134,154,174,48.64330269838183,39.64330269838183,36.35565874269844,-5.2842159080722695
135,155,175,45.19840859457895,30.118186655811883,27.956102507567607,-36.23653794034283
136,156,176,50.54150139252948,36.54150139252948,32.343964199891275,-45.09544240369479
137,157,177,53.756396508039415,39.756396508039415,36.252006495961155,-60.68977861317808
138,158,178,50.52379205965491,33.52379205965491,28.525803637245758,-56.778349416369224
139,159,179,49.91528093456856,25.915280934568557,18.7503974066189,-68.74739908718493
140,160,180,49.2074957872955,25.2074957872955,23.377594582087795,-53.67927162036267
141,161,181,48.65601870894881,21.656018708948807,13.065663279889577,-103.9566189139515
142,162,182,41.29883296266388,20.29883296266388,14.6956743542666,-108.8726695807411
143,163,183,42.79376447208074,16.79376447208074,11.507901040199272,-76.95988156334909
144,164,184,50.23980268201376,27.23980268201376,21.07303430377675,-78.43618254070918
145,165,185,47.82304008372756,22.823040083727562,16.176602153868373,-105.20184363137605
146,166,186,29.878973934686485,10.878973934686485,8.429243389177941,-72.88047628926745
147,167,187,20.760217499678106,9.760217499678106,15.205239654643378,5.07836461174918
148,168,188,18.799014843736074,3.895646622187712,8.63063073781234,-37.91655531432377
149,169,189,26.455790141876832,10.455790141876832,12.193992481284226,-95.20602146197746
150,170,190,40.88761516906254,27.887615169062542,30.772842328520824,-110.2297871047432
151,171,191,31.239149185732913,17.239149185732913,20.666230979254124,-69.2987494816573
152,172,192,26.25906649809383,11.25906649809383,15.762791295468162,-44.708491110750856
153,173,193,33.78218933504388,19.78218933504388,22.29985391587195,-49.531999158606595
154,174,194,26.916187833480024,16.916187833480024,20.60186622270936,-56.07890113357962
155,175,195,38.58495664538731,16.584956645387308,12.909947032172852,-67.10617589744629
156,176,196,39.22137422823988,4.221374228239938,-1.2974469099683574,-123.6530286686874
157,177,197,37.886316396603945,1.8152920760018674,-0.6247157225897126,-162.78360127674387
158,178,198,30.082711104207647,-1.9172888957923533,-8.491518335096998,-128.034504470726
159,179,199,36.462708926216806,-0.5372910737831944,-8.629256935354192,-134.9679577521099
160,180,200,38.11847917940571,2.1184791794057105,-0.8337854032063206,-121.06009744115113
161,181,201,33.06991940151431,-4.930080598485688,-14.144933268172167,-155.4278644253676
162,182,202,33.92418296326633,2.9241829632663325,-1.5250072140053135,-119.02444155310206
163,183,203,46.85100877773942,19.851008777739423,17.864419540928907,-53.42378518647854
164,184,204,41.8337510586245,16.8337510586245,12.70486380591899,-64.67771199322829
165,185,205,41.59909225083658,13.599092250836577,12.297382147494318,-89.6950243156308
166,186,206,54.7326869775581,32.7326869775581,30.447588491411352,-47.691669995474285
167,187,207,42.27809257215597,33.27809257215597,38.332552639555274,30.394819340173058
168,188,208,30.598135829249372,18.598135829249372,23.181827398377038,-14.781357891911625
169,189,209,45.12647117682212,25.126471176822122,23.875919594416928,-68.8709762959046
