Left,Mid,Right,Loss,Loss_left,Loss_right,gain,glasso
0,20,40,1279.268383440859,940.1727979976112,942.0956162981213,-603.0000308548733,-28.871152265661294
1,21,41,1279.4589807694342,947.531880906882,938.5143967087138,-606.5872968461615,-9.61626658798275
2,22,42,1292.9079303890794,948.1905283542767,957.8138888806425,-613.0964868458398,-1.6719526221891101
3,23,43,1293.5465797461798,946.9201617583201,957.8626761210219,-611.2362581331622,-0.840617234899355
4,24,44,1294.9284837741732,947.3206297764962,961.3584349319779,-613.7505809343008,-0.22029582929462777
5,25,45,1299.0565098179845,946.3699745344964,963.6625830284808,-610.9760477449927,-2.607480810716879
6,26,46,1307.07835673083,943.1055713979775,975.097477195328,-611.1246918624756,-2.4456678328527914
7,27,47,1302.006861806315,936.6279051094579,972.1901973634908,-606.8112406666337,-5.432833757335402
8,28,48,1289.9915829694337,918.0360700979695,972.78474807487,-600.8292352034059,-3.774726830992222
9,29,49,1283.320917700439,939.076725571497,961.7295905575538,-617.4853984286119,-6.1592543924662095
10,30,50,1291.634669085352,945.0746742014501,953.508029167207,-606.9480342833051,-0.3599983781809897
11,31,51,1291.9561055331487,946.0249031296221,956.4944404134928,-610.5632380099662,-0.313493547140979
12,32,52,1300.8502324398492,943.0750539699104,966.627535299864,-608.8523568299252,-1.6669247764157262
13,33,53,1303.7481815921908,947.3041337066022,965.3835878965237,-608.9395400109352,-2.1433373487627705
14,34,54,1305.8404382923832,950.1121377756954,959.2424532805912,-603.5141527639034,-5.067443170177512
15,35,55,1304.8809131042826,948.1047221598591,961.5584275580584,-604.7822366136347,-6.907886208798345
16,36,56,1315.578641679108,955.2344970008219,966.4096332847038,-606.0654886064176,-14.56972257764744
17,37,57,1316.2798184650865,946.931679928785,974.5268064078148,-605.1786678715134,-15.257310698739275
18,38,58,1326.3099939774386,951.9101264114133,980.4243759403437,-606.0245083743184,-11.345096455917883
19,39,59,1316.0437548042244,938.6174836656686,993.0792682474959,-615.6529971089401,-24.566566279996437
20,40,60,1320.8817445742864,942.0956162981213,999.4997999774197,-620.7136717012547,-19.928245026772743
21,41,61,1323.4995947030259,938.5143967087138,999.7624636305127,-614.7772656362006,-21.33065246893534
22,42,62,1339.3724891680063,957.8138888806425,1007.9890184541225,-626.4304181667587,-3.4916649132635484
23,43,63,1344.2662592342745,957.8626761210219,1012.5617103174748,-626.1581272042222,-3.743847415561163
24,44,64,1343.0238659727318,961.3584349319779,1007.1356671453508,-625.4702361045968,-3.3823695714139603
25,45,65,1337.631966082427,963.6625830284808,998.8287443459086,-624.8593612919624,-5.312906966000014
26,46,66,1347.2231578710512,975.097477195328,1001.5384601486164,-629.4127794728934,-1.822701843259665
27,47,67,1350.666120148051,972.1901973634908,998.4163880971157,-619.9404653125555,3.439559069259076
28,48,68,1349.6953732141612,972.78474807487,995.0497861228957,-618.1391609836044,5.725698736538334
29,49,69,1339.0444013774536,961.7295905575538,997.0616964321847,-619.746885612285,2.272473924709743
30,50,70,1354.7841371569207,953.508029167207,1000.1690768479027,-598.8929688581891,8.997827977560746
31,51,71,1353.4089513405625,956.4944404134928,998.4942397419516,-601.579728814882,7.69654152118153
32,52,72,1365.55919955012,966.627535299864,1007.6007548119962,-608.6690905617402,11.207178683138181
33,53,73,1362.5062093550132,965.3835878965237,1004.9832579956384,-607.8606365371488,9.325149140783651
34,54,74,1364.1387352200393,959.2424532805912,1006.0032488793712,-601.1069669399233,9.743745728653153
35,55,75,1360.8047671380646,961.5584275580584,1000.8994301749822,-601.653090594976,10.096744501023295
36,56,76,1363.0250144572944,966.4096332847038,992.1544020313426,-595.5390208587519,8.653031257714588
37,57,77,1369.0525363656939,974.5268064078148,977.7511621619108,-583.2254322040317,6.630911841921716
38,58,78,1364.6573828671358,980.4243759403437,970.3181410931088,-586.0851341663167,-14.250319096473731
39,59,79,1363.4632989280599,993.0792682474959,963.3921531842857,-593.0081225037216,-17.187694919789237
40,60,80,1363.629788052503,999.4997999774197,955.6155451746912,-591.4855570996078,-9.199550028897193
41,61,81,1360.6952186397261,999.7624636305127,946.1303038994746,-585.1975488902613,-7.053606700593377
42,62,82,1351.3554730661676,1007.9890184541225,936.4603351037744,-593.0938804917291,-12.357349542813836
43,63,83,1358.2726473974865,1012.5617103174748,941.8013007520706,-596.0903636720589,-8.00382551178268
44,64,84,1346.3767591182486,1007.1356671453508,942.0186178497436,-602.7775258768456,-9.051659495670151
45,65,85,1340.21735221918,998.8287443459086,945.6733783234599,-604.2847704501885,-8.417328432959494
46,66,86,1330.5591939441913,1001.5384601486164,945.9808683512222,-616.9601345556473,-7.601282574145898
47,67,87,1325.067294414484,998.4163880971157,945.4464958269095,-618.7955895095413,-7.005346401878228
48,68,88,1342.7042698263017,995.0497861228957,968.4630240516667,-620.8085403482607,0.6324154396452286
49,69,89,1344.4018006529927,997.0616964321847,969.1199685477063,-621.7798643268984,0.23139789360891427
50,70,90,1328.0930723573188,1000.1690768479027,951.532799268414,-623.608803758998,-2.984322656655195
51,71,91,1331.2159354441424,998.4942397419516,959.1358573269381,-626.4141616247473,-3.086408883818308
52,72,92,1323.640338995277,1007.6007548119962,939.1515911331342,-623.1120069498534,-8.159672408158258
53,73,93,1324.1071698326457,1004.9832579956384,941.8745960805904,-622.750684243583,-6.848520037221988
54,74,94,1323.4233938278894,1006.0032488793712,936.843765096799,-619.4236201482809,-6.291272150632494
55,75,95,1324.8348419678052,1000.8994301749822,943.4284372618687,-619.4930254690455,-5.03156055585157
56,76,96,1313.4702717958826,992.1544020313426,938.4432387763165,-617.1273690117764,-4.156599494735474
57,77,97,1307.5789530537809,977.7511621619108,935.4345224250108,-605.6067315331406,-3.9586342509733186
58,78,98,1313.0566720937459,970.3181410931088,947.217433261217,-604.4789022605801,-24.007286831383112
59,79,99,1318.1818981995868,963.3921531842857,964.0979219378273,-609.3081769225262,-21.881504197865183
60,80,100,1309.948295943454,955.6155451746912,966.0736420119913,-611.7408912432284,-14.8209135111872
61,81,101,1308.8949259459423,946.1303038994746,972.1398445103199,-609.3752224638522,-11.094044338378012
62,82,102,1306.0746529653807,936.4603351037744,976.9759306565601,-607.3616127949538,-14.296038940263884
63,83,103,1310.5364262222138,941.8013007520706,979.9289084567953,-611.193782986652,-9.01909910665563
64,84,104,1314.1312315955029,942.0186178497436,982.4393052272658,-610.3266914815065,-7.1814832240331725
65,85,105,1321.8209312223316,945.6733783234599,988.2725970020347,-612.125044103163,-5.104973083867435
66,86,106,1325.0009889283315,945.9808683512222,992.7114470234308,-613.6913264463215,-1.8468403843754686
67,87,107,1323.8181955791447,945.4464958269095,993.8998645850959,-615.5281648328607,-0.8509869977425524
68,88,108,1327.092329331484,968.4630240516667,985.8471751309476,-627.2178698511302,2.359264371433028
69,89,109,1328.0028170531984,969.1199685477063,986.1594571769368,-627.2766086714448,4.326084840014346
70,90,110,1311.6632365325054,951.532799268414,976.7941383476193,-616.6637010835279,4.208611124003141
71,91,111,1314.6148691488143,959.1358573269381,974.0746004136447,-618.5955885917685,6.326894049857742
72,92,112,1301.3117528026235,939.1515911331342,972.2888697688469,-610.1287080993577,0.19378883233412125
73,93,113,1305.3459482479936,941.8745960805904,979.965623963234,-616.4942717958309,0.5540006050131296
74,94,114,1316.5356925700587,936.843765096799,985.3069047404202,-605.6149772671604,1.8573121093824057
75,95,115,1320.6023308110507,943.4284372618687,989.1347967127509,-611.9609031635689,-1.076528827422294
76,96,116,1319.4845759435598,938.4432387763165,993.352215468025,-612.3108783007817,-0.9050813906042094
77,97,117,1332.2585429552428,935.4345224250108,997.2310339809773,-600.4070134507451,6.180700381245288
78,98,118,1333.3510631553277,947.217433261217,989.2446562474213,-603.1110263533105,8.489843800183621
79,99,119,1335.5211578616368,964.0979219378273,981.2334313682185,-609.8101954444091,4.86850835040957
80,100,120,1336.1922110023793,966.0736420119913,983.4870566447391,-613.3684876543512,3.8552414994450146
81,101,121,1339.52087237482,972.1398445103199,983.5961304351288,-616.2151025706285,2.258904836405577
82,102,122,1340.4490005455932,976.9759306565601,988.1468917817707,-624.6738218927376,3.2946978751743927
83,103,123,1338.0737038498623,979.9289084567953,984.3251528806325,-626.1803574875653,2.9476734862096237
84,104,124,1340.918808607179,982.4393052272658,985.696982171542,-627.2174787916288,3.22430080468132
85,105,125,1342.037731345531,988.2725970020347,976.7651068709561,-622.9999725274597,-0.7452679973918066
86,106,126,1342.289029114656,992.7114470234308,967.973789116165,-618.3962070249399,1.6998031533220228
87,107,127,1346.485553125121,993.8998645850959,967.5436055034355,-614.9579169634103,3.2686991590042
88,108,128,1334.6567140297475,985.8471751309476,965.6750775598243,-616.8655386610244,1.7257051457543184
89,109,129,1335.0215803534309,986.1594571769368,966.4970467102853,-617.6349235337914,4.556832598226038
90,110,130,1333.240457812677,976.7941383476193,968.4958252438098,-612.0495057787521,7.014680373634292
91,111,131,1323.4789481675014,974.0746004136447,962.7950958010779,-613.3907480472212,4.857047456373039
92,112,132,1328.8167199093618,972.2888697688469,969.784396343069,-613.2565462025541,5.095232618742102
93,113,133,1328.4464967223107,979.965623963234,970.3539084530369,-621.87303569396,3.368096446359914
94,114,134,1329.7307283815198,985.3069047404202,960.6407524693086,-616.2169288282089,7.754125809328798
95,115,135,1335.3988503129203,989.1347967127509,968.3354565359248,-622.0714029357555,7.189089112890997
96,116,136,1337.1016115918412,993.352215468025,968.0531668107636,-624.3037706869475,5.623112105597556
97,117,137,1337.7839975479512,997.2310339809773,952.0564784434084,-611.5035148764343,5.864786238395936
98,118,138,1326.7940631500774,989.2446562474213,936.1140894454581,-598.5646825428021,5.507062558445
99,119,139,1318.1879631100892,981.2334313682185,936.4818111214249,-599.5272793795543,3.615237382289706
100,120,140,1333.8766048021012,983.4870566447391,957.6688295407077,-607.2792813833457,8.651043020962902
101,121,141,1326.6871429892972,983.5961304351288,947.8310384315075,-604.7400258773391,6.7569745899929785
102,122,142,1341.1720107272017,988.1468917817707,958.9827454986282,-605.9576265531973,7.101938567735942
103,123,143,1343.4283207308865,984.3251528806325,959.1002299257747,-599.9970620755205,10.27099725513881
104,124,144,1341.7930208550238,985.696982171542,963.43638552279,-607.3403468393083,5.988293231201624
105,125,145,1335.4069913487333,976.7651068709561,966.7315205422348,-608.0896360644574,0.5527804588896288
106,126,146,1326.6842992445925,967.973789116165,959.828600597165,-601.1180904687374,3.1242445693446825
107,127,147,1321.0758666554088,967.5436055034355,952.3105206206029,-598.7782594686296,1.998834087420164
108,128,148,1318.2258905539043,965.6750775598243,956.0085789790619,-603.457765984982,2.0352581967630385
109,129,149,1308.438357476955,966.4970467102853,948.305204708015,-606.3638939413454,1.7771999737160513
110,130,150,1320.5037615384176,968.4958252438098,955.2842602913594,-603.2763239967517,-2.651870204220245
111,131,151,1320.4588801580953,962.7950958010779,956.2510564808243,-598.587272123807,-3.410696456043297
112,132,152,1321.70058150071,969.784396343069,952.1354136425787,-600.2192284849375,-3.9944496551161137
113,133,153,1343.3496922935328,970.3539084530369,972.8278940054877,-599.8321101649917,-4.14621775339765
114,134,154,1331.2029699676805,960.6407524693086,980.7046455176537,-610.1424280192819,-3.267126442360677
115,135,155,1337.2429425735088,968.3354565359248,975.340505427832,-606.4330193902481,-3.7289840142133244
116,136,156,1339.6612187919723,968.0531668107636,977.429394528297,-605.8213425470885,-1.5756357165328154
117,137,157,1328.4327855592721,952.0564784434084,985.5075332997981,-609.1312261839344,-2.1576951347543627
118,138,158,1321.604207827876,936.1140894454581,989.328955999489,-603.838837617071,-2.4278114145771497
119,139,159,1324.73423010645,936.4818111214249,992.594171050083,-604.3417520650578,-2.804020568834517
120,140,160,1338.2296963595682,957.6688295407077,988.4773996197421,-607.9165328008817,4.504982241131529
121,141,161,1338.2327439659634,947.8310384315075,992.2298897966375,-601.8281842621816,6.085134086883954
122,142,162,1340.5631942487373,958.9827454986282,985.8122887154726,-604.2318399653634,8.150901124359507
123,143,163,1353.4482391588363,959.1002299257747,990.1224498292096,-595.774440596148,12.892593969338122
124,144,164,1353.2912637261757,963.43638552279,993.9316001692752,-604.0767219658896,9.460710331890937
125,145,165,1355.053359055214,966.7315205422348,982.1505781715326,-593.8287396585533,10.390337657079044
126,146,166,1346.7700271518406,959.828600597165,984.6426438405314,-597.7012172858558,12.815729053868381
127,147,167,1347.8404038696508,952.3105206206029,990.8422198260184,-595.3123365769707,12.22245036803406
128,148,168,1351.4629082623162,956.0085789790619,991.5520387733295,-596.0977094900752,12.56821670411091
129,149,169,1345.9856613900308,948.305204708015,992.6945427176291,-595.0140860356134,15.108224700128744
130,150,170,1345.8444121804273,955.2842602913594,985.1289420725427,-594.5687901834749,11.953652877614786
131,151,171,1350.2223711175216,956.2510564808243,988.1393122361067,-594.1679975994093,12.866112498563439
132,152,172,1346.800304448453,952.1354136425787,990.670771849402,-596.0058810435276,7.242252745223595
133,153,173,1342.0178629601166,972.8278940054877,970.9538014892713,-601.7638325346422,-0.24969325533413667
134,154,174,1347.8175217372186,980.7046455176537,975.3895549177578,-608.2766786981929,1.0983971406880073
135,155,175,1342.0253730553673,975.340505427832,979.0438427124599,-612.3589750849246,-3.3422972788448533
136,156,176,1345.1359987934527,977.429394528297,978.9035095752997,-611.1969053101441,3.254667652734838
137,157,177,1356.1668104500664,985.5075332997981,982.6453352054613,-611.9860580551931,7.474861587879445
138,158,178,1357.0231166310275,989.328955999489,985.392669180912,-617.6985085493736,8.013012656633691
139,159,179,1360.23667670668,992.594171050083,988.3134737805697,-620.6709681239727,5.3781250714192765
140,160,180,1341.3857992078879,988.4773996197421,976.680371105818,-623.7719715176722,1.9970868621811633
141,161,181,1344.6812975314906,992.2298897966375,976.8579917950574,-624.4065840602043,2.914962342508943
142,162,182,1333.2738912702819,985.8122887154726,976.3441135676899,-628.8825110128807,0.9114914531475051
143,163,183,1334.9777310941868,990.1224498292096,970.8246243732451,-625.9693431082678,3.829910825149682
144,164,184,1338.7272133406457,993.9316001692752,969.9416291196321,-625.1460159482615,4.393390159416072
145,165,185,1329.8066453053655,982.1505781715326,975.2738979259589,-627.6178307921261,3.0131472970062987
146,166,186,1330.084811739256,984.6426438405314,967.5643927494853,-622.1222248507606,4.223927905771006
147,167,187,1335.854739444755,990.8422198260184,974.8645524344323,-629.8520328156956,2.9046603096969648
148,168,188,1346.1751975416935,991.5520387733295,987.1751658566943,-632.5520070883304,3.028142097058776
149,169,189,1353.0340602553333,992.6945427176291,995.3661740610343,-635.0266565233301,3.9832842290948065
150,170,190,1355.182449933934,985.1289420725427,1001.7439027631384,-631.6903949017469,5.894339525062151
151,171,191,1363.6161349045587,988.1393122361067,1005.4393385132207,-629.9625158447686,7.2746989592887985
152,172,192,1362.686682601182,990.670771849402,998.9999393721971,-626.9840286204171,7.280990096199389
153,173,193,1351.6976368884375,970.9538014892713,1002.2393869602345,-621.4955515610682,4.6587299971694165
154,174,194,1352.1226742825236,975.3895549177578,1002.985388362094,-626.2522689973282,4.201242795957114
155,175,195,1352.125023998376,979.0438427124599,998.4583578695635,-625.3771765836473,4.204673411141584
156,176,196,1357.911586736859,978.9035095752997,1005.2697534069619,-626.2616762454027,10.949603346160643
157,177,197,1359.3196728912524,982.6453352054613,993.4339090509234,-616.7595713651324,17.269316113088394
158,178,198,1359.4948381027739,985.392669180912,994.2755821432816,-620.1734132214197,15.720621038426202
159,179,199,1354.5730732786335,988.3134737805697,987.4339357665194,-621.1743362684556,9.143886433726607
160,180,200,1348.9450214527528,976.680371105818,983.4698332988505,-611.2051829519157,9.189342121735763
161,181,201,1346.129933988253,976.8579917950574,985.9110688666609,-616.6391266734654,9.010835690156455
162,182,202,1345.4034494853515,976.3441135676899,983.8352063436414,-614.7758704259797,9.227483657984294
163,183,203,1342.5230099682135,970.8246243732451,992.2557354429307,-620.5573498479623,8.099868345159393
164,184,204,1340.3638695632806,969.9416291196321,990.7700303932345,-620.3477899495861,10.189803595587478
165,185,205,1340.2798176105769,975.2738979259589,987.8690456871503,-622.8631260025325,11.345096656471924
166,186,206,1328.496896535797,967.5643927494853,983.4467401407995,-622.5142363544878,10.09158379677524
167,187,207,1326.7276900259644,974.8645524344323,982.1548872439696,-630.2917496524374,5.107907378853383
168,188,208,1325.7783034878967,987.1751658566943,973.1312905097791,-634.5281528785767,5.147398066491974
169,189,209,1329.5766168801958,995.3661740610343,968.6732999396427,-634.462857120481,6.155471971819907
