Left,Mid,Right,Loss_likeli,Loss_AIC,Loss_BIC,Loss_eBIC
0,20,40,11.895006706528306,-8.104993293471694,-6.174256777113442,-98.83068079027817
1,21,41,16.506432251699437,-5.49356774830062,-5.702841458715284,-93.50119600388882
2,22,42,23.762188518146672,7.762188518146559,10.540111628393902,-98.73030700874983
3,23,43,23.63854909524639,0.6385490952463897,0.9711300188945415,-134.9799612261304
4,24,44,32.23158508482385,6.231585084823848,4.030846827301161,-135.70246953927744
5,25,45,30.705338815063953,-3.2946611849359897,-9.131754946394722,-168.33984486295412
6,26,46,39.320884626482325,5.320884626482325,-0.169635544696348,-199.34890956231754
7,27,47,36.637319323941256,7.637319323941256,6.0856664088394155,-192.34990573164578
8,28,48,32.517668055146544,-2.482331944853513,-7.430997481969257,-214.55695636479345
9,29,49,35.21620267372123,3.2162026737212273,0.10770913721637498,-231.54289824079183
10,30,50,30.90212825618289,-6.097871743817109,-13.081990325326842,-205.66881694732672
11,31,51,29.84060245373456,-8.159397546265382,-13.73678267097057,-177.41982514450888
12,32,52,32.548114137945106,-5.451885862054837,-12.77651081619672,-202.17407604361563
13,33,53,35.74707139985787,4.747071399857759,2.801014548762737,-172.98552777669852
14,34,54,29.74957770687797,-1.2504222931220283,-7.673359185929598,-140.75442055301926
15,35,55,30.894075564339573,-3.1059244356604268,-9.56147705867079,-223.07491913720526
16,36,56,7.762649419783315,-25.237350580216685,-30.23000461461845,-174.64041284308882
17,37,57,16.388986705816706,-20.61101329418318,-26.901984695133137,-211.2172031865614
18,38,58,15.27314104986749,-15.72685895013251,-19.030633530420346,-161.75767540643074
19,39,59,16.078754484563433,-14.921245515436567,-17.5318729151644,-208.41533782376678
20,40,60,24.057871787929855,-12.942128212070202,-18.53995243246004,-215.12695838656077
21,41,61,38.87114559337874,-11.128854406621258,-24.93180635651197,-234.3965342588051
22,42,62,37.89307262379293,-3.106927376207068,-12.775657685384658,-227.91031076051195
23,43,63,45.409070689955,8.409070689955001,2.4600007622267412,-136.36984633069608
24,44,64,49.51201998580518,14.66974362419137,12.99295002571364,-135.18377962852003
25,45,65,51.78475334864277,24.784753348642766,22.244688559339124,-114.18304037960775
26,46,66,55.73079300185725,28.73079300185725,19.48802474522779,-122.84178634179193
27,47,67,56.722775999120586,30.722775999120586,19.012386679035444,-122.12257631834586
28,48,68,71.13916680268767,35.13916680268767,24.342623425534725,-171.67857054719593
29,49,69,76.07610952740663,46.07610952740663,37.14072427107578,-149.59700200054726
30,50,70,65.62044436172835,46.620444361728346,43.33798692370806,-86.878675686223
31,51,71,61.178834393024204,41.178834393024204,39.65200361169161,-105.2663296582142
32,52,72,65.70283225908099,31.702832259080992,21.691277295619557,-130.86416604190424
33,53,73,65.63404619993048,38.63404619993048,28.736526156332616,-79.69193182443337
34,54,74,70.61604563379478,41.61604563379478,28.840735837325724,-121.12494629821867
35,55,75,79.11546964429874,42.11546964429874,28.80150537471377,-133.6228103539786
36,56,76,74.88766508823812,39.88766508823812,26.274659794122954,-130.35925055204928
37,57,77,79.25893319374097,36.25893319374097,18.288805355817203,-142.82568815007392
38,58,78,84.7024354307448,41.7024354307448,23.75992745213364,-157.09023325906867
39,59,79,91.45369486247614,42.45369486247614,22.21713724376309,-228.72572119478616
40,60,80,97.8395006541283,41.8395006541283,18.46445366825617,-270.34865156126216
41,61,81,102.23318033015431,46.23318033015437,23.20470693456207,-221.59292357291963
42,62,82,89.26127491517332,38.26127491517332,17.028985022906227,-252.03023729808217
43,63,83,77.10642664951774,32.10642664951774,15.936103002533969,-149.8457094630719
44,64,84,64.1370666780416,25.294790316427907,15.388207545802516,-149.84721294400572
45,65,85,61.178783600700854,30.178783600700854,21.136828258436367,-105.9994665512063
46,66,86,60.95959427965647,32.95959427965647,24.213803633005796,-118.63402354412449
47,67,87,64.74958701754929,34.74958701754929,25.177174891086224,-135.2199191120834
48,68,88,74.0890612067247,42.08906120672464,30.857967244719816,-117.2795585463125
49,69,89,63.50092621987926,36.50092621987926,26.562253997807943,-103.86586577807896
50,70,90,32.88949203633035,12.889492036330353,11.10862142154815,-67.04611640353994
51,71,91,43.82034168521329,14.820341685213293,7.607658625203044,-71.11058850402378
52,72,92,55.46255164367483,24.46255164367483,20.796972885807918,-123.07653280330044
53,73,93,48.99840587681899,26.998405876818993,22.976822673324477,-101.01204106223133
54,74,94,48.39244025421135,22.39244025421135,18.112260455008936,-135.40596645985806
55,75,95,37.91438034436021,7.914380344360211,3.6347310603678125,-106.89292661274635
56,76,96,25.13526562618779,1.1352656261877883,-1.109461128620751,-107.82954697292917
57,77,97,17.834052631561917,-9.165947368438083,-12.2387452123304,-100.58284937974383
58,78,98,21.04356232740639,-3.9564376725935517,-6.3524569738992795,-128.80655139605176
59,79,99,17.95517078867141,-8.044829211328533,-11.978435420251117,-113.43630267692356
60,80,100,29.136189623441624,4.1361896234416236,0.35387596101611507,-145.65508903192324
61,81,101,19.220579675837598,-0.7794203241624018,1.0844633880245738,-97.06594757398489
62,82,102,20.363802267048868,-0.6361977329511319,-3.120194028828564,-153.00721611805682
63,83,103,21.440454896132223,-0.5595451038677766,-3.063942296487653,-103.06708341624335
64,84,104,18.036755620551617,-5.963244379448383,-8.727507233188021,-120.93163522307475
65,85,105,10.589008485664635,-8.410991514335365,-9.943682562210597,-54.663819362911
66,86,106,17.865352853993443,-0.1346471460065004,-1.1250450315530998,-89.65732527329271
67,87,107,26.362792773704655,12.362792773704655,13.841800011776627,-97.82098785888729
68,88,108,38.108478924074916,18.108478924074973,14.2556747704283,-73.31793333538508
69,89,109,47.313984565519775,26.31398456551983,21.057399547402497,-120.47831043352744
70,90,110,6.307685641831085,-1.6923143581689146,-1.5163603690252785,-31.14205008608394
71,91,111,10.040741279453641,-0.9592587205463587,-1.1161020668098445,-38.02994958033105
72,92,112,11.380191587929176,1.3801915879292892,2.2729594153438484,-30.381880068190185
73,93,113,17.654520016746915,3.6545200167469147,1.9526760706879713,-44.01760377269147
74,94,114,10.414573847945007,-2.5854261520549926,-2.306032917419543,-58.2504399430494
75,95,115,12.219501047923586,0.21950104792358616,-4.922514321765107,-59.42323258091085
76,96,116,24.59931755662012,9.599317556620122,6.983355768884849,-95.33127563179369
77,97,117,35.37984443574078,17.37984443574078,11.06182867981181,-115.94103738849549
78,98,118,43.30861836452664,25.308618364526637,16.370765081941386,-121.14692302374192
79,99,119,42.29242114777037,24.29242114777037,18.11010118979641,-60.437119274358565
80,100,120,51.155010871740444,32.155010871740444,24.77499581465736,-65.63601782084254
81,101,121,30.568094220598596,16.568094220598596,16.220570899247946,-14.521139082811828
82,102,122,38.89561112703592,25.89561112703592,23.34014925280644,-50.660413541413504
83,103,123,34.11654397939816,17.116543979398216,13.289167977583588,-0.656195627361285
84,104,124,30.665982141436416,15.665982141436416,13.223631435329935,-33.097225841498584
85,105,125,30.59857362649086,14.598573626490861,10.747171495866837,-12.623558578998995
86,106,126,32.563758493422824,17.563758493422824,14.601223115407493,-12.457570166761343
87,107,127,28.68993660242768,15.689936602427679,15.240794845316714,-3.1008108529139236
88,108,128,33.877860084891154,12.877860084891154,9.529153639778315,-19.360396686924446
89,109,129,43.711653695644884,17.711653695644827,10.65888517420251,-98.68418583281596
90,110,130,20.94284996181193,10.942849961811874,10.816218857961644,-45.14152844785542
91,111,131,19.283656024644188,8.283656024644188,8.698879554856717,-52.35864218596669
92,112,132,14.548871506193905,2.548871506193791,2.1196553093494686,-56.450024116693385
93,113,133,17.288785385332517,-7.711214614667483,-12.116997343033631,-97.73342852573171
94,114,134,20.67093978327773,2.6709397832777313,1.1541495145880845,-57.004933259486165
95,115,135,21.103693628292262,7.1036936282922625,6.718465928733735,-87.45192236201012
96,116,136,30.17659480939335,8.17659480939335,3.8084380156190036,-93.27432696600533
97,117,137,40.0771515247219,15.077151524721899,9.56196991089655,-108.772945357352
98,118,138,42.63545287704278,17.63545287704278,12.466844853497378,-120.70676031361506
99,119,139,53.495730587166406,28.495730587166463,24.02695152595311,-124.79909056406109
100,120,140,49.89088170850755,27.89088170850755,24.909019275853097,-139.0863715817219
101,121,141,35.830992319147754,16.830992319147754,14.303007525984412,-94.94215702477197
102,122,142,36.91853133118832,17.91853133118832,16.534755719656573,-68.08500019092628
103,123,143,38.11173712071104,17.11173712071104,15.40634887489,-26.88324710079098
104,124,144,51.32489425130973,37.32489425130973,39.0191080934311,-63.14410631733722
105,125,145,51.681457026878775,40.681457026878775,44.21584286961115,-69.54581742658843
106,126,146,50.41847913970889,39.41847913970889,41.913144211601434,-96.66202848098885
107,127,147,39.246175588924416,36.246175588924416,42.377196164752945,-38.88129421870474
108,128,148,52.93062530428642,40.93062530428642,45.7139780280836,-35.16241154185491
109,129,149,63.929734573209316,48.929734573209316,47.35349355631388,-47.74595722675133
110,130,150,61.79728883878374,43.79728883878374,44.03665171007049,-27.688835769642424
111,131,151,82.0005300851426,65.80939557740669,65.27259165528721,-3.5086786660426696
112,132,152,73.49041394622657,65.11990386675575,66.83344476351635,0.8924688866181896
113,133,153,84.36770445249851,69.79694773416861,68.71857285405008,-40.66050399646372
114,134,154,75.90076082434234,60.61375327984774,58.993523765666396,-32.63314198732894
115,135,155,91.83110284958639,75.74567363877958,74.96988385165525,-59.23820786465285
116,136,156,85.8502269079292,60.706396906221926,54.10750602427049,-67.03364103690842
117,137,157,91.50212192724871,65.50212192724871,58.10277981552633,-95.85473181398254
118,138,158,98.69374499579158,71.69374499579158,63.449963157012235,-95.45606851479886
119,139,159,105.46944972613386,78.4694497261338,70.22566788735458,-120.58961970167081
120,140,160,103.93216489270924,78.93216489270935,71.71313206289778,-134.99267476306602
121,141,161,90.5688982835311,61.5688982835311,51.75509832841374,-124.76791354576335
122,142,162,91.94406507818007,59.944065078180074,48.1712317846758,-109.72873900839022
123,143,163,77.32437997046043,44.32437997046043,32.48571499995569,-93.4639258832832
124,144,164,90.23502629895552,58.23502629895552,46.462193005451354,-150.96540765868963
125,145,165,80.85270296149565,46.85270296149565,34.77728457499745,-167.31533560946093
126,146,166,80.91319217206205,45.913192172062054,33.68648123906678,-175.13045066226846
127,147,167,65.38519088638714,42.385190886387136,31.95760512868003,-131.85236607515992
128,148,168,69.57438153270846,38.57438153270846,30.8168722707519,-124.85588106442322
129,149,169,68.85053287933636,37.850532879336356,29.00158085456883,-159.26193198406725
130,150,170,59.96197756525896,33.96197756525896,30.564984932609832,-95.4748484499994
131,151,171,70.9143314060193,46.72319689828339,41.85689029166804,-72.52784486468852
132,152,172,72.50138778231451,48.13087770284369,42.22513400145226,-85.0946636117609
133,153,173,79.65740549490283,60.086648776572815,57.212090393129415,-91.88964533583555
134,154,174,74.96825520679766,54.68124766230301,52.65112900591669,-78.72104161593256
135,155,175,74.04907847530609,51.96364926449928,50.62667778867285,-81.40873763019351
136,156,176,54.03545532626572,33.89162532455828,31.862252330454226,-86.30570750426773
137,157,177,49.97096151118285,32.97096151118285,30.052414630453427,-87.43200997455335
138,158,178,52.28961689378889,35.28961689378889,33.06421719361947,-102.42830556271542
139,159,179,51.39933133120314,33.39933133120314,30.676065494256704,-111.6200065689626
140,160,180,37.57060081534729,19.570600815347234,17.569498894374533,-82.12665913907688
141,161,181,48.38220561961339,27.382205619613387,25.46123004233732,-85.64925920936855
142,162,182,56.407441502680115,36.40744150268017,34.42131134357953,-52.7940688766173
143,163,183,52.15146360510755,30.15146360510755,29.222034891318344,-47.22071132835947
144,164,184,46.666477601139206,24.666477601139263,22.724335939324646,-79.41397684858634
145,165,185,23.668997309972383,0.6689973099723829,-2.4641576691790306,-67.78334686336245
146,166,186,30.531041867877775,4.531041867877775,0.2508620686752465,-79.35399925605986
147,167,187,33.31061144050909,7.310611440509092,3.3770052315865087,-69.10952441048266
148,168,188,29.906889760526667,-0.09311023947327612,-4.815045330529529,-91.17062235299898
149,169,189,28.45037891279486,4.450378912794918,3.245372928826214,-110.20828246374776
150,170,190,37.01028387042055,15.010283870420608,13.761289389165881,-83.63766684929146
151,171,191,39.981478619201425,13.981478619201425,9.701298819998897,-89.47811376145876
152,172,192,36.76383712492077,9.763837124920656,6.918614525203338,-97.95783659515814
153,173,193,38.734481203214045,18.734481203214045,17.78807181495347,-92.88103845900264
154,174,194,30.246408414378834,0.2464084143788341,-4.292367980531822,-111.02073259890403
155,175,195,28.83305563509856,-3.1669443649014966,-9.048026623646024,-98.4019820252754
156,176,196,33.931830511298244,3.9318305112982443,-1.6459209921699767,-102.63502470122785
157,177,197,36.866431509200424,9.866431509200424,7.838428135042136,-112.62458550179826
158,178,198,34.05655891481899,4.056558914818993,3.242203734904365,-109.13223179586589
159,179,199,32.080532076161944,-4.919467923838056,-12.59673368590768,-187.85676900979718
160,180,200,31.108919256522483,-7.891080743477573,-16.91065236938107,-223.4498303361513
161,181,201,28.790709440815647,-4.20929055918441,-11.627959725545907,-182.27850232385936
162,182,202,38.860161435122336,9.860161435122336,3.739809635308802,-153.7914797262439
163,183,203,21.383575344387964,-5.616424655612036,-9.728331233846234,-92.83990494538352
164,184,204,22.93875658645584,-0.06124341354416174,-3.540971982975634,-81.96456610024802
165,185,205,24.595733076021816,4.595733076021816,3.011565913943514,-55.825029377603414
166,186,206,18.302255279291103,1.3022552792911029,6.045994571308256,-26.056000975206643
167,187,207,22.539537890168162,1.5395378901681624,-0.5978848154293246,-49.551527843559825
168,188,208,24.16469221276202,0.16469221276202006,-2.1315110018291534,-105.63347612383905
169,189,209,30.605975384038686,14.60597538403863,13.22501541092629,-77.01761430008048
