Left,Mid,Right,Loss_likeli,Loss_AIC,Loss_BIC,Loss_eBIC
0,20,40,78.88642010038058,72.88642010038058,72.42956868038544,44.2947313141857
1,21,41,85.91707761868759,80.62433359216959,79.5212972694045,61.020842603150015
2,22,42,78.4496855435035,73.4496855435035,72.36131005811683,34.56736483821436
3,23,43,79.99317488631976,73.99317488631976,71.04855005041776,25.441685847441306
4,24,44,91.31032069294332,85.43147550670784,83.09281691032334,40.751225441450856
5,25,45,102.3182265068445,94.3182265068445,94.80085156605105,59.29376725524145
6,26,46,78.36713865430374,68.36713865430374,67.0994590997201,30.226294723076194
7,27,47,55.37773773777781,49.37773773777781,49.56627054793239,21.59376395539357
8,28,48,52.36843344310478,45.36843344310478,45.002532798185484,7.3634311054637465
9,29,49,36.663379626333665,35.663379626333665,39.67097016319633,7.238031571746319
10,30,50,35.38161132288275,27.086068556890268,28.520699620795767,-1.1278344458561378
11,31,51,41.582764808244974,31.582764808244974,31.109560114114686,-9.045174150827847
12,32,52,37.81002907058979,29.810029070589792,29.985983059733485,-9.874471174583391
13,33,53,34.22597095107818,25.22597095107818,26.86026572513441,-6.9659492267921905
14,34,54,27.294386903266457,15.625612566779182,17.83701960031675,-23.442329271367157
15,35,55,30.619643104288343,21.333286118931596,22.202387288635236,-11.409738705034101
16,36,56,35.40475400633596,28.521129996143827,31.597996055479882,6.243341357406393
17,37,57,33.21330926339698,30.833254713205008,35.382699884130545,-7.550332876888319
18,38,58,34.665123758903576,24.665123758903576,25.11284511271515,-24.940927706530715
19,39,59,26.418544739542256,17.418544739542256,17.789779772468933,-13.199090799650776
20,40,60,28.989991809680475,24.989991809680475,29.146007500099927,-2.319918340104664
21,41,61,23.28001906170323,21.28001906170323,25.48289064234882,8.84958086575898
22,42,62,28.41172300753334,25.41172300753334,29.280575750900198,16.095044198593996
23,43,63,21.92992070174023,14.92992070174023,17.135374109339693,3.775543416327423
24,44,64,26.1058736418712,21.1058736418712,27.60829863050651,46.04846254509255
25,45,65,37.459763329462476,28.459763329462476,30.285708613901306,22.68052557445469
26,46,66,21.12085876575952,9.214390866112126,12.465518670489473,12.646653907309314
27,47,67,42.71782239529057,23.71782239529057,21.99306320868459,-18.443906256288074
28,48,68,46.010646103118404,23.01064610311846,20.845212279040993,-25.334099736680173
29,49,69,32.25001022770988,16.250010227709936,18.686876761142457,-2.264804619377742
30,50,70,41.9693874793216,18.969387479321654,19.048547311970196,-43.60676642621115
31,51,71,36.30013024470031,19.300130244700313,20.822726618219576,-21.781567101013025
32,52,72,38.84761509149848,22.847615091498483,21.466655118385916,-48.19361273637571
33,53,73,39.52085166171565,18.540908892904667,20.956327842092833,-53.961958493499765
34,54,74,41.38200415833603,21.089668456983986,24.03821116836741,-24.257329588774724
35,55,75,53.87363485888466,31.85318770181584,31.31666745576024,-34.40218576040752
36,56,76,57.44348553008922,37.44348553008922,36.669387987067125,-51.50780390233433
37,57,77,59.37850083063671,37.37850083063677,33.35691762714214,-65.22228067957928
38,58,78,66.65492979273574,45.65492979273574,42.13121272601836,-73.02128426651495
39,59,79,85.64468717024442,62.644687170244424,54.65950192717321,-88.11414941060559
40,60,80,77.18862354086133,48.18862354086127,40.93770658269591,-129.5348948849529
41,61,81,79.59269481109243,54.59269481109243,49.07751319726697,-135.003733178458
42,62,82,74.48310167861939,53.48310167861928,51.16295268224019,-111.4975836315864
43,63,83,58.83306244881794,32.833062448818055,28.351647979894437,-96.57273851438845
44,64,84,65.6606303777113,37.6606303777113,35.46737583537731,-62.70547519145123
45,65,85,74.99680837955663,43.99680837955668,37.95172930997262,-73.99720443859906
46,66,86,93.98908976077286,62.08262186112552,55.37642692996303,-93.89484034245481
47,67,87,69.62980697226953,40.629806972269535,33.926386417893696,-59.19696588497311
48,68,88,69.4533035153919,38.453303515391895,32.30494059709838,-77.32366742993622
49,69,89,61.06900412700213,33.06900412700213,28.838329838550862,-46.32638765183515
50,70,90,79.09930160446532,62.099301604465325,62.325405778111076,9.310795015256986
51,71,91,77.84635043102674,64.33298407565042,65.72361495731184,0.2234418400521463
52,72,92,85.19121402193878,75.19121402193878,75.06458291808838,-7.522930405883358
53,73,93,78.82856709042574,62.84862432161469,63.71772549131833,-49.73563199343573
54,74,94,64.56968312384333,53.94612175897851,56.80668747579011,-11.07033937002268
55,75,95,80.43939264412273,59.41894548705386,57.64742342637544,-16.86515733729732
56,76,96,79.36314077983616,56.36314077983616,50.457397078444785,-67.94102116754345
57,77,97,88.99021693343559,63.99021693343565,57.088740958490234,-40.80680958545133
58,78,98,69.56501027567498,46.56501027567498,40.659266574283606,-40.755818585805855
59,79,99,64.31532862061016,39.31532862061016,35.806159407644145,-54.72233063688361
60,80,100,74.20530773451071,47.20530773451071,42.46394725693608,-101.71572603994423
61,81,101,82.27251608238578,48.27251608238578,39.31626000840731,-179.26447187712472
62,82,102,94.33674959513928,55.336749595139224,44.976542015235054,-148.37756705775735
63,83,103,73.01071878071673,40.01071878071673,32.24547602407529,-138.96136284177828
64,84,104,67.60419583592943,30.60419583592943,20.649956609860396,-126.2104421631883
65,85,105,67.04834913979818,27.048349139798233,16.274799438199352,-158.49541566160008
66,86,106,67.3762038597921,29.3762038597921,16.112912496235595,-146.25945928655528
67,87,107,74.30403994971527,40.30403994971533,27.955618446589483,-101.14280935381498
68,88,108,76.02656172181202,45.026561721812016,30.424666803280388,-90.87859700333308
69,89,109,65.01366096549197,33.013660965491965,22.989146702332732,-66.53074042072592
70,90,110,65.22728671434999,43.22728671434999,34.73070095032938,-43.98830304709952
71,91,111,76.92163861964599,52.40827226426967,43.18808520657558,-55.133026076801
72,92,112,83.45377164770315,61.45377164770315,51.887010999729114,-62.181977115677796
73,93,113,70.31799291448931,59.31799291448931,55.76652517308787,-2.517487277608325
74,94,114,81.42202612623817,73.42202612623817,71.28707299683498,3.7278266100239534
75,95,115,72.80052214063505,58.80052214063505,54.94955853827685,4.89103594760013
76,96,116,57.76421911603927,39.76421911603927,36.55168417133183,-49.15183250521659
77,97,117,65.68524508060034,51.68524508060034,49.56714942964197,-34.49585479005316
78,98,118,46.688542834888494,29.57148339759982,27.755972839635547,-40.75520464438705
79,99,119,29.856925682872486,11.856925682872543,11.893530166908022,-20.659875020503137
80,100,120,18.51304025294945,5.513040252949452,8.434952870812822,-26.838701016247455
81,101,121,22.24222232288514,9.24222232288514,9.701434350383693,-44.14269190854998
82,102,122,31.557656910501294,13.557656910501237,16.92843537545764,-30.176292053998054
83,103,123,30.499053427523847,13.49905342752379,12.313374498194435,-50.01599813979169
84,104,124,27.613295543503057,15.613295543503114,17.956668068898466,-76.03938694352053
85,105,125,22.70326079175686,12.703260791756861,15.695792000426309,-52.57318346294028
86,106,126,30.788186919058376,17.788186919058433,19.39756410688642,-37.46632869559096
87,107,127,23.25078780763016,11.250787807630104,15.518652825225786,15.365488290980352
88,108,128,26.17825937132909,13.17825937132909,15.887097931946414,9.602971562377661
89,109,129,31.125456281492347,19.125456281492347,25.623932031546133,5.424930112099105
90,110,130,23.51585144490724,5.682084439595258,6.669616716984251,-36.66302528786753
91,111,131,24.30209524727354,5.302095247273542,4.808336842907238,-74.79843538550574
92,112,132,19.107592846627256,2.107592846627199,2.3082082784177373,-63.62598600259264
93,113,133,26.1516823802894,10.151682380289458,10.967835695450276,-11.911226570555755
94,114,134,40.36639862799234,25.36639862799234,25.736781725761716,-29.712600117217903
95,115,135,39.72292237857664,29.722922378576698,30.982585635846192,-41.85837033970256
96,116,136,31.478644548469674,12.478644548469674,10.272937630135743,-47.1975868110444
97,117,137,32.86244599795094,20.862445997950942,20.433229801106563,-49.27055737938542
98,118,138,37.21304864652632,23.0959892092377,25.200092193564274,-43.04960133620443
99,119,139,35.01310448311864,16.01310448311864,14.584532067444911,-15.332758683540419
100,120,140,37.874646105529166,21.874646105529166,20.5433230302732,-47.41997869559043
101,121,141,31.921400951571798,25.921400951571798,27.78623439482942,-0.6396278992019688
102,122,142,43.31733690889371,31.317336908893708,32.084792345562505,-8.98252690098991
103,123,143,44.36315308017339,33.36315308017339,32.153063368549624,-20.7896249192695
104,124,144,59.21671144794004,47.21671144794004,43.127406556972915,-47.21675187248081
105,125,145,61.25298754977666,48.25298754977666,43.51359572307558,-35.36627965932996
106,126,146,65.94768015280619,50.94768015280624,45.21255605255112,-57.09572489568302
107,127,147,57.4477248225831,47.226417958014906,44.79182578935274,22.075683836300414
108,128,148,64.39207208407919,52.39642814119878,50.769908026735834,17.72740299969462
109,129,149,65.3927737235187,49.92557542224148,47.74426033635086,1.363194230975182
110,130,150,58.125545524905135,45.645374967100906,44.88891223461576,-11.622330448749608
111,131,151,81.84735442003785,61.847354420037846,53.480181053354954,-60.28005888900287
112,132,152,74.97408335980248,52.97408335980248,44.447043482668334,-62.18968959984022
113,133,153,69.60821581942332,46.00897054338134,38.995625398492564,-69.57963766105547
114,134,154,76.94366048474467,53.94366048474467,45.418538786598674,-86.10964061231971
115,135,155,64.08921994961997,43.08921994962003,35.0956940138276,-79.46155862676574
116,136,156,63.411987036324945,40.47220234519807,31.952466136263865,-70.16037924854561
117,137,157,69.23261309261136,52.23261309261136,45.50175671880231,-71.86922864259509
118,138,158,80.14850724817984,60.14850724817984,50.69620216745227,-67.04030582641917
119,139,159,74.66600100440274,55.916928005190016,47.88673513192015,-43.301810331612785
120,140,160,63.42095621345345,50.17276472324943,43.945422886787924,-12.184865826834312
121,141,161,65.38030243265473,54.44514880810641,48.968621303559416,-8.66584593338439
122,142,162,81.57884065723789,71.56152050750336,66.77845618616578,21.562397283196958
123,143,163,78.06447988686278,68.06447988686278,63.88652040921636,35.45751387441908
124,144,164,76.55298498756292,70.55298498756292,67.56578816690092,32.31703212153917
125,145,165,80.38738680981021,74.58303607235337,72.5690432463644,52.1559576411546
126,146,166,81.96783692205787,74.56313262083995,71.93684035320518,37.924866536583636
127,147,167,71.71742644505485,68.26078045883025,66.26931591172223,42.35412495970513
128,148,168,67.71897065885696,61.08455454906948,58.595223865184494,35.67662690459616
129,149,169,55.00023345800997,47.533035156732694,45.88814419990467,30.904131734868656
130,150,170,56.28353096233809,50.63712740984579,50.17894203366052,36.835951036247934
131,151,171,61.81762173912796,55.143588820288926,53.49869786346096,30.886830388660826
132,152,172,70.60444325050634,64.60444325050634,61.96382002012433,40.84822236829291
133,153,173,67.06443068816156,61.46518541211958,60.52299565780004,38.988429128957705
134,154,174,56.29855221666065,51.29855221666065,50.71803761091411,29.706844920276183
135,155,175,47.06954391565296,46.06673216639251,47.14196943527901,26.73478514530609
136,156,176,48.61516949447247,46.61901551162413,46.94704582614213,26.539861536169155
137,157,177,52.04194990909383,51.22622975809048,53.30567129977027,43.19638164165718
138,158,178,53.60111298490369,52.083769729147434,53.47006409026733,39.27180950117196
139,159,179,48.51347404164926,46.93738121345007,48.670249164849906,23.01858963659879
140,160,180,45.547785229404894,31.547785229404894,29.117636528948026,1.3407909017740849
141,161,181,50.10745200647176,36.84632892477299,35.44070750901375,-11.24925775652548
142,162,182,64.41187162333665,53.41187162333665,54.17001666401842,27.217345864399817
143,163,183,61.154456027360595,51.154456027360595,48.9893913992758,17.452204235070326
144,164,184,51.674854738282306,43.386004048195446,48.08674176561806,3.6946131148419
145,165,185,55.009580614611934,49.009580614611934,52.194191642822545,25.466901218144812
146,166,186,41.59969016481131,34.59969016481131,36.97672070759313,22.39952342221011
147,167,187,46.41684215865632,40.41684215865632,45.05916578273661,15.198666166561566
148,168,188,50.50536297887919,39.32540386898819,41.839395995519794,-8.977301522806101
149,169,189,49.300230124271025,39.300230124271025,39.18719469585358,-9.048236998768289
150,170,190,53.21007408731646,44.2100740873164,44.72829393004599,1.0003752700075665
151,171,191,41.40604754982081,26.73201463098178,25.86322653559904,-53.40740539927242
152,172,192,46.01468678835312,31.014686788353117,29.337282736188,-26.09018213263448
153,173,193,45.393270544643656,33.393270544643656,29.15174485471948,-12.560227956377844
154,174,194,42.30078808885361,25.300788088853608,19.152998869842918,-38.800983449124146
155,175,195,46.632914649926875,33.63010290066643,28.544137483685404,-25.871079411957794
156,176,196,40.624980039585125,27.568610747863545,22.482645330882463,-25.909635077278153
157,177,197,36.30122798094192,25.48550782993857,21.89314082328849,-2.188190166062327
158,178,198,38.503400646113846,30.986057390357473,32.8508908336151,-55.52891953757785
159,179,199,40.56435619284241,33.98826336464316,36.69753653495775,-49.25979320291253
160,180,200,43.84992164811797,29.84992164811797,29.499214489340943,-37.96106310605103
161,181,201,49.90800168575214,34.64687860405331,34.32496645642004,-51.64567609180824
162,182,202,42.571121827068566,28.57112182706851,29.22196281853934,-10.014719845372497
163,183,203,42.539271924486115,26.539271924486115,27.620252451233966,-25.04119212397609
164,184,204,40.561821481151924,27.272970791065063,29.13780423432263,-28.60652032110079
165,185,205,54.3053081945572,44.30530819455714,44.178677090706856,-28.327367466662167
166,186,206,50.46335706518124,40.4633570651813,39.29700519049095,-10.801985820220807
167,187,207,47.60386468153911,34.60386468153911,34.37483098706059,-13.139921732358289
168,188,208,52.60195867643961,39.42199956654861,41.28683300980617,-32.87768734459985
169,189,209,49.326268896828424,36.32626889682848,36.105929419199924,-27.15462769509429
