Left,Mid,Right,Loss_likeli,Loss_AIC,Loss_BIC,Loss_eBIC
0,20,40,34.15557128875895,25.960094452132125,23.666044812030123,-4.96193762977191
1,21,41,26.51477955632413,13.887449200456217,13.737334299767781,-20.407634202327813
2,22,42,29.004501035509065,20.64032583257324,15.963368848398886,-20.163632440551282
3,23,43,21.83344582906841,15.940490908053789,13.282339295151473,-8.083188738012154
4,24,44,21.403038609911277,18.31904289396209,15.829712210077105,-12.801138857665933
5,25,45,27.994746276179058,19.902470196970057,15.421674965977104,-12.435873304813299
6,26,46,20.146382115680126,11.590324044724298,8.569321678267329,-30.535663215276145
7,27,47,21.46639735364215,14.46639735364215,10.909867659967404,-19.73289991955528
8,28,48,36.414346676132254,30.414346676132254,25.223047966189483,-35.207324388093525
9,29,49,26.096798415689875,19.096798415689932,17.691176999930804,-48.67939820004335
10,30,50,34.61039705441283,25.61039705441283,22.169322594259825,-18.864062088464834
11,31,51,32.315444366646204,24.315444366646204,21.570741410084224,-19.573136591286698
12,32,52,27.44983859532465,18.44983859532465,15.278327808727909,-19.8076936141465
13,33,53,26.00515521976473,18.00515521976473,15.787418254572799,-47.199746737083615
14,34,54,14.548532082263023,5.548532082263023,4.163003608561894,-40.30022062514206
15,35,55,14.257621638310013,9.257621638309956,9.300989843246498,-26.747868323567218
16,36,56,39.4446437494185,29.56286925220394,27.831638661207194,-6.180335155414355
17,37,57,32.31022094328199,21.295567037036676,17.55190748388958,-27.141247479911044
18,38,58,40.28902607855696,27.857953001538363,26.83783782386257,-25.182875849909692
19,39,59,36.485463441610364,24.55965691753056,22.952928585786594,-9.879855513840653
20,40,60,27.72638351365947,18.530906677032704,17.47185885155352,-25.73523243016882
21,41,61,9.896697348045222,0.26936699217731075,0.2060514402520539,-30.757569105493417
22,42,62,8.495821885951159,-0.504178114048841,-1.4288248777334047,-51.09251625104798
23,43,63,7.404593823329947,0.7560137679610079,-0.3470225548040844,-37.5785887386204
24,44,64,7.873445448132998,3.5671888556232716,1.4712732830374762,-37.93906891102097
25,45,65,10.589500982519098,3.077847117975466,0.6784069594124276,-26.584475844341
26,46,66,16.98617717606703,9.430119105111203,7.100338878249204,-28.184925901492306
27,47,67,15.562618350785897,10.058064765145218,9.321694121267114,-11.13664021748491
28,48,68,26.7460891890301,22.278143152640325,20.97785605183475,7.373066525186118
29,49,69,21.64901736699403,20.64901736699403,17.467781427675277,-16.555410677948316
30,50,70,21.141745193041686,17.60056854916388,12.621907181394022,-28.876575806183155
31,51,71,23.791634662576598,18.585233289163853,15.100170331724826,-19.133151687171107
32,52,72,23.017426768752102,16.355036106227203,12.682802124196314,-15.600824535353695
33,53,73,20.32458231896112,11.643268454289455,6.6646070865194815,-46.522452656510495
34,54,74,24.48275929664976,13.661161503042877,9.18036627204981,-35.28285796165403
35,55,75,37.934968327106276,26.375575627851276,19.002311500136784,-49.775996686584676
36,56,76,37.62597003493977,23.62597003493977,19.84280793746575,-41.37874493245306
37,57,77,45.64406627828896,25.64406627828896,15.15056236797011,-61.27557243281285
38,58,78,55.58845899431947,34.631780303879054,28.04716062708451,-55.94518694949841
39,59,79,61.10778630775741,39.10778630775741,30.94239192396026,-59.629964738028775
40,60,80,83.67754849120172,59.67754849120172,47.21680216424045,-110.48824073318701
41,61,81,71.54035869403617,41.54035869403623,26.95094818100631,-113.61678863656152
42,62,82,71.619555148443,42.61955514844294,28.5280107721901,-122.88459607673951
43,63,83,99.93164827213269,69.93164827213269,54.93176730624441,-139.06703816644006
44,64,84,83.3821104776373,53.3821104776373,39.83242073544727,-144.31842907510372
45,65,85,78.21531774828128,45.21531774828122,29.825456005480305,-129.19613793984456
46,66,86,70.28919904175086,40.28919904175086,26.739509299560837,-147.84449238438071
47,67,87,62.155446447836994,29.650892862196315,18.24396021361133,-116.3077166229134
48,68,88,63.95274435266509,38.10498296627077,30.07580922591376,-100.0337051408219
49,69,89,33.12461626677248,14.124616266772478,7.2918768565238,-55.27034382530394
50,70,90,30.600518587340673,10.60051858734073,3.64488697170259,-62.11327293521265
51,71,91,39.29004568329674,18.89647277375434,12.858763580505183,-90.74376289114241
52,72,92,46.87603696031272,22.876036960312717,16.08485356974245,-60.972905831528465
53,73,93,46.813396851784205,26.912487441039275,19.185898793676074,-80.10315713393834
54,74,94,50.8154443520699,29.116658503897042,22.429790627373904,-52.91976658442991
55,75,95,50.32038343512522,27.320383435125223,18.7367789354347,-49.81935692648972
56,76,96,52.16921043864443,28.169210438644427,20.363354928210356,-55.20046041275316
57,77,97,61.00748977129331,33.00748977129331,28.826093415717423,-146.68073367473983
58,78,98,69.54440206259898,39.58772337215862,34.80967743617907,-167.14646365727117
59,79,99,51.837183155449566,17.837183155449566,11.537319458900242,-147.9304563181256
60,80,100,51.10224295049932,19.102242950499317,11.834866330634895,-142.42745940837813
61,81,101,31.67263547392031,0.6726354739203089,-5.403727828607316,-168.56391055220593
62,82,102,28.01168992489795,2.0116899248979507,-2.268489874304464,-95.62475377509554
63,83,103,40.98679139667502,21.986791396675017,22.28810770924065,-94.03526889448642
64,84,104,33.41467739863083,11.414677398630829,9.7558723607832,-137.03129115489753
65,85,105,31.817952516293758,7.817952516293758,4.533504990645156,-118.24046750064986
66,86,106,41.79711336073029,17.79711336073035,13.472945064241799,-142.30564401277388
67,87,107,37.14135909406497,13.14135909406491,8.817190797576473,-147.50684635445919
68,88,108,33.388892953086554,12.388892953086497,9.904896657209065,-103.02802279908269
69,89,109,20.914989964263327,-0.08501003573667276,-1.3615485656962392,-72.48349780747981
70,90,110,35.079134492114974,8.079134492115031,2.8370437732374967,-69.91194345339443
71,91,111,38.801423547856075,12.801423547856075,8.174670158373601,-106.27438357627386
72,92,112,41.16963713928419,14.169637139284191,10.665460031186285,-98.5273327531363
73,93,113,38.33905035030705,15.339050350307161,12.55246896143558,-101.3365881644005
74,94,114,38.43668837356785,11.436688373567904,7.351789618148359,-127.5657623334107
75,95,115,32.02514285002985,4.025142850029738,-2.2904899935665526,-79.59634116739448
76,96,116,37.25067877647854,6.25067877647848,-0.8654052968888664,-69.87620752234477
77,97,117,59.582278190250236,22.582278190250236,12.825570886500827,-190.73875757079213
78,98,118,61.406352242147534,24.406352242147477,14.996218528678014,-199.84054921441827
79,99,119,72.82342322529996,35.82342322529996,26.413289511830385,-167.65343683663355
80,100,120,52.19797730156995,16.19797730156995,6.10701962227904,-131.92735253032288
81,101,121,46.231341724580034,16.231341724580034,8.226829426869699,-144.88808052409377
82,102,122,36.30087053325718,16.30087053325724,12.928446013036705,-88.31470163686276
83,103,123,24.792114930062382,11.792114930062382,11.268318570210226,-26.48768886416849
84,104,124,26.547735810405243,7.547735810405243,3.9167932800887684,-73.5728015780362
85,105,125,21.284535908142743,-1.7154640918572568,-7.2746342029686275,-51.28487304212399
86,106,126,19.27201175391326,0.2720117539132616,-3.295693810090256,-76.94134561160979
87,107,127,11.84577979932476,-8.154220200675297,-11.873218311175606,-103.5512582219535
88,108,128,14.800810454497707,2.8008104544977073,2.371594257653328,-32.288022648489004
89,109,129,16.674899814421508,-0.32510018557843523,-1.8573527051879637,-55.85748831883802
90,110,130,25.572888435395498,0.5728884353954982,-3.9025724075900143,-79.09361904105458
91,111,131,19.18680925735572,5.186809257355719,5.494728738357253,-32.05640996348325
92,112,132,35.79441249622835,15.794412496228347,17.77061236206157,-82.89859191680375
93,113,133,36.71577675564686,19.715776755646857,18.530097826317387,-98.33883987375918
94,114,134,39.850816470355426,18.850816470355426,14.63395222307804,-98.13566661720233
95,115,135,28.10799537928591,12.10799537928591,10.03388822561351,-73.62279869417273
96,116,136,24.97154931134594,6.971549311345939,6.26810085892248,-33.220155204215644
97,117,137,14.011687131591543,5.011687131591543,7.973510084563998,-35.22831315437543
98,118,138,18.514098883064094,5.87099769443671,3.6209365516206162,-31.664831714499144
99,119,139,3.5352907415758636,-6.464709258424136,-8.324208313674376,-48.151876751439204
100,120,140,16.669243070266248,2.6692430702662477,-0.2809690930105262,-61.52136167226263
101,121,141,13.453338632630846,5.453338632630846,5.282719031494594,-52.09788483240936
102,122,142,12.041924488250686,3.041924488250686,0.9871443892174625,-56.389508382720464
103,123,143,9.18221782621174,2.1822178262117404,1.4697435910125023,-41.05526442561154
104,124,144,10.79094405763027,-0.1144446348503152,-1.8666396408894457,-34.1067427970757
105,125,145,22.987690983360665,10.50446916459606,6.262943474671999,-29.879717183237517
106,126,146,22.428176702698806,16.409260949921475,16.194652851499256,-40.447219312288325
107,127,147,18.255525452884967,11.255525452884967,11.236198398245676,-36.56053990700116
108,128,148,27.447182881820822,22.447182881820822,21.979646767828456,-22.109893671129782
109,129,149,27.376599577053753,19.376599577053753,17.473112024517604,-40.81965513352725
110,130,150,51.67925617949743,34.67925617949743,28.77793540821898,-94.48069523673212
111,131,151,28.034289101756485,20.126728286762386,16.143799192546396,-19.845682698864948
112,132,152,37.60051104996904,23.600511049969043,21.2858623405848,0.8786780506119385
113,133,153,44.15242011290826,31.15242011290826,24.68016033480734,-18.67360669611645
114,134,154,46.312354752558235,35.312354752558235,29.8358272480113,-6.998213084757936
115,135,155,44.81133859965621,35.81133859965621,31.330543368663257,3.005513982171749
116,136,156,38.75174947028273,30.751749470282732,29.481784941149726,15.876995414501096
117,137,157,38.65769221920107,29.454361556420736,28.40859397253047,14.803804445881838
118,138,158,44.28675491297804,35.01869415527608,34.0229618817221,20.418172355073466
119,139,159,31.77720914310538,21.77720914310538,17.054730053022865,-4.094439893747563
120,140,160,35.255885665612595,22.255885665612595,16.2189147360873,-19.075826279114267
121,141,161,32.73496104096802,21.734961040968017,16.92866458230924,-18.748394257904977
122,142,162,44.62315715774719,33.62315715774719,28.14662965320025,-16.09690498260761
123,143,163,42.502280630901964,32.502280630901964,28.90416642993449,-9.835238876921608
124,144,164,40.656093109048584,28.750704416568,24.76777532235201,-4.175022430325953
125,145,165,41.06318598673033,31.58571094613717,29.096380262252183,-4.915593554369366
126,146,166,33.84113057513116,26.82221482235383,23.768565214926866,2.5581071074341253
127,147,167,44.1362585233083,36.1362585233083,32.153329429092366,-13.504161027969928
128,148,168,43.72344011437832,36.65417731108175,32.67124821686582,-4.88430785036644
129,149,169,37.71729359708718,30.717293597087178,27.07452626455506,-19.393844620455013
130,150,170,30.715594911571145,21.715594911571145,17.69040103037355,-34.88256031197511
131,151,171,34.691952807469704,25.061459501204467,21.96695863133141,-54.53315349475139
132,152,172,41.980058406987894,29.980058406987894,24.698811946223884,-50.31548318957516
133,153,173,32.912630587953515,22.912630587953515,18.62711640074349,-33.99576567073996
134,154,174,27.1263997634332,19.1263997634332,17.41991300461143,4.979427549185175
135,155,175,31.8561155439927,23.8561155439927,20.566333630336658,-6.429734419212821
136,156,176,27.581877965416936,22.581877965416936,21.272559984926943,2.273431516005303
137,157,177,25.278079721096788,18.0747490583164,16.362833125438385,2.2870691172283273
138,158,178,39.61096123594314,30.98600166686856,29.731672797606507,-18.90707875215088
139,159,179,48.86955118541198,40.86955118541198,38.875672320283286,0.5364704345000746
140,160,180,46.94907595965617,38.94907595965617,37.827450845975704,-8.118458821149318
141,161,181,37.55703471294714,30.557034712947143,30.514791523636063,-10.015206176971276
142,162,182,36.10353163016782,30.103531630167822,30.235497122025606,9.068152610949824
143,163,183,31.48103702035769,26.48103702035769,28.49141581579488,23.417639745737233
144,164,184,31.481567592391457,25.481567592391457,25.960106674529243,11.294438620973324
145,165,185,30.11892475758816,21.124671535759546,21.754503164394293,-22.60294050367395
146,166,186,25.066264085201,17.066264085201,16.633910653516807,-4.16080804286787
147,167,187,28.327402000287805,14.327402000287805,11.214790191183965,-23.04801599675659
148,168,188,31.344895034724914,16.344895034724914,11.996065295589688,-12.32104854722138
149,169,189,32.33706495180087,20.33706495180087,18.174980803556537,-25.921289212847
150,170,190,50.11775119118181,35.11775119118181,30.76892145204664,-45.39589959305033
151,171,191,52.225777176031045,35.225777176031045,30.26367860220489,-63.85975778235115
152,172,192,50.98292667467331,31.98292667467331,26.832271026502326,-69.74702754122575
153,173,193,45.68808087357081,27.68808087357081,22.53879990466453,-37.610798421608024
154,174,194,34.8697593253105,18.86975932531044,17.339226555632422,-16.197388995101505
155,175,195,24.902968035253366,7.902968035253366,3.9447003836841077,-35.85137700543862
156,176,196,22.90597420620344,12.905974206203439,12.573061444628138,-30.978441416723967
157,177,197,24.423463906519487,12.423463906519487,11.30110052911516,-34.79504951660226
158,178,198,23.983219282170353,8.983219282170353,6.020683904155078,-65.5158717315536
159,179,199,25.856800383219195,14.856800383219195,14.578876732871777,-53.42982542444099
160,180,200,19.681951114014396,6.681951114014396,5.061721599833049,-74.25003298836191
161,181,201,16.695955785952037,4.695955785952037,4.613313179387546,-54.8906626735361
162,182,202,26.314680553124447,15.314680553124447,15.729904083336919,-39.914695828719005
163,183,203,31.156038711376027,16.156038711376027,13.54007692364064,-26.183285659974786
164,184,204,32.301284076968045,23.446416380388087,26.50226314098262,-4.320969999909039
165,185,205,24.6988719295623,16.6988719295623,17.914546689545887,-29.763715999639203
166,186,206,20.505586460648317,10.50558646064826,10.725528947077919,-30.953501553763545
167,187,207,17.49671093560636,-0.503289064393698,-4.567644649765612,-59.157436556953826
168,188,208,23.523552764353553,6.523552764353553,2.218711522504236,-51.37669066814942
169,189,209,35.39834835662435,18.39834835662441,15.133227885614929,-56.46830639024972
