Left,Mid,Right,Loss_likeli,Loss_AIC,Loss_BIC,Loss_eBIC
0,20,40,97.75116883794163,73.75116883794163,66.59598324164051,-40.12069906073867
1,21,41,89.75289688539493,62.75289688539493,54.53509668368514,-82.59972373840122
2,22,42,78.78480659118844,52.78480659118844,45.56511065244695,-90.95777337139947
3,23,43,80.346843585344,57.346843585344004,51.09452629367274,-104.21470448357513
4,24,44,78.01659028010624,54.01659028010624,47.26640685165796,-95.29575261373327
5,25,45,87.03653338093989,64.03653338093989,57.78421608926857,-64.62818833366282
6,26,46,80.2004002219146,59.200400221914606,54.983535974637164,-45.731296191805654
7,27,47,84.35634892820258,69.35634892820258,67.65059679316289,-29.929633765043604
8,28,48,91.02159308708536,79.02159308708536,77.89922970968104,-29.865582885156527
9,29,49,45.62884945556226,31.491021256308045,32.01354883573174,-16.349754889162114
10,30,50,71.26368913726418,60.26368913726418,60.332339077196764,12.747260514036668
11,31,51,62.39386791682443,53.39386791682443,55.226378663589514,-3.8871919998877615
12,32,52,65.06113509541643,58.06113509541643,60.467823172736985,-7.642357212223146
13,33,53,72.11669715647855,59.541932792912746,60.45502245990235,-33.55658140108193
14,34,54,84.04946332420286,68.38358560608492,71.13669511448433,-28.216287498100655
15,35,55,85.0409652019485,70.0409652019485,69.157871365613,-42.4069605692589
16,36,56,89.31092401547062,70.31092401547062,68.12951281258705,-67.62262449447371
17,37,57,100.17041213066705,82.17041213066705,81.1800142451205,-137.33788776021265
18,38,58,87.35600469548143,72.35600469548143,74.42713098796094,-68.38240166279229
19,39,59,62.21328503059266,46.21328503059266,47.190954017241324,-18.315233856735176
20,40,60,50.02781016377634,36.02781016377634,38.70762223953676,-19.446190544022215
21,41,61,67.18678065755614,49.18678065755614,50.10541371908329,-55.963733083231205
22,42,62,33.01030154322302,17.010301543223022,16.828591879371743,-43.77372051890768
23,43,63,37.71754512400844,22.71754512400844,25.422424984382587,-40.54176264401224
24,44,64,39.75314933729169,22.984404340738024,25.601636863543433,-54.766144748161764
25,45,65,44.431386177269246,31.997500815614444,35.29261711727793,-29.841099043202576
26,46,66,25.407579957095493,19.22133000195953,23.512178577176996,-2.390182724923193
27,47,67,40.585427557937976,36.70266703334579,41.7939668383342,0.6293777731470982
28,48,68,44.720183493054265,41.263627523651564,47.19936705569705,0.9065501196783998
29,49,69,53.16359883790949,41.424069943765176,38.17827652739504,-9.980390479450307
30,50,70,78.63268337023493,70.63268337023487,68.03604863713889,29.76367033060137
31,51,71,75.19508976949436,69.1950897694943,67.99864907407527,34.70636389268145
32,52,72,67.41090016990762,55.73151694613671,54.32589553037758,-10.077940977240928
33,53,73,69.80767858622846,51.23291422266266,44.65335039535063,-34.901881293116844
34,54,74,79.48965070087525,60.823772982757305,57.09232129418831,-20.301825047883312
35,55,75,79.35965649183584,61.359656491835835,53.78436039096982,-39.25563840195355
36,56,76,85.90857528476624,65.90857528476624,58.50773714185641,-5.815419584645497
37,57,77,108.73519798344432,82.73519798344432,71.42672600197346,-71.06238949276917
38,58,78,108.94670533236712,83.59231841512275,73.4618046787972,-36.992513033412365
39,59,79,101.02055499974404,74.02055499974404,61.852098997412895,-67.98432170045135
40,60,80,96.81380668501731,71.81380668501731,61.181877694917034,-52.644814207096715
41,61,81,107.51133140748516,81.51133140748516,71.86213715947679,-66.44794416896355
42,62,82,88.83931357270234,66.83931357270234,57.08550887286958,-47.055462730732984
43,63,83,80.67535963001683,59.67535963001683,52.80814445440956,-33.459546670800364
44,64,84,76.44006019056093,53.67131519400726,44.74440881797443,-50.751197707775646
45,65,85,71.31569296474237,52.55261940449617,44.08889507928723,-43.15086146210501
46,66,86,35.238345838847636,29.68526924308162,26.92984195979335,13.32505243314472
47,67,87,33.900767790568466,27.20737009301405,26.709503956237086,19.907109192912742
48,68,88,25.82106159759195,16.100557407562178,15.104825134008138,1.500035607359564
49,69,89,24.42524997577766,14.596965646681042,13.601233373127002,-0.003556153521572014
50,70,90,32.50240248574539,25.772222105757237,23.28289142187225,-4.986357979494983
51,71,91,30.059183881370018,23.059183881370018,20.77810348368854,1.0912673041846688
52,72,92,46.4488163413547,33.76943311758379,31.338961753201943,-17.313177369251946
53,73,93,48.472078337617745,33.472078337617745,27.043807056802734,-39.065483813539686
54,74,94,52.78674850372124,37.786748503721185,34.20658936164921,-24.34352169772717
55,75,95,53.14028300501121,38.14028300501127,31.712011724196145,-17.101353871709364
56,76,96,53.756001373390234,43.756001373390234,41.68039818853032,7.5832379410312
57,77,97,70.7677745190627,59.7677745190627,55.06873296773426,-2.934097581411038
58,78,98,79.63325460685314,64.65336833933259,61.05528058544479,13.438517242174612
59,79,99,82.4155834884508,67.4155834884508,61.39448017290334,-10.538165531244147
60,80,100,70.40287037518146,56.402870375181465,50.173818195181866,3.390637607835572
61,81,101,75.80303455522517,62.02563182875019,58.58455736859719,-6.6425832487549314
62,82,102,79.7665373231988,70.7665373231988,65.16825738334177,-8.777919542924906
63,83,103,72.07860604070271,62.07860604070271,56.46989211291111,-18.6423272784819
64,84,104,72.25387040776036,61.25387040776036,54.45323925814773,-26.085307867733036
65,85,105,68.16588689847765,55.16588689847765,48.348821093609445,-17.041552229266756
66,86,106,64.18924075455527,46.18924075455527,40.62650858238317,-9.748376868696369
67,87,107,69.99768518412884,54.013414933387764,50.96290256080056,-6.54329967614467
68,88,108,38.36794433955987,19.933120991767566,18.93167185943247,-14.53779780648108
69,89,109,39.57679192889486,25.488036493942502,26.01056407336614,-53.834132781489416
70,90,110,60.24364537686046,43.5134649968723,35.02708478986784,-43.30498876392409
71,91,111,63.713842991069725,50.713842991069725,45.2813039838087,-17.717569519124083
72,92,112,78.78394716384491,61.783947163844914,54.04212738084402,-21.741321154588547
73,93,113,65.41921595939311,54.419215959393114,48.10782237147487,-10.869191816287923
74,94,114,93.42812167113902,66.42812167113902,55.87804646404334,-56.75977023886378
75,95,115,80.548083044392,61.548083044392,53.13932149999329,-33.27663240500311
76,96,116,73.45508654975197,56.45508654975197,48.33793581482303,-24.021650433062632
77,97,117,120.74551946474338,88.74551946474338,74.99444740634777,-96.86573937505489
78,98,118,107.110148112682,77.22128123769158,69.06800446332733,-133.96426635946477
79,99,119,97.77530704376409,68.77530704376409,60.26352027410729,-152.25734198641624
80,100,120,90.07288065173634,62.07288065173634,54.84237462241953,-128.79773476540902
81,101,121,85.9000289437086,60.12262621723369,56.543700104482355,-116.33415250185487
82,102,122,68.71809401511752,49.718094015117515,46.15038845111417,-97.57114464231142
83,103,123,66.01325422150478,44.01325422150478,39.298523837450375,-133.0226558605516
84,104,124,65.04099331328933,45.040993313289334,40.97542161250897,-139.32064977713537
85,105,125,63.70535614576869,42.70535614576869,38.037388674753515,-99.35498285978451
86,106,126,65.88624937625366,44.88624937625366,41.068931955783796,-66.06950676556403
87,107,127,81.73638557716589,59.73638557716595,58.42237286562079,-87.96520737001367
88,108,128,68.0103575319053,46.0103575319053,43.495982934599965,-86.9769437954941
89,109,129,77.7820990856784,50.7820990856784,43.23146442745906,-122.59228533971043
90,110,130,81.2906153251692,56.2906153251692,50.42886012106385,-125.80159974644789
91,111,131,82.04294440258172,63.042944402581725,60.16838601913827,-63.42440991547187
92,112,132,81.78294607456826,58.78294607456826,52.87720237317694,-93.39085905142713
93,113,133,65.34349962204783,48.34349962204783,44.38523197047863,-71.56628895149765
94,114,134,71.58815938571064,54.58815938571064,55.09840885556105,-33.462192149240195
95,115,135,63.93688236870349,52.93688236870349,54.27469750062659,-8.628458797779786
96,116,136,52.982128445609305,43.982128445609305,45.04651065909587,-15.370343026488058
97,117,137,86.55988814600693,62.55988814600693,55.91090749434716,-80.11655873377083
98,118,138,113.17227080288814,87.17227080288814,79.07978151060587,-132.64974051533
99,119,139,119.64951542874667,93.64951542874667,80.580443284007,-146.33687806251316
100,120,140,94.29814580034378,73.29814580034378,70.19792335470748,-99.94882409316051
101,121,141,98.9014234623071,76.9014234623071,71.78491044193885,-76.37592125926471
102,122,142,88.41429961427144,70.41429961427144,63.986801602454534,-80.54531109509333
103,123,143,102.66631235936745,79.98128008176229,71.204735604191,-88.78332386790316
104,124,144,84.22191532182654,69.10954978972558,63.53585319089359,-85.69948000649686
105,125,145,83.6326601085753,65.6326601085753,60.82995272994907,-66.14524890649989
106,126,146,78.42169319265224,63.42169319265224,57.69161588900437,-9.761887728703982
107,127,147,86.77050104622333,64.77050104622333,57.88778837507243,-54.63869461728177
108,128,148,77.79340902371081,58.93723863554925,51.70851612496318,-58.63855280159726
109,129,149,73.56354151453627,52.56354151453627,43.841220593619255,-62.59296177583525
110,130,150,75.40231671502193,52.95280770297438,44.577060372337314,-86.67440670369399
111,131,151,81.10635826778031,57.44822606490817,49.0724787342711,-53.52959192622541
112,132,152,81.2699107622804,57.78053014320261,49.05820922228554,-53.045840262177535
113,133,153,81.28426843704301,58.28426843704301,50.04925077104514,-49.80825674522703
114,134,154,48.67799585018332,34.67799585018332,32.11081066327381,-5.645044653672642
115,135,155,53.75355257113381,38.75355257113381,33.01842847087869,-10.135556339095672
116,136,156,56.72759346386641,40.72759346386641,35.516098595918834,-36.48085181295147
117,137,157,52.57130003257538,36.57130003257538,29.298589024703404,-31.555096528036756
118,138,158,69.17036546769958,49.17036546769958,41.138349081769036,-27.362265486876026
119,139,159,69.0650342693437,51.0650342693437,42.103443807357735,-35.603811582083324
120,140,160,49.46928411251838,41.979379493070326,37.99645039885439,0.9063962816595676
121,141,161,61.44924102192692,50.44924102192692,46.41981064378899,12.407836827167444
122,142,162,58.93320956689814,52.93320956689814,50.52559921652261,16.88545407408708
123,143,163,74.80627305007516,64.12124077247,59.83572658525998,3.0325529547542374
124,144,164,57.644751851134345,51.532386319033435,49.023526455673505,9.88518847593906
125,145,165,66.63960383391918,61.63960383391918,60.189993920874144,33.84225042724836
126,146,166,77.27766508082908,67.27766508082908,63.206856265503575,29.194882448882026
127,147,167,78.04492403538461,67.3637828952127,65.09730073771402,34.150934114755216
128,148,168,71.71306166489819,61.20721266295658,58.913163022854576,23.439439590389497
129,149,169,81.39664570277029,72.39664570277029,69.01615835080202,23.489034908610222
130,150,170,86.58407820528095,78.1345691932334,75.68922700663438,26.852753146384998
131,151,171,89.65464902089815,79.99651681802607,77.80036580928754,29.44038513031819
132,152,172,89.73455171509323,78.24517109601544,77.21897022155031,36.769609709320264
133,153,173,85.60935625919359,70.60935625919359,63.585991705632466,1.0534428720302458
134,154,174,72.98760208977762,56.987602089777624,50.60740187522333,-18.612059323241795
135,155,175,70.34487553422713,56.34487553422713,48.805015438454404,-20.97928113940162
136,156,176,72.58537209820992,55.585372098209916,50.09560340747697,-16.967520487419165
137,157,177,68.6706278808096,51.670627880809604,43.30663823577771,-48.212702503036894
138,158,178,60.21792221349682,40.21792221349682,34.872728511062746,-39.865767649028385
139,159,179,58.93671626216724,41.39916788363371,40.73068214572038,-27.22877357413688
140,160,180,43.13473215208592,36.13473215208592,34.656382149379624,-9.046538529373834
141,161,181,48.25525680072121,36.25525680072121,34.83029910185314,-5.6055020146096695
142,162,182,37.49593859958634,33.49593859958634,31.077879148314878,-6.242604810446892
143,163,183,41.27688189550855,30.49909010819789,30.133189463278597,-24.612614558753876
144,164,184,36.36412044615395,30.364120446153947,30.14951234773173,-10.245155799052213
145,165,185,38.10996218638974,28.109962186389737,25.903889540859552,-37.36074635663101
146,166,186,44.437852464386026,32.437852464386026,28.737054004022127,-25.23172933046095
147,167,187,36.41308414459252,22.731943004420543,20.358156797710762,-22.038286133522774
148,168,188,31.263731499519565,18.61405288573951,17.945567147826182,-33.16279368960784
149,169,189,27.237053633040148,9.237053633040091,8.862919979738308,-20.848823806615655
150,170,190,39.26445470146052,20.264454701460522,16.901118665511035,-30.927883159283283
151,171,191,51.99467366841037,32.99467366841037,29.080394514126965,-55.34344699662438
152,172,192,58.54966882219401,37.54966882219401,35.05453098004455,-64.92521144368266
153,173,193,70.10652675524176,49.10652675524176,43.50336814684442,-91.73555960162764
154,174,194,63.51480824112559,46.51480824112559,43.59626136039617,-78.8613426117546
155,175,195,55.81411365110978,40.81411365110978,38.891299043934396,-65.90476704787307
156,176,196,50.08654726685489,27.08654726685495,28.382993126661972,-116.12542667828859
157,177,197,64.30426000182194,42.304260001821945,41.05526552056733,-114.53531347388173
158,178,198,56.84641007322375,36.84641007322375,36.85395541705975,-86.87962286337188
159,179,199,53.89556231185048,34.358013933316954,37.54582618576933,-93.73268722629052
160,180,200,61.89557706695069,43.89557706695069,43.62505255096528,-47.56543888415672
161,181,201,62.96373652200475,41.96373652200475,39.47974022612732,-97.38430202120321
162,182,202,65.01430123037579,45.01430123037579,42.681597480995265,-81.9938436835663
163,183,203,56.7325815239538,36.954789736643136,35.92040335381057,-68.18777367773464
164,184,204,59.27446522715417,43.27446522715417,42.58665243460166,-80.73214543992208
165,185,205,60.64405121739634,42.64405121739634,42.55276945232805,-63.39911067579237
166,186,206,52.820880687747604,38.820880687747604,38.78222657846908,-72.83036628332798
167,187,207,34.75597759351513,18.755977593515127,17.44907810602416,-67.47605470315887
168,188,208,30.34745465921185,15.347454659211849,14.464360822876358,-66.57709453602479
169,189,209,27.001322550715145,7.001322550715145,9.605141670840908,-48.070778401374355
