Left,Mid,Right,Loss,Loss_left,Loss_right,gain,glasso
0,20,40,1359.6735537190252,994.6362750147962,979.6402450186796,-614.6029663144504,1.3787234277248217
1,21,41,1360.7086933278165,995.9789132156778,981.6602091123931,-616.9304290002544,1.4726961507583383
2,22,42,1367.2339772768432,999.3027838607773,982.8659933356771,-614.9347999196111,-0.4538596894121838
3,23,43,1366.7793169638073,997.581903615014,983.598191371812,-614.4007780230188,2.6952156869466535
4,24,44,1364.5143756249595,1001.4837381289167,978.501080124584,-615.4704426285412,4.691246974962496
5,25,45,1358.8921942328684,990.0501576599562,987.9274802938564,-619.0854437209441,3.946995178856355
6,26,46,1362.277434847756,1001.5464606754658,981.019404334106,-620.2884301618158,1.094723642253939
7,27,47,1355.4471391654743,995.2827314895078,982.2585265547501,-622.0941188787838,1.4807317964606455
8,28,48,1341.6242093114738,997.92323348633,976.2896125406216,-632.5886367154778,1.0275651350001453
9,29,49,1356.012422971092,1006.6586561669071,974.342095335601,-624.9883285314161,-0.7967202664463002
10,30,50,1355.3486622325286,1006.399248626535,974.1818496872786,-625.232436081285,-1.6183170373022904
11,31,51,1355.0878595123231,1003.381318524139,975.6853793041275,-623.9788383159434,-1.6475692920917027
12,32,52,1340.7452562008175,1000.037156036,973.5229850248003,-632.8148848599828,-3.301047853043883
13,33,53,1343.232520270758,1000.4049312884072,978.510235138951,-635.6826461566002,-2.3432634430173493
14,34,54,1346.9770706354293,994.1279071716751,983.9547791749969,-631.1056157112428,-2.679966860942727
15,35,55,1360.409789126826,982.72353745785,1002.5922014849164,-624.9059498159404,-10.79957066168356
16,36,56,1358.8422103425564,984.9938255135131,1001.565498603803,-627.7171137747596,-7.119718493577466
17,37,57,1355.2893056418138,983.3909918498689,1002.2619626903781,-630.3636488984332,-6.998511452414959
18,38,58,1356.475243599014,975.7655900817556,1006.5067783663794,-625.797124849121,2.2958466597066263
19,39,59,1354.0105227552003,977.0606973730896,998.9055156080676,-621.9556902259569,7.764866019147348
20,40,60,1352.0008733360123,979.6402450186796,993.8924300852648,-621.5318017679319,5.749872384152468
21,41,61,1364.0574257405124,981.6602091123931,994.4700764628683,-612.0728598347491,7.619271014703827
22,42,62,1360.114976536578,982.8659933356771,988.918998800006,-611.670015599105,7.103649442963956
23,43,63,1362.961211416845,983.598191371812,984.5149802264787,-605.1519601814457,12.0017623094368
24,44,64,1366.9693380140716,978.501080124584,988.0019683327886,-599.5337104433011,16.88545011272697
25,45,65,1371.1249226603315,987.9274802938564,992.181901264125,-608.98445889765,14.123909766280462
26,46,66,1367.4806924410548,981.019404334106,1001.3242818181551,-614.8629937112062,9.466823464787694
27,47,67,1390.9783607675654,982.2585265547501,1015.1734757309011,-606.453641518086,11.427838017426893
28,48,68,1395.2021719295658,976.2896125406216,1016.2481906246022,-597.3356312356582,10.016982424106686
29,49,69,1383.3455744916855,974.342095335601,1014.0379492338897,-605.034470077805,10.79807459033509
30,50,70,1398.923025012697,974.1818496872786,1021.638324718228,-596.8971493928095,9.896438642557769
31,51,71,1402.0943069931918,975.6853793041275,1022.8885773850232,-596.4796496959589,9.408868096137553
32,52,72,1402.971318817556,973.5229850248003,1027.00691417332,-597.5585803805643,9.498769245350331
33,53,73,1403.9790548205726,978.510235138951,1023.2050573973722,-597.7362377157506,7.941400369051507
34,54,74,1398.8856972397073,983.9547791749969,1018.9804368792798,-604.0495188145694,6.162298141416045
35,55,75,1412.592323675614,1002.5922014849164,1016.1089262533765,-606.1088040626789,6.534929348744868
36,56,76,1405.0596585753628,1001.565498603803,1011.8523932263014,-608.3582332547417,5.235461089824412
37,57,77,1408.0634470571374,1002.2619626903781,1012.217196688261,-606.4157123215016,5.571224750453098
38,58,78,1413.7325196837696,1006.5067783663794,1001.2072989673431,-593.981557649953,8.769707783190938
39,59,79,1386.955457292333,998.9055156080676,990.3294368333175,-602.2794951490521,6.432202140463801
40,60,80,1395.8989749184202,993.8924300852648,1000.2985560778496,-598.2920112446941,5.7572665719144425
41,61,81,1398.2265227789753,994.4700764628683,1003.8606844627341,-600.104238146627,7.685987203126501
42,62,82,1396.7522375684655,988.918998800006,1004.5878727732094,-596.75463400475,7.419385254040662
43,63,83,1386.8091618753117,984.5149802264787,1001.0937201884813,-598.7995385396482,7.057215373498366
44,64,84,1393.716674290823,988.0019683327886,1000.6138423254314,-594.899136367397,12.501272279526688
45,65,85,1394.694829482051,992.181901264125,1003.717629741532,-601.204701523606,9.488808802189283
46,66,86,1389.268945301164,1001.3242818181551,1004.1943211355047,-616.2496576524959,4.869230726785531
47,67,87,1394.4842717826277,1015.1734757309011,989.5964469107347,-610.285650859008,6.783649212800697
48,68,88,1400.6277680206704,1016.2481906246022,998.3149675547378,-613.9353901586696,5.975329916295777
49,69,89,1401.0334283402722,1014.0379492338897,1003.0432281579832,-616.0477490516007,4.885405852091253
50,70,90,1409.390828104105,1021.638324718228,1005.3491013604247,-617.5965979745479,1.390845033038886
51,71,91,1408.9641723959503,1022.8885773850232,1006.3702748515584,-620.2946798406313,-0.6618405342117057
52,72,92,1417.0748279834781,1027.00691417332,1010.5031202007594,-620.4352063906013,4.294836404594093
53,73,93,1422.1546344051667,1023.2050573973722,1011.7941361525238,-612.8445591447294,7.114151743674029
54,74,94,1407.7658765411525,1018.9804368792798,1013.3405030903384,-624.5550634284657,3.307927910402668
55,75,95,1389.425407570852,1016.1089262533765,1003.7514686399893,-630.4349873225137,0.6104640901675111
56,76,96,1393.3433586599645,1011.8523932263014,1016.415512558505,-634.9245471248419,0.14944179289045678
57,77,97,1391.1713798688866,1012.217196688261,1016.8743031016221,-637.9201199209965,0.003612438200775614
58,78,98,1383.6235035105465,1001.2072989673431,1010.6069443215645,-628.1907397783611,1.747503392633007
59,79,99,1389.6827132033363,990.3294368333175,1017.9323377910357,-618.5790614210168,3.421426966834474
60,80,100,1395.0224605315238,1000.2985560778496,1017.861178631893,-623.1372741782188,6.597904676863095
61,81,101,1399.5114927778673,1003.8606844627341,1016.0039576981872,-620.353149383054,7.7439536135482285
62,82,102,1392.843079832925,1004.5878727732094,1011.4761156668205,-623.2209086071048,5.412328256237288
63,83,103,1402.4108861248906,1001.0937201884813,1017.5404453199122,-616.2232793835028,9.068805596362495
64,84,104,1397.4799986703968,1000.6138423254314,1014.3888159403141,-617.5226595953488,10.270217074173047
65,85,105,1395.4195839209342,1003.717629741532,1014.5369554874577,-622.8350013080556,8.567173376930896
66,86,106,1392.430083977979,1004.1943211355047,1012.6661053129724,-624.4303424704981,8.06052770277222
67,87,107,1372.613668356364,989.5964469107347,1001.3515079955788,-618.3342865499494,9.103057806929087
68,88,108,1372.9420752174558,998.3149675547378,990.930782025839,-616.303674363121,9.589926832752099
69,89,109,1374.6778197008584,1003.0432281579832,989.3225938862968,-617.6880023434214,12.66369811277923
70,90,110,1376.3030923650003,1005.3491013604247,990.8781506612582,-619.9241596566826,9.727565484949878
71,91,111,1375.7545499232263,1006.3702748515584,991.6866065421349,-622.3023314704672,6.509312792478795
72,92,112,1383.407156600055,1010.5031202007594,983.0355259363246,-610.131489537029,8.546007173352223
73,93,113,1371.0699809518728,1011.7941361525238,978.6491387989737,-619.3732939996248,5.289769303734261
74,94,114,1375.1206942718268,1013.3405030903384,982.3548076547257,-620.5746164732373,5.816712007807041
75,95,115,1369.7636028807774,1003.7514686399893,986.0892157208737,-620.0770814800856,4.298169195377341
76,96,116,1374.839121328713,1016.415512558505,986.2801821705166,-627.8565734003087,1.8567520914566558
77,97,117,1387.3881449407668,1016.8743031016221,998.6888630417122,-628.1750212025677,2.5323471654874083
78,98,118,1386.4560918228317,1010.6069443215645,1003.5184008133318,-627.6692533120645,2.8151083526457796
79,99,119,1394.388264593129,1017.9323377910357,1003.2275952497776,-626.7716684476843,-0.3569471136701168
80,100,120,1387.997467392337,1017.861178631893,997.285841545599,-627.149552785155,-0.1271407097718793
81,101,121,1388.880620899742,1016.0039576981872,1004.6241024441538,-631.7474392425988,1.5187781826500668
82,102,122,1383.99229586992,1011.4761156668205,1001.7850243605658,-629.2688441574662,2.5260029368182586
83,103,123,1382.3356829850336,1017.5404453199122,991.7068104746483,-626.9115728095269,3.6220540405251995
84,104,124,1382.6219568127065,1014.3888159403141,989.9537421911207,-621.7206013187283,0.7718861769556042
85,105,125,1378.9179044007467,1014.5369554874577,990.031915585028,-625.6509666717391,-0.411300804651205
86,106,126,1384.1097777182185,1012.6661053129724,987.4493559429077,-616.0056835376615,9.01728966179678
87,107,127,1382.868078832183,1001.3515079955788,997.8677600388708,-616.3511892022666,11.101086591939179
88,108,128,1392.3437337988344,990.930782025839,1011.0051698555012,-609.592218082506,16.671539264324906
89,109,129,1389.2072803146266,989.3225938862968,1010.8565100772485,-610.9718236489186,17.219254312486328
90,110,130,1385.6431447513746,990.8781506612582,1007.811669476087,-613.0466753859705,16.23292119784287
91,111,131,1388.4482080424987,991.6866065421349,1012.4810046561205,-615.7194031557567,15.85910301123863
92,112,132,1379.7096288013163,983.0355259363246,1008.7252320552743,-612.0511291902826,13.726977461697857
93,113,133,1387.8845631360698,978.6491387989737,1010.8426776063552,-601.607253269259,16.370971242998394
94,114,134,1393.6131424371301,982.3548076547257,1020.0979535234619,-608.8396187410576,20.893229637788522
95,115,135,1395.4131836794197,986.0892157208737,1022.6095659019015,-613.2855979433555,18.742597799763757
96,116,136,1395.8787812998662,986.2801821705166,1027.466931508728,-617.8683323793784,15.7950763576099
97,117,137,1390.5797608108985,998.6888630417122,1019.3017780857904,-627.4108803166041,9.889965893341014
98,118,138,1387.811656520818,1003.5184008133318,1017.0166629814362,-632.7234072739502,6.826796237256076
99,119,139,1386.8167874119827,1003.2275952497776,1019.9880748542521,-636.398882692047,3.8361437596865926
100,120,140,1386.6912371983199,997.285841545599,1022.0530315410641,-632.6476358883433,5.293728541498012
101,121,141,1396.34414528962,1004.6241024441538,1020.0855147213609,-628.3654718758949,6.883191665575282
102,122,142,1404.5230990133007,1001.7850243605658,1028.9090714840859,-626.170996831351,7.442866734872609
103,123,143,1405.8208756709516,991.7068104746483,1035.549326887346,-621.4352616910426,6.876477363086792
104,124,144,1406.9533748976976,989.9537421911207,1040.0530779166556,-623.0534452100787,3.8849622297015003
105,125,145,1425.4877224238826,990.031915585028,1050.2012365667238,-614.7454297278691,7.218334272021252
106,126,146,1406.1373761908549,987.4493559429077,1043.8093425558604,-625.1213223079133,4.132271417638776
107,127,147,1421.2124049382255,997.8677600388708,1043.7491654260812,-620.4045205267264,6.731899959230304
108,128,148,1427.8839935380788,1011.0051698555012,1033.765386405847,-616.8865627232694,8.709802089731625
109,129,149,1429.292950606743,1010.8565100772485,1038.7832509482969,-620.3468104188023,6.863838203056275
110,130,150,1428.8590694585034,1007.811669476087,1032.3491229460597,-611.3017229636432,8.195695119086281
111,131,151,1441.847102900048,1012.4810046561205,1034.6746209986961,-605.3085227547685,8.92584017431625
112,132,152,1441.0309129211864,1008.7252320552743,1033.581087698515,-601.2754068326028,8.865977409865195
113,133,153,1438.220294340006,1010.8426776063552,1022.358457663905,-594.9808409302543,11.508744372672709
114,134,154,1444.0621891482635,1020.0979535234619,1010.5160063177862,-586.5517706929845,16.03278315955731
115,135,155,1451.3920816638483,1022.6095659019015,1010.0501697467225,-581.2676539847757,16.14773719224513
116,136,156,1456.3132591376107,1027.466931508728,1011.9813447632595,-583.135017134377,16.321456983646385
117,137,157,1452.9628944164442,1019.3017780857904,1008.7500661986094,-575.0889498679555,16.52311406964668
118,138,158,1434.0391479795492,1017.0166629814362,1002.6900333736749,-585.6675483755619,14.504837525334324
119,139,159,1428.4366663088376,1019.9880748542521,999.1099757889313,-590.6613843343457,13.786885950976398
120,140,160,1425.64394652906,1022.0530315410641,1001.3655385200987,-597.7746235321029,12.233750392626234
121,141,161,1418.09285522137,1020.0855147213609,1004.3390920291372,-606.3317515291283,8.292733759858834
122,142,162,1417.744137031796,1028.9090714840859,996.1405270198311,-607.3054614721209,9.026334311115534
123,143,163,1421.2663112163355,1035.549326887346,994.423693227885,-608.7067088988956,9.49466689838357
124,144,164,1424.8471704117997,1040.0530779166556,999.3289582991108,-614.5348658039668,7.690541613305754
125,145,165,1442.2096019423516,1050.2012365667238,998.9707030867997,-606.962337711172,10.713678523006138
126,146,166,1439.7340794879024,1043.8093425558604,1000.6809173824829,-604.756180450441,11.848444575975805
127,147,167,1426.2794869586396,1043.7491654260812,990.5044214935523,-607.974099960994,11.076540475002616
128,148,168,1412.1180522486175,1033.765386405847,1001.1145420580954,-622.761876215325,7.6544823813438825
129,149,169,1412.387183068648,1038.7832509482969,995.6939915155108,-622.0900593951596,6.810169439552283
130,150,170,1421.8392906946406,1032.3491229460597,1007.4113377765159,-617.921170027935,6.878781737148643
131,151,171,1419.0177935368501,1034.6746209986961,1004.0974723634451,-619.7542998252911,8.555215468896336
132,152,172,1419.7354792101328,1033.581087698515,1005.8969950763765,-619.7426035647586,7.925251175566473
133,153,173,1410.4324545831287,1022.358457663905,1008.8259082177444,-620.7519112985208,6.7712790871153175
134,154,174,1395.5900972091008,1010.5160063177862,1006.0585816962965,-620.9844908049818,4.849751398147873
135,155,175,1380.2927473636628,1010.0501697467225,995.9980614352598,-625.7554838183196,1.911307432782337
136,156,176,1376.7554647811548,1011.9813447632595,994.9789922506272,-630.2048722327318,0.5484501984553845
137,157,177,1376.1671128120843,1008.7500661986094,998.0681895458542,-630.6511429323793,-0.09894222466675728
138,158,178,1370.9231962360282,1002.6900333736749,996.2071841030247,-627.9740212406714,1.1985126665011876
139,159,179,1368.90726482413,999.1099757889313,995.2668068035329,-625.4695177683343,2.9100445958606542
140,160,180,1364.6389729997202,1001.3655385200987,992.6586214423969,-629.3851869627754,1.8956887867632304
141,161,181,1367.383771113675,1004.3390920291372,989.5732160329711,-626.5285369484334,3.6002885906517577
142,162,182,1362.0487223384657,996.1405270198311,990.0808326713512,-624.1726373527167,5.212546159641306
143,163,183,1361.9105103485344,994.423693227885,980.8663919133221,-613.3795747926727,8.469009522494616
144,164,184,1367.154020495671,999.3289582991108,994.8701947393251,-627.045132542765,6.116219617474485
145,165,185,1359.0952510791785,998.9707030867997,984.1945335848953,-624.0699855925166,3.7966688450965194
146,166,186,1368.8482454748123,1000.6809173824829,994.0593882151513,-625.8920601228219,1.7418967925548259
147,167,187,1364.27583784576,990.5044214935523,992.4544453253767,-618.683028973169,3.3165413976335003
148,168,188,1372.907465804915,1001.1145420580954,992.9238121395795,-621.1308883927597,2.8342176294606816
149,169,189,1364.6755722437815,995.6939915155108,991.1747907257093,-622.1932099974385,1.7541567504991917
150,170,190,1367.8665114084017,1007.4113377765159,986.6211052241741,-626.1659315922882,-1.7974171036476037
151,171,191,1365.8396749993617,1004.0974723634451,987.0408358128177,-625.2986331769011,0.4353622972598714
152,172,192,1374.5760224238834,1005.8969950763765,995.1915896424805,-626.5125622949736,5.190589780294204
153,173,193,1375.0521684902014,1008.8259082177444,993.5550548801883,-627.3287946077312,5.667939027729517
154,174,194,1375.0475113374519,1006.0585816962965,993.0446274757012,-624.0556978345458,5.413383340517839
155,175,195,1370.838810973161,995.9980614352598,996.2220255131666,-621.3812759752655,5.1706769803545285
156,176,196,1373.770386137344,994.9789922506272,1002.4846806883788,-623.693286801662,4.384361643502984
157,177,197,1380.6973888290036,998.0681895458542,1005.2200048737884,-622.5908055906391,6.738340681694922
158,178,198,1382.7494623273567,996.2071841030247,1007.3169505331006,-620.7746723087687,3.825941937815287
159,179,199,1387.122242648005,995.2668068035329,1009.1322028329234,-617.2767669884513,6.211243974733748
160,180,200,1387.4008099845983,992.6586214423969,1010.2973719588327,-615.5551834166313,7.284336757387564
161,181,201,1386.1737425850415,989.5732160329711,1012.1724314132939,-615.5719048612236,7.329160716047227
162,182,202,1394.4814475890357,990.0808326713512,1022.675187603063,-618.2745726853786,9.554781165461804
163,183,203,1387.871886490123,980.8663919133221,1017.3499427237464,-610.3444481469455,10.190787035975063
164,184,204,1390.0319627333672,994.8701947393251,1009.2550153988907,-614.0932474048486,8.69061065223309
165,185,205,1375.924400474306,984.1945335848953,1009.3016401456666,-617.5717732562562,12.664324811468873
166,186,206,1368.910238124574,994.0593882151513,997.1270036802414,-622.2761537708186,14.947715044089477
167,187,207,1371.7240355406473,992.4544453253767,1000.420736690635,-621.1511464753644,13.917609471350374
168,188,208,1364.1533118801017,992.9238121395795,992.8425572016789,-621.6130574611566,14.246258720147694
169,189,209,1360.4897639811852,991.1747907257093,994.7257303973611,-625.4107571418851,12.73465464849312
