Left,Mid,Right,Loss_likeli,Loss_AIC,Loss_BIC,Loss_eBIC
0,20,40,45.99683170990795,38.99683170990795,40.01722542610855,-32.55496765479222
1,21,41,40.773224310216506,31.773224310216506,32.144459343143126,-23.089292075097433
2,22,42,41.61266072304409,28.612660723044087,26.99243120886274,-58.776571560248044
3,23,43,33.82763390206111,23.82763390206111,23.701002798210766,-48.3901815337199
4,24,44,34.31203638681785,25.31203638681785,26.029845010024474,-48.49770818891125
5,25,45,38.326643944108525,29.326643944108525,30.044452567315147,-35.19738668742889
6,26,46,37.25813491611399,24.25813491611399,23.33105258249259,-57.662307344714804
7,27,47,25.74222799866493,14.74222799866493,14.464304348317626,-47.37071756396267
8,28,48,9.758442743905732,-3.241557256094268,-4.515213179995612,-65.83288973009871
9,29,49,19.64362523217443,6.76082443348605,7.478633056692729,-25.62572272526336
10,30,50,23.616677544716197,7.616677544716197,6.556803343927186,-48.973669705263546
11,31,51,20.82648316604792,5.826483166047922,4.064698562472756,-44.27661769271549
12,32,52,10.176572867188042,-1.8234271328119576,-3.292364100496229,-92.50067085273145
13,33,53,2.7737374902872034,-9.226262509712797,-10.348625887117066,-90.17102874462978
14,34,54,9.58573167892547,-6.41426832107453,-10.567817016426716,-81.35892013529303
15,35,55,18.842415254719413,1.8424152547194126,-2.462425987129791,-107.74695207092338
16,36,56,12.879585306822946,-2.7648204981599065,-4.277745963130144,-65.1177072524332
17,37,57,11.949252362116624,-2.0507476378833758,-5.55513764996158,-71.43167253616184
18,38,58,25.213344617443965,8.213344617443965,5.9879449172746035,-94.99332567371266
19,39,59,23.53681597808071,8.53681597808071,8.000295732025279,-53.768010541426065
20,40,60,32.143723850199706,19.14372385019965,19.256362287418256,-35.656635195229114
21,41,61,39.82169055815973,30.82169055815973,32.92579354248619,-27.487759618546875
22,42,62,48.821906540584564,38.821906540584564,39.734996207574056,-48.573612157932644
23,43,63,65.02913686261121,55.02913686261121,55.24907934904081,-49.228576640162146
24,44,64,69.16761190382613,62.16761190382613,64.57429998114662,-17.443041579478518
25,45,65,63.236821552006404,56.236821552006404,58.296936039046955,2.3355693280839205
26,46,66,63.15279914778489,48.15279914778489,45.5368373600495,-34.65953055368482
27,47,67,68.4221607013244,57.4221607013244,57.14423705097698,-55.66641204784298
28,48,68,84.7665442470614,71.7665442470614,70.49288832316,-28.375006849084457
29,49,69,72.83306613101331,54.833066131013254,48.64406439126708,-42.01404002143272
30,50,70,78.3140552229379,57.314055222937895,52.86386443221545,-53.02705456617889
31,51,71,76.10111515652557,58.10111515652562,52.94403714216935,-56.622402310985535
32,52,72,78.6036073465001,57.6036073465001,49.27174616359048,-63.491669998823795
33,53,73,75.44492874990931,53.44492874990931,42.0541076611633,-84.07601793411709
34,54,74,60.19729616667428,42.19729616667428,33.58227929496837,-56.17839267111776
35,55,75,55.51821658920329,41.81773125619452,32.70484824771154,-66.38310402724846
36,56,76,53.326258317919496,33.808646795350796,27.858684235072474,-60.57244768814371
37,57,77,54.4280282074227,33.4280282074227,25.126605643480048,-69.00521212440788
38,58,78,80.11441482736177,53.11441482736177,39.79308594027145,-122.65119125624096
39,59,79,63.53847101907195,39.53847101907195,27.68634685695872,-105.36120915676236
40,60,80,73.06992650712482,49.06992650712482,38.5074335855968,-93.52057698653243
41,61,81,68.50219912656235,48.502199126562346,39.93117075214241,-88.73465097671533
42,62,82,70.1580215704841,50.158021570484095,41.40418313725172,-76.01918271143654
43,63,83,71.77228105847155,49.77228105847155,40.8393174045238,-67.08837106744238
44,64,84,83.4301638224714,66.4301638224714,59.699307448662296,-55.028436148233254
45,65,85,71.85509237306087,56.85509237306087,51.11996827280581,-28.04725450397268
46,66,86,55.96329425045337,37.96329425045337,31.08114533014725,-69.17584759160297
47,67,87,57.8704064130543,44.8704064130543,40.47758817663316,-55.96046739174449
48,68,88,52.37853586792522,32.37853586792522,25.03730480527895,-46.46038615880286
49,69,89,49.72095563290202,29.72095563290202,22.33865593814619,-32.62774412872875
50,70,90,42.355570903859984,22.355570903859984,21.172900014547395,-2.5265860005537206
51,71,91,44.84790944021779,26.847909440217904,20.997684245301684,-17.922265039894455
52,72,92,54.8770349598301,30.48170148067379,32.972555014116665,-11.377173590878328
53,73,93,53.58689919144962,39.33668778854803,39.78744971710046,-7.111720734180153
54,74,94,48.52234965911316,35.52234965911316,34.96702378947475,-8.716036839489448
55,75,95,38.54858246787563,25.548582467875633,21.848911412014445,-42.30894848756441
56,76,96,43.87847497365658,25.005269256070733,21.540443672722404,-52.45805292330829
57,77,97,41.55480964959747,21.554809649597473,17.12383087873377,-19.229827413131943
58,78,98,47.46026308788953,32.46026308788953,28.111433348754304,-2.331741114692136
59,79,99,61.966220935578576,43.966220935578576,38.1237927861124,-50.51320244972703
60,80,100,55.2792628438076,35.2792628438076,29.952215758630473,-43.64368118409607
61,81,101,58.88109920243858,38.88109920243858,32.38951236969842,-46.48582819101705
62,82,102,40.95520031182065,18.95520031182059,12.507601976366345,-56.558377674610824
63,83,103,57.11058488484554,26.110584884845593,15.815988312424565,-94.9654235835842
64,84,104,54.12146407056025,31.12146407056025,24.175999598328872,-89.72095770427677
65,85,105,51.25186654262467,30.25186654262461,24.648707934227332,-78.64910361071577
66,86,106,52.89945643882879,34.89945643882879,32.869337782442244,-154.93009012909965
67,87,107,61.35281843782059,41.35281843782059,36.94067314676022,-132.69902431568482
68,88,108,52.832321987463956,25.832321987463956,17.432043099338443,-147.84947429874512
69,89,109,49.528267315152334,28.528267315152334,24.46041097669911,-115.84889809165543
70,90,110,54.82105567649819,34.82105567649819,31.155483602793765,-106.91186957549564
71,91,111,58.208444290470766,38.208444290470766,32.4100046382905,-116.07200302725528
72,92,112,75.72644515515697,43.33111167600066,40.02200270770538,-107.56786214139026
73,93,113,58.30567426171717,39.05546285881553,36.74208616407418,-84.45566562550755
74,94,114,62.405341703205465,37.405341703205465,31.568769372803104,-81.66622528179153
75,95,115,60.92820495263118,35.92820495263118,26.600713845725977,-137.57971128588952
76,96,116,32.433134340779475,12.433134340779475,7.172125254106163,-113.10278175852488
77,97,117,28.541039833632908,7.541039833633022,2.1912965690178225,-75.72335983266112
78,98,118,23.432662579319867,3.4326625793198673,-1.3260563020204472,-60.586246818240625
79,99,119,19.13592591335953,1.1359259133595287,3.158195910748532,-52.34155976049908
80,100,120,23.414784145147223,2.414784145147223,1.7981939165248377,-51.0229335988181
81,101,121,17.396410196765146,-2.528799674328525,-1.0738553732759328,-74.12534027325273
82,102,122,25.273967241865876,5.273967241865876,4.005454989025907,-69.95390968503523
83,103,123,38.47420353031657,16.474203530316572,12.799193917102116,-108.88903632936047
84,104,124,50.86643597242761,25.866435972427666,18.61838640720225,-94.05730654098079
85,105,125,48.94941426320531,24.949414263205313,14.772096261067077,-113.05372957469581
86,106,126,62.13847257950874,43.13847257950874,39.93398643236492,-140.94358807318645
87,107,127,53.639720712906694,36.63972071290664,34.76089460301728,-129.32276695355654
88,108,128,56.62454789044341,33.62454789044341,30.83796650157194,-156.74201154526463
89,109,129,67.2971119111869,50.2971119111869,51.88402170409722,-94.17497239143052
90,110,130,63.562231721748844,44.562231721748844,45.15340924110512,-120.30686621130246
91,111,131,60.52052980848623,37.52052980848623,34.73394841961476,-100.43917533448791
92,112,132,73.4376651193395,47.4376651193395,41.42461736873702,-124.0572813791523
93,113,133,87.49025683449952,56.49025683449952,47.987878400012164,-101.3746457141574
94,114,134,88.03776070437448,50.03776070437448,41.16948162496794,-144.81463395372498
95,115,135,73.78363353189798,33.783633531897976,24.41712917372854,-164.1523037270241
96,116,136,71.48802242263224,36.488022422632184,27.836272227096288,-137.5000539523869
97,117,137,53.273701761506004,24.273701761506004,18.15334996169247,-163.1647275587111
98,118,138,38.55150374165055,11.55150374165055,6.426884215390942,-87.29731119485757
99,119,139,30.626501724364516,6.626501724364516,6.008148491371458,-18.93147291100172
100,120,140,42.28816145813539,19.28816145813539,17.55101997923589,-25.28473402808379
101,121,141,41.56328193866523,23.638072067571557,25.049027871338012,-39.73334763663706
102,122,142,44.398085914496164,27.398085914496164,26.236877710867248,-62.657110153101485
103,123,143,49.34388965321466,35.34388965321466,34.26551477309624,-66.90100078274077
104,124,144,56.67637561086019,38.67637561086019,35.25996259335386,-80.17605809407257
105,125,145,57.7903585687049,39.790358568704846,39.81083544843216,-68.88519227607583
106,126,146,49.18274636922263,33.18274636922263,31.47185863240975,-76.15637425263458
107,127,147,44.68308445801915,29.683084458019152,28.106843441123715,-38.913815783748646
108,128,148,56.30303698671503,37.30303698671503,34.557419784148806,-93.81386286805628
109,129,149,52.493766251462034,37.493766251462034,37.84706457944458,-77.27496171580515
110,130,150,55.0791357494312,41.0791357494312,41.1740583273089,-77.8896884672439
111,131,151,60.354000029163956,41.3540000291639,38.81057649102445,-64.83012854217475
112,132,152,68.18333642721825,46.3681098308399,45.13844240422452,-68.57144689510153
113,133,153,78.35203678338075,53.352036783380754,48.73443491895887,-88.58650626859333
114,134,154,104.93556320232022,71.93556320232017,61.397731723438824,-118.55716382094704
115,135,155,98.75413260062078,59.75413260062078,50.83964093879854,-137.78165691127663
116,136,156,97.90093308480459,57.78692028752357,48.39803441414165,-141.97738800214552
117,137,157,98.14006376674376,61.140063766743765,48.1394303373736,-131.92897717441144
118,138,158,84.89189200914603,53.89189200914609,41.577204081578884,-69.75106775839379
119,139,159,80.41396974816485,54.413969748164845,43.6385274071547,-62.22145452801499
120,140,160,80.14140977149293,50.14140977149293,39.032578330242245,-92.28356001833197
121,141,161,69.20193610639888,47.201936106398875,38.67489622926473,-100.95132707892321
122,142,162,72.65910199306956,49.659101993069555,40.63419597915845,-115.8295534898972
123,143,163,68.88596175577243,41.99525691353398,33.61950958289697,-100.66014046728651
124,144,164,65.2907297540255,39.290729754025506,28.772225329783396,-113.9664766789308
125,145,165,58.76217377884541,35.76217377884541,27.49756263597567,-73.46371231534818
126,146,166,63.35422935099439,38.35422935099439,29.197772798828282,-94.01385857608443
127,147,167,61.586475220211696,38.586475220211696,30.10308872715609,-61.3197235176076
128,148,168,50.5022402592777,31.502240259277755,28.343110465631298,-22.71672118408617
129,149,169,46.974073293787,31.974073293787,28.16848853840986,-26.953785584577076
130,150,170,48.27234991105047,27.27234991105047,21.45619439952941,-72.27826301092693
131,151,171,54.87411156134726,37.87411156134726,34.246978755081955,-30.832002367909013
132,152,172,51.902065217864106,32.086838621485754,30.813182697584352,-29.74042698206722
133,153,173,48.30520174974765,33.305201749747766,35.054957042967544,-20.756077993210738
134,154,174,49.87771664886026,36.87771664886026,32.071985594024,-25.203196785954674
135,155,175,36.356443610238784,20.356443610238784,18.164592744539846,-10.846666536293583
136,156,176,34.0917739261626,18.97776112888164,17.07427357634549,-17.054757982575325
137,157,177,28.785524755358495,17.785524755358495,15.333927246797543,-12.805390161738842
138,158,178,31.337172421283412,21.337172421283412,18.784526185473226,-11.720816861106414
139,159,179,35.0514320651742,25.051432065174197,22.557596110548957,-21.115946968164394
140,160,180,32.73389108302041,22.73389108302041,22.275529557869618,-34.13495595081258
141,161,181,33.22957621444408,25.22957621444408,25.058956613307828,-50.73130879350538
142,162,182,32.519802072922914,24.519802072922914,24.349182471786662,-33.43389859704905
143,163,183,38.711330312620646,24.127693709814423,25.948538655786137,-32.579539443919316
144,164,184,33.49999423709977,18.49999423709977,17.725393465375817,-21.77614895059014
145,165,185,40.782417107150025,32.782417107150025,32.58334148052819,-25.034338713060833
146,166,186,43.48639796696034,28.90993767285687,28.759060079962524,-28.42688276300089
147,167,187,50.07251737733998,38.07251737733998,36.458655071788485,-31.52185024817277
148,168,188,50.214421785077036,32.21442178507709,33.84926616760015,-28.043999751447927
149,169,189,46.95235658663415,30.952356586634153,31.035131721100072,-71.5702238756163
150,170,190,25.68537154793438,14.599658289790455,16.382260780416573,-21.036066488983238
151,171,191,28.872699413882174,12.872699413882174,13.66002532119694,-33.42945368181904
152,172,192,46.55813740182509,12.558137401825093,7.634397189652304,-125.89367465427927
153,173,193,47.793427762273154,9.793427762273268,4.063095662122464,-117.73727146673048
154,174,194,57.70683308295281,29.706833082952812,24.852188549434914,-65.46627266561018
155,175,195,61.72984182430548,30.729841824305538,21.740602776888977,-102.0520335331056
156,176,196,57.62680178675885,31.626801786758847,24.574033265316416,-92.43945890916007
157,177,197,52.94635492475652,26.946354924756406,19.89358640331409,-95.02540082985297
158,178,198,41.65374175449796,17.653741754498014,12.63642627744946,-110.84679242288757
159,179,199,48.272191561698605,21.272191561698605,15.804465014383254,-97.52746218297114
160,180,200,48.282408202246756,23.282408202246756,18.4603737689813,-121.82585138008551
161,181,201,41.0673868673648,23.067386867364803,21.383841801258427,-104.30674295483345
162,182,202,35.92224436571041,15.922244365710412,13.936114206609886,-62.240118941016476
163,183,203,36.68407547744789,11.99114371688006,9.658439967499703,-82.37196827295872
164,184,204,23.48244933778261,3.4824493377825547,2.6445330141335717,-37.47364873702452
165,185,205,26.28231566384818,7.2823156638481805,6.383970313229042,-38.98667158039598
166,186,206,11.314188841945793,-1.2622714521577336,2.53071098628277,-40.72411391711114
167,187,207,5.580428532149881,-4.419571467850119,-1.4270402591806715,-20.899500946106173
168,188,208,13.155632937939117,-2.8443670620608827,-1.3078815371147812,-58.57344143621913
169,189,209,13.02433687006976,-1.9756631299302398,0.6844196829925977,-68.61698364712913
