Left,Mid,Right,Loss_likeli,Loss_AIC,Loss_BIC,Loss_eBIC
0,20,40,36.738107938621,17.738107938621056,11.744387242657808,-75.62282234277768
1,21,41,37.80837357128269,22.808373571282686,20.21850657267464,-21.538415415024133
2,22,42,42.130668619771654,24.130668619771654,19.161488309250785,-42.34268743196196
3,23,43,38.93214511713916,21.329405579850004,17.024564338000687,-69.54863396473911
4,24,44,29.938295900172193,11.938295900172193,5.494263760160834,-75.65794563544523
5,25,45,35.8376905393186,15.8376905393186,7.266662164898548,-83.79761051232788
6,26,46,35.9389030689415,15.9389030689415,8.144067055024664,-88.84413887489973
7,27,47,44.79654844333277,27.819647856826236,22.2798048003541,-79.3353617619614
8,28,48,50.9093446580917,28.071544281395234,20.69727401562119,-89.9029106831673
9,29,49,59.62672806436922,37.62672806436922,29.5717472097125,-92.47032124288796
10,30,50,44.56794356100045,28.76365097676387,24.552562192239293,-90.9154377439952
11,31,51,42.448431309783814,20.66257843739288,15.003377807593779,-146.8934329228
12,32,52,34.483726842898704,12.483726842898704,6.382702097724405,-129.23356838941243
13,33,53,37.679695473954325,16.679695473954325,11.686916231837813,-111.01751693304345
14,34,54,39.483022567937724,24.483022567937724,24.63964950244224,-68.34909783445346
15,35,55,42.22279910518546,14.222799105185459,13.689207654991833,-110.81838714452863
16,36,56,44.355874634055226,17.355874634055226,13.270975878635568,-121.31120985319501
17,37,57,46.68239412229457,15.682394122294568,8.912883639207166,-116.53886535229583
18,38,58,41.37152259533673,17.371522595336728,15.473369430808134,-111.72628360978638
19,39,59,30.198712312514203,3.1987123125142034,-0.19303926234545088,-131.37418686720923
20,40,60,26.96493422067556,2.964934220675559,2.4530754172667457,-169.3930869105593
21,41,61,36.49498232633033,8.4949823263305,5.298511795253603,-170.52064548545764
22,42,62,36.460672667009646,6.460672667009703,3.348109642119425,-179.60081878541496
23,43,63,31.059886731790755,-0.9401132682091884,-6.474621936673884,-169.36068065386098
24,44,64,46.673329701108855,17.673329701108855,15.41980046450692,-163.57621970017362
25,45,65,41.51391060837392,10.513910608373976,5.823841666966132,-163.67698573363725
26,46,66,46.99494989609218,15.99494989609218,12.270125585543497,-168.24564028028863
27,47,67,43.55767387279889,13.557673872798887,10.151810956901386,-140.83905257667573
28,48,68,42.725036272870625,9.725036272870625,7.271446210948852,-139.76605227172
29,49,69,37.11903093389924,7.119030933899239,4.659696080668368,-145.86604464458833
30,50,70,33.18231603726025,4.182316037260193,0.7696139452128818,-145.5486738416647
31,51,71,24.829125795774985,10.829125795774985,15.731524141463979,-53.026517548802644
32,52,72,25.026808760172116,10.026808760172116,16.114931760362424,-43.74847372515114
33,53,73,22.635328195983618,11.63930844026811,15.041728791142646,-25.93569761587389
34,54,74,46.58600545314505,42.58600545314505,46.48629194079649,-9.428679656780446
35,55,75,46.019379640615284,29.09646950248134,32.4578301519316,-29.178999086952444
36,56,76,32.44400116350272,13.510440537385989,11.28504083721657,-70.59902453212374
37,57,77,41.137755711688044,10.137755711687987,1.6353772772006323,-157.876921700999
38,58,78,42.76670918876539,9.76670918876539,-0.4245486998360093,-194.48084267739284
39,59,79,48.513385893038105,14.513385893038162,1.7448203259798447,-188.51722217399504
40,60,80,58.819362839511086,27.819362839511086,17.58411645362378,-195.56814484864663
41,61,81,62.300055908772094,27.300055908772094,14.380197795216873,-218.28537201013864
42,62,82,52.66401775007023,20.66401775007023,10.573797245510718,-233.64058054830753
43,63,83,48.314610160946415,17.31461016094636,8.97659389800549,-170.88109708655816
44,64,84,56.36590996288055,22.36590996288055,12.771019778474056,-198.42493892134848
45,65,85,46.760009356428895,10.760009356428895,-1.617994123063454,-204.3748181592357
46,66,86,52.49992285475423,13.499922854754232,-0.4461551750499666,-212.67904991354794
47,67,87,46.4112660395117,6.411266039511702,-7.865009278915409,-191.85711272077924
48,68,88,47.35354450574994,7.353544505749937,-7.015923520850379,-182.68379733285542
49,69,89,45.096309859662426,9.09630985966237,-3.2816936198297526,-187.78131899087202
50,70,90,36.69497513588988,-0.3050248641101234,-13.245833494853173,-176.74442303264857
51,71,91,19.52031865476897,-0.4796813452310289,-4.435471423103081,-63.73210209066565
52,72,92,31.31740321573784,7.317403215737841,3.379553540455504,-110.48196267487413
53,73,93,30.1106062693666,5.114586513651034,-0.18598700175220984,-83.8852859698311
54,74,94,28.197949330388155,15.197949330388212,11.84485186480697,-39.78456132067208
55,75,95,26.16846013749796,21.245549999363902,24.884326497527354,6.201537180471632
56,76,96,49.40468268379925,38.47112205768258,38.495783500329196,-41.80358189318849
57,77,97,55.07234644667864,42.07234644667864,40.79869052277729,-79.52790301293317
58,78,98,55.612685928924805,38.612685928924805,34.307844687075544,-83.08329971630417
59,79,99,54.259745898714925,32.25974589871498,26.505294743820627,-96.38921421855446
60,80,100,66.66654906324175,47.666549063241746,43.405696318678395,-101.72329320862355
61,81,101,37.402785595454645,22.402785595454645,20.479970988279263,-39.679921474879166
62,82,102,43.51484124827948,28.51484124827948,31.515656688459558,-6.5777131030164355
63,83,103,40.208921493783464,26.208921493783464,26.681203146331427,-2.8266479300397123
64,84,104,35.43342543011232,23.433425430112322,23.35078282354789,-28.127543020197095
65,85,105,30.572198248065888,18.572198248065888,19.1827028220614,-49.16121001869965
66,86,106,17.310160773584812,4.310160773584812,5.115946391363309,-48.71636878874847
67,87,107,16.988727573277743,2.9887275732777425,3.296647054279333,-31.31525310638017
68,88,108,18.704527705657256,4.704527705657256,5.287965289784779,-38.43496078937437
69,89,109,17.832757017841686,1.8327570178416863,0.7983706350091779,-38.803068560555516
70,90,110,23.83609816452639,-2.1639018354736663,-8.176949586076034,-91.38346791309345
71,91,111,17.45934556661109,-8.540654433388909,-12.453501210451009,-73.08488315114505
72,92,112,22.250703338560356,-10.749296661439644,-19.535686410055064,-108.0714454831708
73,93,113,22.20892565995439,-8.791074340045611,-15.582540748007318,-82.26562219023594
74,94,114,19.529548954252334,-2.4704510457477227,-5.8205861861490575,-68.48127327387897
75,95,115,18.36417602143564,-0.6358239785643036,-2.385597990376027,-30.33156144980444
76,96,116,31.746293673748028,12.746293673748028,10.911456061144577,-77.64441755738028
77,97,117,32.219757752118994,14.219757752119051,14.124142417533562,-47.86979657970551
78,98,118,30.180488405728568,9.180488405728624,5.656771339011129,-67.24821921355158
79,99,119,32.003591825929846,19.003591825929846,19.8093774437084,-41.465688750163736
80,100,120,43.10976281263959,18.109762812639588,13.715930548550546,-90.44475428141698
81,101,121,33.168281164975895,4.168281164975838,-2.2986442251175276,-64.64205302289804
82,102,122,49.928806706605485,23.928806706605485,23.532536183918523,-49.55536130630844
83,103,123,54.76661688942727,19.76661688942727,12.391936220351681,-150.39063653502308
84,104,124,48.44103586330857,16.44103586330857,10.55995360456393,-149.19183865585512
85,105,125,41.0688960720621,14.068896072062103,12.756586038882347,-121.57491874209734
86,106,126,29.15122792682598,1.1512279268259817,0.03419893742909608,-161.517704941592
87,107,127,36.164910174172746,5.164910174172746,1.8611355938849101,-136.13717660288717
88,108,128,31.29429059562483,-0.7057094043750567,-3.8852584280339215,-173.91314277156732
89,109,129,29.200346476342645,-3.799653523657298,-7.752586787219229,-173.5261854698764
90,110,130,16.700436775029743,-17.299563224970257,-23.136656986428875,-130.8778109215674
91,111,131,13.965017258927162,-20.034982741072895,-25.17892932197151,-136.33543202186877
92,112,132,20.06011964901853,-5.9398803509814115,-6.042603287958286,-100.47384282253392
93,113,133,19.405020242755256,-4.594979757244801,-3.0493529438479072,-82.87759366560101
94,114,134,21.105686346825223,13.105686346825223,21.92428097550146,-23.35274349698568
95,115,135,14.20262325912779,7.20262325912779,15.847635961487867,-11.796305540832805
96,116,136,14.771721373466676,-2.228278626533438,0.7449255274968891,-25.03246662434583
97,117,137,20.75815051176278,2.7581505117627785,6.82141826053703,-20.407140726063403
98,118,138,15.19491865355451,-4.8050813464454905,-3.3254756027463372,-69.27817939971317
99,119,139,16.888488934798715,6.8884889347987155,14.309242580584169,-7.508292089540987
100,120,140,14.170618880229654,-5.82938111977046,-2.881852436054828,-124.35513139436296
101,121,141,23.530544420059528,-15.469455579940472,-21.039127079034984,-171.07851171297784
102,122,142,27.973912628187804,-5.026087371812196,-8.632447045093954,-174.71326019305354
103,123,143,43.516114907061876,-2.483885092938067,-9.818886190569629,-296.8251507650068
104,124,144,38.951179327799764,-6.048820672200236,-8.73643570070999,-266.8481118458076
105,125,145,37.59257171792717,6.592571717927285,3.9819443181993392,-199.1055167044267
106,126,146,46.803922856699046,19.803922856699046,18.508674772152176,-149.79297362501075
107,127,147,47.337893767231776,19.337893767231662,18.688894711518174,-157.99270778648258
108,128,148,55.5404633082245,25.540463308224503,24.800280837464243,-155.50476720347274
109,129,149,39.39801009886094,14.398010098860937,16.19098744355165,-200.24979556260234
110,130,150,39.953936441729184,14.953936441729184,12.457534842906284,-137.09343392084224
111,131,151,43.674624615232915,14.674624615232915,8.118014945116329,-141.4140149349181
112,132,152,52.78992579631813,26.051625531107334,22.88568712144172,-114.42783615580299
113,133,153,59.107355933241365,31.107355933241365,27.935729189226777,-85.27398417689938
114,134,154,56.845170044592464,42.479270252769425,43.36978238954828,-14.631303883385044
115,135,155,64.24934316172084,49.249343161720844,51.30389224624287,-14.221820251724012
116,136,156,64.87969542293388,41.96744050873474,41.084346672399306,-38.176741678080816
117,137,157,65.78668861378276,41.78668861378276,39.70959588277185,-68.97214581644914
118,138,158,71.88919123039182,47.5673017248896,45.15555766292846,-86.44391324479477
119,139,159,79.20440924165462,52.2044092416545,46.30940829831161,-65.16703434058638
120,140,160,82.7875553125316,58.787555312531595,52.0373718840832,-78.14645176860745
121,141,161,85.94592014806636,48.94592014806631,36.400788346086415,-154.16315721615524
122,142,162,78.07769934205226,47.077699342052256,37.53560013672484,-118.4778530206305
123,143,163,71.25864012253976,39.8640358462402,31.288698545978264,-104.02498784833222
124,144,164,68.51300175725032,36.51300175725032,29.207291617882333,-73.0644172695736
125,145,165,53.30078451896168,29.300784518961677,19.528402375648284,-90.51922589320895
126,146,166,27.04512258079069,11.04512258079069,4.443152719208342,-36.37121586073749
127,147,167,23.062707634850767,8.062707634850767,3.7230155596955683,-30.667755422809478
128,148,168,13.121714777762236,-1.3018960511150226,-4.322135495345606,-31.531714548642867
129,149,169,49.04543827579664,18.04543827579664,5.760863910866192,-83.69928378593545
130,150,170,44.37047271292704,17.37047271292704,6.946867034950628,-68.97082050721906
131,151,171,36.75546064928926,16.75546064928926,10.174189536525887,-60.72100006374205
132,152,172,31.075591138559503,12.337290873348707,7.907949846022575,-46.90405416084013
133,153,173,30.836327890185203,10.836327890185203,7.953120771770614,-30.880049850168803
134,154,174,28.854939023646807,18.489039231823767,18.721611050628894,-7.914986135083836
135,155,175,42.48104778760808,29.481047787608077,28.492033484278295,-11.39290829274546
136,156,176,35.410745225338474,26.230390757208852,29.154272025945602,2.577179804525713
137,157,177,31.00327754582088,21.00327754582088,23.503568528864548,5.0659472092651185
138,158,178,33.36577141874403,25.214667694593913,26.571788781844134,0.22066528319101053
139,159,179,42.91863216945484,31.601911898875642,28.157287397885682,-22.68425965078586
140,160,180,45.30314084609836,32.924708001113515,27.9460466333436,0.5000810054467593
141,161,181,38.819996140118235,27.22265998931806,22.779316678380383,-14.055977369845891
142,162,182,37.14231784154083,24.348934212463064,19.37027284469309,-31.052782682133056
143,163,183,40.147514268632676,28.006411729239858,24.367927617745238,-11.188593172183971
144,164,184,34.48534045622313,29.241306371561507,26.315942939884906,5.842438041352864
145,165,185,40.54694007518515,29.546940075185148,26.191033584963748,-1.0185454683335138
146,166,186,41.69310991571865,34.96321629397539,34.17599909821206,12.933425215855664
147,167,187,42.5975177668314,36.5975177668314,35.2975433840254,8.707422740584434
148,168,188,53.52032708889192,42.09671626001466,41.79809563272056,-17.099476394409407
149,169,189,71.94666477100918,47.94666477100918,36.537902617261125,-55.51945396734766
150,170,190,67.0689084011434,44.604859883962035,38.718443237209954,-22.723740040635448
151,171,191,60.95596282388044,41.95596282388044,34.318330522433996,-37.60677695708887
152,172,192,35.350300781735996,18.958459502879577,17.55283808712045,-17.559950161801794
153,173,193,34.158734696736474,22.158734696736474,17.300228614956836,-16.781943507850315
154,174,194,25.1236938907536,15.123693890753543,14.352883475078102,-30.22770866814801
155,175,195,32.50615281691785,20.506152816917847,14.317052259782713,-54.73843924823893
156,176,196,34.34138522205569,26.073285668125095,24.81895679886304,-34.02538896227236
157,177,197,30.224915485956274,22.224915485956274,21.047848045116552,-12.195686246537775
158,178,198,32.674844384810854,25.845630166162948,25.24045998017482,-3.3056829181664398
159,179,199,30.869194389834092,22.552474119254953,22.268253138519583,1.491128622545716
160,180,200,43.41385612075845,24.915245944481853,20.175854117780773,-37.90268499732292
161,181,201,49.29637552311533,30.699039372315212,24.850074645618406,-70.5538601059493
162,182,202,47.349928427587884,29.765431680543713,26.013602523684312,-58.37824384328462
163,183,203,46.50953440776851,21.509534407768456,15.50891121362099,-51.51697254065209
164,184,204,41.24596439883658,21.245964398836577,13.613297453304313,-54.78251435999721
165,185,205,53.507522373392135,30.002739346367207,16.911529162087277,-68.15570315501554
166,186,206,51.88177352963305,27.151879907889793,17.748445100815502,-90.49022475527704
167,187,207,64.76661017902421,36.76661017902421,24.212652710388284,-105.31600185920104
168,188,208,71.50374304452487,39.503743044524924,29.04452137436556,-127.58358934378225
169,189,209,73.42564386706567,43.42564386706567,30.947552130165946,-107.23379069780526
