Left,Mid,Right,Loss,Loss_left,Loss_right,gain,glasso
0,20,40,1365.4292382934386,981.0307632215541,1001.1224736724112,-616.7239986005266,0.3037178653818273
1,21,41,1366.9767617978464,974.4558992703553,1004.9545982215811,-612.43373569409,0.6210961098478265
2,22,42,1367.9412211069762,965.5204687539656,1019.8629011030898,-617.4421487500792,0.7449605721429862
3,23,43,1373.9435319220302,972.7842725302042,1019.5796325771261,-618.4203731853001,2.3696071422551768
4,24,44,1377.0343668417436,971.6389917270063,1021.502589760013,-616.1072146452757,3.2108006959334716
5,25,45,1385.5012495235333,966.3467508114194,1033.8834049001327,-614.7289061880188,4.013940260814138
6,26,46,1390.4543085801054,977.9217414504137,1030.5715273280998,-618.0389601984082,2.452151234386065
7,27,47,1383.9209080246205,986.6720719570163,1028.1156877793549,-630.8668517117508,5.721708389631544
8,28,48,1378.8388808423315,985.8972715334029,1019.6045460707728,-626.6629367618443,7.200782739828583
9,29,49,1379.9526761741333,998.9483950821993,1013.3486221529026,-632.3443410609686,7.961718537062325
10,30,50,1376.5996588737776,995.0308248014019,1014.6333888389826,-633.0645547666068,8.762556681160959
11,31,51,1385.6135725668453,1003.6150823883228,1014.286890465536,-632.2884002870135,0.20413140345908687
12,32,52,1392.517191805302,999.919287395224,1018.4488741150892,-625.8509697050113,-0.5827491717218436
13,33,53,1393.621687916664,998.7911046492419,1023.9446080942083,-629.1140248267861,-2.32134701900884
14,34,54,1394.7769828898263,1004.2064726252638,1023.7998853800232,-633.2293751154607,-1.7286441545655862
15,35,55,1395.4088669233338,1005.5141117832336,1020.2967638835994,-630.4020087434992,-1.2672858323844594
16,36,56,1392.9134229146034,1004.0055906680786,1020.0263870721385,-631.1185548256137,-1.5674075396584612
17,37,57,1396.871555458594,1004.9128385317371,1024.371325364289,-632.4126084374323,-0.5523856921562356
18,38,58,1403.2500559010143,1002.2411081758178,1027.9808302723834,-626.9718825471869,0.4224369273111961
19,39,59,1400.161458276071,999.1283314533345,1024.6289040901368,-623.5957772674003,1.273937673683463
20,40,60,1405.2854954755949,1001.1224736724112,1023.2495448427896,-619.0865230396059,1.46945347899441
21,41,61,1405.9768652233095,1004.9545982215811,1021.5291633636858,-620.5068963619576,1.1451955098101507
22,42,62,1401.6735242677105,1019.8629011030898,1008.2390026150888,-626.4283794504681,1.340017743438807
23,43,63,1407.2006942648661,1019.5796325771261,1011.5665021521813,-623.9454404644414,1.4049913512005787
24,44,64,1415.2242206909173,1021.502589760013,1017.0814747457573,-623.3598438148531,1.3205625972552753
25,45,65,1417.3146881759667,1033.8834049001327,992.7182763302179,-609.2869930543839,2.3909256529732374
26,46,66,1421.5900975377567,1030.5715273280998,994.7430290250493,-603.7244588153924,4.479392111019479
27,47,67,1423.835948158496,1028.1156877793549,994.9968263944705,-599.2765660153293,-0.959607313489073
28,48,68,1427.8673192102399,1019.6045460707728,1007.6616582535528,-599.3988851140857,-0.927029839261877
29,49,69,1412.9245437132276,1013.3486221529026,1003.9313579109596,-604.3554363506346,-6.84910599998932
30,50,70,1412.8826925973208,1014.6333888389826,996.5806073347446,-598.3313035764063,-4.731595243331299
31,51,71,1402.4468549770627,1014.286890465536,991.3949511560002,-603.2349866444733,3.2524501421710283
32,52,72,1412.4836155320813,1018.4488741150892,990.5482982040733,-596.5135567870811,6.523676029959688
33,53,73,1395.0946378612061,1023.9446080942083,984.3584883701226,-613.2084586031247,20.24549312828151
34,54,74,1407.4497132178346,1023.7998853800232,994.517602732521,-610.8677748947096,11.593574407835149
35,55,75,1401.4676075878378,1020.2967638835994,991.9174496147465,-610.7466059105082,7.0512545165602205
36,56,76,1402.0613288210252,1020.0263870721385,995.3373741213761,-613.3024323724894,5.4773205750069565
37,57,77,1401.1161177243853,1024.371325364289,990.7340785742548,-613.9892862141587,2.5999577115115926
38,58,78,1402.3312839477185,1027.9808302723834,989.2338358684567,-614.8833821931216,5.268177601032107
39,59,79,1405.2804736217934,1024.6289040901368,988.7720657258952,-608.1204961942387,6.107949059807993
40,60,80,1399.113217623374,1023.2495448427896,984.9268418389522,-609.0631690583677,7.558419814421995
41,61,81,1408.9485209593886,1021.5291633636858,991.7777220838193,-604.3583644881164,10.269814261256101
42,62,82,1412.6355282935428,1008.2390026150888,1011.4809925886941,-607.08446691024,8.285464482199814
43,63,83,1408.9160786460618,1011.5665021521813,1010.2327569785391,-612.8831804846586,8.951282537532279
44,64,84,1396.663329670892,1017.0814747457573,996.9945155708621,-617.4126606457276,13.234546821249182
45,65,85,1379.2744880242526,992.7182763302179,999.4084461373382,-612.8522344433036,9.027015641979347
46,66,86,1377.8689349437957,994.7430290250493,999.6596450502859,-616.5337391315395,5.722882927186902
47,67,87,1368.2860215583655,994.9968263944705,997.0568628342414,-623.7676676703463,1.090827359050536
48,68,88,1379.2084178467303,1007.6616582535528,997.1908782462407,-625.6441186530633,-0.2605208939980912
49,69,89,1379.405053408369,1003.9313579109596,1001.6261329935853,-626.1524374961759,-0.10178718460906566
50,70,90,1370.1782427782014,996.5806073347446,1000.4725996923152,-626.8749642488583,-2.5953133146402934
51,71,91,1369.2698223593695,991.3949511560002,1002.8492621904254,-624.974390987056,-0.15796926778011766
52,72,92,1367.452630074603,990.5482982040733,1002.2429588272005,-625.3386269566709,0.2752568478711055
53,73,93,1367.164643132659,984.3584883701226,992.9190819948375,-610.112927232301,-6.233039197502308
54,74,94,1367.2056973575548,994.517602732521,984.1184863826718,-611.4303917576381,0.868589776975341
55,75,95,1360.407335033245,991.9174496147465,985.0304944060902,-616.5406089875914,3.588497691954217
56,76,96,1362.4507723216925,995.3373741213761,986.9145783627303,-619.8011801624139,4.684379395500628
57,77,97,1359.712310004264,990.7340785742548,990.0540753854123,-621.0758439554029,3.5105557455942744
58,78,98,1357.4028436014828,989.2338358684567,988.7919214222914,-620.6229136892653,4.793228851649928
59,79,99,1354.4637911395694,988.7720657258952,990.7228761909242,-625.0311507772501,2.513075862319738
60,80,100,1361.0455861785706,984.9268418389522,995.8334714591457,-619.7147271195274,6.4002313021217105
61,81,101,1368.9135908928733,991.7777220838193,981.6650619263771,-604.5291931173231,18.009799972349697
62,82,102,1374.0305245715786,1011.4809925886941,968.5355741201741,-605.9860421372896,11.711139108004204
63,83,103,1373.9287951059673,1010.2327569785391,981.9879307038141,-618.2918925763859,8.028421727829937
64,84,104,1374.0059119439438,996.9945155708621,987.3660508505462,-610.3546544774645,7.0114948885889135
65,85,105,1375.1600263874134,999.4084461373382,990.272545865404,-614.5209656153288,8.150576887707757
66,86,106,1373.7632338512963,999.6596450502859,990.5859903612021,-616.4824015601916,8.684166553164687
67,87,107,1371.579539381333,997.0568628342414,993.1783651753087,-618.6556886282171,8.75121724763801
68,88,108,1367.5341430016792,997.1908782462407,999.0808806864961,-628.7376159310575,5.247888371709678
69,89,109,1379.3928512513621,1001.6261329935853,1011.3618362141535,-633.5951179563767,3.6039307714372626
70,90,110,1377.8864447837323,1000.4725996923152,1008.1308673867173,-630.7170222953002,3.0094784315551806
71,91,111,1380.7167576212305,1002.8492621904254,1007.3854609232466,-629.5179654924414,0.3831819715222764
72,92,112,1380.6958245915462,1002.2429588272005,1006.5112137329153,-628.0583479685697,2.769715713677556
73,93,113,1374.5776503090983,992.9190819948375,1005.480927210884,-623.8223588966232,4.171963269175535
74,94,114,1369.8164012754623,984.1184863826718,1003.3062119477365,-617.608297054946,4.653554125596884
75,95,115,1373.638275489082,985.0304944060902,1006.1799667468558,-617.572185663864,4.709326065464779
76,96,116,1370.504606200629,986.9145783627303,1007.8578973570278,-624.2678695191289,2.82544194030595
77,97,117,1380.7165054645939,990.0540753854123,1010.7697053294778,-620.1072752502962,7.219755923791126
78,98,118,1380.8452314508743,988.7919214222914,1014.0613335060951,-622.0080234775121,6.597640198407248
79,99,119,1377.5497911848634,990.7228761909242,1015.0489387448115,-628.2220237508723,4.294973487708944
80,100,120,1374.8155808265155,995.8334714591457,1001.2825762440143,-622.3004668766444,6.228678133213066
81,101,121,1359.632940194564,981.6650619263771,990.7821547440678,-612.8142764758809,9.39217634703823
82,102,122,1336.8924116529984,968.5355741201741,988.3580739353287,-620.0012364025044,6.251846213491945
83,103,123,1355.6591638703007,981.9879307038141,983.394622945852,-609.7233897793653,1.8781055462904988
84,104,124,1362.8184952715355,987.3660508505462,986.4488160591062,-610.9963716381169,5.468522516043436
85,105,125,1361.7187455607323,990.272545865404,980.1793436122441,-608.7331439169159,8.033547650120795
86,106,126,1364.28881656264,990.5859903612021,982.6782211463317,-608.9753949448937,8.40568113044742
87,107,127,1365.796809918711,993.1783651753087,980.148827320683,-607.5303825772808,10.795418730043025
88,108,128,1367.3622663067902,999.0808806864961,981.4662355637987,-613.1848499435048,8.973227461707552
89,109,129,1365.9107177924534,1011.3618362141535,970.1040860456532,-615.5552044673532,7.335184526252874
90,110,130,1368.0559604803843,1008.1308673867173,982.0573880309096,-622.1322949372425,4.670744930616706
91,111,131,1370.2596640560646,1007.3854609232466,987.7104131387322,-624.8362100059142,1.565537677414568
92,112,132,1371.3139826262495,1006.5112137329153,990.4825432982319,-625.6797744048977,1.5309307827687917
93,113,133,1373.4936667782868,1005.480927210884,990.2286670347227,-622.21592746732,1.5917604844978541
94,114,134,1373.3482742313097,1003.3062119477365,996.7326482421714,-626.6905859585984,3.4897367320891135
95,115,135,1372.0135723811084,1006.1799667468558,991.2722376584447,-625.4386320241922,4.686991545863066
96,116,136,1373.0481961006517,1007.8578973570278,990.430807036959,-625.2405082933351,4.119417949320564
97,117,137,1375.0399043506948,1010.7697053294778,977.6692439923752,-613.3990449711582,5.121550625708892
98,118,138,1380.4808039000009,1014.0613335060951,982.1029172521377,-615.683446858232,4.045881850657906
99,119,139,1385.3588834322718,1015.0489387448115,992.4730802779729,-622.1631355905126,3.328173229579079
100,120,140,1374.1360714415503,1001.2825762440143,986.2517583254004,-613.3982631278643,3.485098279655972
101,121,141,1375.8625483800897,990.7821547440678,999.8733142784159,-614.7929206423942,8.822734534828214
102,122,142,1383.810066051992,988.3580739353287,1009.8126443497686,-614.3606522331054,9.370789251938277
103,123,143,1387.478084964942,983.394622945852,1012.8984791309001,-608.8150171118102,11.347728515758945
104,124,144,1393.4744979022162,986.4488160591062,1014.454526304509,-607.428844461399,10.18266592934367
105,125,145,1387.7788706477163,980.1793436122441,1006.7413344871711,-599.1418074516989,11.123580401584604
106,126,146,1387.6955436714347,982.6782211463317,1009.2292189118012,-604.2118963866983,9.058826253623693
107,127,147,1392.1919558862314,980.148827320683,1007.2768303670025,-595.2337018014541,9.418841950553542
108,128,148,1390.9108166966655,981.4662355637987,1015.1372157632197,-605.6926346303528,7.2334334632898845
109,129,149,1370.8488487460027,970.1040860456532,1009.2957118921366,-608.5509491917871,6.404374318177361
110,130,150,1368.495455888192,982.0573880309096,1009.6277985368869,-623.1897306796043,2.7737002306628256
111,131,151,1372.6075548240865,987.7104131387322,1005.7289595953908,-620.8318179100365,2.203779628532402
112,132,152,1376.9760168846678,990.4825432982319,1002.9252493704402,-616.4317757840042,3.3380274459508428
113,133,153,1380.8810794507087,990.2286670347227,1007.7093998954263,-617.0569874794403,2.6807984691265574
114,134,154,1379.9063135763881,996.7326482421714,1003.6355716825799,-620.4619063483633,2.2198599208511496
115,135,155,1383.4853082839118,991.2722376584447,1009.3896798433188,-617.1766092178518,2.696484201542944
116,136,156,1399.813054576879,990.430807036959,1017.737763486699,-608.355515946779,5.471808476884007
117,137,157,1394.2947554403381,977.6692439923752,1018.6387798344549,-602.013268386492,2.847592773573183
118,138,158,1405.8801659154487,982.1029172521377,1023.9361887191571,-600.158940055846,4.495526757645052
119,139,159,1405.7926181302412,992.4730802779729,1010.1502685364743,-596.830730684206,4.82162771491187
120,140,160,1409.4397477059297,986.2517583254004,1012.9418921608549,-589.7539027803255,5.655721911900741
121,141,161,1410.9262102296957,999.8733142784159,1007.6519567497228,-596.5990607984431,8.207253987728336
122,142,162,1407.6858706604366,1009.8126443497686,998.4796303116748,-600.6064040010067,7.282179492951855
123,143,163,1414.6010416633362,1012.8984791309001,1002.6479728676582,-600.945410335222,6.139538020218993
124,144,164,1411.5497510777968,1014.454526304509,999.5211720113781,-602.4259472380904,7.653638586492434
125,145,165,1415.5974134508717,1006.7413344871711,1006.3474209660288,-597.4913420023283,9.445003498239203
126,146,166,1420.5475728823762,1009.2292189118012,1013.9789015218778,-602.6605475513029,11.280169498012697
127,147,167,1418.0937506708874,1007.2768303670025,1020.4747925202373,-609.6578722163524,8.99480809256329
128,148,168,1423.8381956492412,1015.1372157632197,1017.2356384562897,-608.5346585702682,7.729593708090533
129,149,169,1420.381187831078,1009.2957118921366,1020.2028285591784,-609.1173526202369,8.246143999223818
130,150,170,1419.7771442535272,1009.6277985368869,1016.6735173126245,-606.5241715959842,2.124911442089683
131,151,171,1410.4434550703525,1005.7289595953908,1018.6009428155664,-613.886447340605,4.661461230535224
132,152,172,1385.2184099378974,1002.9252493704402,998.8559428654405,-616.5627822979832,6.3989447770557035
133,153,173,1390.2448792938667,1007.7093998954263,997.3983889989579,-614.8629096005175,6.713191853805029
134,154,174,1377.6078475350148,1003.6355716825799,992.0450205827306,-618.0727447302957,5.757756167057778
135,155,175,1379.7021199362057,1009.3896798433188,991.4334974156569,-621.12105732277,4.7127007308121165
136,156,176,1374.0000975761075,1017.737763486699,978.7865640450709,-622.5242299556623,3.5434050781882434
137,157,177,1375.3224910413346,1018.6387798344549,979.9516297818084,-623.2679185749287,2.4109571375099677
138,158,178,1373.0419972258592,1023.9361887191571,972.4986274713394,-623.3928189646374,2.0983109815883836
139,159,179,1355.2647747666158,1010.1502685364743,974.9846880931406,-629.8701818629991,0.349364751145572
140,160,180,1364.120663115566,1012.9418921608549,969.012374001826,-617.8336030471148,5.132125662973522
141,161,181,1364.9942570797843,1007.6519567497228,977.7586673102356,-620.4163669801742,4.753144328355916
142,162,182,1351.022513522837,998.4796303116748,984.3436077557369,-631.8007245445747,2.549316832694558
143,163,183,1357.6872051309592,1002.6479728676582,984.1850337044982,-629.1458014411971,2.738146692426426
144,164,184,1353.3032685805042,999.5211720113781,979.596395560032,-625.8142989909059,1.5574017305968937
145,165,185,1358.497759078155,1006.3474209660288,979.4452875398064,-627.2949494276802,-0.8068119492488677
146,166,186,1366.4949319537368,1013.9789015218778,979.355253578097,-626.839223146238,-3.7677446496782068
147,167,187,1372.9942331851148,1020.4747925202373,980.5646140411638,-628.0451733762864,-4.969573675014317
148,168,188,1361.6669936892526,1017.2356384562897,972.2667024912951,-627.8353472583321,-5.912485345052801
149,169,189,1362.3809818934888,1020.2028285591784,968.8832587125335,-626.7051053782232,-2.607781536775974
150,170,190,1350.923565278426,1016.6735173126245,970.1838670060718,-635.9338190402705,-1.2372723085720736
151,171,191,1360.3267437307086,1018.6009428155664,971.03191066135,-629.3061097462078,-2.3481359536637
152,172,192,1354.8745856732749,998.8559428654405,973.169112617586,-617.1504698097517,2.6765376475335643
153,173,193,1353.7205201049712,997.3983889989579,972.0107358619489,-615.6886047559356,5.722771035039614
154,174,194,1355.624896552651,992.0450205827306,971.2765445806551,-607.6966686107346,9.169408976109935
155,175,195,1363.984923660783,991.4334974156569,982.5675822777806,-610.0161560326546,11.29484059686888
156,176,196,1355.3735869789361,978.7865640450709,990.354520690065,-613.7674977561996,9.710286707322211
157,177,197,1351.3553275074005,979.9516297818084,994.7124498202322,-623.3087520946401,5.148382218547567
158,178,198,1343.1980519358722,972.4986274713394,992.7235531648516,-622.0241287003189,6.094584430404552
159,179,199,1345.5681414280843,974.9846880931406,995.0947133427458,-624.5112600078019,3.440684079614357
160,180,200,1338.6186936600016,969.012374001826,1000.0094000889891,-630.4030804308136,1.6476751226808801
161,181,201,1332.5571229846632,977.7586673102356,979.5615728359179,-624.7631171614903,6.96089423661806
162,182,202,1348.2765277545373,984.3436077557369,990.8303341321507,-626.8974141333504,5.234776646565592
163,183,203,1348.195041332951,984.1850337044982,991.8849019151501,-627.8748942866973,4.337907617055521
164,184,204,1345.7119793975817,979.596395560032,1000.2865498326966,-634.1709659951468,1.49278402656887
165,185,205,1348.9485861503233,979.4452875398064,997.9367954962071,-628.4334968856901,1.724370844203463
166,186,206,1345.2427597802834,979.355253578097,992.0419481699137,-626.154441967727,1.1949667120934464
167,187,207,1344.425003070352,980.5646140411638,995.2011002156606,-631.3407111864726,-2.156064409673718
168,188,208,1340.8512223080522,972.2667024912951,998.9779936980203,-630.3934738812632,-4.462834995286357
169,189,209,1337.0372001065718,968.8832587125335,997.8423243369908,-629.6883829429523,-2.9458187249115326
