Left,Mid,Right,Loss,Loss_left,Loss_right,gain,glasso
0,20,40,1389.8661944955998,1027.5441479134938,998.7650381610222,-636.4429915789162,10.007402286726574
1,21,41,1381.5618865921879,1018.8558493409456,998.8687897662353,-636.1627525149929,9.678505250030184
2,22,42,1396.6088993057742,1021.1146268771195,1016.2009681149686,-640.7066956863139,8.507720130910116
3,23,43,1398.2566147331454,1026.4898140662062,1002.3449044756252,-630.5781038086861,12.14921660589198
4,24,44,1385.6330924873619,1007.8563969808522,1005.1161065349426,-627.339411028433,13.396822427551683
5,25,45,1386.306479009753,1017.4641214160911,995.3516618871777,-626.5093042935157,10.1934338830049
6,26,46,1386.69309805806,1019.0735688208715,991.338897710957,-623.7193684737686,9.638115359894982
7,27,47,1385.7794387006961,1019.2914323503109,996.1941623468515,-629.7061559964664,8.357533104329718
8,28,48,1390.966404739527,1022.4580952842393,1006.3939221406648,-637.8856126853773,9.281715352968604
9,29,49,1378.6319105294606,1003.6313883532571,1010.4008926461813,-635.4003704699778,7.358156053053335
10,30,50,1378.5500574768284,1002.5028279293649,1013.2032354805497,-637.1560059330861,6.325203821447303
11,31,51,1370.7913082549048,995.1493977578584,1014.8445297711904,-639.2026192741441,4.690242117362686
12,32,52,1373.3130528297975,991.4796451718876,1016.7025184802274,-634.8691108223175,6.086286769339608
13,33,53,1379.6750113399967,1001.760381479562,1016.9798651653863,-639.0652353049518,4.832690581465613
14,34,54,1380.4791039468014,1008.3042142443605,1011.5311675605124,-639.3562778580715,5.162620943815796
15,35,55,1388.8471908114138,1012.4656838098565,1013.4653965176557,-637.0838895160982,7.390675776531907
16,36,56,1388.6621459859798,1010.1641446330092,1013.8799515774269,-635.3819502244564,6.6263991555445045
17,37,57,1383.5843972107427,996.7469482969792,1018.5340616502081,-631.6966127364444,8.549957023645902
18,38,58,1377.4434757067102,994.630919973523,1015.8829320361801,-633.0703763029928,8.161682577456304
19,39,59,1376.0610290114737,997.3363027237467,1008.4600588082665,-629.7353325205395,11.22759007370746
20,40,60,1372.756196702312,998.7650381610222,1003.4263728593533,-629.4352143180633,8.180101805483673
21,41,61,1384.4949464532847,998.8687897662353,1013.094829494451,-627.4686728074016,7.9454732169622275
22,42,62,1390.8617906431045,1016.2009681149686,994.886076686156,-620.2252541580201,8.717142300391288
23,43,63,1377.713488666267,1002.3449044756252,987.427212952402,-612.0586287617602,5.778561679086238
24,44,64,1382.201262975981,1005.1161065349426,996.6671309516039,-619.5819745105655,8.512114967870957
25,45,65,1373.0866784196783,995.3516618871777,988.5979533163753,-610.8629367838748,9.929689308990305
26,46,66,1373.549292188127,991.338897710957,986.7394409982033,-604.5290465210333,8.827284503598776
27,47,67,1371.9431515050583,996.1941623468515,984.2164752691431,-608.4674861109363,8.364631839458298
28,48,68,1384.440687776955,1006.3939221406648,1003.113391010002,-625.066625373712,11.945503485919744
29,49,69,1396.8321563991976,1010.4008926461813,1007.3906957760405,-620.9594320230242,11.706817845138858
30,50,70,1407.0558621787761,1013.2032354805497,1016.3769747403269,-622.5243480421004,12.687610772569428
31,51,71,1414.6332991081254,1014.8445297711904,1021.3566042975604,-621.5678349606255,12.389391949247283
32,52,72,1413.713957122828,1016.7025184802274,1007.7064298580734,-610.6949912154728,15.582922862129067
33,53,73,1418.0287778211868,1016.9798651653863,1005.8456097435774,-604.7966970877769,18.882730924674206
34,54,74,1416.2129622202533,1011.5311675605124,1004.8097284946782,-600.1279338349373,17.262261462359106
35,55,75,1439.435632311341,1013.4653965176557,1019.0707311009688,-593.1004953072836,19.099510062104287
36,56,76,1437.3338566912416,1013.8799515774269,1023.8871159393676,-600.433210825553,17.900954379583595
37,57,77,1444.3016805837556,1018.5340616502081,1020.5715105109969,-594.8038915774493,20.281127478598137
38,58,78,1440.7964583724379,1015.8829320361801,1022.6128530427434,-597.6993267064856,20.35146209640186
39,59,79,1427.6411906111182,1008.4600588082665,1020.8624373518671,-601.6813055490154,18.20615174402201
40,60,80,1426.3600728023962,1003.4263728593533,1021.3842655041516,-598.4505655611088,17.71589605134352
41,61,81,1442.4983804031044,1013.094829494451,1031.9849126998788,-602.5813617912254,18.430614239033275
42,62,82,1422.3199438417064,994.886076686156,1025.7005013118048,-598.2666341562544,17.54200016029654
43,63,83,1417.5340970085213,987.427212952402,1023.3175019804714,-593.2106179243522,18.769269954494803
44,64,84,1425.509625311159,996.6671309516039,1024.3428779936821,-595.500383634127,17.485019662388595
45,65,85,1416.1533764014202,988.5979533163753,1022.9093028501626,-595.3538797651177,17.081682100643434
46,66,86,1410.9691144058497,986.7394409982033,1020.5126349149133,-596.2829615072669,17.104399553393137
47,67,87,1408.847839477342,984.2164752691431,1018.8699106685724,-594.2385464603735,18.56527073410757
48,68,88,1405.3085310278104,1003.113391010002,1009.8881203260959,-607.6929803082874,16.606320474526797
49,69,89,1403.8099927045369,1007.3906957760405,995.9422051387168,-599.5229082102205,17.216659505394546
50,70,90,1397.3242925549405,1016.3769747403269,990.9138981373284,-609.9665803227147,14.227434660726317
51,71,91,1403.247085418434,1021.3566042975604,989.2537731494872,-607.3632920286136,12.155373424956565
52,72,92,1393.1231623037647,1007.7064298580734,993.7695068125356,-608.3527743668442,12.839252596033703
53,73,93,1385.9629278544248,1005.8456097435774,991.6691669807398,-611.5518488698922,7.215351056343593
54,74,94,1385.41231844417,1004.8097284946782,994.9931107119032,-614.3905207624114,7.650583603501104
55,75,95,1376.8048483393245,1019.0707311009688,987.2795739129167,-629.5454566745611,-0.5307620749869102
56,76,96,1374.215020059929,1023.8871159393676,982.4912672372477,-632.1633631166865,-3.8930623714633157
57,77,97,1366.1874690111822,1020.5715105109969,975.0481302480149,-629.4321717478297,-3.323244459461307
58,78,98,1366.1613975205569,1022.6128530427434,976.1261788741288,-632.5776343963153,-3.8446137835801437
59,79,99,1377.344592464823,1020.8624373518671,994.1780833055662,-637.6959281926102,4.465686551986892
60,80,100,1378.5876477190593,1021.3842655041516,989.3096654313056,-632.1062832163977,7.091163541670994
61,81,101,1377.7760774581811,1031.9849126998788,977.4358123899067,-631.6446476316044,8.529449470936243
62,82,102,1371.849375379135,1025.7005013118048,979.8148777380698,-633.6660036707397,8.781879678243968
63,83,103,1371.491322979538,1023.3175019804714,979.1978097329568,-631.0239887338903,8.909718791730711
64,84,104,1367.493902403813,1024.3428779936821,974.3656833585851,-631.2146589484541,9.827489191241398
65,85,105,1381.4455775025185,1022.9093028501626,991.1219632000636,-632.5856885477078,11.157768839419646
66,86,106,1384.276027853085,1020.5126349149133,995.0159521392807,-631.2525592011089,11.63212438215919
67,87,107,1384.1974317804666,1018.8699106685724,994.2013634481236,-628.8738423362295,11.579575005267884
68,88,108,1380.6946917584808,1009.8881203260959,991.1511831728442,-620.3446117404594,15.027292571684256
69,89,109,1377.021910585413,995.9422051387168,999.5828941265281,-618.503188679832,15.09684830073536
70,90,110,1380.293817104242,990.9138981373284,1011.2234682605202,-621.8435492936067,14.250813810497334
71,91,111,1375.0051616584665,989.2537731494872,1004.2464854739881,-618.4950969650088,11.22133674419888
72,92,112,1381.5967530683638,993.7695068125356,1008.5168314293462,-620.689585173518,11.949524694357478
73,93,113,1371.0806122375532,991.6691669807398,996.8929739733451,-617.4815287165318,8.645509954936301
74,94,114,1373.3128141948218,994.9931107119032,997.0300798942333,-618.7103764113147,8.916702914396296
75,95,115,1379.9232452394835,987.2795739129167,1013.495071521341,-620.8514001947742,6.107799501505497
76,96,116,1382.1649780152768,982.4912672372477,1012.3695237624074,-612.6958129843783,4.81453084455643
77,97,117,1377.4714897563952,975.0481302480149,1010.1197891374245,-607.6964296290441,6.975192716190236
78,98,118,1386.2950057998225,976.1261788741288,1010.6049641085723,-600.4361371828784,13.406131779323687
79,99,119,1383.7537286679792,994.1780833055662,1007.0457111850031,-617.4700658225902,15.32610899461281
80,100,120,1378.193680019513,989.3096654313056,1002.3933016583003,-613.5092870700928,17.446676648548078
81,101,121,1367.4525754413812,977.4358123899067,1010.7006477444779,-620.6838846930034,12.961167325447605
82,102,122,1369.6961847667212,979.8148777380698,1010.1766252794903,-620.2953182508388,13.533363184113341
83,103,123,1368.1314955220032,979.1978097329568,1010.9027851173612,-621.9690993283148,13.94713610011081
84,104,124,1364.8909663166519,974.3656833585851,1017.1972816964401,-626.6719987383733,12.446672727165492
85,105,125,1372.8324844303459,991.1219632000636,1012.4956140827117,-630.7850928524294,8.897875571835357
86,106,126,1389.9970828809687,995.0159521392807,1028.925986886235,-633.944856144547,9.363300243438744
87,107,127,1395.3701582141343,994.2013634481236,1035.3497373769517,-634.180942610941,9.216891052304845
88,108,128,1399.2819443383605,991.1511831728442,1035.2255212772043,-627.094760111688,10.956494009066773
89,109,129,1399.2268405679786,999.5828941265281,1025.768560020963,-626.1246135795125,8.043509012850109
90,110,130,1398.2664018424339,1011.2234682605202,1019.5410167148251,-632.4980831329115,5.775252350310211
91,111,131,1394.495896883212,1004.2464854739881,1019.3001830150637,-629.0507716058396,3.0080507160524803
92,112,132,1392.7924141588992,1008.5168314293462,1008.3931748011944,-624.1175920716414,7.5841654341537605
93,113,133,1382.8009687516865,996.8929739733451,1006.0268356227342,-620.1188408443927,6.648367292257603
94,114,134,1385.5877625493047,997.0300798942333,1008.8222464724951,-620.2645638174238,5.614471657830791
95,115,135,1394.9144142171378,1013.495071521341,1009.7676267220809,-628.3482840262839,10.917971019652668
96,116,136,1392.1863735037157,1012.3695237624074,1009.2708049304905,-629.4539551891824,10.564284993757042
97,117,137,1394.2432905268993,1010.1197891374245,1010.5612465910459,-626.437745201571,10.279212012611652
98,118,138,1391.4630783499406,1010.6049641085723,1005.3850940946223,-624.526979853254,10.460595220443793
99,119,139,1393.8329039162095,1007.0457111850031,1018.8100332921191,-632.0228405609128,9.760407244282192
100,120,140,1392.8581035773184,1002.3933016583003,1017.8204009654529,-627.3555990464349,10.383022824935438
101,121,141,1398.845944435945,1010.7006477444779,1022.8157636256666,-634.6704669341993,7.393924228183664
102,122,142,1403.7415099869645,1010.1766252794903,1026.151655596586,-632.5867708891117,8.75925691673774
103,123,143,1404.0182249549903,1010.9027851173612,1025.887113836305,-632.7716739986759,8.742237222908443
104,124,144,1409.8721480517509,1017.1972816964401,1020.549896593817,-627.8750302385063,10.363412077871885
105,125,145,1403.138496341864,1012.4956140827117,1021.4822885061023,-630.8394062469499,7.367302575666031
106,126,146,1403.823766082457,1028.925986886235,1006.0076205949953,-631.1098413987734,7.32946830492881
107,127,147,1405.9777693913368,1035.3497373769517,999.1293891043804,-628.5013570899953,6.268619329226908
108,128,148,1416.3393032653917,1035.2255212772043,1000.8398131965071,-619.7260312083197,8.061437203298283
109,129,149,1411.869244462323,1025.768560020963,1003.961433524106,-617.860749082746,9.090301206055528
110,130,150,1408.342377157936,1019.5410167148251,1003.0473981387534,-614.2460376956424,8.370394071270653
111,131,151,1405.4287477854728,1019.3001830150637,1002.8941891065531,-616.7656243361439,7.4350315803077365
112,132,152,1400.1461865524439,1008.3931748011944,1005.8547617471271,-614.1017499958775,7.764396126204701
113,133,153,1395.2984058711932,1006.0268356227342,1007.9600852793252,-618.6885150308663,6.713788008117831
114,134,154,1403.0822112028586,1008.8222464724951,1015.8725467409414,-621.6125820105779,7.092407640792317
115,135,155,1394.2408079163133,1009.7676267220809,995.7460643530691,-611.2728831588365,8.992978328000845
116,136,156,1411.3932332579607,1009.2708049304905,1001.8108364503347,-599.6884081228645,11.186859628313414
117,137,157,1416.4529882284382,1010.5612465910459,1004.6526657593699,-598.7609241219775,11.96999360844768
118,138,158,1412.8609633354051,1005.3850940946223,1004.4384495906579,-596.962580349875,12.438163894871764
119,139,159,1414.1184659802786,1018.8100332921191,987.4343505237291,-592.1259178355697,15.383720787428729
120,140,160,1425.2340101783318,1017.8204009654529,1000.6371025879976,-593.2234933751186,14.297686554054053
121,141,161,1417.398341402492,1022.8157636256666,991.3161866363826,-596.7336088595571,7.1524177672315545
122,142,162,1412.9395298777456,1026.151655596586,984.0190587918544,-597.2311845106947,5.965581757016025
123,143,163,1412.4882917086838,1025.887113836305,985.5290052297682,-598.9278273573893,7.094643453375284
124,144,164,1406.1490493364,1020.549896593817,985.9009160990042,-600.3017633564214,8.136629067101126
125,145,165,1404.6796376021082,1021.4822885061023,980.1230624211516,-596.9257133251458,5.715717657666005
126,146,166,1375.8765340081763,1006.0076205949953,978.545753946724,-608.6768405335429,3.536408306005569
127,147,167,1370.793295867181,999.1293891043804,978.0937572961393,-606.4298505333386,-0.49995571832528185
128,148,168,1359.6007328981677,1000.8398131965071,970.98318744888,-612.2222677472193,-0.39409069696137067
129,149,169,1355.7429800174568,1003.961433524106,968.2928346444756,-616.511288151125,-3.3748025588862447
130,150,170,1359.2066392811953,1003.0473981387534,971.8894939711952,-615.7302528287532,-1.9000662646406
131,151,171,1363.6646624876298,1002.8941891065531,981.7802942127919,-621.0098208317152,-2.2266556438660245
132,152,172,1365.2061073860732,1005.8547617471271,984.5154604560241,-625.1641148170779,-1.8429267802290497
133,153,173,1364.0629526849934,1007.9600852793252,984.1215105371307,-628.0186431314623,1.1886499894176268
134,154,174,1362.4818573855414,1015.8725467409414,969.7368649398688,-623.127554295269,-0.19067739482545676
135,155,175,1357.5867962009688,995.7460643530691,983.9545992633801,-622.1138674154804,2.895903198001406
136,156,176,1352.60049937105,1001.8108364503347,974.900560695976,-624.1108977752606,6.465329737445813
137,157,177,1356.4989513904088,1004.6526657593699,981.9000874146326,-630.0538017835938,5.549775623085907
138,158,178,1359.5455452619444,1004.4384495906579,979.4450822211659,-624.3379865498794,7.82549598637479
139,159,179,1339.1056763089623,987.4343505237291,971.2165549140797,-619.5452291288466,3.6885788394044994
140,160,180,1344.0381374710696,1000.6371025879976,972.925838463428,-629.5248035803561,3.126605486553558
141,161,181,1338.9837895500611,991.3161866363826,980.4809300444317,-632.8133271307531,-2.352873293690436
142,162,182,1339.424405832986,984.0190587918544,986.4706896702238,-631.0653426290924,-1.8421866562473497
143,163,183,1340.4449891539598,985.5290052297682,976.9032340463534,-621.9872501221619,1.2480406466909244
144,164,184,1340.3023083647886,985.9009160990042,986.438697532532,-632.0373052667478,-0.08002261117633225
145,165,185,1334.191950756636,980.1230624211516,985.5054604010166,-631.4365720655321,-2.443830585208275
146,166,186,1332.2014172199297,978.545753946724,981.2620367088441,-627.6063734356385,-1.7199912354100206
147,167,187,1329.9908579322241,978.0937572961393,973.6722371137457,-621.7751364776609,-4.127674008989061
148,168,188,1334.3686727767013,970.98318744888,980.806521006343,-617.4210356785218,-0.5553852272560107
149,169,189,1342.8898952137947,968.2928346444756,996.6880748968842,-622.0910143275651,-3.2012743684733778
150,170,190,1340.210006393711,971.8894939711952,987.8042136007938,-619.4837011782779,-1.0954474210060425
151,171,191,1341.2539783365658,981.7802942127919,982.9331747987891,-623.4594906750151,-4.810298934357206
152,172,192,1343.554002593045,984.5154604560241,975.4701237673988,-616.4315816303779,-2.4925134250293013
153,173,193,1346.2198210236763,984.1215105371307,976.4557553242107,-614.3574448376651,-0.06827496077892192
154,174,194,1335.095492746849,969.7368649398688,976.8628750098079,-611.5042472028279,-2.8628174532507273
155,175,195,1329.2102844648748,983.9545992633801,961.8672773939968,-616.611592192502,1.5563240791981343
156,176,196,1324.7347272966042,974.900560695976,962.1930927310253,-612.3589261303971,7.030205485370971
157,177,197,1331.3490652364867,981.9000874146326,967.9614169478727,-618.5124391260188,6.16377467344887
158,178,198,1327.2730050437385,979.4450822211659,965.4375653782608,-617.6096425556882,5.484029001323279
159,179,199,1337.223514621308,971.2165549140797,970.6361879150801,-604.6292282078518,5.987508652912766
160,180,200,1335.4787243648698,972.925838463428,973.0515425717592,-610.4986566703174,6.873318338079798
161,181,201,1342.5990535073722,980.4809300444317,968.6043922165877,-606.4862687536472,6.586321467032349
162,182,202,1347.8026566567883,986.4706896702238,970.3681781711794,-609.0362111846148,7.076140453694052
163,183,203,1341.930849278439,976.9032340463534,971.2544192821888,-606.2268040501033,4.907843972253318
164,184,204,1345.8025749589372,986.438697532532,972.4196252447408,-613.0557478183357,3.2226209896301725
165,185,205,1369.817941063331,985.5054604010166,1002.8678242416811,-618.5553435793668,6.072341028033293
166,186,206,1382.8921667854356,981.2620367088441,1015.0103119796377,-613.3801819030462,8.997193926228647
167,187,207,1380.8266596759422,973.6722371137457,1019.0302382244531,-611.8758156622566,11.104311718378995
168,188,208,1379.3538518945652,980.806521006343,1020.2257996705221,-621.6784687822999,7.25772741756748
169,189,209,1375.1086871676357,996.6880748968842,1007.5831791611615,-629.1625668904101,2.564362411306206
