Left,Mid,Right,Loss_likeli,Loss_AIC,Loss_BIC,Loss_eBIC
0,20,40,43.5468714113307,31.5468714113307,27.529506027130765,-62.95507102495753
1,21,41,39.12117180408359,27.121171804083588,22.879646114159527,-66.29795579555412
2,22,42,35.38552293686439,27.38552293686439,25.828608974608244,-62.78337760440991
3,23,43,34.043180527534275,25.043180527534275,22.98840042850111,-55.78424290765247
4,24,44,36.18172245610947,24.18172245610947,20.979917537025244,-39.62828238690213
5,25,45,33.68341520294882,21.683415202948822,18.13503669358471,-16.066831788621982
6,26,46,40.65978704685489,30.659787046854888,28.453714401324646,-34.98664624776359
7,27,47,41.593401700795425,32.593401700795425,30.538621601762202,-14.823482433676304
8,28,48,47.75693712681198,37.75693712681198,35.79239551622089,-2.69574611935127
9,29,49,37.767820925480066,29.753095532986322,29.460122155379963,-6.1828221407442925
10,30,50,59.83218849737932,50.83218849737932,49.44443345339744,0.9969068270888783
11,31,51,52.349989458007315,43.349989458007315,41.31876127667164,-2.923019218971831
12,32,52,53.243318094376605,45.243318094376605,43.339830541840456,-10.014391492440552
13,33,53,59.02116267520091,49.02116267520091,46.468516439390726,-0.06853412275427218
14,34,54,64.74323500068806,51.74323500068806,48.319603794387774,15.696274208511568
15,35,55,63.403835092457825,49.74896510212426,46.50317168575418,-2.303363751188897
16,36,56,81.27174599217187,57.27174599217187,49.10237631070606,-33.11070819406336
17,37,57,87.11495396984179,64.11495396984179,56.27938886515477,-57.17538870116039
18,38,58,86.4502727013712,66.4502727013712,59.95868586863105,-70.00247214423496
19,39,59,82.95750465722983,65.95750465722978,55.068004032067506,-53.35754992717443
20,40,60,78.52805623068298,58.52805623068298,52.737828789381126,-39.23644212387069
21,41,61,79.07036506898947,60.070365068989474,52.59468763560244,-61.76799515180073
22,42,62,46.96382086443481,33.96382086443481,29.882817351638664,-72.52951189136911
23,43,63,46.25613936690229,31.25613936690229,26.249770391885136,-73.85654560146361
24,44,64,46.46679039023866,29.466790390238657,23.775654787269445,-74.11922873751371
25,45,65,51.25203685418205,34.25203685418205,27.06908779078293,-67.90762878554108
26,46,66,26.16838555741981,18.16838555741981,16.822822649748673,-35.88164228482651
27,47,67,28.351507366227963,21.351507366227906,19.945885950468778,-15.506893497461078
28,48,68,31.62799255859636,22.62799255859636,19.880065279003247,-13.615005038298591
29,49,69,25.973537414398265,20.16216406389799,19.49680367791302,-0.9103806120599529
30,50,70,50.7591586546842,44.7591586546842,42.74268075443729,15.169362486651039
31,51,71,50.50846857849399,43.50846857849399,39.59674277735792,4.417494780305333
32,52,72,52.09774819440429,40.29700651484177,36.66065101090567,-13.266951781499301
33,53,73,52.92826008557563,39.92826008557563,34.76966080244904,-17.51758512070569
34,54,74,56.25804048884265,45.25804048884265,40.23372062916326,-5.252635696789184
35,55,75,55.5778735154754,40.237878674008016,34.956632213244006,-15.271181136849009
36,56,76,61.56880464253243,38.56880464253243,29.164433146443685,-48.63511635136081
37,57,77,78.69620894242001,54.696208942420014,43.93676256899619,-63.94727957799648
38,58,78,76.77624156990987,54.77624156990987,44.1851996938633,-51.04531013509745
39,59,79,71.09800010679663,48.09800010679663,36.36903461088991,-64.2149232123486
40,60,80,76.63421859161724,50.63421859161724,41.0984451587189,-44.359274802203345
41,61,81,77.37857484437797,51.378574844377965,40.642967774439,-56.32120029915404
42,62,82,65.110259237592,45.31925381095937,35.36193107541942,-53.71858338701804
43,63,83,63.02476748252701,43.471095374780305,34.4829820203571,-52.97569567140124
44,64,84,60.17470868399266,42.013630163358926,32.554173564596,-49.703466151759585
45,65,85,66.01860654253903,47.01860654253903,37.90572353405605,-61.558351555448894
46,66,86,39.83234389613335,30.832343896133352,26.56289971972535,-0.8478592773140008
47,67,87,33.79303019883747,24.79303019883747,20.31223496784446,-0.4635678346893428
48,68,88,32.5859854235872,23.585985423587204,19.10519019259425,-12.092188975293766
49,69,89,28.887513784234443,19.09086582622797,15.107936732011922,-13.260144164039957
50,70,90,24.883225650527777,20.883225650527777,19.369927343597624,-1.0372569463753507
51,71,91,29.924771429475186,19.597519824070332,14.120992319523339,-22.84937899938302
52,72,92,30.54625462788988,17.45116698577465,14.776396833569663,-12.433182219727541
53,73,93,27.35338259521353,17.640581695694834,12.672536780834264,-41.477847827430196
54,74,94,25.43613063006353,17.43613063006353,13.288735195385698,-25.77563459145972
55,75,95,21.18063716549983,9.840642324032501,6.204286820096513,-28.471260140280606
56,76,96,21.554937032700366,12.672563592471533,7.69390222470156,-35.18860018590976
57,77,97,29.159968764120606,21.159968764120606,17.177039669904616,-33.031807748351014
58,78,98,19.351205424298428,12.351205424298428,9.90586323769935,-34.87477673354499
59,79,99,31.49478405851636,21.49478405851636,18.248990642146225,-46.40974289165956
60,80,100,30.298530279000886,20.298530279000886,16.359589682070805,-27.526751706638265
61,81,101,31.659117468126055,19.659117468126055,15.428784099539143,-28.015546341007166
62,82,102,38.801509252362166,29.801509252362166,24.21748342309246,-43.95299253458376
63,83,103,29.70549166829261,23.70549166829261,24.99021001854743,-43.2024813195635
64,84,104,34.12233066708495,24.122330667084896,20.980144109643675,-59.03892085089922
65,85,105,35.17552821525061,21.17552821525061,19.063543958353875,-42.798207512903105
66,86,106,33.54312538858858,20.543125388588578,20.810294181006327,-31.0088467367641
67,87,107,29.19676755753204,17.19676755753204,16.420977770407717,-25.186156687381754
68,88,108,15.216482513576977,6.2164825135769775,6.9342911367835995,-26.778216822996114
69,89,109,13.684444472970256,3.6844444729703127,3.904386959399858,-18.225529142681694
70,90,110,33.661752913064674,27.661752913064674,30.35132618678017,-11.000364999090152
71,91,111,26.8112882119824,13.8112882119824,13.023015119165166,-26.52647789468392
72,92,112,34.25235596339422,19.252355963394223,17.90056462038399,-22.514796328653915
73,93,113,21.942162939410707,14.942162939410707,15.269409475051475,-63.06729686701203
74,94,114,38.28555832074949,17.285558320749487,10.642678941512315,-56.074417027647655
75,95,115,30.663637688831102,12.663637688831102,10.713736975218467,-35.109397729029865
76,96,116,48.28444163016172,30.284441630161723,24.09543989041549,-44.299709019882584
77,97,117,97.73656007817891,68.73656007817897,58.110751604725806,-133.34438678662912
78,98,118,62.05087541899661,41.05087541899661,35.79429040087928,-103.86706444700894
79,99,119,49.17673273991653,28.176732739916474,22.920147721799253,-140.95071257321501
80,100,120,44.27755467390227,25.277554673902273,21.70984910989887,-124.53694565940577
81,101,121,31.39880397553617,13.398803975536168,9.99358327936693,-79.04512022984954
82,102,122,33.057369725839635,13.057369725839635,9.745212999686942,-104.58271606951257
83,103,123,34.58191835205059,12.581918352050536,7.520614377716129,-146.0803071988537
84,104,124,33.00237945742674,11.002379457426684,5.941075483092334,-155.25411389895146
85,105,125,34.80633857728628,9.806338577286283,3.604121176962451,-108.27414157713417
86,106,126,39.83254391858088,16.832543918580882,14.575020794305487,-72.25205909793749
87,107,127,57.994545979095335,35.99454597909545,30.586668414481096,-92.77474380335013
88,108,128,45.45482425585499,27.454824255854987,23.34526405778871,-104.95916148228616
89,109,129,44.807427171955794,25.807427171955794,21.546574427392443,-97.43925511040163
90,110,130,54.23355563507505,33.23355563507505,29.01669138779772,-104.39378949279512
91,111,131,70.23904968498721,45.23904968498721,39.16953013140596,-93.17209481037344
92,112,132,75.98651114886388,49.98651114886388,42.24059544686162,-89.33485099409086
93,113,133,53.31093742917977,38.31093742917977,36.041549231724446,-91.33871146402225
94,114,134,50.27852294178916,32.27852294178916,28.862109924282834,-65.36252351748362
95,115,135,45.292521446414355,25.2925214464143,24.07975641064752,-48.340863745523166
96,116,136,36.30336251503627,16.30336251503627,11.8912172239759,-67.59713284231759
97,117,137,42.202679952153176,17.100573932892758,9.159377187107566,-155.1987982328643
98,118,138,67.25301284457618,49.23029318196478,45.46730657417845,-82.19658670083095
99,119,139,66.38394574384938,45.38394574384938,37.70134559377226,-96.18053831674945
100,120,140,58.192039745825014,44.192039745825014,42.141342327675716,-90.82662471446815
101,121,141,62.907853503082436,48.907853503082436,45.75003708128423,-51.63168474787642
102,122,142,63.61171289054721,46.61171289054721,43.03296099236201,-64.94244556223464
103,123,143,77.95132018357856,59.66989937614687,53.8274712266807,-68.69284114802736
104,124,144,68.56498229554262,52.56498229554262,48.478101072209256,-74.62030996846363
105,125,145,72.4783341871688,61.414284543979136,57.53166746073845,-40.68035485165444
106,126,146,68.61761823351844,56.605011583061355,52.381747899728566,2.577452726420802
107,127,147,66.47536579823804,52.21823494201112,43.75451061680218,-43.418558723946774
108,128,148,59.20258557656854,47.17015423771858,41.5832678488286,-50.15254139204933
109,129,149,53.97541488099438,40.70742045691503,34.443001782729084,-57.668264204504226
110,130,150,65.4092558793273,47.409255879327304,39.55549663759541,-110.09718815553936
111,131,151,75.21507204992258,54.21507204992258,46.50194386119847,-113.21817149673831
112,132,152,76.19972427975296,56.19972427975296,45.17235005098519,-90.31160287339088
113,133,153,71.63956288404245,51.63956288404245,43.068534509622395,-59.786581332018784
114,134,154,47.73514630445925,37.73514630445925,33.79620570752917,-25.669380114463706
115,135,155,51.332260402987345,37.332260402987345,31.697171034003077,-55.17135662268754
116,136,156,47.144328614901156,32.144328614901156,25.716057334086088,-55.09932963119377
117,137,157,30.5415974586258,26.43949143936544,24.83705813586704,-5.011553066011857
118,138,158,37.63557590564841,31.124509041868464,27.63944608442955,-1.3190219664857068
119,139,159,32.31039032816926,24.310390328169262,20.00761407897386,-17.152487378750834
120,140,160,27.738878206023458,18.681392225256786,13.702730857486813,-14.092118730062111
121,141,161,34.439473260197246,29.43947326019719,27.0107462606004,-25.9317168079005
122,142,162,37.038039073399545,31.038039073399545,29.409810982893703,-6.106355050310697
123,143,163,31.745043703215515,25.46362289578383,23.862720436241716,-13.352547656756713
124,144,164,25.44556430774145,20.44556430774145,19.755769047275237,-21.231344475607614
125,145,165,36.74248221770745,33.67843257451773,33.57112852530662,-4.758005223716339
126,146,166,46.534342576697156,42.534342576697156,42.71993130795431,9.558466825397716
127,147,167,50.618475642671456,42.772693589899234,40.35102571008622,3.503488744323022
128,148,168,39.081250637073936,30.048819298223975,28.747435875621477,6.427117092349647
129,149,169,45.82938630869967,36.56139188462032,33.61818356124422,-0.46351350245993217
130,150,170,42.6190740473391,31.619074047339097,28.508378052250862,-14.37713281189923
131,151,171,46.9532547374198,30.953254737419797,28.36180398803964,-3.5103636035760246
132,152,172,64.21999763643419,44.21999763643419,36.16064796231444,-39.437459792759796
133,153,173,52.67035942207906,35.67035942207906,28.59292945799001,-27.026317770796368
134,154,174,48.34415778624947,32.34415778624947,25.764593958937382,-39.627634515549516
135,155,175,52.249289119949765,37.249289119949765,31.1675914294147,-44.15262489342592
136,156,176,51.45158961588601,35.45158961588601,30.407257630237268,-38.48646354365394
137,157,177,47.57467771333819,35.57467771333819,31.679725613694018,-22.86920625552898
138,158,178,45.95991503903258,30.95991503903258,26.27567693354939,-16.460705911155628
139,159,179,48.220853350721484,29.220853350721484,24.436544608065446,-31.039398994276212
140,160,180,38.067912920420554,25.067912920420554,21.36824186455931,-29.833533150227368
141,161,181,37.01099124357097,30.01099124357097,29.64509059865179,-19.779303824954354
142,162,182,27.61408430223827,22.61408430223821,22.897342340593127,-0.5142352470780907
143,163,183,46.55309958583621,39.55309958583621,38.84062535063708,16.789669858243087
144,164,184,37.36048083154543,32.36048083154543,32.643738869900176,13.256066032553917
145,165,185,39.39714420194605,33.39714420194605,33.331719688247404,-0.5533290281570089
146,166,186,44.09307356896011,39.09307356896011,39.029758017034965,5.753486893219247
147,167,187,32.733862516695126,25.733862516695126,25.087876217370592,6.773583701962366
148,168,188,33.10564180181291,19.105641801812908,18.539846100361274,15.938698967820642
149,169,189,33.015220139345274,19.015220139345274,15.510830127267127,-33.012009163153266
150,170,190,39.76594922579551,24.76594922579551,21.050083044719145,-24.188624870874946
151,171,191,55.92373432025727,27.923734320257267,20.559179206940712,-77.30180163574767
152,172,192,61.620156727695075,30.620156727695132,18.692348579837812,-89.47479034542084
153,173,193,53.535577584449925,28.535577584449925,19.90123365810473,-57.81781588899298
154,174,194,45.745750565118215,22.745750565118215,19.803680018648038,-45.312934531738506
155,175,195,38.372357872946566,21.372357872946623,21.01751514849161,-41.32759672195857
156,176,196,41.714815949760236,11.714815949760236,5.245535493713078,-147.82763369898714
157,177,197,44.66286441218875,17.66286441218881,10.805376934529363,-115.49194241419946
158,178,198,46.24261371025193,15.24261371025193,9.07400351532874,-96.67190050942054
159,179,199,31.562475066134652,6.5624750661346525,2.2656500321041904,-58.45459560017605
160,180,200,44.27888122989964,25.27888122989964,21.364602075616176,-53.07617853143847
161,181,201,42.71724397076355,25.717243970763548,22.798697090034125,-53.307877821749
162,182,202,44.082966362114405,31.082966362114348,29.80931043821306,-33.197282064366505
163,183,203,41.17765492483909,26.177654924839146,22.868545956543812,-54.996394663947854
164,184,204,42.30692782454071,25.30692782454065,21.002086582691504,-53.01382082233067
165,185,205,43.06216878735813,27.062168787358075,23.404377267009522,-36.78325403712006
166,186,206,32.599778122443695,19.599778122443695,16.24668065686251,-46.28800092447625
167,187,207,24.30744638414319,11.307446384143134,8.415633866517169,-26.142130489339593
168,188,208,23.365686826430533,9.365686826430533,7.504639814485245,-22.81157672466759
169,189,209,30.117451224196827,16.117451224196827,12.266487621838735,-66.74005490985076
