Left,Mid,Right,Loss_likeli,Loss_AIC,Loss_BIC,Loss_eBIC
0,20,40,29.513709811010187,-8.486290188989813,-13.859965831691909,-120.7416961879552
1,21,41,31.992009629236804,-1.0079903707631956,-6.347217995444794,-116.71477788845903
2,22,42,34.94292855262813,5.942928552628132,2.2485918847744983,-111.92231444089725
3,23,43,19.517433741635102,-7.482566258364898,-9.488023472104715,-128.09707948153687
4,24,44,29.27124534453867,5.271245344538613,3.3730921800099622,-82.95116421544594
5,25,45,41.98789057569542,17.987890575695417,15.743163820886707,-95.3002798305181
6,26,46,46.00010343782162,11.000103437821622,1.8925548173461948,-146.1723493835077
7,27,47,50.5780161713144,14.578016171314403,5.319175004341901,-162.25689215945692
8,28,48,54.502460794732826,17.502460794732826,8.438900671543252,-217.17118243866548
9,29,49,55.47156315539149,18.471563155391607,9.408003032201918,-166.50404005486996
10,30,50,54.48074568807158,18.48074568807158,10.261625291939026,-116.95084682909328
11,31,51,60.14399391175124,38.249090987877935,38.99156105373129,-100.66463957843985
12,32,52,76.52144171360766,76.52144171360766,79.9871776164074,59.79142589413743
13,33,53,67.64994443710282,50.64994443710282,49.830660314247496,-54.446957365329354
14,34,54,71.10990580592306,58.10990580592306,56.8774179721745,-66.05488169961939
15,35,55,81.93904130261564,64.22818371418344,60.76778219939115,-24.667304900132194
16,36,56,73.71075320387934,50.78697001911678,46.41881322534232,-92.55122338481556
17,37,57,45.99697219290698,27.99697219290698,26.210467877437736,-71.08443335837649
18,38,58,39.938907939143064,26.938907939143064,28.78441432776151,-49.87280588327371
19,39,59,28.66875044792107,14.66875044792107,16.90853340080787,-40.9968151551617
20,40,60,35.12649769306154,19.90640080324613,25.293161464943523,-26.714796282724024
21,41,61,49.870595653063276,36.63486453500656,41.7701528372811,-13.459474277616664
22,42,62,55.67554975007204,43.02218738147087,47.46432850318547,-6.104101750721156
23,43,63,54.837325170927045,40.83732517092699,42.340153391507556,-50.11241501112488
24,44,64,58.81788509225851,44.81788509225851,44.43265739270015,-53.22917074322993
25,45,65,58.0727932187977,42.0727932187977,40.6918332456853,-51.963115563038514
26,46,66,60.302067392493825,38.30206739249377,33.58733700843948,-56.39248055989651
27,47,67,57.379051191484564,39.379051191484564,37.34893253509813,-53.9767093503267
28,48,68,54.969066968971276,37.969066968971276,36.436814449361805,-56.601779745412045
29,49,69,71.64413198776845,50.644131987768446,48.468585716246594,0.6140815868807294
30,50,70,79.16070859126648,58.160708591266484,54.98356511482905,-16.952254614571984
31,51,71,77.11822721159433,56.223324287721084,56.770513309791454,-69.9640460634788
32,52,72,73.82601166938457,55.82601166938457,55.875334554678034,-64.8722524785752
33,53,73,60.976832932417096,27.976832932417096,21.979754427432795,-119.10680903721766
34,54,74,61.224997448052704,31.224997448052704,24.598598736907093,-184.03684421176058
35,55,75,66.23375426100858,34.233754261008585,25.926656870304214,-124.21833619421966
36,56,76,81.89203045957481,37.89203045957481,21.475787935540893,-189.32561139296126
37,57,77,60.04048203780127,27.040482037801212,14.320249767877385,-90.48013962394816
38,58,78,57.49290528938957,27.49290528938957,16.369230679159386,-97.31114687239199
39,59,79,58.06564812000079,29.065648120000787,19.318171427992752,-84.08281763761602
40,60,80,62.95894677611045,33.73884988629504,26.44681182378372,-85.7520871676652
41,61,81,58.47684511566791,28.24111399761125,21.100368481597002,-49.816034293722055
42,62,82,61.53437592485761,36.88101355625639,35.845636622833695,-6.617415245332381
43,63,83,60.57597790542104,41.57597790542104,40.242901851836564,-30.686682306320336
44,64,84,59.902624772962554,37.902624772962554,32.8413207986282,-30.711008984640443
45,65,85,41.41870882331085,24.41870882331085,22.193309123141375,-40.96625635518319
46,66,86,38.19030018986774,16.190300189867685,11.822143396093338,-45.230544135274386
47,67,87,20.04309118702264,9.043091187022583,9.80488830751517,11.74720762765287
48,68,88,20.7168889322827,9.7168889322827,13.93313482241092,-2.782635146498137
49,69,89,43.108936124897696,26.10893612489764,25.57828081020375,-8.344144116200027
50,70,90,50.880932241207006,32.880932241207006,30.15766640426051,-43.639826615976745
51,71,91,55.407851247610836,35.40785124761095,32.39442775591675,-89.56439219076935
52,72,92,38.81557293997855,19.482897162573067,18.643791823523657,-93.33301876189694
53,73,93,24.152333511014376,1.1523335110142625,-0.9256256132341605,-81.25676469580912
54,74,94,15.58705738379524,-2.4129426162047594,-0.9855061443465729,-71.9559870820658
55,75,95,13.237647312033914,-7.206732007327446,-4.321504847869164,-29.083228565927925
56,76,96,7.361171933690969,-12.638828066309088,-11.67294843589093,-65.81043889674481
57,77,97,13.026365207175786,-4.973634792824214,-4.577738317250805,-107.98208667201732
58,78,98,13.309621400898493,-7.69037859910145,-9.481227714419106,-107.51062332207005
59,79,99,11.941484541167995,-10.058515458832062,-11.654083530366506,-125.19578875518562
60,80,100,18.949982852316055,-6.050017147683889,-8.792610039269562,-163.05300822750576
61,81,101,26.847569317019236,5.847569317019179,4.403293791981582,-78.25387978949061
62,82,102,45.64271931987764,24.642719319877642,24.73504015186677,-45.35812438039602
63,83,103,42.55603048725425,24.556030487254247,23.353647217386424,-54.96413308358717
64,84,104,36.25345432440844,19.253454324408438,18.760922575638915,-52.838987813900644
65,85,105,36.5050725895905,20.50507258959044,17.737818255358206,-32.2434533814004
66,86,106,43.77601656495074,18.776016564950737,10.141672638605542,-51.76660168903015
67,87,107,44.884022315823984,27.884022315823984,22.539460303134774,-20.947346763975133
68,88,108,49.94149763802727,32.94149763802727,31.122560017978344,-29.161896595404755
69,89,109,58.23942614527721,44.23942614527721,37.74352874183592,-49.832468149582496
70,90,110,48.40004915958127,32.40004915958127,29.28622123506898,-54.1364181201626
71,91,111,49.436324578816766,43.436324578816766,43.580717508920884,3.6770730645491767
72,92,112,42.068580991713134,31.73590521430765,30.525564842331505,-16.410269895646138
73,93,113,48.50690251064185,34.506902510641794,31.002512498563647,-44.01156224322051
74,94,114,47.433202677696386,32.818032807091186,32.34482811296084,-37.77649835598493
75,95,115,43.22373151352758,29.77935219416611,30.951038456863785,-31.400864886168847
76,96,116,53.53301157269334,39.38006916071254,37.79218845531909,-48.755560744005265
77,97,117,59.566797873143514,49.07841719881242,48.65351961993622,-59.01930243022139
78,98,118,52.598621014351465,39.7652341103194,38.79416327941203,-47.79290534702193
79,99,119,49.19005600845071,34.19005600845071,31.22752063043538,-61.99325858127918
80,100,120,56.23723534196478,40.23723534196483,37.38497970201672,-56.43459037541595
81,101,121,52.97164171563378,35.97164171563384,34.094418504294254,-53.30426366430959
82,102,122,72.9929993381374,44.992999338137395,35.21163059174114,-115.3574413202657
83,103,123,75.13608823077305,49.13608823077311,40.485039963889335,-79.98978810539177
84,104,124,68.99022166804059,47.990221668040476,47.239093323562884,-133.39683587092986
85,105,125,60.875874336188076,38.875874336188076,38.6666006257733,-113.34396881640134
86,106,126,51.58751556527113,27.587515565271133,28.461951122982214,-92.09872190047588
87,107,127,53.86984747637649,29.869847476376435,30.397709443807685,-63.08416093752612
88,108,128,56.79212863123166,37.79212863123166,42.542189233947624,-103.05570946330477
89,109,129,65.03061168135184,36.03061168135184,34.762290145457996,-167.8312150638087
90,110,130,38.91217020905026,8.91217020905026,8.185703307219342,-169.73498378841873
91,111,131,42.29455808380823,21.29455808380817,27.128327954650103,-157.64760958012607
92,112,132,35.81759634963271,3.8175963496328222,1.7488235839678055,-171.8004211223191
93,113,133,70.1652254493228,33.16522544932275,26.527680458093073,-234.0991070768714
94,114,134,51.597380078897686,28.982210208292486,32.15069540610557,-128.93127269320155
95,115,135,48.62009193603927,30.620091936039216,33.442003543572355,-129.63867801535457
96,116,136,57.96908638545324,38.816143973472435,39.905187629605734,-123.39574005879103
97,117,137,47.23507607529058,17.74669540095954,13.454739496860952,-136.8719630378713
98,118,138,48.55416954790479,19.720782643872667,17.79714384035333,-150.04219776387583
99,119,139,51.652393104158875,27.652393104158932,27.487107891030064,-113.81017012645259
100,120,140,45.58164390977174,23.581643909771742,26.40653120616105,-110.49499674397782
101,121,141,45.96676613946977,15.966766139469769,15.5884757264688,-146.72519817191323
102,122,142,38.22679233898742,-7.773207661012634,-15.425811980435583,-234.8376154618502
103,123,143,41.625393938231696,8.62539393823181,9.524490938589452,-209.4537701353595
104,124,144,47.830872039044834,6.830872039044834,6.8813423297197005,-194.38387662190996
105,125,145,51.318569788650734,7.318569788650734,-1.0711702086181276,-169.3369892575588
106,126,146,32.26928266857931,-6.730717331420692,-10.15997664853785,-135.8050604262363
107,127,147,40.94260163130281,0.9426016313027503,-5.802247409137976,-164.42649393239253
108,128,148,38.30087893105366,0.3008789310536031,-4.755090655273193,-199.6614045714997
109,129,149,60.852308522063765,22.852308522063822,18.142912526016858,-185.50845273187326
110,130,150,69.50048877606196,31.500488776061957,27.993817835163668,-168.64941975007923
111,131,151,73.2847937242729,36.28479372427296,32.60861597929602,-135.01053301965226
112,132,152,90.71409689906318,52.44331218425316,48.25110937962245,-157.0887197694891
113,133,153,114.65405362713267,62.785422149789156,49.08977424910961,-253.32500438229113
114,134,154,89.49314315949954,41.49314315949948,26.25990835120308,-189.955886101881
115,135,155,96.83872736373661,48.83872736373655,34.0844933837393,-236.06589339837717
116,136,156,76.92465537312637,29.90822149737869,22.112505304879505,-197.73353399022676
117,137,157,69.72670769915493,16.726707699154986,0.8196347379888493,-198.58316171093577
118,138,158,76.57644726269723,18.57644726269723,-0.8604833225888342,-259.49473466652125
119,139,159,87.1465219477692,36.1465219477692,19.41968872914174,-252.17009016248426
120,140,160,87.7013136927967,33.70131369279659,15.134308473558349,-216.055549109303
121,141,161,82.06362810925583,19.063628109255887,-4.330745931255478,-299.35553323185195
122,142,162,97.37165276115826,47.3716527611582,30.44953849874787,-278.7230681236514
123,143,163,87.07564217031313,41.07564217031313,25.105271684170702,-254.35165339735397
124,144,164,80.3541273458589,42.35412734585884,36.24497535347223,-132.3561491869524
125,145,165,85.51769850866867,56.51769850866867,49.01105234773536,-126.43699087283073
126,146,166,75.6094201177329,46.60942011773284,38.10818805026656,-98.45940596898322
127,147,167,66.80698745153546,43.806987451535406,36.7897403808754,-91.70239698650585
128,148,168,57.36157548175004,32.36157548175004,24.80003180069832,-99.71179156851713
129,149,169,56.18187043330147,36.18187043330147,29.60447749296611,-72.59725952943506
130,150,170,62.58121202884752,39.58121202884752,32.78069090140866,-35.40182814553259
131,151,171,59.12963104211974,40.12963104211974,33.29283662857961,-36.31402376098822
132,152,172,62.98033251587833,52.70954780106831,50.30890011026037,-2.3995119583250926
133,153,173,61.52664487530859,42.65801339796508,40.871225160113,-20.868965864192774
134,154,174,94.1959697829003,72.1959697829003,59.68775983311639,-67.38458637063775
135,155,175,89.24640913330938,65.24640913330938,52.655184684645064,-81.71749960017553
136,156,176,85.21296725507801,55.196533379330276,51.907325750111454,-42.77517959981287
137,157,177,77.10839136086844,51.10839136086844,46.69976904330099,-41.731362879915196
138,158,178,78.20748866405359,50.32665990551834,40.91178855548998,-72.46303005356367
139,159,179,84.19451153016973,60.194511530169734,52.404607330881504,-37.94297266803835
140,160,180,78.68262060297474,54.68262060297474,46.19956922312656,-44.129842067087566
141,161,181,93.54557921334344,63.5455792133435,52.42190460311326,-78.04646880478867
142,162,182,82.41945031989906,71.41945031989906,67.32921717647196,13.931630684687548
143,163,183,77.2699307404693,66.2699307404693,62.33834937314248,4.562314345367724
144,164,184,83.29328203434807,69.29328203434807,65.06714313447685,10.320531503056884
145,165,185,85.4331469233797,73.4331469233797,68.84504764317558,-13.99315006883262
146,166,186,74.02531357675366,61.02531357675366,56.051250168332786,-24.184430548246212
147,167,187,67.85997326699237,55.85997326699237,51.98530325993386,9.94970295395541
148,168,188,57.96128356949998,45.96128356949998,42.09941094430951,-13.752137414514664
149,169,189,55.8199027122086,40.81990271220866,35.68587862330469,-36.62583948384008
150,170,190,44.31677700321734,34.586887937900315,29.78122479179609,-20.85878079723841
151,171,191,37.62196230493208,24.62196230493214,17.130550887922595,-59.025462381745456
152,172,192,25.83139406419616,19.579937916237782,19.112601500755773,-21.32294014682759
153,173,193,28.53712542337246,16.810117790559275,17.25714069154708,-14.873015821357285
154,174,194,53.846897010445105,39.846897010445105,35.91116959995543,-34.392460643993445
155,175,195,35.38319374739683,24.38319374739683,34.155904215168675,-52.91658521517502
156,176,196,40.52095879748151,26.520958797481512,36.04145894719329,-49.094528329145874
157,177,197,39.29613584065021,23.29613584065021,34.378696604997,25.591981024747838
158,178,198,42.84822827218488,29.96739951364964,42.46871020637525,-39.70554163860652
159,179,199,50.19375915497636,30.193759154976362,38.91234035129423,-31.639969040824667
160,180,200,67.52167424352302,48.52167424352302,54.31145561707888,-61.661974881084916
161,181,201,97.90779308335459,71.90779308335453,71.43992277723169,-72.53560436518228
162,182,202,122.39834305296586,87.39834305296586,81.75653033529005,-136.16011019164512
163,183,203,114.73617805210995,85.73617805210995,83.42813574537615,-116.51768405580015
164,184,204,113.67221951952888,82.67221951952888,81.10131289064088,-141.23727470101142
165,185,205,105.39184913317189,61.391849133171945,54.04182990674292,-191.34064157886826
166,186,206,85.5523865559419,42.55238655594184,35.70023346628989,-221.23208713816393
167,187,207,96.54333092340687,56.54333092340687,51.877923424645815,-209.31737346190255
168,188,208,86.77470249410311,50.77470249410311,49.14048031329003,-188.5544134334989
169,189,209,48.525639932724005,16.52563993272406,20.04488792417976,-139.0624537464921
