Left,Mid,Right,Loss_likeli,Loss_AIC,Loss_BIC,Loss_eBIC
0,20,40,52.08220911222065,41.08220911222065,35.73537250428103,-32.02159898749255
1,21,41,58.296833239898035,44.296833239898035,37.173824072704406,-56.1404529370609
2,22,42,58.89954163970674,46.89954163970668,41.56523316743733,-59.871237747588566
3,23,43,48.40053190388801,35.40053190388801,29.663667077760238,-62.85739133106051
4,24,44,45.56579445380055,30.955946219130738,25.656331855866597,-45.4254726400535
5,25,45,55.7745612094472,38.97030556258687,36.00777018457154,-98.07827145553892
6,26,46,42.052636847242866,29.052636847242866,28.163215547089294,-71.5831662091025
7,27,47,18.259668095443317,1.2596680954433168,-2.6093841855135906,-61.92784450221154
8,28,48,23.573845672099537,10.573845672099537,8.260468977358187,-63.124539911214015
9,29,49,6.283706202327551,-7.716293797672506,-7.344101612898612,-50.57931689457075
10,30,50,7.20577432232335,-2.79422567767665,-2.1656711642588107,-39.15560356846902
11,31,51,7.238108236903372,-3.761891763096628,-5.079536184283938,-45.12530566332407
12,32,52,12.429891245338126,-2.5701087546618737,-1.2503699886837012,-41.25273259027733
13,33,53,16.989754289189705,5.989754289189705,5.71183063884223,-40.936918462962694
14,34,54,15.827878045478258,-0.17212195452168544,-3.6325234693140374,-49.81149276642793
15,35,55,22.185976315450148,5.185976315450148,1.2277086638808896,-58.85418268664466
16,36,56,23.117599972217704,3.117599972217704,-2.3342660896826146,-67.48165648831377
17,37,57,27.919027580566365,10.919027580566421,8.000480699836999,-117.71508210722322
18,38,58,34.59172480598767,21.591724805987724,21.011216062646213,-79.22752354868442
19,39,59,41.916856536004104,24.916856536004047,22.335360384616138,-110.22641212232804
20,40,60,44.60193347940077,27.601933479400827,23.643665827831455,-66.19087762359914
21,41,61,43.920186757881766,25.920186757881652,20.424332198695424,-80.5276346947428
22,42,62,37.666193086135536,25.666193086135536,21.595483773524847,-99.70962130476573
23,43,63,34.498855572249795,17.49885557224968,11.807719969280583,-81.31373490986095
24,44,64,30.198708804409364,11.281794955805367,6.737684172887157,-49.79408309943108
25,45,65,65.68918508681645,43.92917656087991,35.900002820522786,-104.49486383494161
26,46,66,56.5428712126926,40.298612637741485,35.60320930832631,-83.51675411878136
27,47,67,74.06699425226327,53.19909062532474,47.01008888557851,-33.810346107255896
28,48,68,79.60375984888435,57.41203367406774,52.71663034465257,-39.47356089213167
29,49,69,60.137984790841756,44.137984790841756,38.455612223325375,-3.337864073085825
30,50,70,75.50661532955314,57.50661532955314,54.47994800821914,11.645796293063881
31,51,71,61.468591682084195,48.468591682084195,42.35141683218876,-8.224884963534578
32,52,72,71.56519357108976,48.565193571089765,41.74312015949238,-32.84628835388094
33,53,73,53.54787100029796,34.5478710002979,24.825151939725288,-44.71208273565094
34,54,74,56.091819450279445,36.091819450279445,28.43111515998521,-71.78647214819318
35,55,75,63.250711489832156,41.250711489832156,32.527412316186656,-75.22162918629385
36,56,76,61.25060953369018,41.250609533690124,33.58210920453121,-83.72328102298172
37,57,77,65.78313078984456,48.78313078984456,39.200987956745166,-122.91684948641387
38,58,78,62.22191441633993,44.22191441633993,34.20797887435049,-110.44070618453691
39,59,79,68.88742889813727,45.88742889813727,35.60031897331817,-132.78479776582265
40,60,80,71.38541811751116,47.385418117511165,35.13215165306235,-113.8821933045765
41,61,81,78.9715660594378,49.97156605943775,41.472108214354876,-107.2212488148665
42,62,82,81.21023526954053,51.21023526954053,40.086560659310294,-158.01049914245402
43,63,83,75.66360916095658,39.663609160956526,26.24588491062434,-158.51027929306235
44,64,84,64.92824692922187,33.01133308061782,27.193566373798376,-138.59041139723104
45,65,85,69.89948762402861,41.13947909809201,32.74440471281565,-124.36066679121109
46,66,86,58.55247726084076,31.308218685889642,23.21572939360732,-105.34159742620056
47,67,87,40.61228828227257,18.744384655333988,17.075627931530448,-59.42146214637182
48,68,88,34.77061006392563,16.57888388910891,16.758845276446436,-57.42492012579578
49,69,89,35.866608398159656,18.866608398159713,15.632954490074894,-80.88394604985581
50,70,90,38.27666798643111,22.276667986431107,22.263136043622694,-74.54953802581724
51,71,91,36.20713297984679,21.207132979846733,18.489048456038006,-79.58201776074225
52,72,92,26.58712484985159,14.587124849851591,12.771614291887317,-41.41294537833733
53,73,93,50.10876338485298,36.10876338485298,32.60437337277472,-22.37814419206188
54,74,94,56.67619184054405,40.67619184054405,36.176069554911805,-43.95620537589343
55,75,95,52.7205922175425,35.7205922175425,31.467086136585124,-81.67066251650363
56,76,96,43.09177323057963,28.091773230579633,25.919668604975243,-75.54640837798854
57,77,97,46.15523237180753,31.15523237180753,27.15297622295236,-51.46045183670128
58,78,98,39.4768361525974,26.4768361525974,24.370129266271192,-33.11831027655842
59,79,99,38.56030604116836,22.56030604116836,18.060183755536116,-61.77538976460892
60,80,100,39.52124830588241,26.52124830588241,25.94073956254101,-69.93148356334075
61,81,101,51.225474601824146,44.628144433223895,51.19663618330867,46.110933824643325
62,82,102,66.42030216160128,52.00279510487945,52.115433542097946,-37.63479253357946
63,83,103,70.83504489459426,42.83504489459426,34.786544099597904,-79.66836745745059
64,84,104,82.01947709611164,45.54377107051391,35.352513181912514,-122.649800954086
65,85,105,70.74485683379532,37.744856833795325,27.900172535473985,-120.31860719019755
66,86,106,62.16184170497411,33.16184170497411,24.61547477320073,-104.32987113891477
67,87,107,44.06470503497127,23.06470503497127,21.439936808453695,-42.51415340416747
68,88,108,33.68802422340809,14.688024223408092,11.231630106809348,-34.0420791031554
69,89,109,29.595335307708638,11.595335307708638,10.289830394806586,-44.105570283669636
70,90,110,32.44379741877907,11.443797418779127,7.920080352061632,-87.30425081021087
71,91,111,33.65555170683632,9.655551706836263,5.229260674274428,-140.8439185828488
72,92,112,30.292185520946475,15.292185520946532,15.448812455451048,-56.18906795247415
73,93,113,44.14076098053357,30.14076098053357,30.79525405181505,-98.46855040123842
74,94,114,42.603879992340694,25.603879992340694,23.725053882451334,-86.78042957968864
75,95,115,46.98735745301963,21.987357453019627,16.523511000086046,-85.8664824400256
76,96,116,39.56320562714939,19.563205627149387,16.981211859339737,-119.62376053742696
77,97,117,46.63247771294135,25.632477712941295,24.188202187903812,-99.06396652107185
78,98,118,43.81215859766303,22.81215859766303,20.881405700480514,-77.31348392989287
79,99,119,34.27153751797562,14.271537517975617,11.5922601783152,-85.88351764099718
80,100,120,44.03335040372002,27.03335040372002,24.4613771132706,-50.603618808632405
81,101,121,40.77496268623082,32.17763251763057,32.469932522642694,15.814017314687021
82,102,122,22.021550585725777,14.604043529004002,13.616717366440241,-4.0456895755795586
83,103,123,48.05808015474963,39.05808015474963,36.72292325750857,18.601004493920357
84,104,124,45.335313495889295,34.859607470291564,32.76083887397249,6.687458042031096
85,105,125,50.17471930704289,40.17471930704289,36.92892589067276,-5.002502653530314
86,106,126,49.933030805122996,37.933030805122996,33.344931524918934,-23.92291099130057
87,107,127,52.38295557437755,43.38295557437755,40.63502829478443,-3.950787214847651
88,108,128,45.507020886286114,36.58162798557851,36.41657547219063,-10.68174299589407
89,109,129,51.2603688070904,38.2603688070904,34.578835514812795,-37.834855220932695
90,110,130,41.38260855877928,23.382608558779282,17.540180409313166,-76.11529758509153
91,111,131,36.76512566032966,17.76512566032966,12.995235922143479,-92.46946647637071
92,112,132,38.36962597436013,19.369625974360133,12.682758097836995,-59.985191343614474
93,113,133,50.769672550826726,26.769672550826726,17.940047580698547,-123.70829370451418
94,114,134,40.74842059758356,19.748420597583504,15.636656582010005,-79.48134969481703
95,115,135,49.9298181791757,24.929818179175754,16.642047843110504,-72.61820874989007
96,116,136,51.10118771218538,26.10118771218538,17.813417376120128,-94.89766273345128
97,117,137,64.56059502844874,37.560595028448745,28.27709241882951,-73.0032274692893
98,118,138,58.50192977443146,33.50192977443146,25.21415943836621,-84.03551847001461
99,119,139,45.014980480854604,23.014980480854547,17.260529325960192,-101.33305469037873
100,120,140,57.51276035275106,36.51276035275106,28.830160202673937,-37.24753985901418
101,121,141,48.73152248366904,34.73152248366904,34.799111924325075,4.600156215752463
102,122,142,50.26479727387772,37.26479727387772,36.60773103322674,14.907907544464592
103,123,143,58.18021766408236,42.04780485962635,41.40152741649928,21.66269548509956
104,124,144,56.42802163718659,40.42802163718659,36.2788121530981,1.4955559744149696
105,125,145,63.956509558293305,47.956509558293305,44.310684922922064,-4.637894125202138
106,126,146,64.8266316931497,48.82663169314969,43.76680044152033,-5.611996569987468
107,127,147,66.46665521878674,52.46665521878674,44.20719295347283,-5.228324278654327
108,128,148,43.73265204207644,30.80725914136883,29.10137731046848,4.798928589288607
109,129,149,47.152799648901635,36.152799648901635,34.29453570785836,0.28256189123680997
110,130,150,31.480696589524428,20.48069658952437,17.8780770802216,-16.264465916161953
111,131,151,31.11022922007885,23.218638448512138,19.96167417529614,-0.44551011467672197
112,132,152,34.5575411292366,25.47565104513842,19.501257403814407,-24.55996492015231
113,133,153,49.44795657128793,33.20189168705724,23.742435088294258,-49.03727744836351
114,134,154,41.868446159111386,26.868446159111443,21.189387407995127,-36.07355249591899
115,135,155,44.47743479949878,31.1831889905867,23.21733080215472,-39.28663876656867
116,136,156,69.13708577325195,46.042500942525976,33.595847523101156,-60.738796356800094
117,137,157,72.38568204235423,47.48951586730345,35.04286244787852,-73.09901569256692
118,138,158,88.22225892493134,63.24850930913158,49.3082574793757,-122.37668977518842
119,139,159,88.66653216736216,60.547891728004345,43.122576940809495,-150.56763219687127
120,140,160,93.54595682243178,65.54595682243178,48.27724276308402,-143.61731924191577
121,141,161,72.86856518864238,51.86856518864238,47.09974384136831,-71.04190806388033
122,142,162,73.84595099782484,52.84595099782484,51.14557197685406,-53.255406605131725
123,143,163,65.57955030837371,45.4471375039177,43.4363459021705,-60.11280189098568
124,144,164,66.06869024502896,45.06869024502896,40.27290504073039,-54.27539335886058
125,145,165,71.25396426235079,51.253964262350735,48.57096194948747,-67.06974902702575
126,146,166,71.19468456685627,51.19468456685627,48.409443528910515,-68.960260150365
127,147,167,61.02002210504037,45.020022105040425,42.59934136108791,-58.646757543144304
128,148,168,48.476668684701224,35.47666868470128,36.28477898033259,-43.001448973313245
129,149,169,42.55646373898435,29.55646373898435,31.932371907998345,-18.207275278667453
130,150,170,47.583510966165704,34.583510966165704,35.144042266668635,-24.940932457663394
131,151,171,35.342031245481394,26.342031245481394,26.020119097848124,-26.460860882897236
132,152,172,25.52725466733534,15.527254667335342,14.707476382925051,-62.67458836679543
133,153,173,22.035666956949854,10.035666956949854,8.913303579545413,-60.88920101771032
134,154,174,23.063096267256128,8.063096267256185,4.407413708680906,-71.56661688456745
135,155,175,19.611885879215095,8.611885879215151,7.640815048307786,-73.19554750219675
136,156,176,17.253438629954417,1.2534386299544167,0.6377644200623536,-33.60861475108629
137,157,177,13.878949186431043,-3.1210508135690134,-8.119039235978107,-64.02065631475762
138,158,178,23.472511979648743,9.472511979648743,5.621548377290424,-72.72660618519592
139,159,179,22.466691306163796,0.4666913061637956,-4.80578229071466,-90.73549125933346
140,160,180,30.29654266515564,10.951413228112642,6.797864532760514,-76.33365952025838
141,161,181,28.345845372088206,10.345845372088206,8.159360973587923,-85.2015938762305
142,162,182,8.57340652165027,-8.42659347834973,-10.781739951009513,-135.34399875345446
143,163,183,11.063986236370226,-2.9360137636297736,-3.3517994281763777,-112.32202464024374
144,164,184,27.547362124047368,10.547362124047368,6.242520882198164,-110.36384022830282
145,165,185,27.813003550735914,5.813003550735971,-0.2364133735923133,-117.99702641544047
146,166,186,37.2244755807302,13.2244755807302,5.781144971721801,-120.55969915552532
147,167,187,35.289908762169716,13.289908762169716,7.1888840169954165,-97.44637748124023
148,168,188,37.31360840458444,16.313608404584443,9.324155435067155,-97.45650046697835
149,169,189,47.22597468306344,24.22597468306344,16.587363030272172,-74.99564410779249
150,170,190,35.35377097424873,13.353770974248732,6.213025458234483,-99.2455449472942
151,171,191,45.64295073725691,23.64295073725691,16.50220522124266,-83.58146376363675
152,172,192,62.1241312017421,39.1241312017421,31.138945958670888,-109.18130875827137
153,173,193,62.83045115114379,40.83045115114379,34.036279225409544,-114.38528871254289
154,174,194,72.64615313384263,51.64615313384263,45.69642093516535,-98.72858331802968
155,175,195,66.33142869803515,46.331428698035154,41.22613622641484,-92.80833593036607
156,176,196,60.393477573618156,38.393477573618156,34.7906065430642,-52.03297960997941
157,177,197,39.10486799412581,20.10486799412581,14.111147298162564,-57.84769813292087
158,178,198,20.43273606436054,12.43273606436054,11.568969282664284,-30.513302682579592
159,179,199,17.03034488745584,8.03034488745584,9.23013106867836,13.86048497613649
160,180,200,11.566689248191096,6.221559811148154,7.998416259833903,18.03325716278846
161,181,201,28.20241779586189,22.403140969210256,24.26290121685105,7.63210591913753
162,182,202,26.18261404802371,15.182614048023652,14.77494362518587,-32.16301825141181
163,183,203,19.870151939542268,6.870151939542211,5.565938050652676,-39.07750452667722
164,184,204,18.25565436160531,5.255654361605252,4.32857202798391,-56.80181138518503
165,185,205,21.50959660285787,6.509596602857869,4.586781995682372,-37.30594656696064
166,186,206,28.169424690799246,15.169424690799246,14.588915947457735,-12.038142117339248
167,187,207,28.511791148547104,14.511791148547104,12.740269087868683,-42.610810699369154
168,188,208,27.708661581743627,14.708661581743627,13.435005657842225,-60.31882424578578
169,189,209,28.72193686590896,12.721936865909015,9.608108941396722,-36.372570706766055
