Left,Mid,Right,Loss,Loss_left,Loss_right,gain,glasso
0,20,40,1361.9957604498975,1016.2782929038399,967.0607918953758,-621.3433243493182,6.909218514140775
1,21,41,1366.4215259544171,1012.9477977813024,977.1844337120231,-623.7107055389083,8.418490543663438
2,22,42,1373.927216255327,1008.0272253366243,985.3207069267486,-619.4207160080459,14.063353440355513
3,23,43,1384.57584937525,1016.7162421165638,998.1739411608692,-630.3143339021829,11.573526214613139
4,24,44,1382.6722239430408,1007.956716526251,1003.2825791549858,-628.5670717381961,12.138556538258058
5,25,45,1377.6837738822855,999.6728406839904,1004.4618492321138,-626.4509160338187,11.533616590414567
6,26,46,1381.6195284213757,1016.7405976252261,991.444741202088,-626.5658104059385,10.908903048658203
7,27,47,1382.9093257402992,1002.176406962649,1000.4644425429408,-619.7315237652906,17.528165385743478
8,28,48,1382.9821917743106,1018.2102859491363,973.851471813842,-609.0795659886676,7.610034686625681
9,29,49,1376.0170793964912,1010.9493836691217,972.7232335409954,-607.6555378136259,7.596598569929256
10,30,50,1383.758730253423,1008.910889079049,991.7359620619984,-616.8881208876244,11.596042438534027
11,31,51,1369.4344901465465,992.8126115565036,986.8048227725756,-610.1829441825325,13.235639807551365
12,32,52,1367.495747277451,1001.9426225912789,989.1940335717968,-623.6409088856246,8.535318278997693
13,33,53,1360.9532093649113,994.8914553647586,993.6294555260736,-627.5677015259207,9.727657280737958
14,34,54,1365.3787950525407,993.6294923330265,996.4651067365164,-624.7158040170023,9.582165412162226
15,35,55,1362.5057401859863,990.2933447971353,1001.7637487418381,-629.551353352987,9.42221917782922
16,36,56,1355.3473396888307,986.582284217398,1001.0414933281978,-632.2764378567649,7.331384784666852
17,37,57,1374.8570646873277,998.598482573801,1001.2937890316216,-625.0352069180949,7.216848181867249
18,38,58,1369.457718267774,990.6193199391622,1004.7347097298932,-625.8963114012813,9.619665841345636
19,39,59,1360.241770411038,986.0188422908765,1002.2883754684683,-628.0654473483069,5.021429838055951
20,40,60,1354.1752559997328,967.0607918953758,1008.9201653905374,-621.8057012861802,4.880149134546059
21,41,61,1359.5217278168232,977.1844337120231,1008.9752186949179,-626.6379245901178,4.231202360492148
22,42,62,1365.5751070087736,985.3207069267486,997.4302998924036,-617.1758998103787,3.92304273834759
23,43,63,1368.7812638848436,998.1739411608692,993.1453859991034,-622.5380632751289,-1.3842009067579966
24,44,64,1371.241609856673,1003.2825791549858,986.8995932600769,-618.9405625583897,-5.333304084492397
25,45,65,1375.467647159768,1004.4618492321138,992.0112523588145,-621.0054544311604,-4.004579101034892
26,46,66,1378.8509363908129,991.444741202088,1005.6094322154588,-618.2032370267339,-3.3633543066464426
27,47,67,1394.0991203256144,1000.4644425429408,995.243213390321,-601.6085356076474,8.454108515805615
28,48,68,1384.8793641375778,973.851471813842,1003.0653470136845,-592.0374546899486,-0.38502200911841555
29,49,69,1390.0134811429014,972.7232335409954,1008.6797935129828,-591.3895459110768,4.169341010023572
30,50,70,1390.1037773064863,991.7359620619984,985.6823325956898,-587.3145173512019,12.049584024574642
31,51,71,1410.7592101471887,986.8048227725756,1010.7362050574709,-586.7818176828578,16.87771485232588
32,52,72,1418.1549097878046,989.1940335717968,1017.4821965831186,-588.5213203671108,14.406096297072963
33,53,73,1417.0798975049136,993.6294555260736,1014.0799182403534,-590.6294762615134,17.681757792228495
34,54,74,1421.3586383542897,996.4651067365164,1013.7533054541514,-588.859773836378,16.02126704482123
35,55,75,1429.9413484821891,1001.7637487418381,1017.7534452114598,-589.5758454711088,19.785134076358986
36,56,76,1436.6772619572707,1001.0414933281978,1028.0172150735116,-592.3814464444386,21.43008232022885
37,57,77,1422.5996177343668,1001.2937890316216,1016.7551173388997,-595.4492886361545,16.931348053342617
38,58,78,1420.67882773027,1004.7347097298932,1005.225154524134,-589.2810365237572,18.231833755979096
39,59,79,1415.6729669956235,1002.2883754684683,1006.1839854166521,-592.799393889497,14.14712549753574
40,60,80,1432.5596044308277,1008.9201653905374,1009.4774021784691,-585.8379631381788,17.659483552414258
41,61,81,1430.2418453928653,1008.9752186949179,1017.7016457029392,-596.4350190049918,14.411203215821502
42,62,82,1421.102048794804,997.4302998924036,1016.7151741676903,-593.0434252652899,12.145425099562544
43,63,83,1414.6696031976207,993.1453859991034,1014.1736854684511,-592.6494682699338,9.488720378482526
44,64,84,1412.3841966627201,986.8995932600769,1018.3093766172617,-592.8247732146185,5.521927217584789
45,65,85,1420.3280272149598,992.0112523588145,1021.0813187075141,-592.7645438513689,9.304674031256013
46,66,86,1420.0133295595635,1005.6094322154588,1016.7755064474286,-602.3716091033239,6.4071141783770145
47,67,87,1395.4173732850716,995.243213390321,1015.2519686959489,-615.0778088011982,4.815862080795796
48,68,88,1408.2598998631004,1003.0653470136845,1021.277429486162,-616.082876636746,7.559491622482483
49,69,89,1411.1784974749094,1008.6797935129828,1021.2861674814131,-618.7874635194867,13.26430444140476
50,70,90,1393.44144865637,985.6823325956898,1023.5057492353978,-615.7466331747175,12.355632951153325
51,71,91,1400.1614539313891,1010.7362050574709,1016.0519798700345,-626.6267309961163,12.450178424617889
52,72,92,1400.451448101047,1017.4821965831186,1010.1519754244431,-627.1827239065146,11.216765608888977
53,73,93,1397.07576532081,1014.0799182403534,1010.6585260215325,-627.6626789410759,10.786299731425288
54,74,94,1390.0369917826065,1013.7533054541514,1008.8721517651492,-632.5884654366942,7.904343874607207
55,75,95,1393.2752120632608,1017.7534452114598,1007.6045549216503,-632.0827880698494,9.295086598394732
56,76,96,1398.808972001073,1028.0172150735116,997.8397007500716,-627.0479438225102,9.369004612773324
57,77,97,1392.7154826990163,1016.7551173388997,1009.2054120536761,-633.2450466935595,9.611979632680459
58,78,98,1392.387920934526,1005.225154524134,1020.3080780139067,-633.1453116035148,13.84659945289377
59,79,99,1399.9461596268584,1006.1839854166521,1028.8050064518454,-635.0428322416392,10.919403445082935
60,80,100,1398.9139789158794,1009.4774021784691,1025.1380783678856,-635.7015016304754,10.836914618334959
61,81,101,1399.6733339445304,1017.7016457029392,1026.2761602325127,-644.3044719909215,8.097607729164338
62,82,102,1408.8013185000282,1016.7151741676903,1031.118606323088,-639.0324619907501,9.565810438183917
63,83,103,1408.227708352057,1014.1736854684511,1032.550594845605,-638.496571961999,9.306338454621937
64,84,104,1409.6600868466776,1018.3093766172617,1034.7499562138873,-643.3992459844712,8.502276293378031
65,85,105,1410.3816668816403,1021.0813187075141,1036.340615000216,-647.0402668260899,5.899108412169539
66,86,106,1410.4258665641205,1016.7755064474286,1037.6794182640165,-644.0290581473246,8.163180691505772
67,87,107,1401.2678448187403,1015.2519686959489,1027.0156900088443,-640.9998138860528,8.550780414880933
68,88,108,1399.7847885177641,1021.277429486162,1022.3913977670176,-643.8840387354155,6.619043716045667
69,89,109,1400.3086174416019,1021.2861674814131,1025.4323998050427,-646.4099498448538,5.955731127939771
70,90,110,1403.4929262398905,1023.5057492353978,1021.0313076771033,-641.0441306726107,8.023876738180206
71,91,111,1400.783215988861,1016.0519798700345,1021.7350991978209,-637.0038630789943,9.13919575539785
72,92,112,1391.8223992169028,1010.1519754244431,1018.5821696218283,-636.9117458293686,8.499935371203492
73,93,113,1396.022702816781,1010.6585260215325,1023.4349472313979,-638.0707704361494,9.861972618140271
74,94,114,1393.0757676164471,1008.8721517651492,1019.3352219823787,-635.1316061310808,9.412438294312551
75,95,115,1385.0096120208805,1007.6045549216503,1010.9529285361817,-633.5478714369515,8.078664250115821
76,96,116,1379.6656723326162,997.8397007500716,1010.4730027525463,-628.6470311700018,8.464045555493499
77,97,117,1394.3658634562553,1009.2054120536761,1014.1308961554807,-628.9704447529016,5.188024837866351
78,98,118,1393.7772155696869,1020.3080780139067,1004.0982235777984,-630.6290860220181,8.861010032761214
79,99,119,1396.9807518005114,1028.8050064518454,995.2535057948423,-627.0777604461764,9.479936112960331
80,100,120,1393.93355804689,1025.1380783678856,996.3632447407449,-627.5677650617404,7.868526183115819
81,101,121,1390.0571150244882,1026.2761602325127,996.006973656885,-632.2260188649093,6.77097909888937
82,102,122,1397.6897400054131,1031.118606323088,1005.7663935177156,-639.1952598353905,7.9803266555555865
83,103,123,1396.2161200992032,1032.550594845605,1004.8330874330918,-641.1675621794936,7.4878905805169325
84,104,124,1398.1144418689819,1034.7499562138873,1004.8657943491692,-641.5013086940746,7.20052783947267
85,105,125,1397.9536744164047,1036.340615000216,1004.3797594931033,-642.7667000769147,8.018155391819278
86,106,126,1396.1992944796093,1037.6794182640165,1003.4579701492478,-644.938093933655,10.601098560319542
87,107,127,1388.169337246164,1027.0156900088443,1006.5266276413618,-645.372980404042,8.937867964652014
88,108,128,1386.2646297435879,1022.3913977670176,1009.1078655136623,-645.2346335370919,7.132035337777779
89,109,129,1390.7509830025645,1025.4323998050427,1011.8336917799659,-646.5151085824441,9.266251371463454
90,110,130,1390.8013457887464,1021.0313076771033,1010.6895873612873,-640.9195492496442,12.815211373554803
91,111,131,1388.2996394928932,1021.7350991978209,1008.7820860873844,-642.2175457923122,11.457878130348945
92,112,132,1384.5680735166593,1018.5821696218283,1002.3311966564963,-636.3452927616654,7.32444064105141
93,113,133,1389.8917539356626,1023.4349472313979,1009.1418521718281,-642.6850454675634,9.305148988102474
94,114,134,1394.316234415461,1019.3352219823787,1018.1802411491701,-643.1992287160879,9.083049712969228
95,115,135,1395.128801950476,1010.9529285361817,1028.4155850388581,-644.2397116245638,7.597417416375492
96,116,136,1390.9115995955517,1010.4730027525463,1015.7097006411686,-635.2711037981633,11.788673270258755
97,117,137,1391.134359385603,1014.1308961554807,1011.0493634410716,-634.0459002109494,9.090386600126976
98,118,138,1375.8519312742499,1004.0982235777984,1004.2693275870959,-632.5156198906445,9.636979716584051
99,119,139,1369.8765524632095,995.2535057948423,1006.3313996539908,-631.7083529856236,8.757290697462622
100,120,140,1374.769419267789,996.3632447407449,999.7002333535016,-621.2940588264573,11.710374163335473
101,121,141,1373.912871986001,996.006973656885,996.0036892067992,-618.0977908776831,13.430863886421207
102,122,142,1378.0438625707716,1005.7663935177156,994.8795922772588,-622.6021232242028,5.500608442374528
103,123,143,1384.1043026576658,1004.8330874330918,1006.8005534982362,-627.5293382736622,5.821746630682355
104,124,144,1387.6979947958318,1004.8657943491692,1007.5773323503056,-624.7451319036429,6.5920229122624505
105,125,145,1392.3080702818047,1004.3797594931033,1017.2185100601839,-629.2901992714824,6.965757600105007
106,126,146,1390.7295732208079,1003.4579701492478,1023.7799534614501,-636.50835038989,7.402827835923745
107,127,147,1391.2656488114753,1006.5266276413618,1021.6781334418421,-636.9391122717284,7.529834179369914
108,128,148,1392.1285892613932,1009.1078655136623,1014.8216093809175,-631.8008856331867,11.730490877832608
109,129,149,1387.3008629095557,1011.8336917799659,1008.4291379237857,-632.9619667941959,11.1068977060296
110,130,150,1381.5309193061435,1010.6895873612873,999.6262519609415,-628.7849200160854,10.202524478479063
111,131,151,1382.3044921004946,1008.7820860873844,1003.0270008768899,-629.5045948637796,8.86052556892605
112,132,152,1384.8318344088664,1002.3311966564963,1012.232286753017,-629.7316490006469,5.182734022358545
113,133,153,1392.4033222835924,1009.1418521718281,1007.2003726111527,-623.9389024993884,9.094205455329984
114,134,154,1390.0131596806664,1018.1802411491701,996.7462817597748,-624.9133632282785,9.839044105996436
115,135,155,1399.258558843272,1028.4155850388581,983.206530306893,-612.363556502479,10.026483758994686
116,136,156,1395.2228941610038,1015.7097006411686,994.6934829655866,-615.1802894457514,9.69690270392391
117,137,157,1395.9818343118664,1011.0493634410716,997.6097868562404,-612.6773159854456,10.877242093808036
118,138,158,1394.262600179291,1004.2693275870959,1000.0626043102089,-610.0693317180139,13.995905961454014
119,139,159,1394.7920375402296,1006.3313996539908,993.1029350947481,-604.6422972085093,12.424541902967007
120,140,160,1399.658882816966,999.7002333535016,996.0531812843911,-596.0945318209267,17.982306468081674
121,141,161,1408.9803049299408,996.0036892067992,1000.6290072009416,-587.6523914777999,21.107600201453806
122,142,162,1408.1514690599422,994.8795922772588,1001.9242804422158,-588.6524036595324,11.346841811508739
123,143,163,1422.0902836276339,1006.8005534982362,1008.8780251854785,-593.5882950560808,16.210148561974734
124,144,164,1417.5157225905275,1007.5773323503056,1005.2128818012028,-595.2744915609808,13.355839484149442
125,145,165,1414.3776700292929,1017.2185100601839,1001.5980816609834,-604.4389216918744,9.555322972228169
126,146,166,1414.927004752231,1023.7799534614501,996.5933290117039,-605.446277720923,9.998532073913566
127,147,167,1420.636229989543,1021.6781334418421,1007.5410509264541,-608.5829543787534,10.785938024789289
128,148,168,1410.863033481302,1014.8216093809175,1007.1207005010415,-611.0792764006569,11.139873782240102
129,149,169,1407.2227675239906,1008.4291379237857,1009.3634314374392,-610.5698018372343,10.15486078793424
130,150,170,1397.5129203976858,999.6262519609415,1009.477462146821,-611.5907937100769,7.754755430592013
131,151,171,1395.7059413684142,1003.0270008768899,1004.8392972774898,-612.1603567859656,8.877762470454854
132,152,172,1396.8429430797787,1012.232286753017,1000.9777421991287,-616.3670858723669,8.893491144314794
133,153,173,1395.1917478506875,1007.2003726111527,1009.4575560548387,-621.4661808153039,6.554707848787189
134,154,174,1388.7945906915843,996.7462817597748,1010.6557556037859,-618.6074466719765,7.3710610981171385
135,155,175,1370.590949422247,983.206530306893,1007.0075170631476,-619.6230979477937,5.246859200163044
136,156,176,1375.903077508524,994.6934829655866,996.5799388861368,-615.3703443431996,11.450461744232598
137,157,177,1370.4592073755707,997.6097868562404,1007.0579936734346,-634.2085731541042,6.843717403745018
138,158,178,1369.5267755579803,1000.0626043102089,1007.2528623538722,-637.7886911061009,6.612035407664848
139,159,179,1359.9206871397873,993.1029350947481,1003.7601051035325,-636.9423530584932,4.262217005370417
140,160,180,1359.0696206866996,996.0531812843911,1000.5159946444026,-637.4995552420942,2.9844119011646626
141,161,181,1363.5082083417803,1000.6290072009416,999.73078857712,-636.8515874362813,4.0193397330895095
142,162,182,1376.0947695387285,1001.9242804422158,1001.2667006415561,-627.0962115450434,7.395959053458796
143,163,183,1374.2753660094852,1008.8780251854785,996.3601524236079,-630.9628115996013,7.253227516793686
144,164,184,1376.3996547467286,1005.2128818012028,998.3986007081721,-627.2118277626464,10.895778992265605
145,165,185,1370.7398972497144,1001.5980816609834,996.9769756172409,-627.83516002851,8.290685449516445
146,166,186,1372.8942801714009,996.5933290117039,999.8628499686814,-623.5618988089843,15.082733482897765
147,167,187,1383.4019088961845,1007.5410509264541,998.4957821579638,-622.6349241882335,16.089432865043023
148,168,188,1381.9078135542682,1007.1207005010415,1000.6218929725779,-625.8347799193511,13.915736741064393
149,169,189,1396.2026131332177,1009.3634314374392,1024.3294451612705,-637.490263465492,13.007288682210856
150,170,190,1399.5444384723419,1009.477462146821,1027.2279771138833,-637.1610007883623,12.21320732669983
151,171,191,1400.4724431527602,1004.8392972774898,1032.705209711723,-637.0720638364526,13.591763075947256
152,172,192,1399.6868327079048,1000.9777421991287,1034.6937286175378,-635.9846381087616,13.84799537208255
153,173,193,1393.0989180881197,1009.4575560548387,1021.2804097978177,-637.6390477645368,10.457561269201506
154,174,194,1395.7956697313857,1010.6557556037859,1017.1710025041828,-632.0310883765828,9.096991781293923
155,175,195,1394.77602659266,1007.0075170631476,1016.862320771214,-629.0938112417016,10.904450193834919
156,176,196,1399.5022394963187,996.5799388861368,1026.3324947589545,-623.4101941487727,21.850345251282874
157,177,197,1396.6834943530298,1007.0579936734346,1021.2241084655498,-631.5986077859545,11.865985825880898
158,178,198,1399.5356935619423,1007.2528623538722,1029.4633918650716,-637.1805606570015,10.514037101007489
159,179,199,1402.9162773579533,1003.7601051035325,1030.0649320060752,-630.9087597516545,11.518730911869397
160,180,200,1398.4135139089447,1000.5159946444026,1027.195427197593,-629.297907933051,9.602180397607981
161,181,201,1395.1672401398055,999.73078857712,1028.8569639851353,-633.42051242245,8.366701123996108
162,182,202,1386.7404133525952,1001.2667006415561,1015.4815361955569,-630.0078234845178,5.41126384113511
163,183,203,1380.357647318579,996.3601524236079,1010.3885040841915,-626.3910091892203,7.617431101619786
164,184,204,1394.896320319337,998.3986007081721,1024.2411621666392,-627.7434425554743,8.653118790748636
165,185,205,1398.2189420124457,996.9769756172409,1026.875916038662,-625.6339496434571,9.072556301302257
166,186,206,1406.986377544362,999.8628499686814,1026.1391252612686,-619.0155976855879,14.654761688995109
167,187,207,1402.6742396951804,998.4957821579638,1021.2987449608934,-617.1202874236769,11.415746524267206
168,188,208,1405.6788734687805,1000.6218929725779,1025.4598401411654,-620.4028596449627,8.833816483655482
169,189,209,1404.9320736865257,1024.3294451612705,1012.3719416744224,-631.7693131491674,7.4099686048398326
