Left,Mid,Right,Loss,Loss_left,Loss_right,gain,glasso
0,20,40,1383.8341023681287,992.5868834279529,1001.1528929924087,-609.9056740522328,11.602262954067328
1,21,41,1376.7181324938401,992.6885922726952,998.4133675394507,-614.383827318306,11.395196269977419
2,22,42,1370.0230335002557,985.3751213924329,1000.0716051136903,-615.4236930058676,10.868220192730178
3,23,43,1367.8573824770924,979.0358440065592,1003.9269502060384,-615.1054117355052,11.384340012789607
4,24,44,1343.3984115239882,972.8114201023286,996.4396671657762,-625.8526757441166,7.543473395263391
5,25,45,1349.3104433107333,970.0156596822746,1005.2755251304768,-625.9807415020182,5.5157861510122075
6,26,46,1352.5161426692707,982.9322781839413,1002.4268849812313,-632.8430204959018,4.512346369742545
7,27,47,1358.345151779084,979.7817545773333,1005.7245835003886,-627.1611862986379,5.666881650188998
8,28,48,1356.0362403943245,976.340543056878,1005.8928263101499,-626.1971289727035,5.951172980847787
9,29,49,1360.7594071710116,969.9375469238643,1011.2833870875306,-620.4615268403834,6.302777955667125
10,30,50,1368.0781860396087,981.390319901772,1011.2678054189572,-624.5799392811205,6.964346850323977
11,31,51,1367.5053074369976,982.9287781606147,1015.3472903341195,-630.7707610577368,6.151566135698886
12,32,52,1369.4532928812728,984.7628152515621,1015.265597726562,-630.5751200968512,5.924778242949969
13,33,53,1380.1296255073507,990.420928940815,1009.9901168953322,-620.2814203287965,7.798712763526623
14,34,54,1381.662924095464,991.2134957561998,1012.7062376955386,-622.2568093562745,8.093600503686162
15,35,55,1391.9881743028632,995.5172280224901,1015.8040312343846,-619.3330849540116,8.323958297173931
16,36,56,1393.6902786189348,995.3340404307143,1013.9274890868068,-615.5712508985862,8.610465958911846
17,37,57,1400.0844892335863,997.3403270053248,1020.1923072828174,-617.4481450545559,9.776959141382463
18,38,58,1399.0750717988058,996.189918722636,1014.4787726088548,-611.5936195326849,11.633871819239289
19,39,59,1388.4134763165985,1006.4055111978685,1011.3756178331798,-629.3676527144498,3.7534553750057285
20,40,60,1381.4159782735946,1001.1528929924087,1011.2508186031994,-630.9877333220134,2.4750301657281852
21,41,61,1384.3704685688563,998.4133675394507,1011.795005670091,-625.8379046406853,4.088043458969992
22,42,62,1387.967504410187,1000.0716051136903,1011.9824273609272,-624.0865280644305,5.164493271927881
23,43,63,1388.875774198179,1003.9269502060384,1010.3857258335312,-625.4369018413906,4.815712702550627
24,44,64,1391.8452090181056,996.4396671657762,1015.0109293168307,-619.6053874645013,4.7964682395029286
25,45,65,1395.8668507815305,1005.2755251304768,1012.8753531870236,-622.2840275359699,6.672154364300468
26,46,66,1395.6484370296293,1002.4268849812313,1011.1672719514988,-617.9457199031008,8.137618676758166
27,47,67,1397.3598769495816,1005.7245835003886,1007.431527546689,-615.7962340974959,7.453349737251187
28,48,68,1399.948661926604,1005.8928263101499,1013.8090504341476,-619.7532148176933,8.954034091789822
29,49,69,1402.9976291429407,1011.2833870875306,1012.2254191503597,-620.5111770949497,8.281190339230761
30,50,70,1399.3857295105859,1011.2678054189572,1012.0338800047177,-623.915955913089,8.578211235056642
31,51,71,1405.2497839631112,1015.3472903341195,1006.0136239867188,-616.111130357727,11.024547281578862
32,52,72,1405.7865975532332,1015.265597726562,1005.1775899447002,-614.656590118029,9.572407446351008
33,53,73,1395.7397495267087,1009.9901168953322,1002.3407874955944,-616.591154864218,5.689514008862261
34,54,74,1398.013951751286,1012.7062376955386,988.6364921255569,-603.3287780698095,15.879667853599585
35,55,75,1401.135105121025,1015.8040312343846,990.0946323555122,-604.7635584688719,15.647334000998626
36,56,76,1386.8024917128032,1013.9274890868068,986.7141360641612,-613.8391334381647,15.135927299002788
37,57,77,1390.921669900395,1020.1923072828174,982.6937127730366,-611.964350155459,16.44545512045977
38,58,78,1385.2581323382674,1014.4787726088548,977.76704226658,-606.9876825371675,17.147304678325668
39,59,79,1381.379712156265,1011.3756178331798,975.4291679620778,-605.4250736389927,13.982272948539503
40,60,80,1378.4881761537436,1011.2508186031994,972.4891469968439,-605.2517894462999,11.963304809173337
41,61,81,1378.879759550945,1011.795005670091,974.205830865,-607.1210769841459,14.952415823287083
42,62,82,1379.8413899073907,1011.9824273609272,978.5263961701305,-610.667433623667,12.337075973613423
43,63,83,1380.4340739088639,1010.3857258335312,981.1701594017795,-611.1218113264467,12.343902743222088
44,64,84,1382.1529848797793,1015.0109293168307,978.7735936530917,-611.6315380901431,13.52102342566377
45,65,85,1378.3666146097999,1012.8753531870236,983.9364413043024,-618.4451798815262,14.690502401730441
46,66,86,1377.41220444566,1011.1672719514988,982.2125565019284,-615.9676240077672,15.460086866538177
47,67,87,1374.5210346548083,1007.431527546689,980.8026143957758,-613.7131072876564,17.416143112055238
48,68,88,1374.1493602689586,1013.8090504341476,977.1176164278933,-616.7773065930821,17.381933552643318
49,69,89,1367.537584253832,1012.2254191503597,973.892869501542,-618.5807043980699,16.207941079147417
50,70,90,1371.1140532041009,1012.0338800047177,982.9943264244419,-623.9141532250587,11.202710653425811
51,71,91,1368.2769136294569,1006.0136239867188,990.0367065346575,-627.7734168919194,4.119517394132117
52,72,92,1373.5982619317112,1005.1775899447002,995.8244533714819,-627.4037813844709,6.410637948303702
53,73,93,1372.6605731069576,1002.3407874955944,992.7778848138262,-622.458099202463,8.0142193718018
54,74,94,1364.2907805574205,988.6364921255569,994.0467564353047,-618.3924680034411,9.65792002430726
55,75,95,1364.50392508539,990.0946323555122,988.5507880109772,-614.1414952810994,11.759695710958113
56,76,96,1371.9927474202805,986.7141360641612,999.0439963820978,-613.7653850259785,11.112543426080947
57,77,97,1371.1204896818929,982.6937127730366,997.3339082427098,-608.9071313338534,8.926957337275212
58,78,98,1364.9780713672649,977.76704226658,997.0691615191201,-609.8581324184352,4.225606450342411
59,79,99,1367.7388386241796,975.4291679620778,1003.2029595208423,-610.8932888587406,2.274824002789046
60,80,100,1359.765470471902,972.4891469968439,996.8230946403198,-609.5467711652618,1.6958606602253212
61,81,101,1356.8698874344882,974.205830865,999.6859273148809,-617.0218707453928,-3.0094065281375606
62,82,102,1352.5350621900361,978.5263961701305,984.4055715792687,-610.396905559363,2.672194957414149
63,83,103,1356.2762279103626,981.1701594017795,987.1062006965197,-612.0001321879367,0.7632104953561338
64,84,104,1350.3221262961729,978.7735936530917,987.7873013924077,-616.2387687493265,0.28187236123324055
65,85,105,1357.0849761752177,983.9364413043024,991.3985361795455,-618.2500013086303,1.526195759561233
66,86,106,1357.6785373162884,982.2125565019284,1000.4191557072921,-624.9531748929321,-2.692164007778956
67,87,107,1355.388414238183,980.8026143957758,998.5018631094817,-623.9160632670746,-3.0985606538371258
68,88,108,1356.4173889733456,977.1176164278933,1002.5132751505649,-623.2135026051126,-4.19190386325829
69,89,109,1361.156654895652,973.892869501542,1011.5977640159394,-624.3339786218294,-3.93403266571363
70,90,110,1374.464585854285,982.9943264244419,1018.9808501549963,-627.5105907251532,-2.9574188723169073
71,91,111,1373.844300720298,990.0367065346575,1012.9261025867382,-629.1185084010979,0.7671447861454226
72,92,112,1375.183639315128,995.8244533714819,1012.1887300539526,-632.8295441103064,-0.6538167303558566
73,93,113,1376.2954995993068,992.7778848138262,1010.5058443446796,-626.988229559199,-1.0595288082630532
74,94,114,1370.9536544029154,994.0467564353047,1005.9475172527968,-629.0406192851863,-1.5094694466516785
75,95,115,1367.956694487846,988.5507880109772,1006.7540574029169,-627.348150926048,2.232976798060463
76,96,116,1368.4029559268156,999.0439963820978,998.688524735837,-629.3295651911192,5.653870354246465
77,97,117,1367.51241337272,997.3339082427098,996.6586972032903,-626.4801920732803,7.292336916401382
78,98,118,1368.9550665062027,997.0691615191201,998.2861691095885,-626.4002641225059,6.560939548031797
79,99,119,1371.4720333991922,1003.2029595208423,986.7816927888367,-618.5126189104867,9.617037843183539
80,100,120,1377.5677616247626,996.8230946403198,1000.0373125691806,-619.2926455847378,9.94191206103028
81,101,121,1375.1714639011286,999.6859273148809,1003.3664102330245,-627.8808736467768,6.265733587075829
82,102,122,1373.5747249400974,984.4055715792687,1005.8088497206088,-616.6396963597799,11.6874616067322
83,103,123,1384.4663673317452,987.1062006965197,1012.9403858644547,-615.5802192292292,14.961961246645387
84,104,124,1388.453529544896,987.7873013924077,1017.133293457072,-616.4670653045837,14.565876083711828
85,105,125,1392.059694135602,991.3985361795455,1016.285265620734,-615.6241076646775,17.876657323868585
86,106,126,1397.0107034397797,1000.4191557072921,1019.8223092007628,-623.2307614682752,12.925827548994675
87,107,127,1403.500169072789,998.5018631094817,1022.643145806918,-617.6448398436107,15.788897174572071
88,108,128,1401.9502564488917,1002.5132751505649,1021.5507377184408,-622.113756420114,15.156942639044587
89,109,129,1405.1556785252942,1011.5977640159394,1016.474535758668,-622.9166212493133,13.94998143496116
90,110,130,1412.0915695508957,1018.9808501549963,1017.5884553121894,-624.4777359162899,10.600458696587452
91,111,131,1408.2133920365955,1012.9261025867382,1015.7493495659537,-620.4620601160964,11.191587610310535
92,112,132,1399.8601508340134,1012.1887300539526,1011.8521338473063,-624.1807130672455,11.788987360412875
93,113,133,1400.4757285985331,1010.5058443446796,1011.4376622513375,-621.4677779974841,12.831174319991646
94,114,134,1396.9372070936133,1005.9475172527968,1005.0017354514803,-614.0120456106638,19.053819846800707
95,115,135,1403.983404018497,1006.7540574029169,1007.3737510074473,-610.1444043918673,20.181584590341572
96,116,136,1394.6885778681888,998.688524735837,1016.5588115059712,-620.5587583736194,14.757916511354892
97,117,137,1394.4618242384515,996.6586972032903,1014.0183171957069,-616.2151901605457,15.373401000247782
98,118,138,1399.19576086931,998.2861691095885,1019.726978481725,-618.8173867220034,14.546039626276752
99,119,139,1396.515216251716,986.7816927888367,1024.4232755855276,-614.6897521226483,16.693007508846335
100,120,140,1406.080213104321,1000.0373125691806,1033.0568051219798,-627.0139045868393,9.419853922385869
101,121,141,1416.8495771398507,1003.3664102330245,1042.807179936672,-629.3240130298457,8.154174687024238
102,122,142,1414.7172542990504,1005.8088497206088,1038.8637100740639,-629.9553054956223,6.640792970034681
103,123,143,1424.363823031405,1012.9403858644547,1042.7321878908053,-631.3087507238552,6.0948002321509875
104,124,144,1433.018496320286,1017.133293457072,1045.5930462622455,-629.7078433990314,6.932492175891753
105,125,145,1423.2737732736905,1016.285265620734,1036.4218331486622,-629.4333254957055,9.39495463173182
106,126,146,1430.7991288016397,1019.8223092007628,1034.3625609101407,-623.3857413092637,9.281907264570009
107,127,147,1431.1027480192683,1022.643145806918,1029.6760983984964,-621.2164961861458,8.616527761796874
108,128,148,1438.3180160763377,1021.5507377184408,1031.7992406064332,-615.0319622485363,4.699129597393721
109,129,149,1423.7847558726203,1016.474535758668,1039.3722387924531,-632.0620186785009,4.519717931148193
110,130,150,1424.7773723455543,1017.5884553121894,1037.0416264760563,-629.8527094426913,4.637555355452832
111,131,151,1433.9095839727327,1015.7493495659537,1042.6700199836632,-624.5097855768843,6.3003495055140775
112,132,152,1441.3269368978758,1011.8521338473063,1040.623489011315,-611.1486859607453,11.31913491325031
113,133,153,1443.4335355803037,1011.4376622513375,1040.1956448333776,-608.1997715044113,13.030110010178873
114,134,154,1440.7378645079152,1005.0017354514803,1033.302624303874,-597.566495247439,17.434184116789766
115,135,155,1446.4719182277322,1007.3737510074473,1035.5409396296934,-596.4427724094085,19.430965361612834
116,136,156,1445.874671752359,1016.5588115059712,1030.040879823735,-600.7250195773472,16.457017242269444
117,137,157,1444.4998568066394,1014.0183171957069,1031.1970237270255,-600.715484116093,17.182632977974208
118,138,158,1458.2850471653974,1019.726978481725,1029.1155472159292,-590.5574785322569,19.274827228355434
119,139,159,1471.2230129914522,1024.4232755855276,1029.1900118178928,-582.390274411968,21.57728643726182
120,140,160,1465.0087375099338,1033.0568051219798,1013.7616493041112,-581.8097169161572,19.70063822900545
121,141,161,1465.1270219247222,1042.807179936672,1006.0735531564302,-583.75371116838,17.675998817404206
122,142,162,1453.5775719480278,1038.8637100740639,1007.1656602487653,-592.4517983748015,16.308776054273494
123,143,163,1443.7031364551062,1042.7321878908053,999.5853151652353,-598.6143666009343,11.573923279448081
124,144,164,1442.9829406151991,1045.5930462622455,999.4309143035077,-602.0410199505541,11.921305698811693
125,145,165,1426.2276277916776,1036.4218331486622,1001.3649387184962,-611.5591440754808,8.00813242977722
126,146,166,1409.6331715620204,1034.3625609101407,991.4865453286798,-616.2159346768001,3.846770792850748
127,147,167,1404.0293240415904,1029.6760983984964,990.7801460573171,-616.4269204142231,2.880872639043446
128,148,168,1395.2235316116896,1031.7992406064332,985.3380445628613,-621.9137535576049,4.261334544327951
129,149,169,1423.6283278888413,1039.3722387924531,998.9144839038329,-614.6583948074447,1.4458514493356915
130,150,170,1412.8567153742733,1037.0416264760563,993.9974946775512,-618.1824057793342,2.522476570215076
131,151,171,1410.7626814097782,1042.6700199836632,996.9378145403142,-628.8451531141993,0.5772325284408453
132,152,172,1403.9242544118367,1040.623489011315,989.7022050597304,-626.4014396592088,1.1441452191177177
133,153,173,1403.6857572521806,1040.1956448333776,991.5598345997605,-628.0697221809576,1.5317229462112891
134,154,174,1400.8676471551812,1033.302624303874,993.5263849521588,-625.9613621008516,3.1027622117173905
135,155,175,1403.4316303669568,1035.5409396296934,985.6909179316615,-617.8002271943981,4.86914865549852
136,156,176,1392.9349337129202,1030.040879823735,984.948448315811,-622.0543944266258,3.0186739113756857
137,157,177,1390.6281662665065,1031.1970237270255,986.0249036381103,-626.5937610986293,2.2441560892473262
138,158,178,1383.5975077201306,1029.1155472159292,984.8108797762713,-630.3289192720699,1.7490159776824612
139,159,179,1376.3834820038414,1029.1900118178928,979.3057187133684,-632.1122485274198,-0.10678382386970497
140,160,180,1368.842499887377,1013.7616493041112,980.3593882601501,-625.2785376768843,0.8426124003880204
141,161,181,1359.3263622401994,1006.0735531564302,977.3452848351375,-624.0924757513683,-1.885965452612595
142,162,182,1362.3328556816114,1007.1656602487653,983.2894188030864,-628.1222233702404,-1.6919619137346444
143,163,183,1366.3746664885666,999.5853151652353,992.1999550941116,-625.4106037707802,1.3689012434481356
144,164,184,1363.447485172257,999.4309143035077,990.438039419282,-626.4214685505326,3.084970256835504
145,165,185,1366.4247183710108,1001.3649387184962,988.6494535473156,-623.5896738948009,5.293194089197755
146,166,186,1365.026565015965,991.4865453286798,991.9274546937503,-618.3874350064652,7.480409846199791
147,167,187,1371.08817356457,990.7801460573171,994.5551588192097,-614.2471313119568,7.4710471652597334
148,168,188,1372.5917175374357,985.3380445628613,1000.2737416880985,-613.0200687135243,8.18589897996003
149,169,189,1371.2024393281058,998.9144839038329,979.8982965335894,-607.6103411093163,0.7968687574518754
150,170,190,1363.216214583925,993.9974946775512,978.436952096949,-609.2182321905752,0.13431498518627905
151,171,191,1361.8530645058888,996.9378145403142,978.2888188195941,-613.3735688540194,-0.7862862297505444
152,172,192,1359.243797238949,989.7022050597304,991.1780353382296,-621.6364431590112,2.18081722775014
153,173,193,1368.0453148181978,991.5598345997605,1008.278373578728,-631.7928933602907,5.15566997001406
154,174,194,1372.5852299576113,993.5263849521588,1011.1757841843634,-632.1169391789108,2.983176680994575
155,175,195,1369.6614811530162,985.6909179316615,1009.3410693109031,-625.3705060895484,3.235610241729887
156,176,196,1369.2604355913327,984.948448315811,1011.388587835341,-627.0766005598193,4.693678424734799
157,177,197,1370.2322635210535,986.0249036381103,1010.4623226081903,-626.2549627252472,4.993666255419043
158,178,198,1360.1570246498284,984.8108797762713,1003.3145170369585,-627.9683721634015,5.290179631738852
159,179,199,1361.2760697392514,979.3057187133684,1008.2812096104715,-626.3108585845885,5.444105584277395
160,180,200,1364.6333112903149,980.3593882601501,1012.954383280992,-628.6804602508273,5.409363145562679
161,181,201,1364.5772756584324,977.3452848351375,1010.4200628321765,-623.1880720088816,5.802173519496819
162,182,202,1366.6453766554957,983.2894188030864,1005.888307828015,-622.5323499756057,5.257434079148766
163,183,203,1369.1051551934584,992.1999550941116,1003.4236227705878,-626.5184226712411,6.720133880492654
164,184,204,1374.9812247282832,990.438039419282,1006.0351340049458,-621.4919486959445,5.529072999524942
165,185,205,1371.1159368783892,988.6494535473156,1004.8015168027923,-622.3350334717188,6.941876504042966
166,186,206,1378.3739970139804,991.9274546937503,1007.1658267306791,-620.7192844104488,7.233584593332694
167,187,207,1389.8373497904322,994.5551588192097,1012.4935247747762,-617.2113338035538,5.358472141617085
168,188,208,1391.9542721603652,1000.2737416880985,1010.2468487447725,-618.5663182725057,10.182263710156008
169,189,209,1387.6127554542395,979.8982965335894,1021.5667377271947,-613.8522788065445,0.824801431590231
