Left,Mid,Right,Loss_likeli,Loss_AIC,Loss_BIC,Loss_eBIC
0,20,40,38.05135288827307,22.051352888273072,18.937524963760723,-37.83272373410625
1,21,41,46.67258898478178,34.67258898478178,33.8967991976574,-52.53823413993916
2,22,42,38.68816438663748,23.68816438663748,20.091376605428252,-45.53947277073121
3,23,43,38.72108134339254,29.72108134339254,29.39916919575927,-42.8176972851179
4,24,44,36.713080328611056,21.713080328611056,21.434998763662918,-46.550834480004596
5,25,45,47.405698339328865,27.405698339328865,23.362840000169854,-87.62921547324731
6,26,46,50.95702461667224,28.713197200369223,23.60790472874885,-95.2549667421514
7,27,47,58.50869131766342,38.50869131766342,36.11475247026783,-77.57810726104287
8,28,48,51.744939927021846,19.965800005455094,13.65016716185869,-111.53363109368604
9,29,49,51.65763997509748,25.65763997509748,20.684312995335063,-97.64069210817138
10,30,50,41.11392548540874,9.113925485408686,4.4616182180928945,-87.67139969718676
11,31,51,46.59241181729112,7.592411817291122,-0.011791007982992596,-87.91648919281681
12,32,52,32.00749375780509,3.0074937578050367,1.7391722219111898,-103.32723613232554
13,33,53,22.28736872378289,-2.7126312762171665,0.9270675866267766,-9.96375485278486
14,34,54,37.12635769923679,12.126357699236792,12.849500710450911,-80.07913951523278
15,35,55,30.684082662506285,4.684082662506285,4.43269128678071,-78.86723263277702
16,36,56,13.338518264289064,-14.661481735710936,-15.085363544547818,-103.72137604064483
17,37,57,20.2920635377788,-5.7079364622211415,-5.829233178064101,-96.36539709993872
18,38,58,12.102378353816675,-16.897621646183325,-13.531729462927046,-101.6138463658566
19,39,59,18.971213179026847,-10.02878682097321,-11.482458320990759,-88.73910737458687
20,40,60,14.516765660308295,-13.483234339691762,-10.709146604246598,-73.30380386387594
21,41,61,19.596577887541457,-0.40342211245854287,1.7693308118006144,-74.96826315448732
22,42,62,49.833432774941,25.833432774941116,26.893383848703934,-74.06317925333724
23,43,63,76.10890255185882,45.108902551858705,42.84484874241093,-168.1786873274276
24,44,64,74.42954116178328,39.42954116178328,37.70046596117504,-176.09284338749762
25,45,65,56.7120501675181,26.7120501675181,23.55956813372734,-172.32279780778413
26,46,66,69.41706310480845,38.41706310480845,34.76671493424067,-155.42928399250934
27,47,67,77.52535575560466,46.525355755604664,42.18186040447699,-172.75495748168657
28,48,68,65.27771940296441,37.27771940296441,34.689304492968176,-139.24610427977325
29,49,69,66.13878329159002,34.1387832915899,37.330715147410956,-124.62884428119185
30,50,70,76.38599015372932,28.38599015372938,19.153247516649685,-117.88117595573249
31,51,71,81.82028577338377,33.96431096466904,26.243056705313506,-119.3766337109397
32,52,72,89.39215525345816,51.63842356981149,41.6864352222791,-126.06901388388712
33,53,73,104.2981593992339,70.2981593992339,64.11449204749522,-96.82619114050397
34,54,74,97.30879945929621,68.30879945929621,64.96103638172247,-120.51241942713614
35,55,75,100.7559700820214,62.75597008202146,51.46167587065497,-146.79272508613894
36,56,76,85.82848927427415,53.38286807808811,49.55097872363524,-86.66971502794615
37,57,77,95.99827338194712,55.47746161122814,50.05025699197449,-116.15856267648655
38,58,78,90.45026217444939,52.450262174449335,48.73841685025525,-111.10683139791172
39,59,79,86.64352316861397,44.643523168614024,32.48570619817917,-102.47820620993298
40,60,80,94.42911342774357,51.42911342774357,45.34891475041388,-164.1625752566581
41,61,81,94.83517322903515,53.83517322903526,43.819869329577614,-179.14917408332917
42,62,82,90.20704393452934,51.20704393452934,44.452429366357364,-187.9092062129862
43,63,83,112.55459853969364,64.55459853969364,51.400805273077026,-254.00858839307205
44,64,84,88.49696913294179,46.496969132941786,37.023519867547066,-223.38905727457848
45,65,85,75.7582763502279,42.7582763502279,35.339607183866406,-172.44703423428473
46,66,86,79.64896513575883,37.648965135758885,25.749500738404322,-172.53789588207803
47,67,87,69.70275946722347,34.70275946722347,28.71437315926778,-158.7125386603625
48,68,88,49.15259578997444,21.152595789974384,15.791592157738478,-109.36884762360057
49,69,89,42.83286281193398,10.832862811933865,12.78494072747958,-108.78279427637642
50,70,90,37.65735678078738,1.6573567807873815,-2.64071298580825,-123.54601115929222
51,71,91,33.43846197679875,4.582487168083958,7.77337659288753,-57.018730685037326
52,72,92,42.36774936745633,28.61401768380972,29.57109584808518,-35.62829033796743
53,73,93,47.292675897551476,30.292675897551476,28.760423377941947,-29.208679398092954
54,74,94,42.11423314098931,24.114233140989313,23.751424123915967,-45.47800798011781
55,75,95,32.593970248359824,13.593970248359824,11.412559045476314,-85.91291104174752
56,76,96,24.838765481018186,3.3931442848321467,3.8055802808396493,-13.83452939940048
57,77,97,31.10421175352883,2.5833999828097376,3.295012884319817,-40.864891541654515
58,78,98,25.721712275252457,6.721712275252457,8.215990406262335,-47.7897172634523
59,79,99,36.50671857572502,15.506718575725017,13.989440441730835,-61.73729811129567
60,80,100,62.2604933743969,38.2604933743969,33.24317789734846,-79.82599504577797
61,81,101,55.62632181839854,28.626321818398537,29.27081026056817,-88.06392817629933
62,82,102,53.13568766533393,28.13568766533399,26.276865607682225,-92.34457871025131
63,83,103,50.436930980353736,28.436930980353736,26.148215728259174,-117.19761163135502
64,84,104,40.01732306830331,19.017323068303313,16.27540910261905,-73.04918773736995
65,85,105,32.30756730968096,14.307567309680962,12.624022243574473,-68.75580599557838
66,86,106,47.01086361728585,20.010863617285963,13.92661708785704,-104.63178187622043
67,87,107,61.70997414282709,36.709974142827036,32.94994621865112,-79.79770868348669
68,88,108,58.934996635591915,35.934996635591915,32.1086944758805,-91.62902272299789
69,89,109,69.87267580494245,44.872675804942446,40.15036911587572,-62.65003691333857
70,90,110,83.34435001666475,59.34435001666475,53.28731376877636,-46.12550941668076
71,91,111,83.62089393046517,59.62089393046517,56.40283912909297,-29.511165023934154
72,92,112,84.28750835557764,63.55331889819797,60.483479470971474,-29.64849413867853
73,93,113,64.80732726197078,45.80732726197073,42.15173416054665,-7.952453571124579
74,94,114,67.41663617429674,50.893603612059565,51.63383091775131,-42.72877438651449
75,95,115,54.17255039442318,41.17255039442318,38.51260010940189,-36.374084158619894
76,96,116,48.97447723855822,27.97447723855828,23.91170519831428,-86.17079386580201
77,97,117,52.26324257087151,33.26324257087151,31.939402427987716,-50.04807039655475
78,98,118,48.93018694230534,30.93018694230534,27.167200334518952,-58.67665556367638
79,99,119,61.96507326668274,44.96507326668274,41.00680561511342,-65.28157207867434
80,100,120,44.804052906393736,31.804052906393736,29.4906762116525,-42.6332711668083
81,101,121,45.35544590541264,26.355445905412694,25.78425958759857,-62.133087032177855
82,102,122,47.66972385639974,26.66972385639974,22.990056852776206,-77.57215107315085
83,103,123,44.32279273076023,25.322792730760284,22.448234347316827,-96.201663066415
84,104,124,39.15841798203235,18.158417982032347,14.723356835787968,-81.44709715160423
85,105,125,41.595494435546016,21.595494435546016,16.836775554205587,-70.84941462813038
86,106,126,32.15503282751911,15.155032827519108,13.702874075580269,-82.54489511594579
87,107,127,39.14828957928472,27.14828957928472,28.820800662369663,-30.02122086958093
88,108,128,37.536577114044064,29.536577114044064,32.831693415707605,-26.949653185579564
89,109,129,45.348300436683246,33.348300436683246,34.605239514593165,-38.85454473472896
90,110,130,52.68640270496553,42.68640270496553,42.559771601115244,5.53129474307741
91,111,131,63.950475907075656,47.950475907075656,46.56951593396332,-38.71862070665793
92,112,132,60.43995397623206,38.70576451885239,36.57807507733321,-38.248830191683965
93,113,133,41.798135742680415,25.798135742680415,26.015651877337234,-13.042909526424523
94,114,134,54.64559782632864,39.12256526409146,39.38649624780703,-48.71750322394098
95,115,135,66.6349105452087,47.634910545208754,44.413778571485295,-28.344131074634106
96,116,136,56.90575846779757,39.90575846779757,36.9872115870682,-86.99437883880637
97,117,137,65.62459494798793,47.62459494798793,43.86160834020154,-60.13958644650404
98,118,138,57.71670389533409,40.71670389533409,37.798157014604726,-47.109322474499095
99,119,139,55.27661624609772,35.27661624609772,31.21104454531735,-66.11371353301752
100,120,140,82.17146234352919,60.17146234352924,54.76358477891483,-105.49277417953908
101,121,141,87.22497028973021,60.22497028973021,51.98118845095087,-128.26397276426883
102,122,142,61.08943011249761,43.08943011249761,38.28672273387133,-51.55920501349783
103,123,143,65.34518154043633,47.34518154043633,42.88904775209005,-31.37832777348217
104,124,144,72.83445294415804,52.71108992968823,49.401980961393065,-52.288513848013736
105,125,145,82.72027585604326,58.72027585604326,50.237224476195024,-64.9897571443255
106,126,146,80.65441598532806,53.65441598532806,46.494447453302655,-59.09537173327794
107,127,147,82.00171414381396,65.17650589116158,61.325542288803376,-38.91749846013852
108,128,148,94.98030834003623,76.98030834003623,70.79130660029006,-48.80669734650053
109,129,149,91.35225348829852,69.35225348829852,61.536270450382744,-67.90845158901925
110,130,150,69.14767921587048,52.14767921587048,46.782582639210375,-35.31408353844449
111,131,151,76.47439859698034,52.474398596980336,43.39055501088677,-64.35711910963835
112,132,152,72.7301763396336,47.7301763396336,39.94485860649843,-60.867954718089095
113,133,153,65.59106494657408,46.59106494657408,41.678162444879206,-15.691387653984975
114,134,154,79.3539804885234,55.353980488523405,46.75819837339793,-92.00454687363549
115,135,155,92.51759391079645,64.51759391079645,50.66263808091975,-114.45451118282926
116,136,156,73.84767116985131,50.84767116985131,42.34567719510005,-71.84511828936206
117,137,157,80.23702971423802,57.23702971423796,47.17240292948708,-81.9069796842549
118,138,158,86.1731499134093,63.173149913409304,53.80167030921825,-83.02571029755563
119,139,159,94.68340518672983,62.68340518672983,50.006384740200474,-116.75834641560414
120,140,160,95.8350499619632,60.83504996196319,45.48917671644813,-138.6317868855532
121,141,161,89.07646746926446,52.07646746926446,35.388288359915464,-180.36497232794545
122,142,162,72.20735309395445,48.20735309395445,37.59824353430463,-109.74268735414375
123,143,163,74.73252045131301,50.73252045131301,40.131943013585214,-71.97111393810985
124,144,164,63.62712661764772,40.50376360317796,33.27504109259189,-72.91885080299585
125,145,165,77.40873381882784,50.40873381882784,39.045789667528766,-119.88082672744463
126,146,166,71.6610454999904,47.661045499990394,41.99467537829594,-77.46122630042782
127,147,167,66.94195864859302,50.1167503959407,44.49922342505516,-72.22103023525244
128,148,168,74.39171552001312,55.39171552001312,47.66512687265009,-58.611703981449295
129,149,169,71.0331325317926,50.0331325317926,43.49026040981437,-44.35423763600943
130,150,170,68.8438057559876,51.007582840640566,46.94080363052848,-17.619289871466663
131,151,171,58.644124324682764,45.644124324682764,41.997779264952385,-7.634771065496125
132,152,172,38.185900323841565,31.185900323841565,29.535862569088295,13.267594464232616
133,153,173,34.079214870055125,26.079214870055125,24.956476227717246,-2.3017468099537837
134,154,174,38.370475865232265,21.64985682038298,21.14359805030449,-9.567082874856737
135,155,175,38.14793628919642,25.92239179747918,24.516770381719994,-21.719664090621563
136,156,176,46.493032953966804,33.493032953966804,31.7025682983853,-18.605383851643523
137,157,177,48.98831713083325,34.98831713083325,30.7907799381951,-21.03503324200028
138,158,178,48.05929619648742,32.34753653865107,32.4795020305088,-14.750678609168517
139,159,179,44.71519889182906,29.71519889182906,28.38765674140791,-7.530925076227845
140,160,180,47.31968045881081,30.319680458810808,28.23224034437459,-14.988906252865377
141,161,181,53.33574880046018,42.88466431944198,43.16792235779678,-5.8074169868529
142,162,182,69.80689458858893,57.80689458858893,56.07886086391028,3.0680305304152853
143,163,183,84.43205223734219,67.43205223734225,63.0380386592048,-34.05013623436196
144,164,184,94.4617488943806,72.46174889438055,63.58813542696657,-59.04021496713926
145,165,185,113.78364509819136,88.78364509819136,79.99539584741581,-63.76066783900342
146,166,186,124.18806662874448,101.18806662874448,92.85630779539326,-90.41523734901932
147,167,187,113.60769641620993,92.60769641620993,85.2716698564127,-67.46327161037652
148,168,188,112.64656914194802,88.64656914194802,79.8169441718199,-79.48899412823937
149,169,189,115.9925663005152,88.9925663005152,80.13773487977642,-46.76513157160787
150,170,190,98.42360449408869,75.5873815787416,69.74495342927543,-34.981156050414825
151,171,191,97.38008613659161,77.38008613659161,71.19604391594754,-52.827077909953346
152,172,192,78.27946454298547,62.279464542985465,53.92603856200145,-24.192232240247733
153,173,193,73.16178941455837,58.16178941455837,55.37199855737765,6.160703090153049
154,174,194,72.47429692802092,56.75367788317163,55.751802914757604,28.542223861460286
155,175,195,73.79960505803876,60.57406056632158,57.63085224294548,11.058069319508434
156,176,196,77.78432407566089,58.351027741951555,54.260794598524456,-6.790567879979335
157,177,197,71.08272872717873,55.08272872717879,50.316107986715735,2.6177581304470436
158,178,198,60.33624766276199,42.784826898139954,43.167371789567824,10.796440515340464
159,179,199,47.902415327080746,35.902415327080746,35.54173512448011,29.16598335473998
160,180,200,54.32987360948363,40.90455763582452,43.751790391872305,43.49610327874541
161,181,201,54.123321299957524,45.80903374969358,49.533366248201446,52.014137702036635
162,182,202,53.48870343280959,43.0508478925251,44.763888627999506,44.24744908616907
163,183,203,76.54751814990698,66.80732130480214,63.8641129814261,10.860387083278113
164,184,204,44.20172566273891,41.15985340927239,47.50548208352302,41.259554642995965
165,185,205,51.38085300991577,40.38085300991577,43.62076662061776,47.21010170113573
166,186,206,55.520108570831155,46.520108570831155,48.07748628899043,-4.2411774794342705
167,187,207,59.18298363441539,53.18298363441539,53.66152271655312,24.766807700455786
168,188,208,69.41795428984426,57.41795428984426,55.25587014160004,-48.29742212124404
169,189,209,76.05630122560586,60.056301225605864,58.09047496270807,-30.466208289732094
