Left,Mid,Right,Loss_likeli,Loss_AIC,Loss_BIC,Loss_eBIC
0,20,40,43.064921450050576,17.06492145005052,11.39844728972821,-114.04226613433764
1,21,41,40.999736795208435,16.999736795208378,12.328994908439995,-118.2326561869603
2,22,42,53.797865508984046,24.797865508984046,19.024087299450457,-182.5603317740622
3,23,43,51.25694490104172,20.25694490104172,14.873728779073986,-153.54087164947236
4,24,44,50.68736262009821,17.687362620098156,11.654987814856668,-178.02594845469707
5,25,45,72.45871734618089,42.45871734618083,36.88022018043034,-148.38689151341248
6,26,46,66.71294623014938,32.712946230149385,24.10326374645092,-191.11200097066273
7,27,47,80.48932914797223,47.48932914797223,39.377512801050784,-164.74072714692727
8,28,48,62.87443181735398,37.87443181735398,33.745544564648526,-47.9761651174274
9,29,49,60.62897819415747,41.62897819415741,41.85786412811774,-3.400564773658971
10,30,50,60.65398734501548,41.65398734501548,41.20544409353192,-62.056987669885075
11,31,51,62.548669000649454,47.54866900064951,49.09159029627381,-15.11303116379554
12,32,52,63.832922821723855,50.832922821723855,53.69616339129175,-18.132863216040505
13,33,53,63.10478222108378,47.10478222108378,46.41696942853139,-13.139480422267525
14,34,54,71.10833149932262,59.10833149932262,61.379115783869565,-18.937015232056183
15,35,55,60.383485697106494,49.383485697106494,54.34594934707559,16.862361985935536
16,36,56,42.324380467623996,31.324380467623996,34.355996170291064,14.10402187908835
17,37,57,41.161061877486475,19.161061877486418,18.60753847201113,-30.229024321573775
18,38,58,47.65118886549925,25.651188865499194,22.66932643284474,-106.41873212376811
19,39,59,35.61392392824007,22.613923928240183,23.419709546018566,-89.07228615909457
20,40,60,42.18031499998108,26.180314999980965,24.799355026868625,-71.01282128064804
21,41,61,25.295530184318636,1.2955301843186362,-2.335490931609911,-96.23369831883053
22,42,62,36.587634142804006,9.587634142804063,7.363375856647849,-105.52791054735565
23,43,63,53.2350372736048,24.235037273604803,17.768111883511324,-128.52402814462585
24,44,64,56.450138807331314,28.450138807331314,22.13450596373491,-167.40946367617732
25,45,65,55.13236250539637,28.132362505396372,23.00774297913688,-150.04203949943485
26,46,66,69.26126417969124,33.26126417969124,26.794447576308926,-155.4735230637881
27,47,67,71.52689623113343,39.52689623113349,30.873225250149062,-143.0151568626119
28,48,68,72.74822404253302,34.748224042533025,28.93809146112426,-97.48092447508941
29,49,69,65.32631305399684,25.324723964101736,18.90539613081728,-99.29583488455069
30,50,70,80.68637407550432,41.68637407550432,27.767045472770405,-161.12764628436946
31,51,71,77.06433188302753,38.064331883027535,23.15300922236429,-166.7982855362484
32,52,72,85.43814921010363,46.438149210103575,31.180252959160384,-172.83276861368506
33,53,73,69.85714480200443,33.85714480200443,20.092846961392183,-174.06394613186876
34,54,74,67.02512734747899,33.02512734747904,20.603135370700784,-182.6343904337234
35,55,75,59.85596937645255,34.85596937645255,26.914772630667244,-147.96441238832938
36,56,76,57.13183842061562,30.131838420615622,20.501762220716387,-130.5700339795942
37,57,77,55.91938967533724,31.919389675337243,22.075120564519807,-107.21223847630517
38,58,78,55.220686788312776,32.22068678831283,24.582075135521563,-108.22724012892888
39,59,79,87.26435277067617,55.26435277067617,43.61533941895982,-159.32085734340478
40,60,80,97.95261956742866,66.95261956742866,55.33107882042145,-125.80945155219888
41,61,81,86.07378925954322,49.073789259543105,35.851346052993904,-161.8596540172466
42,62,82,72.53803279151691,45.53803279151691,40.887759373400854,-117.12564610159961
43,63,83,72.70462976536339,42.70462976536328,33.66039669681288,-88.42644849461522
44,64,84,66.6361623906032,41.636162390603204,34.734686415657734,-125.16956536279349
45,65,85,55.59374178220685,34.59374178220685,29.68373035436946,-50.61349778901217
46,66,86,57.14739056068311,24.147390560683107,18.481025187071737,-96.89980840868759
47,67,87,30.143808395995734,9.143808395995734,7.174092020102535,-98.16873528458405
48,68,88,27.23665717008646,-0.7633428299135403,-0.20851968243232477,-84.63893871069934
49,69,89,46.81449123777554,18.812902147880436,20.809701082995844,-73.96239145099719
50,70,90,40.566574108729014,17.566574108729014,15.078839597226875,-124.38941970222925
51,71,91,23.168549391325087,-2.8314506086749134,-7.111630407877442,-140.99249768542518
52,72,92,17.898279944504566,-12.101720055495434,-16.987070040686035,-146.22391154796537
53,73,93,31.841318896698,2.8413188966979988,-2.585885722555531,-126.05034199128079
54,74,94,38.56007548504772,14.560075485047719,11.622201549679176,-135.81091250983206
55,75,95,43.02076658750434,25.02076658750434,24.723515882517745,-94.7917332401098
56,76,96,36.06197187346737,18.061971873467428,18.457868349040723,-130.0783613106073
57,77,97,33.38738978715128,12.387389787151278,13.369129394073525,-111.657190369501
58,78,98,33.00764988679157,8.007649886791569,5.9582041757659,-121.52133820353527
59,79,99,29.527002091614236,-4.472997908385764,-10.310091669844496,-152.67505572757864
60,80,100,25.854339187360438,-1.1456608126395622,-3.151118026379322,-134.87346196822432
61,81,101,23.737642943453125,-6.262357056546875,-9.068265500057691,-166.04336009874487
62,82,102,25.662600632207898,-5.337399367792159,-8.29460035780005,-159.98585298966634
63,83,103,24.53419396447333,-2.4658060355266116,-3.778116068706595,-128.66812208794784
64,84,104,20.089137675229154,-7.910862324770733,-10.760759265567685,-145.1691364974664
65,85,105,17.374073250143454,-2.6259267498566032,-2.5326153672772307,-81.63338665836227
66,86,106,20.215301546540957,-8.7846984534591,-12.132461531032732,-97.93189276340661
67,87,107,30.97140947609614,0.9714094760961416,-2.706513408550336,-74.23817273115537
68,88,108,33.69773892114756,1.697738921147561,-3.490196157037076,-151.57865063290308
69,89,109,20.19002137939958,-11.809978620600418,-17.344487289065114,-131.21012355508924
70,90,110,17.307391259770043,-19.692608740229957,-26.33015373145963,-230.6059578666218
71,91,111,27.572960624293387,-10.427039375706613,-17.909024093993366,-232.19841102851967
72,92,112,21.962867232732208,-19.037132767267735,-27.666142305605604,-257.56290620074014
73,93,113,25.327254800312062,-10.672745199687824,-16.81242405414082,-201.04434128385867
74,94,114,18.8234949338393,-14.176505066160757,-18.822585510282465,-213.51195406079887
75,95,115,19.519476076910507,-13.48052392308955,-18.126604367211144,-192.21470585578254
76,96,116,15.549961274222369,-21.45003872577763,-28.087583717007305,-204.90081823903756
77,97,117,23.669838719693985,-7.3301612803059015,-10.633935860593851,-162.6040612486779
78,98,118,26.584761750555742,-8.415238249444315,-13.710477376840117,-135.6962171853428
79,99,119,34.5285712787541,-8.471428721245843,-12.150143656193336,-109.20486229948585
80,100,120,36.96010243230239,3.960102432302392,-3.1119931437791593,-129.05013028153587
81,101,121,40.79705889355131,9.797058893551366,2.334401229903847,-163.0077605626517
82,102,122,49.143703117429084,18.14370311742914,11.374192634341625,-158.79251122942537
83,103,123,43.96240812662796,12.962408126627963,5.153176872700556,-143.57323184660493
84,104,124,47.184143295694014,12.184143295693957,5.156036216898315,-190.9866888517597
85,105,125,47.64728438353683,18.647284383536885,15.646094896242971,-172.31367519157084
86,106,126,39.136092300223766,8.136092300223822,2.7528761782560878,-135.7199898455384
87,107,127,40.6806578978086,12.6806578978086,8.791040186171927,-121.96502973743986
88,108,128,48.382568738256566,25.382568738256623,24.32885530078488,-154.65343852663773
89,109,129,41.763511011112996,16.763511011112996,14.020918119527437,-93.66141334910333
90,110,130,80.41301634510228,44.41301634510222,35.500748768409835,-139.84352625926033
91,111,131,79.93048824015716,46.58663807737048,40.314993731059985,-171.70999523644946
92,112,132,72.53716533949267,38.537165339492674,28.631634288910618,-203.29446961379244
93,113,133,58.949856572907265,30.949856572907265,24.63422372931086,-178.79573172304845
94,114,134,60.611600887757845,33.611600887757845,27.793834180938347,-140.33096330269836
95,115,135,58.425995028539376,34.42599502853932,30.44840032233094,-128.59486149636098
96,116,136,51.91280096702127,21.912800967021326,14.601435849870768,-141.79568678446128
97,117,137,34.33784877161628,11.337848771616223,6.736163606069113,-72.38156912989427
98,118,138,29.566418220536093,3.5664182205362067,-1.7128327656043894,-71.37673860081554
99,119,139,34.5033551737892,7.503355173789259,8.671336114753785,-64.50814075906601
100,120,140,34.55317045103175,7.13845261303311,3.310718506642502,-80.09037322144479
101,121,141,33.23525315076961,21.847962471791334,21.677342870655025,-8.998738034240091
102,122,142,40.94232781753743,26.942327817537375,23.091364215179283,-59.11314273036521
103,123,143,60.300118129988164,42.300118129988164,36.91700567922737,-18.173137584012693
104,124,144,81.43169016767945,59.43169016767945,51.59779747110531,-75.32424475698633
105,125,145,83.75800720451264,64.94517630129201,60.489042512945616,-81.64835051679279
106,126,146,79.9157018826761,60.62355273256071,51.49665685054072,-57.538551014558834
107,127,147,68.47256749388998,55.20135692409093,46.63846280487411,-41.774193909191354
108,128,148,61.86122589115598,51.00968886623593,45.53316136168894,-12.511562687023343
109,129,149,62.79192304551066,51.79192304551066,46.315395540963664,5.442439451979908
110,130,150,74.72000143063622,63.720001430636216,58.24347392608928,15.629221935553176
111,131,151,61.10063815493868,50.915950428977396,47.928753608315446,13.448151193830881
112,132,152,66.62978859686928,53.882722040294766,47.50090805643032,-8.891519322341878
113,133,153,55.021618054321664,45.43412032089964,40.953325089906684,-7.841804875764751
114,134,154,57.53647762185551,42.93713591181859,37.46060840727159,-20.39395130841592
115,135,155,55.223215802214554,42.77045614082601,35.8703325971336,-29.841839420388737
116,136,156,51.927323738350196,35.930168497892396,27.466444172683396,-20.980090304505893
117,137,157,53.48601515868188,39.291188874623344,31.91069630917343,-15.706067034096804
118,138,158,45.34159441894383,30.341594418943828,23.049870345456952,-31.36928776113757
119,139,159,38.11087367670939,29.11087367670939,24.39354602121682,-25.224615561655355
120,140,160,41.199903188210556,25.785185350212032,28.21045626290629,-5.801517553715257
121,141,161,33.07965159365165,18.216254995831036,18.108950946619984,2.3915691542423474
122,142,162,45.67303293097052,22.636033284764835,18.091922501846625,-79.69442184607294
123,143,163,40.33994086564678,21.33994086564678,15.467759144517572,-38.10081652540248
124,144,164,51.35682683722581,31.356826837225867,22.7857984628057,-75.79347589130998
125,145,165,60.434340831974964,36.62150992875422,27.680136705310588,-69.67248835036082
126,146,166,69.02108074718984,41.72893159707451,29.326266674935482,-77.24094714927446
127,147,167,68.34695936495035,43.0757487951513,31.668816146566314,-94.4014788914941
128,148,168,105.1031174187899,66.1031174187899,48.07263244560693,-167.01702098874034
129,149,169,104.67690272166692,62.67690272166692,43.152819338152995,-202.17024329367678
130,150,170,123.46679283124399,72.46679283124399,50.19478216813695,-223.61612402619778
131,151,171,116.61816916912142,73.77733160594676,57.37241053495268,-214.43314013683653
132,152,172,115.73480359148516,67.73480359148516,49.035832880388966,-207.76577347418072
133,153,173,122.14525515688553,75.38920685571725,56.646247647335144,-225.54834405188024
134,154,174,55.41951015177665,32.555120376386526,28.250279134537323,-55.13918553085898
135,155,175,50.6779778305048,30.6779778305048,27.551329928248038,-12.307000021291401
136,156,176,36.12557043802781,19.57354501040595,21.438378453663518,-22.924001156721715
137,157,177,40.16151290623998,26.161512906239977,26.700641876740974,-6.921488932855141
138,158,178,36.59084679151238,29.590846791512377,33.33359740827814,-11.147513394409089
139,159,179,24.614456442661435,17.614456442661435,19.271116627534298,-8.948067081576937
140,160,180,18.992738620637283,12.087997734985038,18.882658544854962,-4.15910095909544
141,161,181,19.823359521902262,9.34725360306004,16.662202102617243,-6.686869753413816
142,162,182,36.35764646383086,18.32064681762506,20.078176211671575,-32.03423055416829
143,163,183,29.171323859726613,12.171323859726613,12.034162567645808,-49.99275868089171
144,164,184,43.81295260933899,20.81295260933905,15.60035608850751,-128.54411292307213
145,165,185,28.358197538778654,1.3581975387785405,-1.59488029304066,-94.9919484994765
146,166,186,24.162043820014446,-2.8379561799855537,-7.962575706244934,-96.64240000370012
147,167,187,29.16786763572975,1.167867635729749,-5.4943387981466,-108.36098693018448
148,168,188,36.17671281452738,1.1767128145273773,-8.24785602985878,-147.52007296087868
149,169,189,31.726275800360895,-1.0403378886422843,-7.355970732238575,-171.428667092973
150,170,190,60.73389565027992,13.733895650280033,-1.6301621528460828,-200.63149920042724
151,171,191,66.83045515212143,25.83045515212143,15.39284823925027,-205.79438474842675
152,172,192,71.78270457904841,29.782704579048414,19.96268172337375,-198.66868261866807
153,173,193,71.800404146532,26.800404146531946,15.833356470806393,-257.55368997975177
154,174,194,31.319477824007038,5.319477824006981,0.346150844244562,-105.42263027878812
155,175,195,36.76020116067093,14.760201160670931,11.348942788806653,-36.45142625341248
156,176,196,33.426678529471474,14.874653101849617,17.823195813233042,-17.895689365484486
157,177,197,19.591660759421984,10.591660759421984,14.990011718815708,36.16507569256396
158,178,198,19.44467116774217,14.444671167742172,20.85979896564413,50.99208212135363
159,179,199,3.4121133917379893,0.412113391738103,6.9177675829812415,54.302627282844924
160,180,200,6.907941565251065,11.00320067959882,21.37574694535124,64.34997904865168
161,181,201,13.532176276974326,14.532176276974269,24.033870367422537,68.39560149770784
162,182,202,32.73975582461884,26.739755824618783,26.178574135916733,0.7522175503831932
163,183,203,45.009632424886945,36.00963242488689,34.64799950641367,-26.21311082702516
164,184,204,59.66093482845508,49.57838025868773,47.02573402287754,-20.207214274989838
165,185,205,45.738784308311836,31.73878430831178,31.362123971046287,-31.630796105470154
166,186,206,48.07050334722783,32.07050334722783,28.61010183243559,-42.4822056848933
167,187,207,36.93462674947182,22.934626749471818,21.50967827907334,-45.444040599637674
168,188,208,31.10151804403199,21.101518044031934,22.04416107739098,-27.020591944848547
169,189,209,30.77353004562275,23.00691635661957,26.018774619928195,-30.76359573613081
