Left,Mid,Right,Loss,Loss_left,Loss_right,gain,glasso
0,20,40,1348.8598315219465,1006.184065781507,970.5907653385065,-627.914999598067,-1.5779726972607477
1,21,41,1347.3289700547507,1004.6178398159341,970.1046888437409,-627.3935586049242,-7.813010444837801
2,22,42,1338.6582738762622,989.2533492828285,968.2421477660502,-618.8372231726164,-8.000574395522563
3,23,43,1337.7764229296624,988.2643212014168,966.0274190454767,-616.5153173172309,-5.031225789942255
4,24,44,1342.9944986605456,984.9018838037847,980.5289621915589,-622.436347334798,3.254091090135603
5,25,45,1340.8160749273875,990.3682291324366,976.8543842060668,-626.4065384111159,3.9605232172384603
6,26,46,1350.8096986520973,991.236691456236,988.2611040801435,-628.6880968842822,7.165551779106522
7,27,47,1351.5999126303298,987.7906453784649,991.7565681517651,-627.9473008999003,6.2749693970167755
8,28,48,1348.7399255315172,984.9815736787705,992.1601543082345,-628.4018024554878,5.840171868147536
9,29,49,1349.8431144879917,988.5892267394383,990.979542605046,-629.7256548564926,5.00533970918616
10,30,50,1348.6879773261594,988.552292124546,988.9923872509736,-628.8567020493601,4.43319454843288
11,31,51,1346.7503243976282,985.9407842121358,990.5455205789741,-629.7359803934817,3.6847565268888047
12,32,52,1336.4831922818655,971.2627443140287,991.2641316510512,-626.0436836832143,0.1173708534954585
13,33,53,1347.853437816154,970.6790423000991,1001.3490683539667,-624.1746728379119,2.61813373524285
14,34,54,1324.1687687910896,945.6300030949662,996.3220078999094,-617.7832422037861,7.073457248245177
15,35,55,1320.2272797159405,961.2168673610919,977.9264421927543,-618.9160298379056,5.592051546648918
16,36,56,1342.74723636066,956.6427864922605,993.7119179398221,-607.6074680714225,1.2055244793632482
17,37,57,1354.7912450299625,955.3401221607297,1014.2636714079918,-614.8125485387588,4.253827746725165
18,38,58,1357.5736908997822,965.9842052527442,1008.5350022971503,-616.9455166501123,-0.48797673157105237
19,39,59,1366.6912860228258,966.5155972933037,1013.1375570822287,-612.9618683527065,2.0589007946555284
20,40,60,1373.0870066557159,970.5907653385065,1015.1071813491382,-612.6109400319287,4.456428285534457
21,41,61,1379.9939395449624,970.1046888437409,1021.3829886965523,-611.4937379953308,-1.2172905941661156
22,42,62,1380.8117506091426,968.2421477660502,1024.7537702662125,-612.18416742312,-2.2507805644153223
23,43,63,1389.2609317541376,966.0274190454767,1035.132998203688,-611.8994854950272,0.2901465209174603
24,44,64,1391.5903969915112,980.5289621915589,1036.2452465470571,-625.1838117471048,5.5989197995369295
25,45,65,1391.5374160762965,976.8543842060668,1037.67002835565,-622.9869964854204,5.596865747697166
26,46,66,1398.9927359971748,988.2611040801435,1033.2675990928847,-622.5359671758533,5.6586738465342705
27,47,67,1402.6484078300605,991.7565681517651,1033.3818558595704,-622.490016181275,8.251201462601102
28,48,68,1409.474843476929,992.1601543082345,1037.687396552097,-620.3727073834025,8.081746737367553
29,49,69,1407.6823450161246,990.979542605046,1035.4522261807856,-618.7494237697069,6.528936256630914
30,50,70,1425.950775302702,988.9923872509736,1055.8868975765822,-618.9285095248538,8.458549337155205
31,51,71,1440.1243031964282,990.5455205789741,1065.5669539580063,-615.9881713405521,8.7972326989983
32,52,72,1438.9868746376392,991.2641316510512,1062.3790273487602,-614.6562843621723,8.133361331100787
33,53,73,1443.4449767456088,1001.3490683539667,1059.5985304211788,-617.502622029537,8.07545079517854
34,54,74,1437.801684195887,996.3220078999094,1058.6224048513564,-617.1427285553787,7.56985512801657
35,55,75,1429.539196604161,977.9264421927543,1061.567619320428,-609.9548649090214,11.171736334323214
36,56,76,1431.4503621441047,993.7119179398221,1046.471698506867,-608.7332543025843,12.625789323547224
37,57,77,1444.9430566185601,1014.2636714079918,1036.4394815322366,-605.7600963216682,15.247654979323443
38,58,78,1438.2673303630418,1008.5350022971503,1035.9351423321273,-606.2028142662357,11.608723705104012
39,59,79,1446.2024919607682,1013.1375570822287,1021.9094056953322,-588.8444708167929,16.0872543594852
40,60,80,1437.3266500799532,1015.1071813491382,1000.9185338538323,-578.6990651230171,22.380240615486173
41,61,81,1437.3170581218906,1021.3829886965523,999.1940833418319,-583.2600139164936,18.574177341392897
42,62,82,1437.902745975618,1024.7537702662125,998.1968423113207,-585.0478666019153,16.324690579523462
43,63,83,1435.7564009187345,1035.132998203688,989.6718672859492,-589.0484645709028,15.786108402752348
44,64,84,1433.7211073738886,1036.2452465470571,993.7962105212271,-596.3203496943956,15.172540419042662
45,65,85,1436.4025280381074,1037.67002835565,996.8595508817502,-598.1270511992927,14.588515775258543
46,66,86,1422.6073294388834,1033.2675990928847,985.5864690632702,-596.2467387172715,14.64423201341333
47,67,87,1419.9720932614518,1033.3818558595704,982.0895610923295,-595.4993236904479,18.471059068173872
48,68,88,1420.2783918955452,1037.687396552097,983.9515371356028,-601.3605417921547,16.37544948506843
49,69,89,1419.2016326237451,1035.4522261807856,980.4347347358976,-596.685328292938,17.206350372718703
50,70,90,1423.8472505098864,1055.8868975765822,965.3087286197401,-597.3483756864359,17.251913122318115
51,71,91,1424.6066012100628,1065.5669539580063,957.9755772304172,-598.9359299783607,15.620051782540031
52,72,92,1423.3181259280714,1062.3790273487602,957.612738592276,-596.6736400129648,12.214929947205633
53,73,93,1420.7642625536737,1059.5985304211788,963.2517459071742,-602.0860137746793,10.48984277339025
54,74,94,1427.6852682612812,1058.6224048513564,973.2540979206073,-604.1912345106825,12.32212467664192
55,75,95,1434.8704631250225,1061.567619320428,977.5786564824674,-604.2758126778731,11.95020905054514
56,76,96,1408.8082906226182,1046.471698506867,974.6649502379764,-612.3283581222252,7.518851296569551
57,77,97,1382.0766163316807,1036.4394815322366,962.276963643922,-616.639828844478,1.7870732392773334
58,78,98,1379.1023630860004,1035.9351423321273,961.684258510318,-618.517037756445,0.5402206468083932
59,79,99,1356.9096701977164,1021.9094056953322,953.6490438195572,-618.648779317173,0.16822331091168508
60,80,100,1330.4109054052033,1000.9185338538323,951.3275918738202,-621.8352203224492,-0.4817595103141912
61,81,101,1341.890184679286,999.1940833418319,967.3259003431524,-624.6297990056983,-0.5540404492919606
62,82,102,1345.80032317906,998.1968423113207,969.1930301895388,-621.5895493217995,1.4876378862716138
63,83,103,1336.9061123311005,989.6718672859492,962.2892784989386,-615.0550334537872,2.319478989223626
64,84,104,1336.6575732338379,993.7962105212271,964.5249828891862,-621.6636201765755,-0.6550742700953833
65,85,105,1348.2494220916687,996.8595508817502,977.3004721754446,-625.9106009655261,3.6491743941226105
66,86,106,1359.83938158382,985.5864690632702,996.4078973421739,-622.1549848216239,9.255428516201619
67,87,107,1361.6553342614077,982.0895610923295,1001.7072752265783,-622.1415020575002,7.847635830716172
68,88,108,1356.342104068693,983.9515371356028,997.1071614957318,-624.7165945626416,9.054690166092428
69,89,109,1357.3828535177113,980.4347347358976,994.238481966489,-617.2903631846752,10.233872986462075
70,90,110,1356.8263527542044,965.3087286197401,1005.6284803786374,-614.1108562441732,11.271452734396917
71,91,111,1353.4930000951836,957.9755772304172,1011.239194602671,-615.7217717379046,6.703165363646235
72,92,112,1355.790129899528,957.612738592276,1007.6875205694561,-609.5101292622039,6.2510144300698585
73,93,113,1356.7059253494826,963.2517459071742,1004.4275067178913,-610.973327275583,4.249765321986615
74,94,114,1355.2925165828692,973.2540979206073,997.994767637259,-615.9563489749971,3.2974155376849694
75,95,115,1353.180626998492,977.5786564824674,990.6138003891202,-615.0118298730956,3.3926100355970448
76,96,116,1349.0939928388545,974.6649502379764,992.0678989961018,-617.6388563952237,1.6419985445477323
77,97,117,1356.2007652740956,962.276963643922,1003.1885056029564,-609.2647039727829,4.141893069860089
78,98,118,1353.8385663183954,961.684258510318,1003.6398608365082,-611.4855530284308,1.3816436033681612
79,99,119,1350.9490057904,953.6490438195572,1011.016332843406,-613.7163708725632,1.8037976119840096
80,100,120,1357.7477271174764,951.3275918738202,1021.6462075038613,-615.2260722602052,5.502721656977428
81,101,121,1366.486830650721,967.3259003431524,1020.0390639546271,-620.8781336470583,4.12840759783785
82,102,122,1373.0936620328741,969.1930301895388,1024.7578718855682,-620.8572400422329,5.0964296082862575
83,103,123,1370.5012304158313,962.2892784989386,1019.0537987768546,-610.8418468599621,9.00321871353799
84,104,124,1369.6921314280335,964.5249828891862,1017.2747766102453,-612.107628071398,8.922531235475162
85,105,125,1371.4871720572546,977.3004721754446,1006.6162477936895,-612.4295479118796,13.837304578605313
86,106,126,1373.1411723998008,996.4078973421739,1004.3528490475776,-627.6195739899508,12.418723755644123
87,107,127,1379.4436462559638,1001.7072752265783,1012.8200383388544,-635.0836673094689,10.393070941449878
88,108,128,1378.6206957333284,997.1071614957318,1012.1343187585388,-630.6207845209424,12.00964283399992
89,109,129,1379.9911204993969,994.238481966489,1010.3902623977324,-624.6376238648245,12.44191556228725
90,110,130,1378.4924642862486,1005.6284803786374,1000.2677600222936,-627.4037761146824,12.950021203612664
91,111,131,1377.6378853641777,1011.239194602671,994.3693681624146,-627.9706774009078,11.841595972778464
92,112,132,1383.3204992137496,1007.6875205694561,995.1284233488734,-619.49544470458,14.28074964298662
93,113,133,1383.0905968439,1004.4275067178913,1009.2956532370679,-630.6325631110592,9.783530939853108
94,114,134,1380.7088929804504,997.994767637259,1013.4010224173528,-630.6868970741614,6.776568687183271
95,115,135,1377.4708236292322,990.6138003891202,1016.6235657391888,-629.7665424990769,8.902585745555712
96,116,136,1380.5840956031234,992.0678989961018,1021.1343777165741,-632.6181811095526,7.687474957959694
97,117,137,1379.2924465313058,1003.1885056029564,1006.0294069191541,-629.9254659908047,10.468026757777352
98,118,138,1377.571130956725,1003.6398608365082,1007.0271779326138,-633.095907812397,7.07211045901613
99,119,139,1384.6054905591984,1011.016332843406,1007.5060032493328,-633.9168455335405,8.305523519380813
100,120,140,1394.1953022801576,1021.6462075038613,1008.5760128306675,-636.0269180543712,7.459614692004379
101,121,141,1387.2475759935023,1020.0390639546271,1013.1765478799933,-645.9680358411181,4.899596740300581
102,122,142,1388.9470260214848,1024.7578718855682,1000.1972701255731,-636.0081159896565,7.927504115943634
103,123,143,1403.4700069275032,1019.0537987768546,1017.2867316410163,-632.8705234903678,8.813965225715492
104,124,144,1412.1913974566287,1017.2747766102453,1023.3061964130286,-628.3895755666454,9.684685825453698
105,125,145,1404.918077856973,1006.6162477936895,1021.2456442971436,-622.9438142338599,13.282697510454227
106,126,146,1404.1523488141738,1004.3528490475776,1030.8002800355707,-631.0007802689745,10.011489719883002
107,127,147,1424.0129045978895,1012.8200383388544,1030.6382255500462,-619.4453592910111,9.860103371753894
108,128,148,1433.854146090912,1012.1343187585388,1036.0967651702854,-614.3769378379122,10.06096513905959
109,129,149,1432.6741075754903,1010.3902623977324,1038.8291901765306,-616.5453449987726,9.398389335909314
110,130,150,1427.1189775476707,1000.2677600222936,1041.6327959984806,-614.7815784731035,8.789491939843401
111,131,151,1434.302593389898,994.3693681624146,1050.6618667815355,-610.728641554052,10.12439407804311
112,132,152,1427.4998618389436,995.1284233488734,1045.482742306382,-613.1113038163119,9.242903127962677
113,133,153,1430.391607917098,1009.2956532370679,1039.5490258322548,-618.4530711522243,5.822479037359926
114,134,154,1434.5089692355891,1013.4010224173528,1037.3735573901322,-616.2656105718956,5.533613101066749
115,135,155,1435.7606654554463,1016.6235657391888,1024.7843168817294,-605.6472171654721,9.231122950928807
116,136,156,1431.7249728520055,1021.1343777165741,1021.2384133088481,-610.6478181734167,7.290563662658769
117,137,157,1419.3965723370368,1006.0294069191541,1026.813297485563,-613.4461320676803,8.793908488145007
118,138,158,1433.1136414997582,1007.0271779326138,1031.5851164795713,-605.4986529124269,10.53572248959506
119,139,159,1428.015583184591,1007.5060032493328,1021.7260481590588,-601.2164682238008,12.691763612893965
120,140,160,1432.53536894019,1008.5760128306675,1016.9394224397151,-592.9800663301926,16.66873209474079
121,141,161,1425.818987297691,1013.1765478799933,1015.8013182203988,-603.1588788027011,14.349000031251194
122,142,162,1415.4998883090882,1000.1972701255731,1021.9889075472901,-606.6862893637751,13.667863744186207
123,143,163,1417.0949627029431,1017.2867316410163,1012.3554361399767,-612.54720507805,10.004029718079323
124,144,164,1417.04270408195,1023.3061964130286,1004.2570502750432,-610.5205426061218,11.54686777892266
125,145,165,1422.2778601663554,1021.2456442971436,1007.4607237720782,-606.4285079028664,13.581990504259807
126,146,166,1423.0344544184802,1030.8002800355707,1005.1336030420183,-612.8994286591089,12.455730351550756
127,147,167,1418.4999064258727,1030.6382255500462,1000.2531035321776,-612.3914226563511,9.633503262440513
128,148,168,1420.9092306843993,1036.0967651702854,1000.5429313750276,-615.7304658609137,7.3117104276358305
129,149,169,1415.898527341695,1038.8291901765306,996.4206438517897,-619.3513066866253,6.743174701681255
130,150,170,1422.2311875143096,1041.6327959984806,994.2004605192168,-613.6020690033879,7.208257511838042
131,151,171,1421.8911756779044,1050.6618667815355,980.3069341638345,-609.0776252674657,4.881866252780128
132,152,172,1413.4625625567128,1045.482742306382,982.1048630088612,-614.1250427585305,5.642425191488655
133,153,173,1405.847544237712,1039.5490258322548,979.6277774523792,-613.3292590469218,1.655284859808262
134,154,174,1402.940229195679,1037.3735573901322,983.4392738293282,-617.8726020237814,1.5845764884626306
135,155,175,1388.196784019768,1024.7843168817294,987.8071422502259,-624.3946751121871,0.8618743151245098
136,156,176,1396.5187325676418,1021.2384133088481,1000.3657292364928,-625.0854099776991,5.185899981375769
137,157,177,1414.2490020110122,1026.813297485563,1009.9116789705923,-622.475974445143,7.130079243067826
138,158,178,1407.5819790691096,1031.5851164795713,990.5643030871847,-614.5674404976464,10.742357538261103
139,159,179,1402.5767422855226,1021.7260481590588,1000.6220995078813,-619.7714053814175,16.358321016471564
140,160,180,1396.9769919501464,1016.9394224397151,978.5383411344746,-598.5007716240434,26.040924597592152
141,161,181,1390.697867147142,1015.8013182203988,982.2096388777736,-607.3130899510304,19.852836755592875
142,162,182,1393.6044014077215,1021.9889075472901,969.0005557786949,-597.3850619182635,25.33571610595402
143,163,183,1380.900981188659,1012.3554361399767,978.2942787004632,-609.7487336517811,17.718528663344387
144,164,184,1379.5759488421459,1004.2570502750432,977.5662854051425,-602.2473868380398,23.877692443910064
145,165,185,1382.2299980625207,1007.4607237720782,978.8966010939292,-604.1273268034865,24.240620518696915
146,166,186,1378.7699803524533,1005.1336030420183,975.018002770976,-601.3816254605408,27.979331791820982
147,167,187,1377.0772277963774,1000.2531035321776,981.7803338899014,-604.9562096257016,26.078851172325926
148,168,188,1366.1918872586184,1000.5429313750276,979.026102943297,-613.3771470597062,20.02132464027852
149,169,189,1366.6752914939852,996.4206438517897,976.5448607825977,-606.2902131404021,23.41860068315384
150,170,190,1364.9908289888317,994.2004605192168,970.2707976222719,-599.480429152657,25.3823295961015
151,171,191,1352.8554886965844,980.3069341638345,977.0424903424289,-604.493935809679,18.50162935212893
152,172,192,1366.3654790683963,982.1048630088612,1001.0730998299346,-616.8124837703995,12.730690326999593
153,173,193,1371.6870754743254,979.6277774523792,1016.1131629921468,-624.0538649702007,6.239756562828802
154,174,194,1369.3054493215586,983.4392738293282,1013.9954771633203,-628.1293016710897,4.144210610977211
155,175,195,1368.5011766830664,987.8071422502259,1013.1080249544634,-632.4139905216227,2.1450319363942754
156,176,196,1369.8364012121765,1000.3657292364928,1008.0178686918084,-638.5471967161247,4.048510603489831
157,177,197,1359.928852809938,1009.9116789705923,997.3101643609466,-647.2929905216008,-3.4902654312229515
158,178,198,1352.9301659401917,990.5643030871847,1002.2483088231222,-639.8824459701152,-1.6447011185633755
159,179,199,1350.7322534075488,1000.6220995078813,991.1663066104043,-641.0561527107368,0.37130362262439576
160,180,200,1343.78400315069,978.5383411344746,990.3142672483091,-625.0686052320937,4.71706937815884
161,181,201,1348.6248377061524,982.2096388777736,991.7744048251311,-625.3592059967523,7.525944160183485
162,182,202,1344.2056902997829,969.0005557786949,977.0805426161262,-601.8754080950382,7.618674219077434
163,183,203,1350.5542893470247,978.2942787004632,984.128771147337,-611.8687605007756,10.594551101843876
164,184,204,1350.8623027724534,977.5662854051425,974.0306610795558,-600.7346437122449,11.08870459257082
165,185,205,1348.5852980706632,978.8966010939292,970.8117082095727,-601.1230112328387,11.518240511575641
166,186,206,1350.1046094744574,975.018002770976,971.8486822332775,-596.762075529796,14.851622919514284
167,187,207,1353.3031420502061,981.7803338899014,962.5472670201143,-591.0244588598096,14.75836322779935
168,188,208,1353.2256651598095,979.026102943297,966.3419287221188,-592.1423665056063,15.05404832623367
169,189,209,1356.764311525518,976.5448607825977,963.9014092767693,-583.681958533849,22.846491483663158
