Left,Mid,Right,Loss_likeli,Loss_AIC,Loss_BIC,Loss_eBIC
0,20,40,81.5263146211434,59.5263146211434,49.95955397316936,-55.793118416380366
1,21,41,81.68451618588995,62.68451618588995,54.611353948246915,-59.42361419139371
2,22,42,70.78110433065632,51.78110433065632,44.05451568329329,-47.05593525952963
3,23,43,70.15305260526424,55.153052605264236,49.417928505009115,-39.14428840908596
4,24,44,65.38774601271905,53.38774601271905,48.453073142234985,-17.876360027357237
5,25,45,59.05360948548696,46.05360948548696,40.62107047822599,-24.974198451186567
6,26,46,52.45033128893044,38.45033128893044,32.519926144892395,-24.703453655701537
7,27,47,49.33027317346722,36.33027317346722,31.244307756486137,-41.920198729382264
8,28,48,49.07686983172124,35.07686983172124,32.0632783519838,-25.63192214469109
9,29,49,44.7115686653313,33.7115686653313,29.974045591400966,-20.516470771776937
10,30,50,38.24906679539174,30.24906679539174,28.2734973781657,7.386884136234585
11,31,51,45.70044878521077,36.70044878521077,32.3041234366367,-24.675130133624293
12,32,52,33.990886771988016,27.186415465112134,24.423663778185357,-5.524976000041136
13,33,53,34.58735867120754,26.72259881596119,24.696917593511955,4.289733303538981
14,34,54,30.344906523926284,24.13636202971543,20.89295554545862,-8.058693607629152
15,35,55,28.839129535951542,21.806191483398322,18.809296038186176,-2.8063405653242626
16,36,56,43.685394795656066,35.685394795656066,30.36339335422207,-4.4305020504607455
17,37,57,49.535343325526185,37.952034326482135,35.517249700050456,1.505275883428908
18,38,58,56.032149031685776,44.032149031685776,40.483770522321606,-15.090043864428253
19,39,59,58.37133213103675,43.37133213103675,37.68428014610481,-33.10562102044838
20,40,60,69.94320551946527,49.33304713803432,39.312787256314095,-44.62479876496576
21,41,61,80.68514395035731,57.614804259697564,45.51472443055269,-88.22593943956116
22,42,62,63.45573908012341,50.45573908012341,45.43031486925548,-7.000480230154153
23,43,63,63.460277484821745,52.53281621550218,50.58534016568012,6.456581585788172
24,44,64,53.992690137682644,43.788441573666034,41.49439193356403,5.605560218044218
25,45,65,53.94743667311161,46.314248193424305,44.51806469009921,15.496427543631853
26,46,66,50.29748106570264,40.29748106570264,36.01196687849267,-6.081541278401801
27,47,67,52.164418826432154,40.164418826432154,35.038864827766645,-31.938901862552882
28,48,68,52.511546763315664,41.511546763315664,35.27732159548964,-25.141548901030035
29,49,69,45.63390476005037,35.59666163039509,31.49758886940407,-13.22491766294337
30,50,70,42.02862212776756,33.73776788767839,30.502277447563586,3.292698394266324
31,51,71,43.75060813344135,34.72847016712808,31.24340720968911,-10.501672201482052
32,52,72,38.31806802791186,30.725728028217304,29.232129617886358,8.824945327913383
33,53,73,47.92168017920255,40.056920323956206,36.57185736651718,0.3759776884320445
34,54,74,50.12624967453041,42.91770518031956,39.68316143913955,-2.1438491615278963
35,55,75,39.789784026744314,36.63461640461071,35.98545772133673,27.973011434792284
36,56,76,47.703858098959984,39.703858098959984,36.99590969597995,9.786330642682685
37,57,77,48.63442709441722,38.051118095373226,35.62043085676339,9.87800346309757
38,58,78,64.55779609257405,54.57812438363834,51.288342469982354,9.428943267806972
39,59,79,51.96299154823299,38.249004772989394,34.15986378546023,-15.149429782213417
40,60,80,62.61640038739648,42.61640038739648,33.938446369510245,-49.05251877749646
41,61,81,63.54731362792984,41.54731362792984,31.62481341628586,-81.26121654172334
42,62,82,53.32191925902532,36.49729021252574,30.68731032292402,-16.92945302034616
43,63,83,61.755140086923234,50.07635937982707,47.08916255916512,6.2747939792192255
44,64,84,53.48152230598703,41.990956329700566,39.9994917825926,12.789912729295338
45,65,85,53.555804392277594,44.92261591259023,44.54212066063377,24.134936370660796
46,66,86,54.68012237439558,44.68012237439558,39.364047548162375,-9.077086986816767
47,67,87,49.01167265213019,43.314835299680226,41.875726687769486,21.468542397796625
48,68,88,56.58660981035638,45.58660981035638,38.173771499867996,-25.988173275585154
49,69,89,45.52777118293011,36.68015452173245,34.891064366777016,-1.3845397307759413
50,70,90,39.892607429770635,34.892607429770635,31.700914241490636,3.9797241362651903
51,71,91,43.00354614873356,34.636002572107486,34.52869852289638,9.125113196243262
52,72,92,44.97172262447026,37.06500506757027,37.645847076263976,23.397524443078225
53,73,93,58.664930827859564,47.664930827859564,43.407996053087686,-14.865202381177028
54,74,94,61.69050552549078,50.69050552549078,48.23094259111639,-13.741760952414666
55,75,95,54.8965706285116,48.488768547541554,49.07461167889039,8.033785182379916
56,76,96,50.34998140133257,44.34998140133257,43.08870344077718,-3.795426612429594
57,77,97,41.92382612777135,31.92382612777135,29.05381965439483,-19.383034916573024
58,78,98,44.531329093836405,35.55165738490069,35.53623118093651,8.833631522028156
59,79,99,41.91527682994081,33.20129005469721,32.3477382607644,5.13815920746714
60,80,100,39.20198643978085,30.79760448553293,26.3961719536465,-15.618453574863565
61,81,101,47.91402896101346,39.57541174304191,35.14724996581435,-5.667118614131482
62,82,102,26.296516006361628,18.339645329335895,19.927076868459835,-27.107326976083016
63,83,103,22.809727370840392,17.94534969625215,20.1169252552412,-9.339031271892395
64,84,104,24.55706688083893,17.17514353157071,20.445598390587463,-0.06592785909674603
65,85,105,18.658948115840474,12.658948115840474,15.757917279191759,20.06205510394932
66,86,106,22.21580121055797,18.21580121055797,19.34349897596968,-0.4141167490753901
67,87,107,21.84452491691104,22.14768756446108,26.98326425962972,45.36352659618154
68,88,108,28.731910056224308,24.731910056224308,25.859607821636075,-8.415523319212298
69,89,109,23.51120682920839,18.104319529514783,19.43005799271458,8.947603098309514
70,90,110,28.71720094021248,25.36993732995677,27.146793778642518,20.52440679870557
71,91,111,28.520942261015875,27.175536650703066,31.32474633053431,30.723171049879
72,92,112,24.829615318506,2.2649944970466436,1.4698776552830282,-60.38241138633373
73,93,113,51.50765282142953,22.50765282142953,15.347580250776048,-98.15557335724884
74,94,114,51.76141158741723,23.76141158741723,17.725364778465803,-123.4673418685162
75,95,115,58.01609767939959,28.608295598429493,23.634968618667017,-127.18585396516312
76,96,116,43.77674065072182,20.77674065072182,19.02293094139685,-104.59024339896303
77,97,117,47.113142970044294,17.113142970044294,11.217285566727355,-145.67262464721682
78,98,118,43.45232176294212,18.45232176294212,16.662954852407267,-92.7176351867962
79,99,119,77.28860051688855,29.28860051688855,18.702359230174693,-222.9264004622638
80,100,120,71.0627778518276,33.062777851827605,25.96274092564147,-273.95171859368463
81,101,121,87.07458634299405,44.074586342993996,33.57922723662898,-245.33401181739373
82,102,122,49.647547878802925,26.69067720177719,26.090841403796617,-166.63975876985876
83,103,123,52.71628513778336,26.71628513778336,20.751382907204174,-152.83278137357934
84,104,124,63.732379156950174,30.08168767578809,23.268188695414665,-131.99406353216307
85,105,125,59.76148472950416,32.761484729504105,26.905205054690555,-91.348397210249
86,106,126,70.9592973445802,39.95929734458025,32.843213271212676,-180.27033724997636
87,107,127,72.88015627832908,38.880156278329196,32.2276704488487,-163.31181759100525
88,108,128,72.27327174308198,42.27327174308209,35.65505380649148,-145.53060440135494
89,109,129,69.8668330639859,37.45994576429223,29.801144830896646,-113.59545339073475
90,110,130,93.5890206949282,49.241757084672486,35.45813218942112,-213.33305684186814
91,111,131,78.7757675124908,38.7757675124908,26.520056121328025,-152.08527210176544
92,112,132,92.5510954390565,55.55109543905644,44.49710900721277,-191.87680806742117
93,113,133,81.79523616114471,48.795236161144715,39.64369904338332,-145.39944351556505
94,114,134,69.71049520225131,40.71049520225131,33.55042263159794,-147.28170525408598
95,115,135,64.19357585261616,25.193575852616164,18.477283796807228,-118.59168917374905
96,116,136,59.18198385075095,23.181983850750953,17.735452176858075,-94.24994829178422
97,117,137,52.568447633853054,13.568447633852998,8.251850848332197,-162.37886263066662
98,118,138,53.84480952097459,17.84480952097465,12.398277847081772,-154.63392952679465
99,119,139,82.83926517492665,15.839265174926709,-0.4953552365456062,-282.7567266860126
100,120,140,67.3424905217575,15.34249052175744,5.742410152512434,-351.6079022800941
101,121,141,58.546730867682925,11.546730867682868,5.129128362882852,-315.9713723400363
102,122,142,83.62090779036316,41.62090779036316,30.76116416384866,-281.5682349797669
103,123,143,82.67502388160523,42.67502388160517,33.850733299484546,-259.5952362281997
104,124,144,79.5766695892944,37.57666958929451,29.142941094739626,-225.1055127885012
105,125,145,71.29736100322566,34.29736100322566,29.046110373115766,-206.4526439205831
106,126,146,70.51927744430446,31.51927744430452,25.618868130920532,-242.81829064031876
107,127,147,66.57290677082142,20.687798624230027,16.3264889489634,-206.11316285970122
108,128,148,64.33879728936324,22.338797289363356,16.662948268273794,-225.94578271830017
109,129,149,56.48151800791703,14.481518007917089,5.700353697117066,-173.13437417403588
110,130,150,56.727853019601866,10.727853019601866,2.842919463773569,-200.99875378043748
111,131,151,46.75622677368415,3.7562267736841477,-3.8718599020248803,-189.55768277171478
112,132,152,55.677980484685975,35.67798048468592,36.052719372433785,-63.54647767026893
113,133,153,64.99963018000324,44.02430451560019,40.9874299046445,-52.61162927565715
114,134,154,60.04886547683424,41.04886547683418,37.34331330316195,-60.74678932713016
115,135,155,49.10112133099449,18.606273182692576,23.955099497302058,-61.74788978077322
116,136,156,44.79395473188367,14.793954731883673,17.947050865816436,-74.98460188425588
117,137,157,51.24601021610181,11.246010216101809,12.583791998335073,-79.3377970041139
118,138,158,55.72443058323552,16.724430583235403,12.215889714477385,-150.8728370509059
119,139,159,63.92223607998926,21.922236079989375,15.224879056583859,-113.97720061968596
120,140,160,46.612289693675734,14.612289693675734,7.344913073811313,-143.6631129794032
121,141,161,49.313289346394185,15.3132893463943,8.459348703654086,-150.21377357650533
122,142,162,80.98500993359761,40.98500993359755,42.58380744027204,-238.00216612305644
123,143,163,74.95837510761226,31.958375107612255,26.839089969360202,-234.92179736285357
124,144,164,89.58930599293842,48.58930599293842,41.346590815720674,-206.17469083416518
125,145,165,99.05564184784674,50.0556418478468,38.82999757641289,-291.95653640009914
126,146,166,101.98196247838894,44.98196247838894,27.70881444064662,-231.83353198561088
127,147,167,95.87419095800811,45.989082811416665,41.84595017426159,-230.93909526457298
128,148,168,89.51779830749257,31.517798307492626,17.876091097971084,-236.33966088633463
129,149,169,85.78167599324843,29.781675993248427,17.15041030605539,-281.0640024356752
130,150,170,94.43872472191276,50.43872472191288,45.282391391038345,-248.3771817026933
131,151,171,81.18759890524018,46.18759890524018,42.542441323747084,-106.60446163292704
132,152,172,78.2109587118128,51.21095871181285,54.68553285744122,-92.86293646431693
133,153,173,84.84792122438921,52.87259555998605,54.67761766741296,-103.38863404672304
134,154,174,75.00538277623593,43.00538277623593,40.21956445339231,-123.15953232002357
135,155,175,55.18758516301796,18.692737014716045,17.921807211934492,-69.90283340020187
136,156,176,61.482215091953776,34.482215091953776,35.31660014313786,-56.30521253776658
137,157,177,65.62990567447417,29.62990567447423,32.72191306623233,-91.08290121503376
138,158,178,80.43622513768474,43.4362251376848,38.883695771640646,-100.79353639003443
139,159,179,82.49142877863761,52.491428778637555,50.341866206568284,-79.78902855255262
140,160,180,58.4245917624296,40.42459176242966,42.89992977968291,-51.6150514922756
141,161,181,51.84900906479049,31.849009064790494,35.08435664944807,-37.21631462498249
142,162,182,53.48858064505316,10.488580645053162,8.947006046877846,-157.15646056868638
143,163,183,60.94066503768977,19.94066503768977,17.723768751213697,-236.99349389236
144,164,184,45.80888084892496,8.808880848925014,6.190353385418916,-159.98103684860655
145,165,185,33.912216118095444,-7.08778388190467,-11.557910336882628,-215.63201349390818
146,166,186,38.26843882760613,-14.731561172393867,-24.15997070678543,-243.47212307343807
147,167,187,31.551266848232842,-12.448733151767101,-13.428714979116535,-215.25959558432942
148,168,188,26.471497363172887,-28.52850263682717,-39.30510104019561,-213.1297481666428
149,169,189,24.724849768910246,-32.2751502310897,-42.285119742539905,-253.25310174546894
150,170,190,23.51691100181165,-31.48308899818835,-41.53704700692458,-278.126223806991
151,171,191,13.958215472013023,-29.04178452798692,-31.153080048708603,-186.60795434792692
152,172,192,8.763959630575357,-27.2360403694247,-28.177115369677836,-201.0437036773352
153,173,193,10.219318928235282,-26.78068107176466,-28.91276938935482,-201.2227146310065
154,174,194,19.430610015603804,-13.569389984396139,-14.403160935438336,-136.61508517477557
155,175,195,16.998097644592974,-12.001902355406969,-14.446077208215456,-89.51345812405236
156,176,196,23.285217642461703,0.2852176424617028,-1.1909498738161801,-97.35201089297732
157,177,197,43.879756432319994,9.879756432319994,2.6917061450637902,-138.955410174436
158,178,198,58.2578055457941,26.257805545794156,19.337002516209623,-121.44989279596689
159,179,199,55.922471663803435,27.922471663803435,26.224870757981535,-79.58290519707771
160,180,200,70.08529470067401,46.08529470067401,43.467922041879206,-37.449516750674775
161,181,201,66.78530430684123,52.785304306841226,54.826091739242656,27.470394155250915
162,182,202,47.15192530758725,30.15192530758725,31.47835576709855,-40.3097495972487
163,183,203,47.785216539673684,22.785216539673684,23.33557458742996,-96.95927823638897
164,184,204,34.583127330231605,10.583127330231605,12.63010388752241,-68.42303266914473
165,185,205,30.847298209236328,13.847298209236271,18.20679672438638,-68.43694380819034
166,186,206,30.227166095494113,9.227166095494113,10.863575804459629,-46.71815261511097
167,187,207,41.837547238268826,23.837547238268826,26.929865395593026,-79.33138817840938
168,188,208,30.73810248482482,14.738102484824822,17.48653238099962,-34.29269712589769
169,189,209,52.16913836014237,33.16913836014237,34.33163803636768,-58.94948578716071
