Left,Mid,Right,Loss,Loss_left,Loss_right,gain,glasso
0,20,40,1349.0393141727918,963.3542955159265,1010.5385278007436,-624.8535091438785,3.049578012140728
1,21,41,1347.9260800405852,961.92181799437,1013.5191486582422,-627.5148866120269,2.7687117400186025
2,22,42,1338.6498710206415,971.958287858198,997.0696130921478,-630.3780299297043,0.32725606506858185
3,23,43,1339.3338376075012,968.233096337087,999.2110579761029,-628.1103167056885,0.7316239612994195
4,24,44,1342.6481093664725,967.2642307990704,1007.0621392671629,-631.6782606997608,0.3785754620429316
5,25,45,1366.8573198115805,975.4378415955525,1021.659676213733,-630.2401979977049,3.0278733408508742
6,26,46,1370.9150153449655,974.103092644644,1024.7278788471085,-627.915956146787,3.01204924214926
7,27,47,1372.6353146920892,967.6022082909833,1023.5719554146766,-618.5388490135706,3.307311311634521
8,28,48,1377.9518231608547,967.2730329225251,1040.131761497249,-629.4529712589194,2.616730236669355
9,29,49,1376.745029870035,964.5387657526546,1035.8447213179143,-623.6384572005338,6.425243404174353
10,30,50,1378.1755006245012,969.9919922295593,1032.1546086365624,-623.9711002416207,9.46582457819079
11,31,51,1382.1600406273678,970.4308348950962,1032.7735869833389,-621.0443812510671,14.325678208719637
12,32,52,1392.8641074746686,980.5920691102979,1040.4504988544004,-628.1784604900297,12.626749694997102
13,33,53,1393.8293314985585,994.2650712876971,1030.8061009149415,-631.24184070408,14.760936770596459
14,34,54,1391.022425444042,994.3814847938615,1019.2140579082202,-622.5731172580397,13.440253925442562
15,35,55,1395.6687745303884,1013.9879643667368,1011.2555632089209,-629.5747530452693,7.977390274427307
16,36,56,1401.6822683950186,1018.371612611383,1019.8219538143118,-636.5112980306762,5.810959746994854
17,37,57,1401.795362354394,1018.9276180894102,1021.2276362267559,-638.3598919617721,6.521780786471936
18,38,58,1398.430926040748,1024.1639773513598,1016.095881665779,-641.8289329763907,4.427152533895537
19,39,59,1395.304346014127,1024.2939898169643,1007.7907967788274,-636.7804405816646,2.3474006090211788
20,40,60,1386.5570572060687,1010.5385278007436,1014.7822121203576,-638.7636827150325,2.9182900647700762
21,41,61,1388.7710971345402,1013.5191486582422,1013.5002952613237,-638.2483467850257,-2.8296771496470683
22,42,62,1391.8530466137186,997.0696130921478,1019.2510436238563,-624.4676101022856,2.441334099382857
23,43,63,1406.5386292304142,999.2110579761029,1023.1699118997713,-615.8423406454599,-0.835813248447721
24,44,64,1418.952888630619,1007.0621392671629,1022.5832329849427,-610.6924836214864,10.399397956512757
25,45,65,1418.931080099063,1021.659676213733,1018.4950022420891,-621.2235983567591,7.089836956908812
26,46,66,1425.155771152281,1024.7278788471085,1020.4882671516468,-620.0603748464744,13.010502645349561
27,47,67,1423.2355962370366,1023.5719554146766,1013.2483737436596,-613.5847329212997,16.319579823845288
28,48,68,1421.313636089135,1040.131761497249,1005.6349171900699,-624.4530425981841,11.506038886563715
29,49,69,1428.5902026503331,1035.8447213179143,1011.9671305011435,-619.2216491687245,13.4455297327263
30,50,70,1434.098492858121,1032.1546086365624,1010.8418178668126,-608.8979336452539,13.494973445931464
31,51,71,1435.3152979106437,1032.7735869833389,1006.0425259549165,-603.5008150276117,14.75168846154179
32,52,72,1444.641988577856,1040.4504988544004,1000.2993354760345,-596.1078457525789,18.96546662409162
33,53,73,1456.3063026188138,1030.8061009149415,1010.6523900977131,-585.1521883938408,23.308019213632406
34,54,74,1452.4771766498088,1019.2140579082202,1019.1382689156424,-585.8751501740537,21.391615839752603
35,55,75,1452.464338746083,1011.2555632089209,1023.4962836997826,-582.2875081626205,18.67061576040669
36,56,76,1444.8514226877548,1019.8219538143118,1009.8815441969404,-584.8520753234973,16.549632039311064
37,57,77,1451.722287109937,1021.2276362267559,1016.8825795460436,-586.3879286628626,16.22479643561053
38,58,78,1448.3402091450478,1016.095881665779,1020.8489720615369,-588.6046445822681,16.348044144207165
39,59,79,1443.9370410545262,1007.7907967788274,1024.0582034734762,-587.9119591977774,13.58392448135453
40,60,80,1458.4717224063816,1014.7822121203576,1027.9695561585859,-584.2800458725619,15.325570207228338
41,61,81,1453.3561956751346,1013.5002952613237,1026.1478798186126,-586.2919794048016,8.347922396679792
42,62,82,1451.6968945872713,1019.2510436238563,1020.6174846371144,-588.1716336736995,9.716744611377294
43,63,83,1445.530757592073,1023.1699118997713,1007.1567946267805,-584.7959489344787,2.283197797365119
44,64,84,1433.72407568494,1022.5832329849427,1010.7723148833962,-599.6314721833987,10.019208781179714
45,65,85,1424.0131492591054,1018.4950022420891,1012.9559864020558,-607.4378393850395,6.520201653002232
46,66,86,1422.4439088237993,1020.4882671516468,1009.3008075707777,-607.3451658986253,11.435531320320024
47,67,87,1421.4883020297652,1013.2483737436596,1017.0040535182785,-608.7641252321728,12.996889352023345
48,68,88,1405.3599154547794,1005.6349171900699,1019.7311090953049,-620.0061108305954,9.189234031885917
49,69,89,1416.0162843637504,1011.9671305011435,1022.6670823424198,-618.6179284798129,9.8787109245593
50,70,90,1418.4926914557398,1010.8418178668126,1030.3332626852282,-622.682389096301,9.843214567546056
51,71,91,1412.7495798829618,1006.0425259549165,1027.316809075773,-620.6097551477278,10.827909588881539
52,72,92,1403.0509605671589,1000.2993354760345,1020.6115249153373,-617.859899824213,13.846074429127157
53,73,93,1401.1208228562937,1010.6523900977131,1013.649308345201,-623.1808755866205,14.007277268313373
54,74,94,1402.478085920845,1019.1382689156424,1009.6107221067322,-626.2709051015295,12.797917715308017
55,75,95,1400.5829881033776,1023.4962836997826,1010.6527196928962,-633.5660152893013,7.428033929477465
56,76,96,1399.8403465632,1009.8815441969404,1020.3568721018567,-630.3980697355969,6.684834290953859
57,77,97,1397.7375909715076,1016.8825795460436,1012.6209653011608,-631.7659538756968,4.316150065786019
58,78,98,1402.918032731207,1020.8489720615369,1017.1652975883958,-635.0962369187257,4.6077483794194904
59,79,99,1402.8688095797597,1024.0582034734762,1004.6336450477323,-625.8230389414489,6.326832757356556
60,80,100,1404.4895211523226,1027.9695561585859,999.7585957264444,-623.2386307327076,10.661207513754789
61,81,101,1405.6817077247954,1026.1478798186126,1003.1093318811826,-623.575503975,12.871490671182414
62,82,102,1404.8586226793907,1020.6174846371144,1007.4605327696408,-623.2193947273647,12.435829209377175
63,83,103,1403.0187953163718,1007.1567946267805,1015.1956386726656,-619.3336379830744,12.196869170939294
64,84,104,1398.280942606602,1010.7723148833962,1013.5179479088683,-626.0093201856625,10.701548191800498
65,85,105,1395.7645653868733,1012.9559864020558,1014.4099432790645,-631.6013642942469,8.502208724290881
66,86,106,1390.1323454673693,1009.3008075707777,1002.1816630842375,-621.350125187646,8.7721160976472
67,87,107,1392.2043367505244,1017.0040535182785,985.8714352088928,-610.6711519766468,13.309788448633412
68,88,108,1392.1887834858994,1019.7311090953049,987.3659924251565,-614.908318034562,13.392008026319445
69,89,109,1387.7071864848572,1022.6670823424198,975.0537785443603,-610.0136744019228,9.98340899147172
70,90,110,1391.7636256215742,1030.3332626852282,962.389945842789,-600.9595829064428,8.287612731978243
71,91,111,1392.048726333263,1027.316809075773,964.26558493842,-599.5336676809302,10.163155774169809
72,92,112,1387.1916142222408,1020.6115249153373,966.6760466871024,-600.0959573801988,11.957434637921551
73,93,113,1378.2704906257889,1013.649308345201,987.4523394078178,-622.83115712723,12.46453249649494
74,94,114,1377.6841855729745,1009.6107221067322,986.3844222270002,-618.3109587607578,12.783889992400987
75,95,115,1359.7231364902727,1010.6527196928962,979.1273522565536,-630.0569354591771,5.224764261794235
76,96,116,1371.550388823181,1020.3568721018567,985.5566294780577,-634.3631127567332,6.671702605803148
77,97,117,1367.8716271241246,1012.6209653011608,983.0628125172377,-627.8121506942739,5.7640320224411425
78,98,118,1366.7445924918834,1017.1652975883958,980.4058513739567,-630.8265564704691,5.3808788582001625
79,99,119,1363.113552915722,1004.6336450477323,981.2858051973159,-622.8058973293262,5.031639635858255
80,100,120,1342.2640819728276,999.7585957264444,967.6840969433414,-625.178610696958,1.2462827578265205
81,101,121,1340.3228308726466,1003.1093318811826,961.112446411772,-623.8989474203081,2.01465079735749
82,102,122,1356.3473844375355,1007.4605327696408,976.5257566761334,-627.6389050082387,3.0798785129584303
83,103,123,1361.737517428086,1015.1956386726656,979.0010386025568,-632.4591598471366,4.258841542003324
84,104,124,1363.4545747849634,1013.5179479088683,979.0993906670922,-629.1627637909971,2.657438622615473
85,105,125,1359.717010549361,1014.4099432790645,975.7831731502222,-630.4761058799256,1.8866912047749338
86,106,126,1351.2635691435792,1002.1816630842375,983.7999932801793,-634.7180872208376,2.335168424717722
87,107,127,1349.38689133563,985.8714352088928,985.3476542201989,-621.8321980934616,5.472051660342345
88,108,128,1352.2981417060264,987.3659924251565,988.5330958127305,-623.6009465318607,4.819573503593006
89,109,129,1344.6447551526735,975.0537785443603,992.5300544579259,-622.9390778496127,2.126852797091601
90,110,130,1336.0716710022136,962.389945842789,987.9008954093374,-614.2191702499128,-0.11171280187113553
91,111,131,1356.3403968514972,964.26558493842,1004.6180735254578,-612.5432616123808,0.5245087466510086
92,112,132,1352.272151166942,966.6760466871024,1000.6427756970351,-615.0466712171956,-0.131008313222992
93,113,133,1351.724376946625,987.4523394078178,988.6491822114549,-624.3771446726478,1.260020648878367
94,114,134,1358.2832672418367,986.3844222270002,988.289982268423,-616.3911372535865,5.763540616283763
95,115,135,1357.5103954710344,979.1273522565536,995.5562416036234,-617.1731983891427,3.9720014134662733
96,116,136,1346.6779641048743,985.5566294780577,979.6494741513724,-618.5281395245559,6.559242478768056
97,117,137,1350.3961052994446,983.0628125172377,983.4369273534392,-616.1036345712323,5.949043958251536
98,118,138,1351.3911631642127,980.4058513739567,987.6542646602917,-616.6689528700358,6.548420279975289
99,119,139,1351.2570762072492,981.2858051973159,988.9069747128915,-618.9357037029581,6.72755954080219
100,120,140,1354.0872658198582,967.6840969433414,995.6015240156242,-609.1983551391074,7.556949746643113
101,121,141,1354.7766410549286,961.112446411772,998.312033153137,-604.6478385099804,8.935963897936745
102,122,142,1351.6639535681643,976.5257566761334,993.6472417471198,-618.5090448550889,5.067587637299425
103,123,143,1350.7287435859039,979.0010386025568,987.9906003318338,-616.2628953484868,4.4640173213931575
104,124,144,1354.0708250778978,979.0993906670922,986.5946515937818,-611.6232171829763,7.928875499738069
105,125,145,1352.5812170181675,975.7831731502222,987.9998985390396,-611.2018546710942,7.190093470987335
106,126,146,1352.5038678955475,983.7999932801793,981.7768218477129,-613.0729472323446,8.107788603977156
107,127,147,1357.1633410973882,985.3476542201989,979.5372483463311,-607.7215614691418,10.084456966358971
108,128,148,1357.8593420738998,988.5330958127305,970.3738685241922,-601.0476222630227,9.6568099430865
109,129,149,1359.1734599649008,992.5300544579259,970.4724915271499,-603.829086020175,7.5748507899445485
110,130,150,1362.498047381493,987.9008954093374,982.0464628834497,-607.4493109112941,6.137420514798919
111,131,151,1364.469605833851,1004.6180735254578,967.4004387357172,-607.5489064273243,4.089618159170641
112,132,152,1383.2893894416347,1000.6427756970351,990.11566872351,-607.4690549789102,5.602856223889489
113,133,153,1371.3610374601067,988.6491822114549,994.1680239046382,-611.4561686559864,3.6358442902219394
114,134,154,1377.233434974878,988.289982268423,994.5524672564314,-605.6090145499766,5.048933145695855
115,135,155,1382.6518820642393,995.5562416036234,989.7239338446379,-602.6282933840221,6.245381513654024
116,136,156,1365.6635702189988,979.6494741513724,990.1690226030728,-604.1549265354465,4.1193928833773725
117,137,157,1361.4325734343638,983.4369273534392,982.5223673065811,-604.5267212256565,2.333203801987338
118,138,158,1371.007891824861,987.6542646602917,983.6382658010372,-600.2846386364679,3.830179796907828
119,139,159,1380.7419779423099,988.9069747128915,987.780556352554,-595.9455531231356,10.34493971859672
120,140,160,1381.1198952201958,995.6015240156242,981.5853412198862,-596.0669700153148,8.786557816511618
121,141,161,1375.844123754508,998.312033153137,975.5732847565969,-598.0411941552259,7.53712037590617
122,142,162,1367.879634895699,993.6472417471198,982.4985172589468,-608.2661241103676,5.865974264279316
123,143,163,1372.560482671271,987.9906003318338,989.3452473020965,-604.7753649626593,6.982190617545257
124,144,164,1367.0791250613324,986.5946515937818,989.3837519130859,-608.8992784455354,8.11000544209844
125,145,165,1373.0690463996725,987.9998985390396,991.5983765603769,-606.529228699744,7.902502554271791
126,146,166,1369.4917572675738,981.7768218477129,990.0316027191675,-602.3166672993066,7.514834462514159
127,147,167,1363.7192671482685,979.5372483463311,989.3257005378573,-605.1436817359199,10.34062129532765
128,148,168,1352.4829919124827,970.3738685241922,987.2239221534038,-605.1147987651134,7.797510245849253
129,149,169,1350.7890573435739,970.4724915271499,984.5396759206676,-604.2231101042437,6.859841068361675
130,150,170,1356.450822115876,982.0464628834497,983.0763325122227,-608.6719732797965,5.901266035269828
131,151,171,1338.0233141482995,967.4004387357172,989.2449652970597,-618.6220898844774,0.6707197416104691
132,152,172,1351.2989116801255,990.11566872351,982.9135379749536,-621.730295018338,0.5178077954044511
133,153,173,1354.3774590597068,994.1680239046382,986.239978241505,-626.0305430864364,1.1860369741068553
134,154,174,1367.0202841060523,994.5524672564314,996.1712387222836,-623.7034218726628,0.9541882718644956
135,155,175,1359.689453559059,989.7239338446379,992.9950906294387,-623.0295709150175,0.825197764104928
136,156,176,1361.4425919539262,990.1690226030728,996.3799831768015,-625.106413825948,-0.3860231133230627
137,157,177,1362.1221635258978,982.5223673065811,1006.2556498769275,-626.6558536576108,-2.285185101142247
138,158,178,1357.1961864028854,983.6382658010372,998.9017608351844,-625.3438402333363,-2.7849574715792187
139,159,179,1346.7604942326716,987.780556352554,983.3384087671704,-624.3584708870528,-0.844068288422477
140,160,180,1344.7299406037714,981.5853412198862,986.7560589860913,-623.6114596022062,0.31534459378667634
141,161,181,1342.0334364293792,975.5732847565969,980.5972496755135,-614.1370980027311,2.356761442914376
142,162,182,1345.6437849251536,982.4985172589468,970.5123986025886,-607.367130936382,4.079778056914847
143,163,183,1357.4619148744564,989.3452473020965,972.4471296763141,-604.3304621039542,8.652470901031165
144,164,184,1354.8993534129108,989.3837519130859,969.3195078996923,-603.8039063998674,6.163740938544379
145,165,185,1353.2021625014613,991.5983765603769,954.8851368334686,-593.2813508923841,-2.584714643725988
146,166,186,1354.2859247903307,990.0316027191675,954.7607345048588,-590.5064124336955,-5.2483371476153025
147,167,187,1352.518052157233,989.3257005378573,956.1091704171365,-592.9168187977609,-0.3077135100064652
148,168,188,1352.847901716275,987.2239221534038,959.9766454990652,-594.3526659361942,4.371614333283105
149,169,189,1350.9756698421031,984.5396759206676,956.6493353947154,-590.21334147328,7.181712743708658
150,170,190,1345.5991152629795,983.0763325122227,961.8200913495338,-599.2973085987769,2.3670597024448625
151,171,191,1348.8155948753974,989.2449652970597,955.8975476886744,-596.3269181103367,3.6242165618419904
152,172,192,1328.7454487881082,982.9135379749536,950.2607282541953,-604.4288174410408,0.11902934508918861
153,173,193,1331.8162925325623,986.239978241505,950.2325835570721,-604.6562692660148,2.5734553537631655
154,174,194,1331.1955740544909,996.1712387222836,943.0781539176012,-608.0538185853939,3.8447156191521117
155,175,195,1333.5015922162397,992.9950906294387,945.1741383805457,-604.6676367937448,5.353816310577713
156,176,196,1337.9801730678491,996.3799831768015,950.498662703829,-608.8984728127814,0.48539969864100385
157,177,197,1338.4541972851985,1006.2556498769275,945.6925358949276,-613.4939884866567,-2.657860336116869
158,178,198,1333.3015433400642,998.9017608351844,950.6900786215834,-616.2902961167038,-3.258903326919153
159,179,199,1330.809754481685,983.3384087671704,965.3103880495985,-617.8390423350838,-4.0498719956708555
160,180,200,1328.021428025635,986.7560589860913,957.2506426225758,-615.985273583032,-8.241440605657658
161,181,201,1327.4569515396493,980.5972496755135,960.5183343128208,-613.658632448685,-9.134614213308168
162,182,202,1321.816295476934,970.5123986025886,963.5100610874682,-612.2061642131227,-10.638644853567257
163,183,203,1317.7925656787124,972.4471296763141,952.548274588107,-607.2028385857088,-8.935080124156002
164,184,204,1326.2029894312564,969.3195078996923,974.7927116770772,-617.9092301455132,-6.6587395274702885
165,185,205,1321.1953400542411,954.8851368334686,979.744560549098,-613.4343573283254,-14.24383047195056
166,186,206,1318.787799139956,954.7607345048588,976.7739982959241,-612.7469336608269,-19.270773665313868
167,187,207,1319.0068384754918,956.1091704171365,974.5729121707988,-611.6752441124436,-13.972235383576503
168,188,208,1327.7377104783354,959.9766454990652,980.7220802375018,-612.9610152582316,-6.793214151297434
169,189,209,1335.3365927535465,956.6493353947154,988.1600931784396,-609.4728358196085,-2.043851911587808
