Left,Mid,Right,Loss_likeli,Loss_AIC,Loss_BIC,Loss_eBIC
0,20,40,61.535895916631034,39.535895916631034,33.434871171456734,-84.94465281782061
1,21,41,60.773711331479944,36.04151715239618,31.975945451615758,-42.22440492110877
2,22,42,68.41402816120365,46.414028161203646,41.352724186869295,-51.977227585222295
3,23,43,72.93132716095289,51.93132716095289,48.9802120046495,-67.63082085542578
4,24,44,57.11749650676995,31.117496506769953,25.483053472817687,-58.16396888564998
5,25,45,54.54386540207099,30.543865402070992,23.79368197362271,-95.09330200965383
6,26,46,53.0121379192679,29.012137919267957,22.95510167137951,-138.31066808896105
7,27,47,49.9306205372111,29.930620537211098,25.86504883643073,-96.79733157113981
8,28,48,48.67584818496533,32.67584818496533,29.908593850732927,-96.54006779966403
9,29,49,53.808512752016725,33.80851275201678,23.865167621586693,-99.69923651587817
10,30,50,53.438183367060674,28.732777510008987,24.169339672451542,-78.39176428114047
11,31,51,59.58664329256851,31.58664329256851,23.40623272299092,-98.26703582185041
12,32,52,36.4065847358537,16.4065847358537,16.319807376094673,-32.43354464251445
13,33,53,45.2189793114178,22.218979311417797,21.33683604722978,-40.27497025524576
14,34,54,65.35421988424093,47.606481539006836,41.222198755477734,-83.81322459029991
15,35,55,42.868053678848185,34.528528561747805,32.27846741893171,-24.484406610505744
16,36,56,74.77820236775335,61.77820236775335,62.30088872013596,-33.11612297059571
17,37,57,71.66638672412051,49.42907125557173,45.861365691568324,-27.093372079330265
18,38,58,62.864019839284765,40.071315918916696,35.50787808135931,-50.64453483628063
19,39,59,65.66882233513127,50.66882233513127,52.21174363075562,-14.3287124555128
20,40,60,77.38114805508212,54.38114805508212,51.247993075930594,-92.39810241833186
21,41,61,83.63143998412522,58.89924580504146,59.33913077790078,-88.44651933045657
22,42,62,83.18981063899423,59.18981063899423,58.33137824530559,-143.0705793864671
23,43,63,90.03432583988229,60.034325839882285,56.41472494566574,-128.2870242654534
24,44,64,67.64638038188457,41.64638038188457,40.517394021572045,-127.53466938620352
25,45,65,77.06335686847399,49.06335686847399,44.480591976277424,-112.65255489840376
26,46,66,61.02765978007244,33.02765978007244,27.491427119295395,-99.13248647048795
27,47,67,60.21495375271934,33.21495375271934,27.397187045899955,-94.60281374409965
28,48,68,53.22594278722448,28.225942787224426,30.73302332649098,-105.17288111492269
29,49,69,64.571530352617,35.571530352616946,30.887399637633393,-139.4986934600172
30,50,70,71.80780032673886,35.10239446968717,30.183287995364253,-210.88772186710958
31,51,71,68.72326751080925,29.72326751080925,22.651227652004195,-211.63139732068487
32,52,72,67.76884554875232,27.768845548752324,20.78002869144416,-222.70755775905923
33,53,73,60.08483536564461,19.084835365644608,12.541645388014217,-162.4875682789741
34,54,74,59.054638864613935,22.054638864613935,16.11024105394415,-221.62612723397592
35,55,75,69.64358271947196,29.643582719471965,17.213177933170755,-195.92838043540678
36,56,76,65.09598947354891,28.09598947354891,22.923603000321805,-125.83058504149062
37,57,77,64.17677673383514,25.17677673383514,14.424337156531692,-147.0394236609685
38,58,78,69.69049284741959,32.69049284741959,22.587211953390124,-149.1179789494979
39,59,79,88.95657017744031,56.95657017744031,48.64947278673583,-128.1041522773886
40,60,80,104.2912055416109,74.2912055416109,66.28669324390046,-123.53606183672946
41,61,81,104.52909354725574,73.5290935472558,66.16494540169606,-163.7541349128178
42,62,82,98.22582351876787,61.225823518767925,49.466512266800464,-168.5416379266461
43,63,83,104.01678965585029,66.01678965585029,53.3362010833639,-150.7456025471023
44,64,84,93.4447184703958,55.444718470395856,42.417556307629525,-171.22959630049343
45,65,85,93.04836094948587,52.04836094948587,38.8536434413744,-147.63056068456308
46,66,86,100.62460978684118,60.684649255743466,51.665013270413624,-116.12552096826971
47,67,87,105.36101015768395,68.47745839473214,58.78406664290776,-118.77776206979547
48,68,88,102.21151080676361,60.57490843451956,55.13612892913534,-136.00629471860407
49,69,89,116.87915845021956,71.8791584502195,57.06417160168439,-164.21687127987946
50,70,90,119.79283099598547,71.79283099598547,53.99286041871608,-195.0798817550235
51,71,91,120.1019462981734,74.1019462981734,57.71444458059227,-216.79270251208368
52,72,92,118.71476092893397,67.71476092893397,48.31602094953405,-193.11209963083718
53,73,93,106.74370653388712,60.74370653388712,44.42676245746475,-153.60265997007923
54,74,94,93.9351986188529,56.93519861885284,47.17849131510343,-146.68512377500485
55,75,95,90.12230295475115,50.12230295475115,38.038471758729884,-151.4028670543206
56,76,96,78.95304852717095,41.95304852717095,34.433928303668154,-58.159664940914126
57,77,97,63.2107968666557,34.2107968666557,23.056763893517427,-98.7022065556049
58,78,98,57.87755165351729,34.98763169149362,26.611884360856493,-99.08949303957786
59,79,99,53.449742257313346,39.449742257313346,34.85750791684757,-42.42626378738703
60,80,100,42.4021021942757,34.4021021942757,32.49861464173955,-18.811104760276805
61,81,101,42.68940776716329,33.68940776716329,32.42628436677785,-11.0152638856041
62,82,102,52.508074234457126,42.282385891464514,40.64357900459515,-19.93901214033542
63,83,103,57.39360958351193,50.39360958351193,50.816415575246936,20.067180622150772
64,84,104,41.09097507981784,32.09097507981784,33.87711874739233,-3.696041397539716
65,85,105,37.96888207637738,25.968882076377383,25.82598817367898,-24.144554617866902
66,86,106,44.35901255261888,34.41905202152117,34.122820500127034,-19.06203370486685
67,87,107,50.07783218800034,36.19428042504853,35.876565734074234,-28.37893404314275
68,88,108,52.06683156784936,42.43022919560531,42.138411662024794,-1.2853298147816759
69,89,109,60.814142204921154,45.82352659033057,42.532420727111344,-29.723952294459878
70,90,110,65.01455185732368,58.01455185732368,58.735304621782916,11.119468654963043
71,91,111,56.925880021861644,42.925880021861644,43.7838311384869,6.875689371753538
72,92,112,63.91505278072134,54.91505278072134,56.88360938730375,16.660348300994997
73,93,113,66.55700220797587,54.96908613658843,54.29395764120932,17.094903114796125
74,94,114,65.58949117051105,52.58949117051105,47.18684172827483,-10.982155270090743
75,95,115,68.11037321863768,56.11037321863773,54.377499459209105,-14.904908087186755
76,96,116,63.3928049333158,46.3928049333158,44.391360071616475,-21.67302314820722
77,97,117,80.46436076587122,60.46436076587116,56.19865202713629,-11.606209642380122
78,98,118,76.33446139384762,57.44454143182395,52.79312659969469,-51.83526854550405
79,99,119,79.03238342643402,57.03238342643397,49.843514352872205,-64.93521723737138
80,100,120,96.31351167435565,68.31351167435565,57.83899574739951,-96.66256709114998
81,101,121,70.12338518207378,49.123385182073775,44.53476803505134,-36.52726827284221
82,102,122,75.63622045062232,47.410532107629706,43.23765635763823,-75.49237309721968
83,103,123,82.29439009979808,64.29439009979808,63.05297808006583,-10.338717568853554
84,104,124,92.05650654722439,65.05650654722439,59.613927704212756,-62.44782981545154
85,105,125,100.72599100264438,75.72599100264438,70.90395656937892,-84.34175306839313
86,106,126,48.66769372167357,37.66769372167357,40.63778731934917,-28.539383204439673
87,107,127,42.37118278076912,27.371182780769118,32.21430358354644,-68.4906932601624
88,108,128,54.633521787706854,36.63352178770674,35.7311002285785,-53.942561524138
89,109,129,55.59879589246577,37.60818027787525,41.23359326122147,-75.09427662251016
90,110,130,46.25326995294887,32.25326995294881,38.029764515029,-68.26490223513463
91,111,131,41.86831213669757,19.86831213669757,21.446509934528194,-27.89096391874682
92,112,132,62.860714638320246,39.860714638320246,37.18447850051723,-34.65389446518611
93,113,133,46.830055519208486,24.242139447821046,25.234901191277118,-25.820745743315
94,114,134,45.33401155723891,21.33401155723891,17.3516305476345,-82.83097769101755
95,115,135,45.428873796767675,23.428873796767675,22.873026496072953,-88.5614334731323
96,116,136,40.646020302877446,17.646020302877446,16.257419991743973,-101.43319039384289
97,117,137,35.956354112680344,10.956354112680287,9.086098603672667,-83.28007695463361
98,118,138,37.779107762708406,8.779107762708463,3.6984767337348785,-128.50283226965257
99,119,139,32.0973639078868,3.097363907886802,-1.6366935308068378,-158.23212345905847
100,120,140,33.891439140680745,-2.1085608593192546,-7.9016661234920775,-183.83557780632054
101,121,141,16.163160177595614,-14.836839822404386,-18.512367302437156,-125.09902110676865
102,122,142,42.48538129839346,13.485381298393463,7.018455908299984,-151.31307146536483
103,123,143,42.4077061850798,10.40770618507986,5.219771106895109,-151.16573853375326
104,124,144,40.21425869385547,2.214258693855527,-4.867753732328197,-160.42334674452616
105,125,145,52.85067360589278,19.85067360589278,15.56884766328892,-114.29690627519483
106,126,146,39.09721975816649,15.097219758166489,12.511850244934863,-87.4559325326461
107,127,147,49.12711763555012,25.12711763555012,23.75346749713981,-94.23609265620996
108,128,148,55.645674625469155,28.645674625469155,25.2539230506095,-154.1037744993199
109,129,149,58.575566807563064,23.575566807563064,15.507738957927586,-165.06009035250986
110,130,150,57.25280841983022,20.252808419830217,18.889150552579736,-130.73637213280233
111,131,151,63.07199394696545,19.07199394696545,6.021155923006063,-132.23970887562848
112,132,152,71.33189266492445,27.09240040391728,17.745582242372848,-134.22729278448696
113,133,153,60.17825277482768,19.178252774827683,6.512809067124181,-130.16199816157587
114,134,154,60.00796828630894,22.00796828630905,9.673953304102724,-180.52127716131247
115,135,155,75.63141719382611,34.631417193825996,21.15037739156878,-172.46717165693713
116,136,156,70.31851308920182,34.318513089201815,22.633656790269356,-185.2728376688019
117,137,157,73.65414130669444,37.65414130669444,25.127240567489707,-136.85140682131964
118,138,158,72.97994203822384,29.97994203822384,13.770302011012518,-185.97438850257004
119,139,159,82.57759367612249,40.57759367612255,25.558966966248136,-209.07117147799818
120,140,160,92.84170413545678,46.84170413545678,33.62026949614017,-229.85540407332405
121,141,161,79.48192483829644,31.481924838296436,15.602861622234741,-189.6936947589436
122,142,162,55.742700222778126,27.742700222778126,21.773640969461667,-123.20298857459557
123,143,163,52.858848202773856,23.858848202773856,19.124790764080217,-105.66220636194805
124,144,164,48.63425886245972,21.63425886245966,18.64247957970315,-83.00359204211725
125,145,165,51.54294581788906,24.542945817889063,22.490002050278576,-72.71302038600459
126,146,166,45.87009868775772,23.87009868775783,20.894167086960238,-87.23788897159056
127,147,167,43.9521205031341,28.952120503134097,30.672971234596844,-44.84394452117681
128,148,168,40.083264508843854,20.083264508843854,18.790281530303332,-120.26858644782476
129,149,169,41.00255222346152,15.002552223461521,15.837194066763345,-106.68418895705872
130,150,170,48.79602706829735,16.79602706829735,18.24441264802681,-101.92872360144531
131,151,171,64.51841164003139,40.51841164003133,40.34633956235018,-100.87085293073005
132,152,172,59.7385877218573,31.49909546085007,31.851003439137457,-91.21326452879543
133,153,173,57.48246417321906,35.482464173219,32.96962424483854,-41.878133818554716
134,154,174,55.0815988068814,33.0815988068814,29.75316278394689,-95.57903507454421
135,155,175,46.3548644447236,29.354864444723603,29.208906286234082,-52.17148643792177
136,156,176,45.33878811261036,25.33878811261036,24.045805134069724,-125.44211041434585
137,157,177,54.050497488919746,33.050497488919746,34.82354127885105,-81.50553994553115
138,158,178,59.811580448697725,34.81158044869778,34.86524288381531,-96.18866215686717
139,159,179,54.29593060443244,30.295930604432442,31.170366162143523,-80.37190806814408
140,160,180,75.79558160011322,51.79558160011322,50.56692274073043,-13.819024555864075
141,161,181,68.28970614063417,39.289706140634166,34.60296747473524,-65.84745714979692
142,162,182,70.28171538144983,54.28171538144983,56.565803373144036,9.60902484175972
143,163,183,49.94213749406549,38.988038079565285,47.39378124085658,33.68035836098886
144,164,184,51.50381638530149,52.50381638530149,64.59786817034302,104.17414094143078
145,165,185,54.14477970067492,51.14477970067492,62.81016382585142,95.47350211679372
146,166,186,54.07202093921944,59.0720209392195,72.65170651206358,100.39285646632516
147,167,187,39.995863937335116,47.995863937335116,63.76229510107015,126.89741165706016
148,168,188,32.77521123741889,34.77521123741889,46.168151219372135,73.29302669079493
149,169,189,36.702086128437145,41.702086128437145,60.7431669340657,151.1786979279642
150,170,190,58.69868125179681,60.698681251796756,76.15004112652377,114.96525633402507
151,171,191,53.42777851375064,56.42777851375064,68.31858463248085,82.52146303093627
152,172,192,45.376594431792796,33.37659443179285,41.265144401667726,-42.48672133074194
153,173,193,36.39782945069322,19.397829450693223,24.797048736683223,-47.55495283036066
154,174,194,30.765312019400994,9.76531201940088,17.30786015380454,-94.99558609555072
155,175,195,28.29141813503196,7.291418135032018,10.35259928363405,-66.64139120405468
156,176,196,18.812433059777277,-6.187566940222723,-4.771276748448713,-144.59165926771334
157,177,197,5.993321920299536,-12.006678079700407,-6.314020747478253,-43.48609350005245
158,178,198,14.30243497704788,-8.69756502295212,-7.301596724000547,-81.94586195450938
159,179,199,14.47033080509135,-3.5296691949086494,-1.0543311776555129,-78.41264771686235
160,180,200,45.54377884061557,27.543778840615573,26.374551114328938,-91.82709396520363
161,181,201,51.77253894979697,29.772538949796967,27.83039728798235,-99.70933206719326
162,182,202,91.70835293636145,70.70835293636145,67.03737434137093,-52.60274865026099
163,183,203,70.04122134108161,48.08712192658146,46.51088090968602,-41.7411789880199
164,184,204,88.30231763531663,71.30231763531663,68.88960151389267,6.075217027071972
165,185,205,89.24918992219773,72.24918992219773,70.7712909725654,0.17296031281216528
166,186,206,88.45220068535065,70.45220068535065,68.10120754217144,1.3600447839618255
167,187,207,85.75631970736111,76.75631970736111,81.42327858617148,92.97778847426343
168,188,208,80.42363012507599,75.42363012507599,78.82605047595052,98.47390851459147
169,189,209,87.78587831040574,82.78587831040574,86.53487225156027,81.92368153023051
