Left,Mid,Right,Loss_likeli,Loss_AIC,Loss_BIC,Loss_eBIC
0,20,40,52.12293308174128,40.12293308174128,34.569378642974186,-41.27810287345761
1,21,41,39.88885060736078,29.88885060736078,25.077601897900877,-10.596077413193427
2,22,42,26.524843616603846,17.524843616603846,14.776916337010732,-20.71211281511148
3,23,43,23.262298088904117,13.262298088904117,9.323357491974036,-15.10551249411867
4,24,44,23.820038196594624,16.820038196594624,14.231620197546818,-14.509635286730031
5,25,45,20.385140432315893,12.385140432315893,10.956215643250857,-16.33916187990917
6,26,46,17.497602396823368,12.497602396823368,11.08346952669092,-7.594802480882322
7,27,47,18.315050600271377,14.315050600271377,14.02441386130397,-5.3598606158367375
8,28,48,20.917135440776065,15.917135440776065,14.467525527731027,-13.227637194777458
9,29,49,21.9818814508958,15.286853965476382,14.943114089356698,8.14071932603241
10,30,50,19.043447444207914,15.144113530439654,15.812449782279373,2.207660255630799
11,31,51,24.52222638765494,18.52222638765494,16.58800671886786,9.599337634031713
12,32,52,18.63883865206327,16.63883865206327,16.17188373281124,9.369488969486895
13,33,53,25.059360747065398,21.059360747065398,20.299814189843005,7.425859175096832
14,34,54,21.446564481898065,19.446564481898065,18.427195746182292,-4.360439287449196
15,35,55,22.645008313769665,18.602949974076694,20.97841009390362,22.00715273328666
16,36,56,33.464826649499,25.55467726544157,25.139690641932873,-8.19426076139257
17,37,57,39.35700151201763,30.828788136039293,28.925300583503144,-22.214964304412092
18,38,58,51.88714646008327,35.88714646008327,31.859413762828353,-58.53233340748591
19,39,59,74.81846215836919,55.81846215836919,48.4384471012861,-68.16275708683884
20,40,60,73.93487044163169,49.93487044163169,39.76783481225925,-84.75683678938765
21,41,61,83.09064179834184,53.090641798341835,40.42955802763095,-110.80561325260612
22,42,62,55.91223468706403,36.91223468706403,28.839072449420996,-53.9477349528496
23,43,63,50.780622826609715,32.780622826609715,25.551900316023648,-53.43032924178806
24,44,64,46.9003272884205,26.9003272884205,18.329298914000447,-67.55250442233341
25,45,65,41.783360680981104,23.783360680981104,17.37577452414621,-50.017425755190175
26,46,66,39.09851271226444,21.098512712264437,13.631069516054708,-56.567582032802875
27,47,67,32.16354588880171,18.163545888801764,13.726417203366395,-38.22429559857824
28,48,68,32.88587623738812,16.885876237388175,10.652886000356034,-49.62269228212995
29,49,69,28.423091009748532,12.593122082532659,14.7936079979429,-9.632976486249845
30,50,70,28.44984137952264,12.65145094388049,10.299722639160791,-33.26955314138377
31,51,71,35.17932283610935,18.17932283610935,14.100118604259478,-43.56971758508075
32,52,72,32.69200063323751,17.888369801071008,16.225044461521406,-35.71200919830028
33,53,73,39.3976989774618,24.3976989774618,21.073981557646448,-37.2374381896401
34,54,74,40.222791296913044,29.2227912969131,23.951229577677395,-38.4296793806368
35,55,75,38.67160196179282,26.867018725758726,24.99056293686897,-9.021410879752693
36,56,76,38.163980249455506,28.056386484105644,22.423468951758196,-18.390899628187753
37,57,77,46.376884708489,34.22528277113099,26.577744560250608,-41.10834547489878
38,58,78,61.77948471813869,40.77948471813869,29.142552660789875,-99.30009103242037
39,59,79,63.26173457535094,38.26173457535094,24.63461453719208,-111.63961098353786
40,60,80,69.47446162099118,40.47446162099118,27.902185771011432,-138.36129691508302
41,61,81,66.60587865571495,31.605878655714946,18.105422414309942,-147.9156510321734
42,62,82,52.9974340421673,25.997434042167242,14.59638301693235,-140.20752038323042
43,63,83,64.13651619567327,37.136516195673266,25.426998454094246,-126.76225086151283
44,64,84,61.328665147636684,36.328665147636684,25.61487967961159,-106.87109673160603
45,65,85,60.43394003816735,38.43394003816741,29.560326570753205,-97.12863748630787
46,66,86,56.60048829165976,34.60048829165976,26.14582427626931,-96.89307848516921
47,67,87,46.615633857820455,27.615633857820455,21.38232166906016,-70.11238587386242
48,68,88,40.51623033209097,19.516230332090913,13.89061330568893,-64.38986868792279
49,69,89,35.83752922139928,17.837529221399336,17.642531629901555,-11.633886343965514
50,70,90,33.4577576488756,16.4577576488756,12.11456479704782,-38.208700092835215
51,71,91,42.69351877583182,22.693518775831762,17.46728972393089,-47.53131441384187
52,72,92,45.151570445252446,26.347939613086055,23.237271575764794,-52.89859213701277
53,73,93,48.747484898730136,29.747484898730136,23.893532122481247,-69.49333099297178
54,74,94,48.50138673422691,30.501386734226912,24.38463528923114,-61.41729053445283
55,75,95,47.92122998360247,35.116646747568325,31.870853331198248,-42.06308104586549
56,76,96,33.26082635377469,25.26082635377469,23.076239763289948,-14.993399969582242
57,77,97,30.313731600997073,23.313731600997073,21.835728026085576,-9.841818620295385
58,78,98,28.980659588374806,22.980659588374806,22.011124531017458,-7.854555476740643
59,79,99,32.9517417390752,25.951741739075203,25.415387472203463,-0.8163762554648883
60,80,100,30.63911616862498,21.63911616862498,21.4713361601942,-10.781472700108452
61,81,101,44.19454997576486,36.19454997576486,32.72481378311119,-17.59492433452897
62,82,102,34.86524397857352,24.865243978573517,22.312597742763387,-41.654715589778334
63,83,103,26.26965438475378,19.26965438475378,18.55718014955454,-42.55150733105529
64,84,104,25.518430912587064,17.655083740290422,17.09390205158826,-40.76226435579747
65,85,105,22.801053238762904,12.801053238762904,10.594980593232663,-18.981558263003194
66,86,106,29.58158170446626,22.58158170446626,21.86910746926702,-30.58496581970121
67,87,107,27.086603324407747,19.086603324407747,17.5296893621516,-24.1227972545189
68,88,108,28.19033215664348,18.19033215664348,17.348095454228485,-30.64960978583258
69,89,109,25.032328930337087,18.032328930337087,16.2801339242979,-18.243117288175597
70,90,110,26.44715050293803,22.44715050293803,21.49835325222722,-20.668990375845226
71,91,111,24.25036724136038,19.25036724136038,17.67131518354097,-6.143662639208856
72,92,112,16.746729476866733,2.746729476866733,0.3731971173914417,-24.738415631928433
73,93,113,22.38800308600389,9.014772015812355,10.552171264006915,-29.18483637805798
74,94,114,16.99644478730778,5.99644478730778,4.678800366120527,-44.56717001816082
75,95,115,19.269961432516766,6.269961432516823,4.303158328055474,-48.35077092376116
76,96,116,15.443293129481503,-0.5567068705184965,-3.605060242699551,-55.147507104785745
77,97,117,12.669637718696265,-0.3303622813036782,-2.1796469617316916,-30.16125995347602
78,98,118,23.02333970704632,8.023339707046318,6.210619414515918,-47.64588050677946
79,99,119,48.807212013109336,25.807212013109336,16.78230599919823,-112.69721846101481
80,100,120,40.35585701073569,17.35585701073569,9.25727031475651,-100.19811338498232
81,101,121,53.77496492473915,28.77496492473915,19.10090022755412,-108.56051531091282
82,102,122,19.658428326731325,5.658428326731382,5.734683162736474,-30.671469272991658
83,103,123,17.147805500202878,10.147805500202878,11.341647590389357,-1.7482109064145561
84,104,124,27.463122546700447,17.599775374403805,18.46887654410739,-39.824785656994095
85,105,125,32.33073789055612,19.330737890556122,16.670787605534883,-53.50008559935543
86,106,126,42.59395576855843,29.59395576855843,27.28057907381708,-58.43791614786403
87,107,127,45.06111119210652,30.061111192106523,26.405428633531187,-74.94009273317226
88,108,128,45.80375318958767,30.803753189587667,27.148070631012388,-58.125043554867034
89,109,129,47.509882828750165,30.509882828750165,25.511894406340957,-61.0722687362437
90,110,130,64.24466145249198,45.24466145249198,40.29066152736857,-94.41052521286667
91,111,131,57.23056053249968,40.23056053249968,36.27229288093031,-69.57576101804659
92,112,132,45.681182000660044,27.6811820006601,23.22504821231371,-41.109353559197416
93,113,133,39.09558795614532,22.722356885953786,23.112731314097346,-39.53654331700557
94,114,134,40.8825448852449,26.882544885244897,22.654601965456095,-42.12654919105967
95,115,135,40.00384510930934,23.003845109309395,22.85788695081976,-57.857890350741854
96,116,136,47.45912747938087,28.459127479380868,27.317437047337307,-81.74835727233028
97,117,137,39.23967066504406,19.23967066504406,19.17630904052919,-87.69470714081035
98,118,138,46.56252278653733,25.56252278653733,27.40928366703963,-138.65116663347396
99,119,139,53.815616075051594,32.815616075051594,32.75763491113389,-170.44479022178007
100,120,140,57.71677030214187,33.71677030214187,31.472043547333215,-151.2953356624464
101,121,141,56.49211863980065,29.492118639800537,25.75379347466105,-127.2586229945125
102,122,142,48.093997427265776,28.093997427265776,31.081787233871182,-84.3885252941684
103,123,143,42.1114906306878,26.11149063068774,24.90268842972671,-103.48753715793691
104,124,144,54.761292880266694,26.76129288026675,19.405939265830284,-87.52326478007149
105,125,145,47.7255764673132,23.725576467313203,17.6685402194247,-123.2068170153558
106,126,146,45.87109938443433,21.871099384434388,16.160636726825828,-131.01540741932888
107,127,147,52.117602861410035,22.11760286141009,12.726796202579749,-141.515287141494
108,128,148,52.0456528478652,21.0456528478652,13.406252530870006,-126.66011870765942
109,129,149,48.444206312477036,22.444206312477036,15.044864200754773,-143.34579879999808
110,130,150,45.64586974048467,19.288394277365455,13.685235668968062,-112.49995819343394
111,131,151,43.64864547449349,25.64864547449349,23.271953227826998,-101.81798951023507
112,132,152,34.75074250442799,20.75074250442799,16.679052402363368,-44.63827074013
113,133,153,38.02112527178065,21.021125271780647,14.932242714246627,-64.95881070681048
114,134,154,36.524365797109795,19.524365797109795,10.927730458975589,-53.654840711641214
115,135,155,48.65741839266127,18.65741839266127,6.494023011591139,-126.3674762692242
116,136,156,52.15070770979423,27.150707709794233,17.823216602889033,-102.65692854421115
117,137,157,68.68083167017596,35.68083167017596,22.37041146905483,-155.23812013818258
118,138,158,73.9298078813357,38.92980788133582,24.277081816380587,-179.35439878937666
119,139,159,63.43450245637723,35.43450245637723,23.573692168301136,-147.5284416049767
120,140,160,60.7101734022408,35.71017340224091,26.3826822953356,-129.43836263542596
121,141,161,57.85616245462495,34.85616245462495,26.52440362127379,-134.68825576179495
122,142,162,69.13958857807842,29.13958857807836,13.390806946860948,-209.2972534634789
123,143,163,76.36039392743373,33.36039392743373,21.801957484332775,-214.0902084236012
124,144,164,75.35277340285512,41.352773402855064,27.86825641207747,-148.3380565783026
125,145,165,76.12209679729386,42.12209679729392,29.586829546698937,-180.05962080660572
126,146,166,77.30362338742754,41.30362338742748,28.579046317655298,-173.3879811047193
127,147,167,81.49707806397669,39.4970780639768,23.092156992982495,-200.51013939620202
128,148,168,84.58862188394653,41.58862188394653,27.974827925627324,-215.27294385294067
129,149,169,80.24925465479828,37.24925465479828,21.386188217866902,-194.299889282707
130,150,170,80.11477541150254,40.757299948383206,27.642160791045058,-163.20044671549647
131,151,171,64.12034021938143,37.12034021938143,31.371215828184177,-54.76222125743641
132,152,172,58.76833379135837,40.76833379135837,37.39493307492285,-35.05492773155993
133,153,173,57.50177277162595,38.50177277162595,34.25635895818198,-45.52330247268378
134,154,174,58.950126440542476,38.950126440542476,33.15168678836221,-52.41417894531844
135,155,175,46.54233793688309,30.542337936883087,24.65592129013089,-47.83405911007719
136,156,176,55.56813602135418,44.0126965174901,41.399795953426064,-7.807587604248624
137,157,177,69.63959531581384,48.639595315813835,41.303568756016716,-57.179146153950114
138,158,178,78.13114767898827,59.13114767898827,53.13742698302508,-47.88541661360193
139,159,179,82.0536070400019,65.0536070400019,60.402192207872645,-37.72148852614032
140,160,180,55.142698799828906,44.142698799828906,42.82505437864154,-2.5605296022260973
141,161,181,43.440976758144814,35.44097675814487,36.65665151812834,-8.168145220221845
142,162,182,33.22287172617001,14.22287172617007,11.6948869330065,-92.16448362525807
143,163,183,44.89304303827009,20.89304303826998,20.463575389859102,-88.96348270511362
144,164,184,13.522310952584519,-5.9247658014541,-6.807859637789647,-99.09465711983239
145,165,185,11.658116007514991,-17.34188399248501,-20.32284963061727,-64.4548747754194
146,166,186,18.01041599415413,-18.989584005845927,-26.74145964362583,-123.392507171587
147,167,187,23.517785606025313,-9.482214393974687,-15.861162789496348,-199.67704477974746
148,168,188,24.81333089963084,-14.186669100369159,-23.552814316552713,-205.9772165229399
149,169,189,25.645006134647247,-18.354993865352867,-27.784454633461564,-207.19291478563287
150,170,190,18.867782616915463,-19.13221738308448,-24.881334149971394,-173.47038324202026
151,171,191,9.522129255887421,-22.47787074411258,-23.784854013595236,-102.02505953364107
152,172,192,11.332338798750243,-17.667661201249757,-18.56357608143503,-83.24943917444443
153,173,193,9.953551748230154,-16.046448251770016,-17.554039328732642,-91.97037852580081
154,174,194,7.343759519483513,-11.65624048051643,-10.718489370880206,-88.99194165653148
155,175,195,16.603092551847567,0.6030925518475669,-0.43129383098494145,-54.68327869826453
156,176,196,37.10747662688425,13.552037123020227,10.872759783359811,-78.7747687838455
157,177,197,44.213020906425015,19.21302090642496,14.390986473159614,-137.1941406648433
158,178,198,45.977998806001324,22.977998806001324,19.49827023656985,-100.9525064047092
159,179,199,46.68012909277439,21.68012909277445,16.858094659508993,-79.3231491917469
160,180,200,38.25541367954065,28.255413679540652,31.247944888210213,0.4958929825385212
161,181,201,34.21517665103693,23.215176651036927,25.016694542369464,15.076971333658093
162,182,202,37.42109216072237,18.421092160722424,17.625975318958922,-122.22091069176736
163,183,203,33.04687788528673,20.04687788528679,21.545810683625064,-60.43277169523151
164,184,204,39.99753210658582,24.550455352547203,27.045120424439574,-26.725415316725616
165,185,205,40.809574540834205,17.809574540834205,19.895247265043736,-38.2128898187957
166,186,206,39.385412310449055,13.385412310449055,11.829937622067973,-81.38659049770206
167,187,207,53.17117903089354,30.17117903089354,28.357400268090373,-93.33782197306743
168,188,208,56.40297078149513,35.40297078149507,33.61212166617747,-87.01628153854438
169,189,209,72.60399103319111,45.60399103319111,40.825945097211616,-135.99144083321312
