Left,Mid,Right,Loss_likeli,Loss_AIC,Loss_BIC,Loss_eBIC
0,20,40,39.72939942880225,30.729399428802253,28.142771502530536,-28.938937170405325
1,21,41,39.5778065714141,24.51975976057099,22.660260705320752,-33.27052093937721
2,22,42,40.55014796627222,25.019333778913847,24.80472568049163,-8.508705360291174
3,23,43,41.476858528290165,24.072494944414416,24.853619119546124,-9.902167659258566
4,24,44,28.340294898094157,16.037273849435678,16.47182443428744,18.71923765002407
5,25,45,28.965293981333673,15.947955888579031,15.94674747898523,-8.097483955091093
6,26,46,-16.60419083356834,-32.60419083356828,-33.74107001970907,-94.80868748491571
7,27,47,-13.537952242110805,-32.53795224211086,-32.13862378653937,-84.18657688686301
8,28,48,7.11202634322126,-10.591921895598944,-8.353984175398068,-44.80788088812187
9,29,49,8.470682220803042,-10.529317779196958,-9.903328889061413,-26.386231859316467
10,30,50,10.747466624949368,-11.252533375050689,-11.68003608627464,-60.440541553136995
11,31,51,3.2443778367805294,-23.755622163219414,-27.154653484620496,-104.75818891433084
12,32,52,12.264166317184731,-4.730398014011939,-5.898335767302228,-48.9806515628444
13,33,53,17.832485026414133,1.8324850264141332,1.0165043636565088,-52.28562174791443
14,34,54,33.7338875130842,22.7338875130842,19.489652332104015,-14.364441106506774
15,35,55,14.452276625630304,5.7820750247163915,4.376453608957263,-25.340189591503645
16,36,56,38.076937359510964,23.40664319325515,20.897985454730815,-55.14988647437599
17,37,57,47.12395281987472,28.773452080139805,25.313050565347567,-62.325473906425714
18,38,58,46.947541683779605,23.947541683779605,17.348650801828285,-110.68423860139637
19,39,59,50.03117617248961,29.03117617248961,23.774591154372274,-64.76805791781544
20,40,60,47.38688627008764,26.386886270087643,22.170022022810144,-93.50530333540974
21,41,61,61.18558575571495,39.18558575571501,36.203723323060444,-117.0986912414429
22,42,62,64.48083607295132,42.48083607295132,39.84554723057681,-104.90229559940394
23,43,63,69.99740249135397,46.99740249135402,41.43823238024254,-118.93672725434635
24,44,64,60.19715794126256,38.19715794126262,33.4824275572081,-94.85970646620888
25,45,65,70.69008676682313,47.69008676682313,42.13091665571176,-79.29980498607097
26,46,66,52.02661370634104,33.02661370634098,30.642142131066635,-44.98043196946014
27,47,67,51.1300392192108,32.13003921921086,30.368131957743344,-30.308920973480213
28,48,68,27.86694760646526,7.86694760646526,5.214200953468094,-43.63992729333836
29,49,69,30.637345857880746,6.637345857880746,6.684128616347834,-50.986567146430616
30,50,70,51.65447857768527,18.654478577685268,17.042342400010853,-104.50246521632903
31,51,71,63.64266273864041,22.64266273864041,13.320506019742766,-182.98293777089214
32,52,72,41.70181680858241,1.7018168085824072,-7.052379384776032,-164.1868775002049
33,53,73,42.20239357458183,4.2023935745818335,-4.492290980888015,-182.04830420875555
34,54,74,41.22680411577949,3.226804115779487,-6.181771362299969,-192.4483368768233
35,55,75,49.62006820047338,15.620068200473384,8.050106487614812,-169.11876644194695
36,56,76,55.42092819529307,22.420928195293072,15.002259028931462,-153.18915169002457
37,57,77,44.3118499246757,19.3118499246757,16.915830623370084,-128.7646108933243
38,58,78,56.50025648486121,32.50025648486121,29.908956139772613,-139.79397414839798
39,59,79,73.74860600500529,48.748606005005286,45.31286593285972,-96.40050952825834
40,60,80,87.61208774478894,60.61208774478894,56.18061539908933,-120.09071035699344
41,61,81,82.48358317408395,49.48358317408395,41.37176682716256,-197.48584792506438
42,62,82,86.38554761192313,51.38554761192313,41.93142540116776,-195.8453834062061
43,63,83,86.50765549119717,53.50765549119717,45.87424282768143,-201.3162532571904
44,64,84,81.73363040500499,48.73363040500499,40.84452373558247,-189.18625637350146
45,65,85,78.79247096114239,43.792470961142385,38.83395046926478,-169.52685166021433
46,66,86,78.9049980674215,54.9049980674215,49.541109000093,-110.8565777737515
47,67,87,81.93256416337573,59.93256416337567,55.91098095988127,-94.25616408788312
48,68,88,80.30196899157306,55.30196899157295,49.78678737774749,-78.2593496212836
49,69,89,85.08865493713267,58.088654937132674,51.92431464003323,-101.95547404598676
50,70,90,78.3666323497414,46.366632349741394,38.72166819948882,-134.2651205120535
51,71,91,97.36798637924022,56.367986379240165,42.540372986703005,-179.19957637702134
52,72,92,92.07750806672016,47.077508066720156,31.531050013137474,-158.04702061368948
53,73,93,91.76747396575809,52.767473965758086,40.2821664370548,-213.35601968605374
54,74,94,86.62587045589555,48.62587045589555,36.29185547368934,-234.1233321774646
55,75,95,80.06093648218621,41.06093648218621,28.575628953482692,-222.63792052851204
56,76,96,59.82388885291169,29.823888852911637,20.779655784361353,-150.33307354568615
57,77,97,53.0549848695332,32.0549848695332,24.906235212570323,-111.25634135892017
58,78,98,47.44622655436558,28.44622655436558,21.75935867784233,-70.82487466411601
59,79,99,53.79266606593029,32.792666065930234,24.763492325573225,-71.40708520506723
60,80,100,56.244133265411506,37.302973692718524,31.95841168002937,-78.89516165688724
61,81,101,48.94359039346136,31.258310369266383,26.758188083634195,-72.58460521375514
62,82,102,53.04823016083088,38.04823016083088,34.73912119253555,-68.032194959864
63,83,103,51.877588959330865,35.877588959330865,32.89559112794416,-62.169394607849654
64,84,104,39.3337040808226,23.06286139010615,21.167475416646653,-64.25286126528988
65,85,105,36.559444978569786,16.559444978569786,15.603180635547233,-85.81557703597196
66,86,106,36.105916778451785,24.10591677845173,24.369847762167296,-84.4369059713946
67,87,107,38.50432197639651,25.504321976396568,25.963534003894893,-83.69893263118547
68,88,108,45.37687275440851,30.37687275440851,28.800631737513072,-69.45528930957676
69,89,109,46.07174306535603,30.107802911497743,30.52302644171027,-61.49984365749765
70,90,110,50.08200625207405,38.08200625207405,36.84158955943951,-9.633283358922313
71,91,111,63.447253302996046,43.447253302996046,42.166407079950545,-6.671256126141998
72,92,112,58.24954608817734,40.24954608817734,39.1678956629745,7.532385396163249
73,93,113,75.632075782931,51.632075782931,43.49559799336271,-42.055265412790504
74,94,114,73.3154736421659,51.3154736421659,44.86787530671165,-48.45482602926654
75,95,115,72.61350937069722,49.613509370697216,42.321471308186005,-32.66138459648823
76,96,116,74.16359720192128,52.16359720192128,45.022851685907085,-43.0900182127001
77,97,117,82.20946032183974,57.20946032183974,48.57511639549455,-93.9233671363711
78,98,118,78.24695781341131,53.24695781341131,42.01009129063027,-98.24146654310675
79,99,119,73.60879784587155,46.60879784587155,35.93900087513248,-121.13828245243542
80,100,120,90.60141200252536,61.66025242983244,51.337029049373314,-133.12575950152916
81,101,121,75.45280721287554,56.76752718868056,52.8092595371113,-71.31769938256332
82,102,122,78.36186446237713,63.36186446237707,62.360333439545116,-51.868649965106215
83,103,123,85.85212241100044,73.85212241100044,73.07633262387606,-61.72515692210561
84,104,124,92.42406312350312,77.15322043278672,75.53299091860526,-46.501840165187105
85,105,125,88.3375042521917,73.3375042521917,71.41468964501632,-99.20586423943985
86,106,126,55.42543914944383,39.42543914944383,38.044479176331265,-105.23066581323349
87,107,127,48.82757441220622,33.82757441220622,35.71706929811057,-84.0240777585891
88,108,128,50.9383403829554,32.9383403829554,31.601368907128972,-98.41611009660971
89,109,129,41.64888831015878,26.684948156300607,29.67747936496994,-59.920875187373895
90,110,130,30.290235196471713,14.290235196471713,14.999387972690783,-14.627880290236476
91,111,131,23.047501274444187,3.047501274444244,5.578964544478481,-22.654607320766218
92,112,132,40.941266593136675,23.941266593136675,26.82321820751065,-32.06380200992999
93,113,133,34.0930218647041,11.093021864704156,7.9598668855526284,-71.03354037179099
94,114,134,34.15199194426157,10.151991944261567,6.52097082833302,-102.3180570489227
95,115,135,36.3119484600889,9.311948460088843,3.4941817532694586,-91.70629204600232
96,116,136,41.19869473710776,15.198694737107758,10.571941347625284,-109.53309546786875
97,117,137,32.529583822563666,7.529583822563723,3.7472701601381004,-97.81835433393769
98,118,138,34.31268336852071,9.312683368520652,6.223516886655148,-113.25281109240996
99,119,139,37.81002091871096,14.810020918711075,14.449454661799336,-134.17514524060346
100,120,140,31.314733884195846,2.3147338841959026,-0.6864556030978974,-165.3721111089942
101,121,141,24.544030270013536,-7.455969729986464,-15.41649353041089,-146.61150272299164
102,122,142,26.553716596567142,3.553716596567142,0.7671352076956737,-112.75188077600058
103,123,143,33.324438624856725,7.324438624856725,5.123700367333981,-133.13950305530432
104,124,144,33.141315560352496,8.141315560352496,6.091869849326827,-132.07188440687082
105,125,145,45.72385541878077,17.723855418780772,12.794516936304262,-121.23550601656757
106,126,146,46.22047985676761,14.22047985676761,6.001794533253246,-123.32690735791846
107,127,147,53.89686981379327,18.896869813793273,8.749600422477897,-142.722727829605
108,128,148,63.26771617553584,25.26771617553584,13.97342196416946,-157.9359495626735
109,129,149,60.2547189826206,28.254718982620602,19.601048001636173,-130.8292737816207
110,130,150,46.86260941516332,12.86260941516332,2.3022099126668536,-121.83862674537727
111,131,151,54.96339096998554,21.96339096998554,12.811853852224203,-154.87421525104708
112,132,152,54.76682418262476,21.76682418262476,11.57556629402336,-160.0081749744487
113,133,153,54.592959361142334,18.592959361142334,10.75537344481927,-156.37483542915527
114,134,154,58.26953157605311,27.26953157605317,19.113726731845645,-167.8663789678959
115,135,155,56.18741132003453,27.18741132003447,20.37391233966116,-151.90122359148404
116,136,156,50.9204606485705,20.920460648570497,13.262521941140108,-158.39591873956886
117,137,157,59.9626651349904,19.962665134990402,6.128621838317031,-206.6371827429598
118,138,158,61.07139144977805,22.071391449778048,9.239510330794701,-163.8135305939594
119,139,159,77.81372722554124,37.81372722554124,24.137406379500817,-169.41487533244344
120,140,160,71.31717431108837,34.317174311088365,23.867319826778953,-188.40496095987692
121,141,161,59.442065268185274,26.442065268185274,19.36996969210361,-179.3948623536172
122,142,162,53.210993955117544,32.21099395511749,31.459865610639895,-92.64090905846149
123,143,163,54.78487441346272,19.784874413462717,12.063620154107184,-150.75945788162358
124,144,164,48.7154818571841,20.715481857184045,15.786143374707535,-144.11347995089295
125,145,165,44.52952564525731,14.529525645257308,8.257881298946813,-140.46465621106267
126,146,166,43.38074757540005,9.38074757540005,0.5129035686117049,-119.69408479896742
127,147,167,40.141902036407714,8.141902036407714,-0.858342534856547,-111.28062847782735
128,148,168,44.55651649387346,6.55651649387346,-5.084351307772749,-140.74163833308387
129,149,169,41.665495503598095,6.665495503598095,-3.4817738877172815,-126.89388335086767
130,150,170,43.077152529405225,10.077152529405225,2.658483363043729,-142.4726784037332
131,151,171,54.31298747956873,28.312987479568733,24.379381270646263,-144.18591745007745
132,152,172,50.22142014122164,25.221420141221643,20.74595929823613,-131.7153411794202
133,153,173,47.67570486397358,16.67570486397358,10.980876041255556,-139.84653269645298
134,154,174,50.10371541991651,23.10371541991651,17.63252230337696,-129.33944654481525
135,155,175,47.130237528386544,20.1302375283866,13.272750050727154,-137.87267842174742
136,156,176,42.664116205936125,15.664116205936125,9.84634949911674,-149.85596429145812
137,157,177,43.25142235427671,9.251422354276656,3.603179732465037,-152.14412535653253
138,158,178,51.82005481251713,19.820054812517128,14.285546144052432,-113.72349499512848
139,159,179,29.010561636516456,1.3529114416110133,5.214543819984101,-68.00412891526787
140,160,180,48.231916199672185,38.231916199672185,45.38333049170126,16.9798037734555
141,161,181,52.057196520662956,37.05719652066301,40.67955935796715,-29.090066634191885
142,162,182,58.468970244088155,53.468970244088155,62.06999444916221,35.92557798130417
143,163,183,58.16377577171056,42.37018931288162,44.76670479812378,25.364295359469907
144,164,184,65.84913650219329,58.350801034000256,65.0236762438916,45.03065467462784
145,165,185,53.26025760234694,46.26025760234694,52.60835605674367,31.165995823300364
146,166,186,41.932639768742206,32.932639768742206,36.76961070446862,29.19168364077848
147,167,187,37.47458035615557,29.47458035615557,34.15599101893895,21.88415289519321
148,168,188,34.569902371428725,24.569902371428725,29.15775853085188,-9.535083706959995
149,169,189,43.02970752760376,34.02970752760365,38.55982564389012,19.895760637870353
150,170,190,49.63239597098476,41.6323959709847,46.31380663376808,50.051878497340226
151,171,191,40.810607160797076,37.810607160797076,43.2484805560656,40.403316198008724
152,172,192,36.40111404949255,18.40111404949255,19.143584115345902,-48.747562583821946
153,173,193,41.386130837335486,19.386130837335486,18.48370994636082,-104.28633207863652
154,174,194,44.76202287702921,16.762022877029267,11.486110804272698,-96.38711847154286
155,175,195,46.93701410709656,18.937014107096616,13.661102034340047,-143.44140735751535
156,176,196,37.52494117128276,7.524941171282762,1.2532968249722671,-143.63015551729518
157,177,197,21.857397416998197,-7.142602583001803,-14.240562667078393,-102.04444604656942
158,178,198,30.81479142056503,6.8147914205650295,1.7974759435164742,-85.4342592212264
159,179,199,29.962751232594144,4.305101037688701,3.2707146548561923,-74.43761429869858
160,180,200,43.977447617432006,24.977447617432006,18.983726921468815,-92.86504610696147
161,181,201,54.13285583360141,37.13285583360141,33.174588182032096,-86.08592323752714
162,182,202,65.50417789101868,49.504177891018685,43.96433483454655,-51.816876767869644
163,183,203,44.39981593726321,31.606229478434273,31.402916317494373,-6.212063537247218
164,184,204,60.12326613451626,50.624930666323166,50.41032256790095,-0.7973181018556943
165,185,205,76.21977844166526,64.21977844166526,61.493647996857476,22.789953655962904
166,186,206,70.64659944655807,62.64659944655807,62.12940625514182,24.45116888539519
167,187,207,77.974964398211,70.974964398211,70.95563734357177,45.987611052525494
168,188,208,76.46756403662306,69.46756403662306,70.35041475217753,66.31270345222015
169,189,209,81.40760817891544,78.40760817891544,81.07289285194406,84.16699885434218
