Left,Mid,Right,Loss_likeli,Loss_AIC,Loss_BIC,Loss_eBIC
0,20,40,62.01373356869806,40.25775825443111,36.93313183913932,-17.486026267455145
1,21,41,58.431204368253304,41.47389478524747,41.103985408467565,-5.313654397678079
2,22,42,50.93914203576304,30.93914203576304,27.66465692675115,-9.11359098205503
3,23,43,47.874423649406594,35.874423649406594,35.44520745256227,-25.89576454778944
4,24,44,46.779516732545744,36.779516732545744,39.20132830292897,-31.706051708781274
5,25,45,47.45895947265211,33.53226758251259,35.2897969765591,-25.040249861806274
6,26,46,45.45870718343451,23.458707183434456,20.8026740568597,-52.49564328698966
7,27,47,36.08057015296703,18.080570152967027,16.747397446876846,-65.88174301565232
8,28,48,36.97952137512692,21.97952137512692,21.78957471935138,-94.0369429666008
9,29,49,34.60745514352146,18.607455143521406,17.573068760688898,-63.19510246592574
10,30,50,38.57926500282815,16.57926500282815,12.372613233096729,-93.2850409343157
11,31,51,39.157623153091265,18.157623153091322,14.287332496093882,-77.97102169555592
12,32,52,24.81383954428287,11.813839544282871,12.273051571781423,-52.41064516249503
13,33,53,17.776266938925005,-0.22373306107499502,1.4658999956745333,-88.3785173357802
14,34,54,29.521239371841887,8.521239371841887,3.957801534284556,-126.37625380077179
15,35,55,36.90195152208332,15.901951522083323,10.422088032128556,-129.14786986906574
16,36,56,29.54359760426223,13.543597604262231,11.48913862216267,-73.5392243898666
17,37,57,23.47783011860531,10.477830118605311,9.897321375263857,-78.01336462314293
18,38,58,36.9836797985277,14.983679798527703,10.6155230047533,-84.93423231144811
19,39,59,46.10642566615803,27.84416550695505,28.30337753445366,-65.41231785066054
20,40,60,49.70368598349262,32.70368598349262,34.18097210281667,-18.245708734467826
21,41,61,71.63332612261593,62.63332612261593,65.83645669784676,7.929813377060327
22,42,62,79.01063359694217,67.01063359694217,70.53207720445118,38.859913365892794
23,43,63,110.23176223266375,99.23176223266375,100.233325980725,62.30651400626277
24,44,64,120.55185649882816,112.55185649882816,115.75406676333193,64.26346309069538
25,45,65,110.44529623109389,96.7859089059155,97.75203464448839,36.22112020389261
26,46,66,95.7139769811431,77.7139769811431,76.24958933235996,24.735336689550422
27,47,67,82.38227082326739,65.38227082326739,63.02068103503149,-28.978616536851632
28,48,68,87.91137264901954,65.91137264901954,63.91573794323597,-38.705040502941415
29,49,69,85.5051606619923,68.31060561165572,66.50644458571048,27.013518361097113
30,50,70,94.0845232398035,67.52342023350946,62.22723383462056,-45.35214358607868
31,51,71,87.56199525060146,65.87374044836707,62.86721657306583,-26.512612276118716
32,52,72,85.57724175582888,63.57724175582888,56.26101056932316,-42.76610136751083
33,53,73,77.3310776285964,57.331077628596404,49.3437149188253,-58.52242083978024
34,54,74,81.58734242123671,60.58734242123671,50.7652762931267,-58.689465345236385
35,55,75,78.29449961709844,51.29449961709844,39.58498187551936,-95.69629200436043
36,56,76,75.46297970427264,46.46297970427264,34.016146660981235,-100.76248927651432
37,57,77,78.72743990481865,53.72743990481865,43.360228027073504,-130.14188957335284
38,58,78,96.6919883708859,62.691988370885895,47.84398126214785,-112.19658633736242
39,59,79,76.04868805092224,52.04868805092224,41.83276871967422,-79.6637404858302
40,60,80,74.09174664378565,51.09174664378571,44.19239140790995,-56.772080881749275
41,61,81,87.88155245104053,71.88155245104053,66.12157982997007,-30.277402863139287
42,62,82,88.99623694897161,72.99623694897161,68.4904532409505,-4.968480694741629
43,63,83,101.32708592687499,82.32708592687499,76.02776930178777,-0.6383309087476619
44,64,84,110.98585589321675,96.98585589321675,93.44026395964613,30.594147472961367
45,65,85,99.76416495426372,82.10477762908522,77.16379572952451,-7.177311145288854
46,66,86,77.72980955549406,60.72980955549406,53.61409893080429,-0.8050591757902339
47,67,87,73.65438386132223,55.65438386132223,50.87194824184331,-10.429140742095
48,68,88,67.15089382888317,39.15089382888317,35.639060762473946,-45.46060879854929
49,69,89,71.40074562956863,49.20619057923204,43.221797995833754,-58.53054027536939
50,70,90,60.32838905730296,39.76728605100891,38.336512219578935,-47.838571277619735
51,71,91,54.17844276240879,32.49018796017441,29.483664084873112,-69.00707232283162
52,72,92,58.82422941470952,34.82422941470952,30.773197849581948,-74.39267344984899
53,73,93,56.73244429184854,47.73244429184854,49.48997368589505,-28.14101990893073
54,74,94,45.23711989420133,33.23711989420133,34.88123194958166,-17.540705005360678
55,75,95,34.24920198778307,21.23340481848186,21.951213441688424,-3.824084517092274
56,76,96,42.27090766424067,22.270907664240667,21.150836315444735,-22.94109527175374
57,77,97,44.03955234010823,27.03955234010823,26.853987661658152,-55.365296613726514
58,78,98,54.95060005247194,37.48011108069579,39.64377630974468,-7.210895499739763
59,79,99,60.61829755553214,34.61829755553214,26.525808263249814,-58.76571995410643
60,80,100,61.188236510910485,35.188236510910485,29.577161816676096,-53.419388678372684
61,81,101,70.8655537371435,48.8655537371435,43.45767617252915,-63.67006028714252
62,82,102,61.634197103487566,38.63419710348762,32.41955833546899,-71.72697510323667
63,83,103,68.19592389905239,40.19592389905239,32.49399669433603,-54.72275812958435
64,84,104,78.74645880732237,55.74645880732237,50.88043587677089,-84.21266184684873
65,85,105,84.36075458484851,57.36075458484851,51.19641428774912,-130.50240559619795
66,86,106,76.82077785679587,49.82077785679587,45.893532937252644,-105.75475697116667
67,87,107,94.86440126652701,58.86440126652701,50.40408045313501,-70.78501263922408
68,88,108,87.05229010646883,55.05229010646883,50.2956327174806,-78.50106557429626
69,89,109,94.06718233211996,65.06718233212001,59.639977712866425,-102.55657638886134
70,90,110,85.5656724933445,56.56567249334444,50.445320693531016,-133.1347537644607
71,91,111,75.96645153956399,46.96645153956399,40.49952614947057,-137.7138473837149
72,92,112,85.11993172188534,57.11993172188534,50.804298878288876,-103.863240274904
73,93,113,61.85017970427083,43.85017970427083,42.166634638164396,-36.16200494863688
74,94,114,72.56497837978395,50.56497837978395,47.23042906739431,-71.41290850395148
75,95,115,57.29536408735453,40.27956691805326,40.04563176499181,-49.44099374747884
76,96,116,20.616419317900807,11.616419317900807,17.630168549641553,6.0278321037484375
77,97,117,13.79744185056461,3.8098537105350943,12.327282898363023,-7.303532181643959
78,98,118,18.78040184248721,6.309912870711116,15.814939047564621,-23.837327074563404
79,99,119,17.667481572583768,-1.3325184274162325,-1.781061678899846,-63.49966259823066
80,100,120,23.837944480152885,0.8379444801528848,-1.2000902620706029,-39.03432005817251
81,101,121,20.54826431443007,-1.451735685569929,-3.393877347384546,-72.34846102654626
82,102,122,24.262922054460773,2.2629220544607165,-0.33468826426098985,-71.20288642253001
83,103,123,38.212893321274464,16.212893321274464,13.577604478899957,-67.72662710501129
84,104,124,43.378616549488584,22.378616549488584,19.894620253611038,-81.46279711354464
85,105,125,51.183699086880836,25.183699086880836,20.556945697398305,-113.21810814495382
86,106,126,52.818081182758476,24.818081182758476,20.235316290561855,-123.33373199649634
87,107,127,47.65573443496436,12.655734434964302,7.284653200039088,-102.09053061646352
88,108,128,51.93902594213682,29.939025942136823,30.42289941228205,-88.53190075636257
89,109,129,72.15367773285601,46.15367773285607,43.95293947533327,-136.25033433372585
90,110,130,64.46973086155322,33.46973086155322,28.691871290115955,-177.10629599678362
91,111,131,60.09099409080409,32.09099409080403,28.201376379167414,-141.21360201858943
92,112,132,73.03323264142114,46.03323264142114,40.215465934601696,-110.2976533550243
93,113,133,90.32836473890802,61.32836473890802,53.82171857797471,-128.0081699143666
94,114,134,93.83011296363975,60.83011296363975,53.06487020699825,-164.5005166232704
95,115,135,69.63873145112495,41.638731451124954,38.09568732976834,-138.08092386295743
96,116,136,56.06527955436684,36.06527955436684,35.43360194965396,-95.88271189989837
97,117,137,40.279223968584915,17.291635828555513,17.296970216562954,-120.21532889292064
98,118,138,53.32579700631646,27.325797006316407,28.342863453363634,-89.1133822357848
99,119,139,61.16284565146691,35.16284565146685,28.11007713002448,-82.41095876150825
100,120,140,63.69412207633121,35.69412207633121,26.952474100774907,-98.19665618120564
101,121,141,56.37040968054714,29.37040968054714,21.1266278417678,-85.8759482600542
102,122,142,50.8508841487037,27.8508841487037,26.769001359447202,-66.46259166238758
103,123,143,59.26804562114074,38.26804562114074,34.397754964143246,-85.07747733281087
104,124,144,50.35385335188863,29.353853351888574,25.830136285171193,-93.59152091362193
105,125,145,68.53315177601525,32.533151776015245,22.38459542431258,-113.03171738312312
106,126,146,66.93930210852864,36.939302108528636,31.94870048862981,-64.04574739275449
107,127,147,66.90900336604227,31.90900336604227,23.765333408877268,-59.07608243730999
108,128,148,74.02180033711642,40.021800337116474,33.80605667416785,-77.37548487800689
109,129,149,71.61195809640958,40.61195809640958,31.41643248136222,-95.73091966837706
110,130,150,66.55751642565292,34.55751642565292,25.965659312301682,-81.62992043379813
111,131,151,71.68148223831577,41.681482238315766,35.063264301725326,-102.2597538531137
112,132,152,69.5167255512149,32.516725551214904,27.326632098761593,-84.21246007490117
113,133,153,84.08219890937141,52.082198909371414,47.50638228660307,-72.1320668062682
114,134,154,80.75776495212938,55.18504214920188,54.648521903146275,-38.24593179122428
115,135,155,64.22023996134214,33.220239961342145,26.50574254153412,-65.96420069829446
116,136,156,65.26458261965331,42.26458261965331,40.563999180920064,-26.7005808416194
117,137,157,63.017449850894536,39.017449850894536,32.960413603006145,-68.36586531053217
118,138,158,53.92148940164867,32.92148940164873,36.76401102302634,17.43317324022155
119,139,159,53.76053116393717,32.76053116393712,28.303168483860986,-32.064849411900695
120,140,160,50.22247616420293,27.22247616420293,21.28033809421379,-35.70253170594003
121,141,161,59.04491181977994,33.04491181977994,22.52640739553783,-95.5883430200688
122,142,162,62.75729585453996,29.75729585453996,20.380903102351,-68.04383078769274
123,143,163,62.31145545605284,29.31145545605284,19.238622332231216,-89.99006330098166
124,144,164,64.9978319725883,32.9978319725883,20.54636113804986,-106.10408586567303
125,145,165,72.03981175640615,39.03981175640615,26.572544321954638,-108.86669076995577
126,146,166,80.90523940929455,47.90523940929461,37.60872988598487,-75.24784940297718
127,147,167,82.80195551921037,51.80195551921031,39.21358411820995,-86.00701840128124
128,148,168,74.22928444116218,46.22928444116218,38.49528092523599,-62.61473435048458
129,149,169,65.56590330297479,40.896077303609104,33.062184607034965,-68.36247970096838
130,150,170,53.33078535291361,24.330785352913608,16.627170099362957,-113.10019307773268
131,151,171,56.58210943871114,26.5821094387112,19.270744321560755,-163.552185244518
132,152,172,36.47090152913347,4.990357204125303,6.467804573555895,-130.5096708436663
133,153,173,40.287152530527806,17.287152530527806,15.466562753156154,-102.95526877866769
134,154,174,33.93816365084558,16.36544084791808,19.006072371761206,-25.947930871035055
135,155,175,33.626039691815095,11.626039691815095,6.4938217305734725,-38.42946919152109
136,156,176,26.434113106853033,15.434113106853033,16.588760996923895,-19.29170546804437
137,157,177,29.98668781400761,19.98668781400761,18.47376234903743,-34.41212424835754
138,158,178,23.931669018621278,12.931669018621278,13.683017039279491,-24.3742621508394
139,159,179,27.09454607420355,10.09454607420355,6.588927170395436,-69.94491992173471
140,160,180,22.77927340334793,8.072964209637405,6.025778239292379,-24.190947790773464
141,161,181,31.5668356272908,13.5668356272908,8.757590475544134,-59.91332295327061
142,162,182,31.894417077484206,14.894417077484206,11.086036733552248,-26.960172864129675
143,163,183,35.88167739549874,20.082751136569073,21.504827655904194,-7.251555243091616
144,164,184,34.268951046693985,14.268951046693985,10.572412279719288,-63.95208742024238
145,165,185,51.55187035080098,41.55187035080098,38.99922411499085,-18.903595250302487
146,166,186,53.17219736634706,38.17219736634706,36.62837627172888,-28.464492107398883
147,167,187,55.76320674804663,40.76320674804663,37.21293263192058,-26.784331710303377
148,168,188,49.570446464138286,35.570446464138286,33.105777222899974,-71.174865175955
149,169,189,45.79969878504585,25.129872785680163,20.327165407053826,-84.97120299089568
150,170,190,35.92413005787347,23.792018056120867,23.79278705277386,-54.55167271524817
151,171,191,48.007282075530384,33.007282075530384,33.57247778162116,-71.11182864659008
152,172,192,63.676323333477285,36.19577900846912,36.48437143483136,-110.48374394705024
153,173,193,61.28700181702686,39.28700181702686,39.077728106612085,-127.24285946437715
154,174,194,72.7005372667794,48.700537266779406,48.42262190989322,-125.1703947957318
155,175,195,71.54058186492551,43.540581864925514,38.831889922542246,-101.61320136413565
156,176,196,68.12174405473928,36.12174405473934,30.933808976554587,-153.89005145579358
157,177,197,66.30986244702382,33.30986244702376,30.28302407814681,-158.6343975795096
158,178,198,65.52971232899927,34.52971232899927,30.879364158431486,-161.81994287179475
159,179,199,68.1956794102532,33.195679410253206,28.940161053697352,-157.24565135232865
160,180,200,56.6501458801165,25.94383668640603,26.017821014346055,-135.3636369699799
161,181,201,63.756028615174046,33.756028615174046,33.36959753050269,-115.77548128814146
162,182,202,54.449232367660215,26.449232367660215,26.371924149103165,-90.38480188397432
163,183,203,71.15055049027677,42.351624231347046,43.074767242561165,-116.34383201886976
164,184,204,49.60286618854218,27.60286618854218,30.16618120036719,-95.90854719752156
165,185,205,75.51490859163084,55.514908591630785,58.38080869644989,-65.5695722470324
166,186,206,48.979273115024455,27.979273115024398,31.072874185903743,-59.24664707566944
167,187,207,36.13388602361306,12.133886023613059,13.73398708748664,-80.1860362747193
168,188,208,26.489600379491378,6.489600379491321,9.008926894030424,-77.54088075542609
169,189,209,34.40539077134696,7.405390771346902,7.497509233491087,-105.59340874336681
