Left,Mid,Right,Loss_likeli,Loss_AIC,Loss_BIC,Loss_eBIC
0,20,40,23.163665776827315,10.163665776827315,13.395466526565656,-62.356444864632294
1,21,41,37.60619588505756,24.60619588505756,29.24952307242404,-35.59310511360661
2,22,42,39.36035270999611,25.36035270999605,27.781500513108767,-42.92854212705902
3,23,43,33.31890758860948,17.318907588609477,19.947148813433728,-69.12728306881013
4,24,44,55.96569744506945,36.96569744506945,34.437712651906054,-106.23702481413306
5,25,45,64.55974965015378,22.55974965015389,10.55704241209969,-164.2009287160522
6,26,46,79.81743201322416,43.58086544038031,34.79401181962669,-172.05035569131246
7,27,47,76.97039653948752,43.97039653948758,35.85858019256614,-195.99774129845628
8,28,48,75.70865633815424,38.70865633815424,28.25880185384483,-233.43733567080574
9,29,49,82.36421525415142,46.36421525415142,37.451947677458975,-246.9511096764213
10,30,50,76.82054379962614,45.82054379962619,38.70445972625873,-214.83780302016248
11,31,51,64.38053710899112,36.38053710899112,32.490919397354446,-206.46489937389788
12,32,52,82.08292386336785,47.082923863367796,39.01509601373232,-208.36781466988668
13,33,53,84.8474466438442,59.84744664384414,56.41170657169857,-99.21851972835873
14,34,54,69.28027232497362,45.280272324973566,42.131516346023545,-41.60056071243798
15,35,55,60.147588892049214,36.14758889204927,32.86947418175987,-74.3710133798404
16,36,56,49.059674242556184,25.05967424255607,22.468373897467586,-114.67588178058725
17,37,57,58.20519643132536,29.205196431325362,27.146720620147107,-160.09082612828365
18,38,58,52.00737232284888,19.007372322848823,12.974997517607221,-147.39420737972102
19,39,59,50.97225490645246,11.97547410162565,6.763823013059664,-148.57322984632276
20,40,60,40.82903956868131,1.82903956868131,-5.4576641058224595,-178.7032033305237
21,41,61,47.28079005068105,5.280790050681048,-1.7414120062455822,-165.85911168209543
22,42,62,43.563486811240466,8.56348681124041,4.3417552351158974,-167.29077209943728
23,43,63,38.64415249213869,10.644152492138687,14.210078323947528,-131.060625755866
24,44,64,55.452866301773156,23.452866301773156,18.26493122358852,-138.07109270463297
25,45,65,47.849308106502804,23.962296714938248,30.663894575987797,-64.7458670654969
26,46,66,58.26560888479975,31.02904231195589,25.683263151355277,-83.72560591741819
27,47,67,52.968034742761915,37.968034742761915,38.471235267546376,-100.18435652187713
28,48,68,55.9285693843907,25.9285693843907,20.744033759670742,-131.46677559018292
29,49,69,59.39918485359078,30.399184853590782,29.63496274789975,-73.31616804831708
30,50,70,53.967526802298835,36.967526802298835,42.930619252391466,-26.73719911995238
31,51,71,70.89927370485486,53.89927370485486,54.79303631720529,-60.28045656951326
32,52,72,79.37773533160555,58.37773533160555,56.24031262600806,-66.24606148491637
33,53,73,84.03796323340373,64.03796323340373,60.66553871318342,-63.89740541381025
34,54,74,80.3859014718197,53.38590147181958,47.85003316806092,-76.20657928056289
35,55,75,74.83469765714597,42.834697657145966,33.014772035762235,-92.47923418853622
36,56,76,86.30567497418349,43.30567497418349,26.402887766412277,-160.7168925149839
37,57,77,96.16124335860763,53.161243358607635,32.639634365023426,-184.02543780682754
38,58,78,101.46531021765475,58.465310217654746,41.21594941960359,-186.78933574215694
39,59,79,105.4145425386647,51.414542538664705,32.62546571662324,-187.6477811756614
40,60,80,112.50727558571413,54.50727558571407,36.33900572621371,-251.47338626931503
41,61,81,120.31580741831499,59.31580741831499,34.855989650890706,-282.5956230920507
42,62,82,116.9144821542368,62.914482154236794,41.92146180303848,-250.40626941009396
43,63,83,96.00363489981896,41.00363489981885,21.226222805952716,-218.60306555908744
44,64,84,81.39912832960783,34.399128329607834,16.098128346899898,-163.3773711736385
45,65,85,90.40659325470813,47.51958186314357,37.240346979970354,-186.21829765166058
46,66,86,88.9018052502721,51.901805250272105,36.90361027460165,-153.76596112167954
47,67,87,97.02957311381795,66.02957311381795,47.83869409427814,-152.47543243388702
48,68,88,106.74346409100588,66.74346409100588,49.754956642551406,-168.88129687587627
49,69,89,110.90440681570067,74.92771238791477,62.105015676929725,-94.35006387952944
50,70,90,65.29960454067736,34.299604540677365,30.17340876337221,-79.84473103398545
51,71,91,58.44138008260194,29.441380082601995,25.81797209935121,-51.22224575183418
52,72,92,54.14506019591579,31.14506019591579,26.972184445924313,-40.956095131183815
53,73,93,46.87671112121507,23.876711121215067,24.34267956176018,-43.98172712269479
54,74,94,51.78786326656882,19.78786326656882,12.86706023698423,-100.16848050429678
55,75,95,42.834811187058676,10.834811187058676,5.217451166615433,-73.83279281027376
56,76,96,50.82363819394345,15.823638193943452,8.795531115147924,-136.69394503597937
57,77,97,37.25190762752209,7.251907627522087,1.3268368714915368,-89.81677625868974
58,78,98,33.17737493444861,9.177374934448608,6.586074589359896,-87.25307394362005
59,79,99,43.38156942205808,19.381569422058078,20.555515524124644,-111.11387298402815
60,80,100,46.917743127031144,20.917743127031144,21.107204776354365,-141.46626376431834
61,81,101,55.15816099174293,32.15816099174299,29.718153193151352,-154.46754074309968
62,82,102,52.799565112691994,24.799565112691994,18.770366844398154,-142.3250978143824
63,83,103,55.23699507433673,28.236995074336733,23.11237554807724,-134.13866973184156
64,84,104,21.75301242948109,-2.2469875705188542,-0.3873502622762999,-98.47884222950927
65,85,105,29.156992899619127,8.156992899619127,5.672996603741581,-108.5621278189326
66,86,106,37.94187850565527,20.941878505655268,21.295851714681362,-71.59679557620154
67,87,107,58.59151879996023,36.59151879996023,33.263082777025716,-79.76515439828472
68,88,108,73.263732375112,49.263732375112,41.576843852191416,-97.74898169353389
69,89,109,68.47843267189006,43.50173824410416,36.05840763509593,-79.67314306988999
70,90,110,33.1196503754428,20.119650375442802,18.800231283553956,-34.260373311247804
71,91,111,29.185022728196316,13.185022728196316,14.949761955186375,-8.423171924598023
72,92,112,30.261146843268136,20.261146843268136,18.055074197737895,-11.115114968239368
73,93,113,36.48820356653982,20.488203566539823,18.547483929764326,-24.618847168229422
74,94,114,39.33570477330966,25.335704773309658,21.489648348124433,-59.288682113691266
75,95,115,41.47574499383484,26.475744993834837,24.816652624960966,-55.10454251219073
76,96,116,53.31473141383401,33.31473141383401,28.295476948234864,-66.70365070147818
77,97,117,50.36388099092284,33.36388099092284,29.752186929633467,-50.77490364353491
78,98,118,60.06341189907812,43.06341189907812,39.15588292729103,-72.76515869405114
79,99,119,59.08235942257369,42.08235942257369,38.30108697981149,-59.43320023909632
80,100,120,61.26358831524249,46.26358831524249,44.23575651322818,-40.97365443768365
81,101,121,53.67487877051019,41.67487877051019,42.798441069725584,-47.818507191333424
82,102,122,39.749412457325946,28.10235001950798,31.639912399188006,-20.980795584867565
83,103,123,35.97391950525895,13.973919505258948,11.581397838170687,-61.0099967039489
84,104,124,39.7147657166762,20.042617660826068,23.773672438135804,-32.36467437024328
85,105,125,37.21114173002121,18.37386680527152,18.637797788987086,-8.678881402827983
86,106,126,34.559404703157895,25.56070111407854,29.504976099016062,5.217385792539517
87,107,127,39.360573367957954,27.17751915627605,32.16151491205352,-2.666370501701408
88,108,128,44.877231839824674,30.01563471275898,34.35047178526236,-19.670965545127046
89,109,129,47.6976024704187,25.697602470418758,23.52205233120594,-89.56529227694352
90,110,130,32.246865495175655,21.003697227881162,24.555635454551236,-9.964112226942007
91,111,131,24.193712260355653,8.079456774043138,12.920541815565286,-18.40413118203901
92,112,132,17.440407416635594,4.440407416635594,3.269113625309842,-41.06775044941526
93,113,133,18.176022519525645,6.176022519525645,5.616075007153995,-61.14293500786437
94,114,134,31.301529860696974,21.30152986069703,20.82832516656663,-12.023184410589806
95,115,135,36.3125199793642,21.312519979364197,22.332557242558437,-38.71571243811036
96,116,136,36.72000692613477,21.720006926134772,23.545121610867852,-33.37086324582822
97,117,137,41.52303053427596,22.523030534276018,22.344104577734242,-46.395045348853046
98,118,138,44.00333953193888,27.003339531938934,24.482104921271798,-35.515604065693765
99,119,139,54.56175920909129,30.561759209091292,25.721438940849907,-57.53313165139332
100,120,140,55.66079926721113,36.66079926721113,35.60379339003805,-11.117251830847067
101,121,141,42.440692096193004,29.440692096193004,31.106109029471213,-51.437166737575126
102,122,142,29.24263739094397,17.59557495312606,20.500129167223463,-17.82293121473242
103,123,143,55.31953919962649,38.31953919962649,37.37662744558315,-24.241059432665907
104,124,144,51.07119693240509,39.39904887655496,43.40378959332372,31.092949023088067
105,125,145,51.03022091412356,38.192945989373925,40.05777943263149,3.67488884651641
106,126,146,46.98064985055845,35.98194626147904,38.76612306074372,3.6239853496230126
107,127,147,34.16146802007387,26.97841380839202,30.421020574252907,32.6143472426935
108,128,148,32.76159576917382,23.654669930814634,29.6097365174993,45.56940652890171
109,129,149,35.1582928509784,30.1582928509784,31.594436773054895,-9.479612185494034
110,130,150,42.52856999274127,34.957288474758684,39.46274514839831,22.54114103332131
111,131,151,53.45806619347013,41.81409662620683,44.97724743601236,37.04047649964491
112,132,152,51.38230997790407,39.079873247644116,36.67357764169549,16.301543171463436
113,133,153,61.2390794625648,47.85674779171495,44.503650326133766,10.319888183547732
114,134,154,60.696738266042416,50.53470532284308,48.67520626759284,18.33111903285203
115,135,155,88.95871810322723,71.7623663002019,69.36065615788232,5.9605395154178495
116,136,156,81.71988483092173,65.10798940115916,63.923184811134206,-2.672591548125297
117,137,157,86.6146936372619,62.614693637261894,58.9067162259953,-57.87691120372824
118,138,158,84.25964595812991,61.25964595812991,53.967607895618585,-61.24960790126386
119,139,159,92.37313018198705,60.37313018198711,48.25372329820277,-103.14422738256656
120,140,160,94.62032558402177,70.62032558402177,62.137274204173536,-70.87678825418891
121,141,161,85.11878824376231,58.11878824376231,48.14213845358313,-105.3227538941868
122,142,162,79.86160027864764,59.86160027864764,53.370013445907375,-64.9169582605856
123,143,163,77.21745397974848,62.217453979748484,57.52205065033331,-15.845728502195357
124,144,164,78.02713751011947,58.02713751011947,51.33741981350249,-23.31036172001518
125,145,165,80.67960630064039,47.679606300640444,40.63754096631146,-69.55672955023306
126,146,166,85.44300018702188,48.44300018702188,40.71370651253778,-67.11884702172279
127,147,167,75.9517886131689,43.9517886131689,30.425024077112994,-92.57425154410282
128,148,168,73.92036760218019,40.67503889088675,30.849681647204648,-100.94687868605297
129,149,169,76.53780377698536,39.537803776985356,24.31216143556719,-147.8360439497302
130,150,170,67.39780204968588,46.06968879899773,40.0759681030346,-88.91043901895489
131,151,171,70.84330024867245,46.31358616772161,41.100989646890184,-111.0025579979656
132,152,172,81.115346413829,46.81290968356916,41.575082974867996,-158.4495429166567
133,153,173,88.87069383259177,57.488362161741975,45.73652161954112,-148.29496206524777
134,154,174,85.0618682801271,48.89983533692771,38.60127339911537,-157.59252732190498
135,155,175,98.09238700846186,60.89603520543653,49.75303354056723,-160.1201783072711
136,156,176,71.05770220483373,44.445806775071105,39.8910420309262,-133.2332143441613
137,157,177,69.70316135290506,47.70316135290511,40.5170800721819,-143.24351892647599
138,158,178,62.18576244146283,44.18576244146277,40.15599270998848,-126.96980141014865
139,159,179,55.89780252366245,33.89780252366245,30.56936650072805,-138.18743018733448
140,160,180,52.23382249615031,28.23382249615031,24.949374970501708,-140.6477420113547
141,161,181,57.05796084729883,28.057960847298887,24.017050589165137,-150.92903067126701
142,162,182,62.43280553808711,38.43280553808711,36.88122596383846,-139.8487729430874
143,163,183,66.56464552671008,36.56464552671014,33.06558990263943,-125.65502928426713
144,164,184,45.95148746264357,19.951487462643627,19.830190746800668,-130.8780172832188
145,165,185,32.15570086950612,-0.8442991304939369,0.43140170189656146,-134.70758933031493
146,166,186,34.6172405029202,-3.3827594970797463,-4.167508000342536,-179.10647674109202
147,167,187,33.74735589946408,-0.25264410053591746,-2.9705755494749155,-196.10625119340216
148,168,188,34.5036541289474,-2.496345871052654,-6.707875730322485,-190.39678465758084
149,169,189,24.370380865632114,-15.629619134368,-19.948453042848996,-174.6557315057213
150,170,190,41.66365384303765,18.66365384303765,22.115397079205536,-131.67833080866296
151,171,191,43.70376375402452,8.703763754024521,4.448245397468668,-163.80845826166512
152,172,192,40.18137205148696,-3.81862794851304,-3.7834944544748623,-160.03379538711795
153,173,193,41.38981542095803,5.38981542095803,1.7110340433074498,-157.59321032750836
154,174,194,38.6515124602322,-6.3484875397678024,-13.849799312693676,-205.8626714160223
155,175,195,38.870033085262435,-8.129966914737679,-15.995299896748747,-181.1845674787745
156,176,196,41.44437319596034,3.4443731959603383,-0.06258982180600015,-136.4237631413747
157,177,197,39.59970128373163,9.599701283731633,9.708725337453075,-134.75240647433145
158,178,198,41.30438082475189,18.304380824751888,21.759356026604905,-113.17896155899155
159,179,199,37.53079643539775,5.530796435397747,13.287063061600747,-106.92520331252467
160,180,200,40.07018440099455,-0.9298155990054511,-1.2148492166400047,-152.60966082412926
161,181,201,34.28906994944816,4.289069949448276,3.562603047617131,-142.34020640635254
162,182,202,51.62855412213315,20.628554122133096,20.32671017548489,-153.17074732045353
163,183,203,38.448937957667056,13.448937957667113,20.758759576865828,-96.36074531614076
164,184,204,31.238629508413396,7.238629508413396,16.635248675553044,-78.79126707805369
165,185,205,45.47134298976789,16.471342989767777,13.47015350247409,-133.81533678497794
166,186,206,43.32924309789223,18.32924309789223,19.10756949429947,-110.00210499968557
167,187,207,39.599169240158176,22.05188577769661,28.402848839954572,-123.38294094806292
168,188,208,45.86221092334608,18.862210923346083,23.385576001370737,-109.99941463121058
169,189,209,44.18286768772816,19.182867687728276,23.9806175977169,-86.32552617991882
