Left,Mid,Right,Loss,Loss_left,Loss_right,gain,glasso
0,20,40,1319.4640609385137,947.3707117129841,971.9521410630114,-599.8587918374817,-3.091456880756482
1,21,41,1325.1218573037154,954.4679763442122,978.1407646359469,-607.4868836764435,-2.9859433641836404
2,22,42,1324.2422720633472,956.1551123945615,975.3853607728909,-607.2982011041051,-1.6848285187047622
3,23,43,1328.0331354722784,954.0929356544856,979.2429169997146,-605.3027171819217,-4.900218921117698
4,24,44,1326.1086927596918,945.3715019158801,985.3301305713414,-604.5929397275297,-5.3725218906151895
5,25,45,1330.6401999522259,958.7287107686517,983.1933437502298,-611.2818545666555,-6.3803646279570785
6,26,46,1329.8284164397787,963.0557300676469,985.4564791948025,-618.6837928226705,-4.099769906203733
7,27,47,1320.1600946779006,957.0966776665773,982.2814847702991,-619.2180677589758,-4.709945566112879
8,28,48,1320.0614387627447,965.4870296419613,970.377795288993,-615.8033861682095,-8.442352840724425
9,29,49,1323.1297583750488,969.0845267397438,969.9645269053722,-615.9192952700671,-7.906738446458917
10,30,50,1323.5254529612366,978.765539322297,958.4617364367149,-613.7018227977751,-7.1227777646086
11,31,51,1330.312101216146,978.0347446533126,972.3304518814509,-620.0530953186176,-1.2756378204288694
12,32,52,1331.1248829219849,978.1950413798672,973.8732625583373,-620.9434210162196,-8.657038665527693
13,33,53,1334.4447407718214,978.4384278061332,977.2841483840249,-621.2778354183367,-8.663124266304067
14,34,54,1330.4772258945468,972.5487997023201,978.953806862984,-621.0253806707574,-3.7761844750410773
15,35,55,1333.7373541514653,966.7270314046494,983.2775514907166,-616.2672287439009,-0.7965814677933167
16,36,56,1339.6006523000237,968.6491783986531,985.9161021617981,-614.9646282604276,4.240140629774146
17,37,57,1334.9221738656274,967.8068046520776,979.6043576093398,-612.4889883957899,6.580705023893074
18,38,58,1335.8061471715237,967.8107167906859,979.3867852385913,-611.3913548577534,5.994450235262093
19,39,59,1335.9309683435977,959.483282078485,986.3819344533897,-609.934248188277,5.864857346065946
20,40,60,1328.5098228547242,971.9521410630114,978.1720632148787,-621.6143814231657,1.9488245812357263
21,41,61,1337.3697147751043,978.1407646359469,979.9931776497542,-620.7642275105968,3.512624754989247
22,42,62,1356.3019728670374,975.3853607728909,993.1154175907793,-612.1988054966328,4.538084117531298
23,43,63,1359.7905723514282,979.2429169997146,997.6454139054996,-617.097758553786,-0.7829373254697884
24,44,64,1374.141241814382,985.3301305713414,1011.4429597494188,-622.6318485063782,-2.730965168730563
25,45,65,1379.4791999940476,983.1933437502298,1020.438485438146,-624.1526291943283,-4.855318764919957
26,46,66,1379.4499470742498,985.4564791948025,1021.2305590261642,-627.2370911467169,-5.179421596724296
27,47,67,1390.712438981126,982.2814847702991,1038.8540713252548,-630.4231171144279,-3.9955573001177527
28,48,68,1386.5155988488914,970.377795288993,1038.402960471218,-622.2651569113195,-3.6563211902496278
29,49,69,1389.0523179281338,969.9645269053722,1040.8337666395084,-621.7459756167468,-4.139954878813569
30,50,70,1390.1909980044286,958.4617364367149,1044.5908180504125,-612.8615564826989,-2.4718885213034127
31,51,71,1403.0146944294909,972.3304518814509,1043.760771177987,-613.076528629947,3.5317048539161533
32,52,72,1399.2576006244728,973.8732625583373,1039.755290528623,-614.3709524624874,-2.268713379612791
33,53,73,1407.582714843597,977.2841483840249,1038.9493657893408,-608.6507993297687,-2.2365891332275396
34,54,74,1399.0846729980267,978.953806862984,1031.3701665495287,-611.239300414486,2.184902243417355
35,55,75,1402.6090433387103,983.2775514907166,1022.3221452230621,-602.9906533750684,3.4367690427731077
36,56,76,1402.0176533512931,985.9161021617981,1020.3594264965991,-604.2578753071041,4.188388464796276
37,57,77,1393.725691971379,979.6043576093398,1023.0412810892507,-608.9199467272115,5.486827966685951
38,58,78,1392.653644895914,979.3867852385913,1018.3225141733396,-605.0556545160168,5.362482453907774
39,59,79,1395.7106104511695,986.3819344533897,1007.7201516532666,-598.3914756554868,7.815966448589961
40,60,80,1387.8910609601116,978.1720632148787,1011.0284872056661,-601.3094894604333,4.2096647675721215
41,61,81,1379.5478978560877,979.9931776497542,999.5549722284798,-600.0002520221462,7.807004009959996
42,62,82,1380.4402268180388,993.1154175907793,992.9816160247076,-605.6568067974481,5.408809065356877
43,63,83,1385.1736478787457,997.6454139054996,994.4012347590832,-606.8730007858371,5.477582429871063
44,64,84,1392.6299290945885,1011.4429597494188,986.0302841379577,-604.8433147927881,7.305186017661754
45,65,85,1385.8505083094553,1020.438485438146,972.60217478416,-607.1901519128508,5.121176619132939
46,66,86,1385.9122704378747,1021.2305590261642,968.8750988418316,-604.1933874301212,3.644066378188654
47,67,87,1392.1058345921927,1038.8540713252548,954.2417484949918,-600.9899852280539,7.439294116606675
48,68,88,1396.6183702257092,1038.402960471218,955.1054164921699,-596.8900067376787,11.306308195761858
49,69,89,1399.6693850683716,1040.8337666395084,955.4843133896957,-596.6486949608325,6.328995914618531
50,70,90,1404.2033727736027,1044.5908180504125,965.4220509442933,-605.8094962211032,3.0288383236326126
51,71,91,1393.7661685259357,1043.760771177987,968.3366003980354,-618.3312030500867,5.723901402546858
52,72,92,1383.4136551967215,1039.755290528623,959.5216608983319,-615.8632962302333,5.874349116084431
53,73,93,1384.8994256494207,1038.9493657893408,961.8037065827723,-615.8536467226925,7.400831528087451
54,74,94,1377.3598220880037,1031.3701665495287,964.6563636542951,-618.66670811582,5.4643255933241335
55,75,95,1362.9348696380018,1022.3221452230621,960.8023116278607,-620.189587212921,2.6545874457902983
56,76,96,1351.3416145596818,1020.3594264965991,953.8943781139186,-622.912190050836,-0.41174755718702727
57,77,97,1350.9295388974479,1023.0412810892507,955.1867388437859,-627.2984810355888,0.3484913111478818
58,78,98,1355.8976315643727,1018.3225141733396,974.277537324612,-636.702419933579,5.438919962517048
59,79,99,1350.7580546458498,1007.7201516532666,982.8407007747744,-639.8027977821912,4.7188508599896295
60,80,100,1356.2021241258485,1011.0284872056661,988.7553610027153,-643.5817240825329,4.5403887258365785
61,81,101,1371.5865692285493,999.5549722284798,1004.3564822073147,-632.3248852072452,8.410163293736105
62,82,102,1367.641027293204,992.9816160247076,1011.2171194361167,-636.5577081676204,6.445409649490671
63,83,103,1367.2111406210279,994.4012347590832,1008.3385651774613,-635.5286593155165,6.596323280940055
64,84,104,1359.6459642760897,986.0302841379577,1000.2109352852618,-626.5952551471298,9.38801187998547
65,85,105,1345.5456528963875,972.60217478416,998.9412862887416,-625.9978081765141,7.789387774889747
66,86,106,1354.4223096777437,968.8750988418316,1012.9006178039157,-627.3534069680036,6.257387540918103
67,87,107,1346.7223877915517,954.2417484949918,1007.1397179505386,-614.6590786539787,4.4910834210320445
68,88,108,1352.7638036749463,955.1054164921699,1011.5709408505477,-613.9125536677711,8.867740918137542
69,89,109,1345.7659789277368,955.4843133896957,1006.2448015428434,-615.9631360048024,4.231772079787788
70,90,110,1359.0085306490091,965.4220509442933,998.1871940256108,-604.6007143208949,5.291830108869249
71,91,111,1356.7638230745056,968.3366003980354,999.740891901157,-611.3136692246869,9.553372900121985
72,92,112,1355.8215096966742,959.5216608983319,999.1206098196274,-602.8207610212851,9.391184088297678
73,93,113,1350.9307669109203,961.8037065827723,993.011301559239,-603.884241231091,7.969007360875594
74,94,114,1355.4349445703551,964.6563636542951,1000.2706938251916,-609.4921129091317,7.483979596714789
75,95,115,1356.1730690363747,960.8023116278607,1006.1458749384295,-610.7751175299154,7.212624858621325
76,96,116,1351.7716423419813,953.8943781139186,1008.482705331844,-610.6054411037815,7.352975941401951
77,97,117,1359.1145460402229,955.1867388437859,1013.13458787175,-609.206780675313,9.462284264096866
78,98,118,1358.560760175099,974.277537324612,1009.4905333539502,-625.2073105034633,11.848487607594848
79,99,119,1358.4792798262974,982.8407007747744,1007.3745534020593,-631.7359743505363,9.474591666529932
80,100,120,1359.99796277581,988.7553610027153,1002.636437762711,-631.3938359896163,9.42254153648048
81,101,121,1361.7391220781085,1004.3564822073147,980.7415650776834,-623.3589252068896,3.1283950241952425
82,102,122,1365.4607988125522,1011.2171194361167,980.1420301275363,-625.8983507511007,5.426717822292176
83,103,123,1361.2449393822112,1008.3385651774613,983.9397442216637,-631.0333700169138,5.32314772587938
84,104,124,1358.3426290743205,1000.2109352852618,981.3844387098047,-623.252744920746,6.551784575170018
85,105,125,1357.8007692008882,998.9412862887416,984.2275316174862,-625.3680487053396,5.573727676560566
86,106,126,1359.2917287967366,1012.9006178039157,978.9016932751015,-632.5105822822807,4.785973994111714
87,107,127,1354.6230676072532,1007.1397179505386,977.776107331491,-630.2927576747763,3.438353788350014
88,108,128,1356.1944973783684,1011.5709408505477,972.8549868746193,-628.2314303467986,2.2439567498038286
89,109,129,1352.5711223021171,1006.2448015428434,979.7396797854412,-633.4133590261677,4.647746251205035
90,110,130,1340.0985899701795,998.1871940256108,953.6121266608009,-611.7007307162321,9.920549720739245
91,111,131,1341.6074024358097,999.740891901157,942.1859566409793,-600.3194461063265,10.741036214392125
92,112,132,1344.4272549562716,999.1206098196274,951.0971365124421,-605.790491375798,6.509056440504878
93,113,133,1350.4148868883449,993.011301559239,971.899230169446,-614.49564484034,8.411603194913027
94,114,134,1349.4686176056714,1000.2706938251916,964.907276621986,-615.7093528415062,11.839940855958389
95,115,135,1350.480760226197,1006.1458749384295,963.9253067336967,-619.5904214459295,9.844766921710516
96,116,136,1357.7878460072548,1008.482705331844,970.9194870835788,-621.6143464081681,12.729801324244704
97,117,137,1353.6073102122286,1013.13458787175,967.7574869285847,-627.2847645881061,12.046122938147278
98,118,138,1350.4265620373412,1009.4905333539502,967.8186290461247,-626.8826003627337,13.042748423478088
99,119,139,1354.6463455936646,1007.3745534020593,971.8335472653149,-624.5617550737097,14.429078658772596
100,120,140,1350.9039758322174,1002.636437762711,970.6177111372175,-622.3501730677112,12.68643472400231
101,121,141,1336.8885976952342,980.7415650776834,967.5836474543778,-611.436614836827,6.962986156044622
102,122,142,1333.9055343374753,980.1420301275363,970.3525775417086,-616.5890733317697,8.197276076577054
103,123,143,1337.3708406280489,983.9397442216637,970.7400912812723,-617.308994874887,8.974551008457183
104,124,144,1346.4350934820297,981.3844387098047,986.0428440955061,-620.9921893232811,9.613897250062337
105,125,145,1345.26321514201,984.2275316174862,982.38940302279,-621.3537194982662,10.277445846385831
106,126,146,1338.955743691033,978.9016932751015,983.8454376426373,-623.7913872267059,5.316579978652953
107,127,147,1344.7133260253263,977.776107331491,993.6358560584575,-626.6986373646223,3.3140403020806843
108,128,148,1335.0191737966904,972.8549868746193,985.464189463242,-623.3000025411709,1.5689171816433145
109,129,149,1341.8657356734288,979.7396797854412,988.533900774511,-626.4078448865234,4.602486809039647
110,130,150,1329.9213665644857,953.6121266608009,992.2225957947719,-615.9133558910871,2.57321659587717
111,131,151,1318.9826709230992,942.1859566409793,983.5395739288208,-606.7428596467007,1.6453684418563626
112,132,152,1321.809934269054,951.0971365124421,979.0455907685821,-608.3327930119701,1.5579706061423622
113,133,153,1332.142248469665,971.899230169446,969.3226399976471,-609.0796216974281,5.733539820488204
114,134,154,1325.5127469248282,964.907276621986,972.5324322999841,-611.9269619971419,4.985326545361886
115,135,155,1339.394076807725,963.9253067336967,988.3519763647664,-612.8832062907381,5.871838685510397
116,136,156,1343.946825900262,970.9194870835788,979.0800737973116,-606.0527349806284,11.625049061570735
117,137,157,1342.2286568110353,967.7574869285847,982.3310485493583,-607.8598786669077,9.086012586379866
118,138,158,1343.3903006564933,967.8186290461247,983.5098119676339,-607.9381403572652,6.555035096938127
119,139,159,1353.7254933569407,971.8335472653149,981.7662701326515,-599.8743240410258,9.958284033546192
120,140,160,1352.6143540586668,970.6177111372175,975.8757807917287,-593.8791378702795,11.793260782311108
121,141,161,1353.6512014124478,967.5836474543778,974.4883685452075,-588.4208145871376,12.060329979726134
122,142,162,1357.0375333205525,970.3525775417086,977.7736483870913,-591.0886926082474,12.762181455781842
123,143,163,1350.3533893941858,970.7400912812723,978.003223038458,-598.3899249255446,7.8399061296576065
124,144,164,1350.6676904993874,986.0428440955061,972.1889965289658,-607.5641501250846,7.562213930051712
125,145,165,1351.8553647658268,982.38940302279,974.1298393951723,-604.6638776521354,7.668050910432385
126,146,166,1352.7607708440573,983.8454376426373,980.2303013457379,-611.3149681443178,2.6370302408854513
127,147,167,1361.858810565793,993.6358560584575,986.427077129816,-618.2041226224806,5.28530891872208
128,148,168,1353.7049442884622,985.464189463242,985.9319319156849,-617.6911770904646,4.7647284643306875
129,149,169,1351.1790234688465,988.533900774511,983.5562616775968,-620.9111389832615,6.273312726973927
130,150,170,1346.667603467056,992.2225957947719,976.6354145167954,-622.1904068445112,5.130721584966636
131,151,171,1341.5937832437457,983.5395739288208,980.537523669147,-622.4833143542221,3.6427576662916863
132,152,172,1335.7050262350645,979.0455907685821,977.0213459547733,-620.361910488291,3.357553989736857
133,153,173,1338.7204807792323,969.3226399976471,984.2030029698523,-614.8051621882671,6.145132365524432
134,154,174,1334.56668670543,972.5324322999841,976.3182778315781,-614.2840234261323,5.498775950763047
135,155,175,1344.1847205896074,988.3519763647664,979.882199103177,-624.0494548783358,4.571855083225728
136,156,176,1331.3521916675118,979.0800737973116,975.5405464235052,-623.2684285533051,3.666042085038498
137,157,177,1338.9045310029676,982.3310485493583,977.3453887023202,-620.771906248711,5.228372979891219
138,158,178,1344.2742054319724,983.5098119676339,982.728022133523,-621.9636286691846,5.300156684598505
139,159,179,1338.780355276016,981.7662701326515,981.7653130596287,-624.7512279162643,4.729638768838527
140,160,180,1338.3149045885848,975.8757807917287,985.9649771448901,-623.5258533480342,5.857242023803906
141,161,181,1335.2258503976564,974.4883685452075,986.8342111851418,-626.096729332693,5.125554407416871
142,162,182,1334.5122100199678,977.7736483870913,989.3977377309571,-632.6591760980805,3.12123811837796
143,163,183,1335.522928306319,978.003223038458,988.6904472269442,-631.1707419590832,3.1127042726581067
144,164,184,1336.9648692299415,972.1889965289658,994.300271745112,-629.5243990441363,6.502599112333542
145,165,185,1336.002168391226,974.1298393951723,990.9015496987313,-629.0292207026778,6.8927010539172215
146,166,186,1338.11808986927,980.2303013457379,991.607690993512,-633.7199024699798,5.855502447960134
147,167,187,1341.9279860431634,986.427077129816,987.4938394674191,-631.9929305540718,5.356817268666532
148,168,188,1343.2753092939172,985.9319319156849,993.7941668764483,-636.450789498216,3.2424309482938725
149,169,189,1343.4772106058012,983.5562616775968,995.9367614226744,-636.0158124944701,4.569385054056397
150,170,190,1339.1975241639338,976.6354145167954,993.7353097803035,-631.1732001331652,6.018249795964721
151,171,191,1341.5246302881196,980.537523669147,993.0324495078652,-632.0453428888927,2.0755414467379296
152,172,192,1336.6256945043624,977.0213459547733,995.5422195608346,-635.9378710112455,4.699671103901437
153,173,193,1333.26972706255,984.2030029698523,978.8080145836127,-629.7412904909152,5.503557942044608
154,174,194,1332.9342687101225,976.3182778315781,988.8382641567632,-632.2222732782188,6.137079860282029
155,175,195,1339.43111805109,979.882199103177,992.840008258069,-633.2910893101562,7.487234910839675
156,176,196,1348.532431443834,975.5405464235052,1003.7629081444295,-630.7710231241008,9.245901204119718
157,177,197,1350.0400849223927,977.3453887023202,1007.7270342957818,-635.0323380757093,7.896489650805847
158,178,198,1352.8287435213156,982.728022133523,1007.0276071919138,-636.9268858041214,7.719173139665827
159,179,199,1352.5458698835837,981.7653130596287,1005.7422915627983,-634.9617347388435,5.141850631230568
160,180,200,1351.3516324687605,985.9649771448901,997.4549764379467,-632.0683211140763,6.069228061302397
161,181,201,1352.201889159132,986.8342111851418,1002.7039618717347,-637.3362838977446,3.0977435671320563
162,182,202,1347.945954860675,989.3977377309571,997.3277187511221,-638.779501621404,2.9592846794303114
163,183,203,1345.7647877119853,988.6904472269442,985.7388128289949,-628.664472343954,0.38091742320409594
164,184,204,1345.3523755702286,994.300271745112,982.8236293231631,-631.7715254980467,0.9109556481836307
165,185,205,1344.841827007499,990.9015496987313,985.6982376832427,-631.757960374475,0.4127565656506249
166,186,206,1347.5827551808911,991.607690993512,978.621602021503,-622.646537834124,5.845025621411423
167,187,207,1339.2554991941802,987.4938394674191,974.1221972998305,-622.3605375730695,8.766823937946015
168,188,208,1342.4019622722374,993.7941668764483,976.686315898665,-628.078520502876,4.5129848156345815
169,189,209,1350.3624863124755,995.9367614226744,981.8932236985459,-627.4674988087447,2.136746545350775
