Left,Mid,Right,Loss_likeli,Loss_AIC,Loss_BIC,Loss_eBIC
0,20,40,47.585056007410344,25.585056007410344,21.910046394196,-93.74188249828296
1,21,41,51.607148119824615,26.607148119824615,21.785113686559157,-130.88161447872687
2,22,42,63.08354812569297,39.083548125692914,34.94923653336764,-90.52511264850204
3,23,43,56.223016535869306,30.223016535869306,27.675704688066617,-117.97515932271551
4,24,44,56.6855244654958,30.68552446549586,31.318410154572803,-122.04921016684523
5,25,45,70.25853492506639,47.45578022877788,50.86018352402925,-115.30089441493033
6,26,46,71.7406442180461,48.7406442180461,48.551385231718086,-102.81857574413118
7,27,47,82.59308321938045,64.59308321938045,66.02870046579375,-60.76467515912941
8,28,48,62.53550790461634,55.53550790461634,62.272354612981076,-32.789260249389486
9,29,49,56.816185006682076,53.816185006682076,63.06636789503034,5.24545049628091
10,30,50,50.942215197271025,45.87028128873578,60.69804810753817,3.9412264616987613
11,31,51,53.16896728716972,45.16896728716972,53.428643178493076,-9.671018866456961
12,32,52,48.3268931691253,37.3268931691253,43.04829396885043,2.5375570119894064
13,33,53,45.965072063136404,35.965072063136404,40.343897632925746,-17.293495714429127
14,34,54,54.615934829713524,47.08053917019373,55.48628233148497,-26.23550939092138
15,35,55,48.791943895466545,36.79194389546649,42.25447873338169,-35.04313986299155
16,36,56,36.20007226243047,19.200072262430467,21.06927100205064,-2.5842342984861943
17,37,57,23.805122077801684,0.6975841702111438,3.0050173234848216,-60.01105084564608
18,38,58,29.91668120490715,8.91668120490715,8.579520005351469,-112.2448038140102
19,39,59,24.097524943236408,5.097524943236408,5.706050447422285,-83.4293650645725
20,40,60,32.852273921763924,13.852273921763867,12.71058348972042,-76.92482514287701
21,41,61,46.15619574066028,13.156195740660337,9.438029589221514,-130.71647349097168
22,42,62,50.10667803774203,21.108948979808474,22.349285182438848,-139.6225868134153
23,43,63,84.6738501948305,45.425332182430566,36.92295374794321,-178.68012437712798
24,44,64,85.33857656260847,50.33857656260841,40.94548957621282,-143.78599400161602
25,45,65,90.57955944491448,52.77680474862598,44.554332908862875,-171.13684382083966
26,46,66,88.89283457192403,49.89283457192403,40.6979966263242,-193.60405550768348
27,47,67,98.94714093058468,64.94714093058474,57.71032248962911,-145.8010003108103
28,48,68,83.29959846424566,53.591707987028826,49.721417330031386,-128.6466687345369
29,49,69,74.73363437869932,49.73363437869932,45.26427428105103,-119.95274956079982
30,50,70,71.92946850665658,37.929468506656576,28.595729776447683,-117.20348536516394
31,51,71,65.62233333305642,27.72762829937301,19.98312773598036,-111.05329877938402
32,52,72,78.26930210795905,41.269302107959106,32.62581965730408,-137.54854491010565
33,53,73,74.27393813875563,37.273938138755625,24.05149493220631,-142.6948904742652
34,54,74,78.75248780643864,40.752487806438694,28.090246978100026,-163.03499406338756
35,55,75,73.41214687939748,38.41214687939748,26.532009536682153,-125.28137428313994
36,56,76,64.40699645499433,33.406996454994214,23.171750069106906,-92.76576686415979
37,57,77,54.599580853542875,27.492042945952335,22.040176884052016,-90.39351658465239
38,58,78,57.938766019148545,35.93876601914849,31.280431116962973,-81.76924704378439
39,59,79,77.16605308113986,50.16605308113981,43.574788769287466,-112.50862800771051
40,60,80,86.57238739848441,56.57238739848435,49.47747704384585,-105.59016053640642
41,61,81,95.41029903988664,61.410299039886695,54.421678029431064,-138.41280430164488
42,62,82,83.38999777231322,46.392268714379725,40.878472641876215,-109.65742943034309
43,63,83,71.81156864102047,35.56305062862043,28.554270604464136,-148.61322556189737
44,64,84,71.40386024105658,42.40386024105658,34.89721408012315,-173.11149221502842
45,65,85,67.19068391502469,39.19068391502469,31.142183120028335,-117.71635678124903
46,66,86,68.84436736927307,35.84436736927296,25.999683070951733,-141.10474625698805
47,67,87,54.90104596675337,28.901045966753372,24.516806473896054,-102.25098280447071
48,68,88,48.84068259567255,30.132792118455768,32.432176146565325,-63.97174491312546
49,69,89,64.82827791094815,42.828277910948145,42.52833962283637,-84.86257711203086
50,70,90,66.14269154936915,45.14269154936915,40.92582730209165,-121.84835883688936
51,71,91,54.920956273690535,32.02625124000713,31.836304584231584,-114.81528175410199
52,72,92,46.35255576315939,30.352555763159444,26.79774863725345,-95.50380688573284
53,73,93,42.150131619916635,18.150131619916692,14.628191576799622,-135.63266455085954
54,74,94,31.625679623655458,11.625679623655401,11.513992709427043,-90.05176164271779
55,75,95,30.266918670820587,14.6778642096956,16.933259740519134,-48.419541253677494
56,76,96,22.688129583026125,7.688129583026125,6.458462156410633,-80.97179430444658
57,77,97,33.343129154070084,10.343129154070084,7.556547765198616,-120.24836024947354
58,78,98,28.824507556573508,7.824507556573508,9.541664615242553,-113.35546853668893
59,79,99,40.25659401820997,12.256594018209967,8.283957469677375,-142.81719587488988
60,80,100,36.01235431822039,11.012354318220446,9.872510550266497,-107.10512173340419
61,81,101,38.39852664438024,13.39852664438024,9.962786572234677,-127.77597475678851
62,82,102,37.826501542557594,9.826501542557594,6.284842962523044,-146.18015303713537
63,83,103,35.55696727989073,7.556967279890728,4.7070703390940025,-152.4251512994914
64,84,104,35.891258450907685,9.891258450907685,8.810952627606184,-146.95282835417345
65,85,105,31.812661681234204,7.812661681234204,4.18164056530577,-78.9766248022853
66,86,106,42.184530993406725,14.184530993406725,10.641486872049995,-83.059214007234
67,87,107,57.68560241044224,27.685602410442243,22.363049459694025,-96.54886407112667
68,88,108,60.665802366573416,31.665802366573416,25.89202415703994,-100.79549157147551
69,89,109,59.488706424932275,22.488706424932275,17.365919563806187,-122.88327114213075
70,90,110,59.81938003395777,23.819380033957827,14.213965276705267,-191.01853503624102
71,91,111,40.0648144009013,4.064814400901355,-5.194026766071147,-195.4777277354774
72,92,112,27.76137971193259,1.761379711932591,-0.09437649971744122,-133.7982382077014
73,93,113,23.613863245643245,-6.386136754356585,-11.855552847295826,-103.57385989240674
74,94,114,19.374316280467553,-0.6256837195325033,-0.40914478762852013,-79.00201158627897
75,95,115,22.448915878674654,-2.1401385824503905,1.7594306453869422,-61.52380531626886
76,96,116,33.07325422127985,-0.9267457787201465,-7.110413130458824,-139.4259426270521
77,97,117,61.52658636310099,24.526586363101046,17.195894191311254,-147.15438185000278
78,98,118,67.61083865602893,21.610838656028932,13.404935874396529,-182.49300922743146
79,99,119,86.43616420401747,38.43616420401747,24.307097337714936,-159.42726997435193
80,100,120,82.86862372697459,43.86862372697459,33.116184149671085,-130.12734974681382
81,101,121,69.9270899074902,42.9270899074902,42.01605066819991,-87.53843253163313
82,102,122,81.97522443353887,59.97522443353887,59.0728035425642,-96.95896177510826
83,103,123,45.98166229397145,18.981662293971453,15.589910719111913,-77.74257396289147
84,104,124,43.319606134556125,12.319606134556125,11.869131939889485,-119.1504556205955
85,105,125,42.06565754199852,11.065657541998462,8.801603732550575,-86.61342746644323
86,106,126,35.774147937438045,5.7741479374381015,3.314813084207117,-43.26390394327632
87,107,127,41.784583435751415,13.784583435751415,14.514714968821977,-82.73891970096577
88,108,128,56.50078925255724,33.500789252557354,33.48679658592539,-84.54783802999714
89,109,129,53.232627977489756,30.232627977489756,32.32890622965988,-54.22551295583719
90,110,130,67.62946359670013,42.62946359670008,41.966312246794246,-91.38655138225238
91,111,131,68.01830431291575,40.01830431291569,36.82183378183902,-126.77120867990038
92,112,132,65.89012083902355,43.89012083902355,41.99081108734276,-97.75516538447357
93,113,133,42.39534595348965,19.395345953489652,19.38552803555592,-39.24014004198955
94,114,134,47.53743768041062,26.53743768041062,26.479456516492917,-83.88377295089299
95,115,135,54.701065737416286,27.701065737416286,28.043799700407646,-69.63684204913488
96,116,136,44.46680999940105,12.46680999940105,10.677177227876314,-115.96952312292512
97,117,137,47.17978860071878,21.672518148913923,20.877401307150308,-59.81213744683646
98,118,138,43.283284777518304,6.258085008759281,2.882962209922084,-131.66204132921655
99,119,139,47.19819683803581,11.198196838035813,7.045524261872401,-84.57938256674254
100,120,140,54.02288456331485,18.23043483954666,11.568228405670197,-102.65399639521013
101,121,141,41.929271717142456,25.929271717142456,25.989303308759474,-30.216744761982454
102,122,142,42.21366323547454,30.21366323547454,28.398152677510325,-22.411052797259572
103,123,143,64.46885666176661,40.46885666176661,31.63923169163843,-56.79306181474021
104,124,144,94.3388893578001,65.3388893578001,54.71308088434688,-115.62828639538111
105,125,145,92.82624488725128,66.82624488725128,58.86682608425184,-90.39578747020346
106,126,146,91.88616603179344,70.88616603179344,62.85699229143631,-19.887518187827936
107,127,147,90.79617695413515,73.79617695413515,69.95220187363344,13.177131255843278
108,128,148,89.21927308875837,79.21927308875837,75.97347967238824,-4.302511544234676
109,129,149,84.17246313036463,73.17246313036463,69.08222998693753,5.663760421206916
110,130,150,100.83992908127988,88.83992908127988,84.25182980107587,16.051856631025316
111,131,151,98.75700324289858,85.75700324289858,80.67866805230665,7.761648120220286
112,132,152,86.60765908208299,74.60765908208299,70.7555388925727,25.142678403184675
113,133,153,101.77819251082985,82.77819251082985,74.70920502188494,8.617932230537235
114,134,154,90.33631125530997,68.6407154655351,59.57182095433825,-21.825430882323076
115,135,155,88.40464938128594,61.404649381285935,49.22223364248009,-54.03283888775809
116,136,156,74.82151283046142,53.21556212507289,50.57615523848369,-3.9024959356656836
117,137,157,72.66539206015045,53.04375558467348,50.29582830508036,-9.669407562056108
118,138,158,64.55870658054482,43.533506811785855,42.67245684210161,1.8580882621557748
119,139,159,61.914402401018265,37.91440240101832,32.390962486722515,-39.34080711422462
120,140,160,73.86695135727962,44.07450163351143,36.93375611749718,-117.34588627892617
121,141,161,67.70801180453145,40.70801180453145,30.03821483379238,-104.61860399588704
122,142,162,76.1986348882138,45.1986348882138,34.27024132176655,-155.98611437226782
123,143,163,85.80858758074453,53.80858758074453,40.01476089914274,-152.86022379078383
124,144,164,99.52375595409808,67.52375595409802,54.01805470919396,-175.90281205960116
125,145,165,98.25610913678156,66.25610913678162,53.23005197144039,-127.53709355040507
126,146,166,102.774065753944,70.774065753944,58.814928763866305,-106.91291360065338
127,147,167,106.58629332933378,76.58629332933378,63.48981804698042,-96.2662924064972
128,148,168,123.83322167838242,87.83322167838247,74.73352199646604,-148.41294101180483
129,149,169,120.41808768384328,81.41808768384328,67.54648579401999,-163.55200891018035
130,150,170,134.40007060615824,92.40007060615824,80.25887481179387,-163.93099477167198
131,151,171,132.07233391787054,97.07233391787048,88.26271964193614,-134.45073421633083
132,152,172,125.0748127292137,101.0748127292137,97.44379161328527,-111.95250936912225
133,153,173,147.89107892338933,122.89107892338933,117.7370284612332,-136.13280385542555
134,154,174,81.96606776547452,63.27047197569976,60.54720613875327,-54.46837631670758
135,155,175,60.385050928870385,41.38505092887033,43.59642834992201,-26.0129558239571
136,156,176,41.84292421792111,28.236973512532586,33.19326929174633,-12.177461966180203
137,157,177,50.03477127171482,34.9204052480427,36.55292091221713,-31.148428430635477
138,158,178,44.5943775823182,31.594377582318202,36.79257149745439,7.151273702093135
139,159,179,33.28323792765411,23.283237927654113,25.58262195576367,-24.751484050244812
140,160,180,44.48519976323007,26.48519976323007,24.80165469712358,-81.93998470833185
141,161,181,44.2843486347615,26.2843486347615,25.293950749215014,-72.75210297276021
142,162,182,62.5616223576024,34.5616223576024,28.939136694565946,-108.84944568751007
143,163,183,47.71637806795536,24.71637806795536,23.316091040203787,-93.1636579443923
144,164,184,55.20608075032948,24.20608075032942,18.476291038081854,-156.66673198825652
145,165,185,32.829072538959394,4.8290725389593945,5.098337910682403,-148.23786935009332
146,166,186,27.492812976177902,-5.507187023822098,-6.8738352617177725,-137.0049577879081
147,167,187,27.47911129688265,-3.520888703117407,-5.7849425125651806,-119.23912118284136
148,168,188,35.28425381848939,0.28425381848933284,-1.5856049174162763,-140.3017853932272
149,169,189,31.630299504004142,-5.369700495995858,-9.581230355265689,-179.32926565527976
150,170,190,38.67968298078682,1.6796829807867653,-0.6941367338131386,-170.0852626593578
151,171,191,34.916149221355795,3.916149221355795,4.40713373253368,-135.1907122905318
152,172,192,27.282193439298908,8.282193439298851,17.844799322848644,-59.74401234265258
153,173,193,21.662451932916724,0.6624519329167242,11.83846836203395,-89.21849114361214
154,174,194,-1.6557950949460292,-21.65579509494603,-17.750174219287032,-47.64411341792652
155,175,195,-6.756910715398362,-24.756910715398362,-18.58193125476987,11.478989984557757
156,176,196,-9.025304629536379,-22.02530462953638,-16.287884675190753,12.871931405036207
157,177,197,-17.096152576398367,-19.096152576398367,-8.823958597871297,56.25588888313143
158,178,198,-10.479680030363284,-13.479680030363284,-4.229497142015077,69.04015527839101
159,179,199,5.380575052844961,7.380575052844961,18.080367854238148,81.20909118574696
160,180,200,12.577616489110085,16.577616489110085,27.92656797377731,78.71447487202408
161,181,201,18.727223734799907,20.727223734799907,30.0407221750732,70.21992967326025
162,182,202,41.52141466460125,33.27089796882353,34.442584231521266,2.920529302258842
163,183,203,55.411724211627984,49.411724211627984,50.92998406460566,25.604564343725656
164,184,204,65.95142484114359,57.95142484114359,59.167099601127234,25.100086701827536
165,185,205,65.53653162046976,44.53653162046976,40.666240963472376,-61.01742112755494
166,186,206,64.58752811107661,38.58752811107661,35.68724434733656,-70.19412359639216
167,187,207,45.64502251909869,22.014806737590163,19.98468808120367,-92.68582726654756
168,188,208,41.688878119663116,24.86227250127837,25.974276198027383,-11.690699507966201
169,189,209,41.9084313968508,23.9084313968508,22.725637412774574,-30.02613637997058
