Left,Mid,Right,Loss,Loss_left,Loss_right,gain,glasso
0,20,40,1340.4696508734937,962.8807223771432,985.0644266196737,-607.4754981233232,0.4720336975740338
1,21,41,1343.7745113687092,964.937939697919,989.1790070876178,-610.3424354168276,0.324728841367687
2,22,42,1344.8698293395082,967.6424432433445,986.7076262831177,-609.480240186954,1.0796734618090795
3,23,43,1346.0143325154258,968.7354781844878,987.2954802990303,-610.0166259680923,-0.5562480464116106
4,24,44,1345.6885353684988,966.7394397885131,992.0360626505716,-613.0869670705858,1.9683862219380899
5,25,45,1347.9836418459026,977.7787786190314,984.5186379070001,-614.313774680129,2.584818295231571
6,26,46,1354.1557960950586,977.9248004151398,988.9844882477801,-612.7534925678613,3.807703862268454
7,27,47,1346.2375885016218,977.1312669510751,989.0069979207597,-619.900676370213,2.4749681092408764
8,28,48,1344.6625567272044,977.8661387293546,981.4990882540019,-614.702670256152,0.45734317835876936
9,29,49,1343.402242211871,976.9464315797296,985.0293875424472,-618.5735769103057,1.3638527245600471
10,30,50,1343.099444257104,984.0367235190818,978.2287573629062,-619.1660366248839,2.3722281522992716
11,31,51,1346.0785201263657,981.0983199776432,987.0584974099673,-622.0782972612449,3.2350916590150973
12,32,52,1348.9014406825527,982.1886367276556,994.713768188077,-628.00096423318,3.197425984046845
13,33,53,1353.3590424458466,983.8093358021014,990.9400434134781,-621.3903367697328,1.447950574037577
14,34,54,1353.4212526893798,985.3282464186823,991.5408586897846,-623.4478524190872,1.4752542352099454
15,35,55,1360.095171619355,981.8714666892455,1003.1306206275498,-624.9069156974404,4.115074317149492
16,36,56,1367.195927526102,981.4350230233918,1006.0946746429993,-620.3337701402891,4.775996000774171
17,37,57,1365.1676532806214,985.1764046422245,998.4664302933121,-618.4751816549151,4.6212056895426485
18,38,58,1364.525799983413,984.2101940872813,1000.5254235307491,-620.2098176346174,4.959835801501185
19,39,59,1365.364532149089,976.2939345685917,1006.2916516833519,-617.2210541028546,7.009003164285559
20,40,60,1360.6923247873146,985.0644266196737,997.886129488401,-622.2582313207599,5.373920487013379
21,41,61,1364.5465541716146,989.1790070876178,994.0226219333354,-618.6550748493385,3.5377692377097674
22,42,62,1377.9064368856261,986.7076262831177,1006.2673951247327,-615.0685845222242,4.411027751238635
23,43,63,1376.1721469202269,987.2954802990303,1006.7706852739128,-617.8940186527163,3.1648340505221313
24,44,64,1386.4439474481094,992.0360626505716,1017.2038517426473,-622.7959669451095,2.0464385944710557
25,45,65,1392.8689738303808,984.5186379070001,1027.8191541565527,-619.468818233172,2.8723489829620803
26,46,66,1395.3212826672727,988.9844882477801,1024.9506364730505,-618.6138420535578,2.9958134148143927
27,47,67,1405.6483520873362,989.0069979207597,1035.025215968537,-618.3838618019604,3.203477384028133
28,48,68,1398.9018890612865,981.4990882540019,1030.5976488141732,-613.1948480068886,0.8861006029635519
29,49,69,1403.2709899775955,985.0293875424472,1032.4046707648863,-614.163068329738,1.6602326253118918
30,50,70,1402.4559439048835,978.2287573629062,1030.9536619758173,-606.72647543384,3.564661441932003
31,51,71,1406.3779486665208,987.0584974099673,1028.0225449095974,-608.7030936530441,6.20592145274054
32,52,72,1413.7502772803234,994.713768188077,1031.1215062118947,-612.0849971196483,7.337152680543113
33,53,73,1416.9951320325117,990.9400434134781,1032.9944163013674,-606.9393276823339,7.287291857644959
34,54,74,1418.3147751804322,991.5408586897846,1031.7651476466544,-604.991231156007,8.2317243741619
35,55,75,1424.7451418959404,1003.1306206275498,1028.5011106750503,-606.8865894066598,9.4079424298925
36,56,76,1423.3624317299264,1006.0946746429993,1022.6969421269087,-605.4291850399816,8.083788862373126
37,57,77,1416.738048173646,998.4664302933121,1020.5820407131032,-602.3104228327693,7.308145526921976
38,58,78,1416.748990877291,1000.5254235307491,1018.814298738563,-602.5907313920211,7.393341516070109
39,59,79,1412.9626193948525,1006.2916516833519,1007.6730160416237,-601.0020483301232,7.260757557049828
40,60,80,1410.6879427819217,997.886129488401,1011.7572452009035,-598.9554319073827,5.119301153327115
41,61,81,1399.4982388056515,994.0226219333354,1005.5073843909317,-600.0317675186157,5.237729547282015
42,62,82,1407.4551482226238,1006.2673951247327,1002.6911584875556,-601.5034053896645,4.628152871368798
43,63,83,1412.4233769334833,1006.7706852739128,1005.7069227008096,-600.0542310412393,4.4067689011268385
44,64,84,1412.6353296285238,1017.2038517426473,1002.9425736858889,-607.5110958000123,4.405283223072388
45,65,85,1407.4482261577318,1027.8191541565527,992.1719174785122,-612.5428454773332,3.11211139122463
46,66,86,1402.1406093537184,1024.9506364730505,984.7562295366296,-607.5662566559618,4.560448424260926
47,67,87,1409.391420492754,1035.025215968537,978.9511396870876,-604.5849351628706,6.7437870113736835
48,68,88,1409.173653490439,1030.5976488141732,978.0189506026247,-599.442945926359,7.71323816578672
49,69,89,1408.8575093890367,1032.4046707648863,977.5411714992632,-601.0883328751129,5.07215154352491
50,70,90,1415.953720478587,1030.9536619758173,985.0768772591312,-600.0768187563615,6.360125136648094
51,71,91,1407.8340860153573,1028.0225449095974,983.4291600931682,-603.6176189874084,5.914257729770952
52,72,92,1401.0787503985093,1031.1215062118947,982.1890173619859,-612.2317731753712,5.804353651984684
53,73,93,1406.7617146328482,1032.9944163013674,984.49291685051,-610.7256185190292,8.094457454291387
54,74,94,1400.0861286690608,1031.7651476466544,983.4434494259028,-615.1224684034964,5.667690638012914
55,75,95,1386.240777001617,1028.5011106750503,976.8123255711461,-619.0726592445794,3.420323509489208
56,76,96,1370.3788873851543,1022.6969421269087,971.4272416951605,-623.7452964369149,1.9998013672520756
57,77,97,1367.2453635908826,1020.5820407131032,967.204127205139,-620.5408043273596,1.8650933657366977
58,78,98,1372.6945090954387,1018.814298738563,976.1244072158825,-622.2441968590069,1.311458076127792
59,79,99,1361.2952365344954,1007.6730160416237,982.8191955743696,-629.1969750814978,-0.3057174825394213
60,80,100,1367.53047089241,1011.7572452009035,985.7296581512142,-629.9564324597077,-0.0828520301130311
61,81,101,1375.298095729738,1005.5073843909317,996.5600258865779,-626.7693145477717,2.2019748092625377
62,82,102,1373.9827910236395,1002.6911584875556,998.7968649255532,-627.5052323894693,2.7191417961757907
63,83,103,1373.7422905069511,1005.7069227008096,995.1298092467973,-627.0944414406558,2.360279257672687
64,84,104,1367.404973630779,1002.9425736858889,989.1390583579935,-624.6766584131033,3.241847186954942
65,85,105,1358.2995529379928,992.1719174785122,987.6767392806204,-621.5491038211399,2.9283650111949555
66,86,106,1361.4954273573753,984.7562295366296,997.1236270744125,-620.3844292536669,5.626119056852417
67,87,107,1359.0504431535526,978.9511396870876,997.00585604086,-616.9065525743949,6.462315181110171
68,88,108,1365.0620104589034,978.0189506026247,1002.4849096174886,-615.44184976121,9.917182984767237
69,89,109,1366.5941963868127,977.5411714992632,996.838937923138,-607.7859130355887,8.208605651480525
70,90,110,1379.2810635799706,985.0768772591312,998.7407422453425,-604.5365559245031,8.240748186116093
71,91,111,1379.9400534782972,983.4291600931682,1003.3636137256573,-606.8527203405283,9.803004499688882
72,92,112,1376.0002122720439,982.1890173619859,1004.7514791498331,-610.9402842397751,9.139313800029527
73,93,113,1366.9488651987149,984.49291685051,1004.4574824087773,-622.0015340605723,5.982387600052107
74,94,114,1369.4773298528992,983.4434494259028,1009.8388054430325,-623.8049250160361,5.199322310890693
75,95,115,1368.1884231480617,976.8123255711461,1014.634731530998,-623.2586339540824,5.463846769049724
76,96,116,1369.7273994419959,971.4272416951605,1019.0169388258741,-620.7167810790388,5.8244056992682545
77,97,117,1371.2514896391945,967.204127205139,1021.338589770801,-617.2912273367456,5.936397830873261
78,98,118,1371.218089993616,976.1244072158825,1018.1355417809935,-623.04185900326,3.506733878140494
79,99,119,1370.618027204134,982.8191955743696,1016.2711903638949,-628.4723587341305,2.434657544433776
80,100,120,1370.6398937892322,985.7296581512142,1014.0333324855446,-629.1230968475265,2.0611061551260264
81,101,121,1374.6612519814225,996.5600258865779,1006.0160969148661,-627.9148708200214,2.5966761880386002
82,102,122,1375.2119171452184,998.7968649255532,999.7007546385825,-623.2857024189173,4.664355476343417
83,103,123,1372.9818490564542,995.1298092467973,997.5569144432905,-619.7048746336336,5.089399050131988
84,104,124,1369.8850201161904,989.1390583579935,995.7270287598423,-614.9810670016454,5.649850171561297
85,105,125,1367.2374234180193,987.6767392806204,997.4707710868487,-617.9100869494498,4.315829726459015
86,106,126,1371.9221745585287,997.1236270744125,997.5106478927542,-622.712100408638,3.1114580721355196
87,107,127,1367.1497586615615,997.00585604086,990.9376994017407,-620.7937967810392,5.164543833971038
88,108,128,1368.681234275843,1002.4849096174886,991.3334142200656,-625.137089561711,4.136357057029272
89,109,129,1366.047192173071,996.838937923138,995.0192135721645,-625.8109593222316,4.2472522768283625
90,110,130,1361.266465189416,998.7407422453425,977.4605196330971,-614.9347966890236,3.7460063300070487
91,111,131,1365.2081807330114,1003.3636137256573,965.3272035914368,-603.4826365840827,6.851882775775493
92,112,132,1369.5435733101317,1004.7514791498331,972.8629104109741,-608.0708162506755,4.69942281895203
93,113,133,1378.0612226126232,1004.4574824087773,981.8096475634012,-608.2059073595553,4.986047123073604
94,114,134,1386.2041763301775,1009.8388054430325,989.1711169471391,-612.8057460599941,6.324298345596617
95,115,135,1389.0618914585468,1014.634731530998,986.8983868812802,-612.4712269537315,6.16632259457208
96,116,136,1397.7100980415807,1019.0169388258741,991.922183046624,-613.2290238309174,8.900612429913508
97,117,137,1398.6622398460952,1021.338589770801,996.7952227530415,-619.4715726777474,7.553743722163063
98,118,138,1397.048538126462,1018.1355417809935,999.5451492871919,-620.6321529417232,6.6180979879191
99,119,139,1399.7648632395274,1016.2711903638949,1003.0182071614672,-619.5245342858348,6.735946172447711
100,120,140,1390.1328698155564,1014.0333324855446,998.202172947536,-622.1026356175241,4.370765370544973
101,121,141,1376.33689324602,1006.0160969148661,997.5116279040184,-627.1908315728645,2.1591996223739898
102,122,142,1366.1594547084212,999.7007546385825,997.0344334551794,-630.5757333853405,0.9411361007172445
103,123,143,1369.7858320318992,997.5569144432905,1000.0611144916484,-627.8321969030396,1.0217490132059766
104,124,144,1376.9051933967253,995.7270287598423,1005.1583913416173,-623.9802267047344,2.351691197887021
105,125,145,1377.982848603108,997.4707710868487,1003.9097697593587,-623.3976922430993,3.967631974361211
106,126,146,1372.6591113255365,997.5106478927542,1003.948216394152,-628.7997529613697,0.07353548726882764
107,127,147,1376.018798009106,990.9376994017407,1014.8923570004923,-629.811258393127,-1.1467514259554719
108,128,148,1370.6994478275506,991.3334142200656,1012.039897043498,-632.6738634360131,-3.114133348031146
109,129,149,1377.369791479584,995.0192135721645,1009.7104074233816,-627.3598295159622,-1.7256781393244864
110,130,150,1361.8095035211518,977.4605196330971,1009.2876051041541,-624.9386212160994,-1.5270101763702542
111,131,151,1341.4251638322148,965.3272035914368,1000.5395490397763,-624.4415887989983,-3.372452711499932
112,132,152,1342.2260404980211,972.8629104109741,994.9307480880886,-625.5676180010416,-1.1744822557286625
113,133,153,1351.8339238776946,981.8096475634012,991.294694369025,-621.2704180547316,-1.1426108865543938
114,134,154,1362.8123272715525,989.1711169471391,987.3686142767156,-613.7274039523022,-1.80289127545052
115,135,155,1375.313793343458,986.8983868812802,1002.1208282887667,-613.7054218265889,0.20467027784673064
116,136,156,1381.1755157132827,991.922183046624,992.2110292858825,-602.9576966192237,4.6725827450737825
117,137,157,1374.1633265914465,996.7952227530415,989.9512052261668,-612.5831013877619,2.5543760250917558
118,138,158,1372.4180504964143,999.5451492871919,986.1385772352074,-613.2656760259852,1.5247384887875342
119,139,159,1377.64840287454,1003.0182071614672,987.1479320190344,-612.5177363059618,1.636475725307264
120,140,160,1374.4892886125804,998.202172947536,985.1308949436138,-608.8437792785694,2.2969520457097587
121,141,161,1372.7578124438305,997.5116279040184,980.1672088582344,-604.9210243184223,3.5730687879677134
122,142,162,1370.852257653722,997.0344334551794,977.1603811818652,-603.3425569833225,4.4480775784995785
123,143,163,1361.9107246192846,1000.0611144916484,974.5881621910262,-612.73855206339,0.9479700220247196
124,144,164,1359.9255545241476,1005.1583913416173,970.344935701771,-615.5777725192406,0.2627505670508299
125,145,165,1362.2210147404553,1003.9097697593587,971.2885420138512,-612.9772970327544,0.8815929407186331
126,146,166,1364.0558492762498,1003.948216394152,976.3946904239299,-616.2870575418322,-2.8500990078746327
127,147,167,1379.6061386497277,1014.8923570004923,985.9983133724634,-621.2845317232282,-2.0691031669422273
128,148,168,1369.4177289362567,1012.039897043498,984.5054623431873,-627.1276304504286,-3.357418626184881
129,149,169,1363.5760446735496,1009.7104074233816,982.6023284943439,-628.736691244176,-2.0702452074317534
130,150,170,1357.3783935125502,1009.2876051041541,980.0855360564167,-631.9947476480206,-0.9567669772034151
131,151,171,1357.5051245121208,1000.5395490397763,987.8168234435708,-630.8512479712263,-1.26635084441034
132,152,172,1351.3062640381386,994.9307480880886,981.2480909743604,-624.8725750243104,-1.0856574452205905
133,153,173,1356.2826288679128,991.294694369025,990.3582135690071,-625.3702790701193,1.7648767010839492
134,154,174,1348.6074091867,987.3686142767156,982.4949807257724,-621.2561858157881,1.670487889859828
135,155,175,1365.2848777298072,1002.1208282887667,988.9394398925749,-625.7753904515343,4.808270798715739
136,156,176,1349.214452647374,992.2110292858825,987.729712952517,-630.7262895910258,1.12385166147169
137,157,177,1355.319163733938,989.9512052261668,991.5068597134059,-626.1389012056347,4.478033220133966
138,158,178,1356.316679234245,986.1385772352074,995.7194513738009,-625.5413493747633,5.0595439283513315
139,159,179,1356.5366446844155,987.1479320190344,993.8967768972327,-624.5080642318517,4.86920797497794
140,160,180,1359.6209495617716,985.1308949436138,996.9502809231219,-622.4602263049642,5.634321273207661
141,161,181,1358.6551328083629,980.1672088582344,998.3255737772831,-619.8376498271546,4.7017680360374925
142,162,182,1359.8117495470015,977.1603811818652,1003.1693190579597,-620.5179506928234,5.356919453478213
143,163,183,1359.6378886197467,974.5881621910262,1001.8626747443811,-616.8129483156606,6.230971997190409
144,164,184,1358.7540048650371,970.344935701771,1003.5698413650348,-615.1607722017686,7.442336691798573
145,165,185,1358.0221129353504,971.2885420138512,1003.0385103185715,-616.3049393970723,7.464112162869583
146,166,186,1354.9085862008592,976.3946904239299,1002.8046537028539,-624.2907579259245,8.1423075655282
147,167,187,1359.838732178007,985.9983133724634,998.3111305280596,-624.4707117225162,7.54464532905979
148,168,188,1359.4870270519386,984.5054623431873,999.1308889506917,-624.1493242419403,6.517395560626142
149,169,189,1362.103067492913,982.6023284943439,1001.1550579302541,-621.6543189316849,7.812597876859968
150,170,190,1363.3862375491317,980.0855360564167,1001.4475536718542,-618.1468521791392,9.844397040671765
151,171,191,1365.9597274581288,987.8168234435708,1002.9396774958576,-624.7967734812996,5.237109552793527
152,172,192,1364.838787541923,981.2480909743604,1007.3373547074507,-623.746658139888,5.364701359926244
153,173,193,1358.020723001834,990.3582135690071,992.6727477835999,-625.0102383507729,6.392973904561018
154,174,194,1351.8100050388016,982.4949807257724,996.8653272222201,-627.550302909191,5.213473666399409
155,175,195,1351.478974392025,988.9394398925749,995.037877517764,-632.4983430183138,2.997751917311234
156,176,196,1363.9594147864195,987.729712952517,1001.2946579519606,-625.064956118058,5.099264040117305
157,177,197,1360.924526631245,991.5068597134059,1001.5196733384033,-632.1020064205641,3.3813822509772535
158,178,198,1356.4105104270357,995.7194513738009,996.212018460251,-635.5209594070161,2.5109483956028953
159,179,199,1359.772318345067,993.8967768972327,997.0382679817286,-631.1627265338943,0.07713743194381095
160,180,200,1358.869109358731,996.9502809231219,992.1867986840264,-630.2679702484172,0.868898539192287
161,181,201,1362.6147912088184,998.3255737772831,997.737404206136,-633.4481867746008,0.4641571384729559
162,182,202,1357.9916232916469,1003.1693190579597,988.8157074696574,-633.9934032359702,0.3099224375424683
163,183,203,1362.6687270872862,1001.8626747443811,990.8721679883744,-630.0661156454694,0.7534917133679073
164,184,204,1362.4175953171684,1003.5698413650348,989.8115645460404,-630.9638105939066,0.8517387492628359
165,185,205,1362.726789506843,1003.0385103185715,989.3739302060359,-629.6856510177645,1.5774113308029882
166,186,206,1359.6717295938035,1002.8046537028539,982.1682555498759,-625.3011796589262,5.075974428361519
167,187,207,1348.9687884483624,998.3111305280596,972.1468118746961,-621.4891539543933,6.027622988322719
168,188,208,1352.6764057730295,999.1308889506917,978.5154914935606,-624.9699746712229,4.02341134257972
169,189,209,1362.8175294219552,1001.1550579302541,980.8662613432907,-619.2037898515896,4.341584257723866
