Left,Mid,Right,Loss,Loss_left,Loss_right,gain,glasso
0,20,40,1401.2214590607273,1031.8675376664637,1000.7780338936184,-631.4241124993548,4.589134860765398
1,21,41,1397.0404044267336,1024.1064971080555,1002.9407524616649,-630.0068451429868,3.9490387720834406
2,22,42,1406.641376715089,1025.0578211741133,1015.948504312662,-634.3649487716862,2.9336316810515655
3,23,43,1404.8126087864264,1025.6968844140638,1005.5670487379741,-626.4513243656115,5.846459399129003
4,24,44,1394.9569202156727,1019.27564926019,1004.0412043575725,-628.3599334020898,4.997696656245694
5,25,45,1393.6311658424245,1022.9243914849785,1003.4450939461008,-632.7383195886548,3.894140563067708
6,26,46,1391.1476745541167,1020.9569686839076,999.3202200187875,-629.1295141485784,3.3604000830287077
7,27,47,1392.4657165028134,1021.7680444197081,1003.3324183772406,-632.6347462941353,2.5126512342633305
8,28,48,1394.2257182164785,1023.6192261163173,1008.6478037897813,-638.0413116896202,1.8734877201197833
9,29,49,1387.857274730654,1013.8021121611472,1007.8718500485725,-633.8166874790659,1.4028017766738685
10,30,50,1388.5586185673137,1011.0183383075132,1006.0878936331404,-628.54761337334,3.091193745945475
11,31,51,1385.332194516097,1003.0633281941138,1012.4311276262964,-630.1622613043132,4.763658905620673
12,32,52,1390.421202163346,1000.2715797960739,1014.4549049435795,-624.3052825763075,6.874950636538756
13,33,53,1394.8196972318879,1013.3660704300518,1012.9540159994431,-631.5003891976071,5.036694683491078
14,34,54,1395.5722131431062,1014.0681079458545,1009.5512813218139,-628.0471761245622,6.342672307356338
15,35,55,1400.9908035403703,1016.53683427662,1009.608416730453,-625.1544474667028,6.900364065389226
16,36,56,1406.165211395823,1013.2789549438073,1011.9677608334911,-619.0815043814755,8.168243901999745
17,37,57,1399.3474470293493,1004.9201631034525,1017.458668086523,-623.0313841606262,8.975806466479412
18,38,58,1393.623115040646,999.3554816868617,1019.9942425853446,-625.7266092315604,8.506731612735507
19,39,59,1393.9020669565114,1002.4095919995009,1017.1914750755916,-625.6990001185811,8.655963127896484
20,40,60,1393.8386802774437,1000.7780338936184,1018.0732055798737,-625.0125591960484,8.518883286566847
21,41,61,1404.6313611946139,1002.9407524616649,1024.4296199123567,-622.7390111794077,11.381340695356926
22,42,62,1413.4034381788892,1015.948504312662,1013.8932742142526,-616.4383403480253,10.51845605957601
23,43,63,1401.3433732807018,1005.5670487379741,1014.0051587637483,-618.2288342210206,8.162010485511246
24,44,64,1405.2817541001864,1004.0412043575725,1021.825892399155,-620.5853426565411,8.18421984875522
25,45,65,1398.522762484192,1003.4450939461008,1014.4511650050837,-619.3734964669923,9.255690075326243
26,46,66,1397.2245751065566,999.3202200187875,1015.6671642983707,-617.7628092106015,8.121598593815861
27,47,67,1398.9852337793945,1003.3324183772406,1017.0330822127183,-621.3802668105645,4.838267701400355
28,48,68,1407.722115977198,1008.6478037897813,1026.133018529758,-627.0587063423413,5.8072044501213895
29,49,69,1416.1007364958841,1007.8718500485725,1035.7215547550582,-627.4926683077465,5.405509412192259
30,50,70,1416.0859305677332,1006.0878936331404,1036.4961588443566,-626.498121909764,5.486258903209773
31,51,71,1420.6143458410493,1012.4311276262964,1032.2665700797313,-624.0833518649783,7.82426166324808
32,52,72,1417.8031779380176,1014.4549049435795,1017.44296276568,-614.094689771242,10.348540796216184
33,53,73,1418.3722858743326,1012.9540159994431,1011.0377374913777,-605.6194676164882,12.872894417164616
34,54,74,1412.2597898054319,1009.5512813218139,1015.8251535187036,-613.1166450350856,9.835107869458625
35,55,75,1420.6273671871907,1009.608416730453,1019.8690292631863,-608.8500788064487,12.525203232807144
36,56,76,1427.8048519541276,1011.9677608334911,1024.651802890539,-608.8147117699027,10.777430647671395
37,57,77,1447.7177167657023,1017.458668086523,1019.5119955087073,-589.2529468295279,14.426836688294316
38,58,78,1447.0279674388157,1019.9942425853446,1016.4581818353506,-589.4244569818795,15.850407468382855
39,59,79,1436.5783631976801,1017.1914750755916,1011.4974400050648,-592.1105518829763,12.971711731664982
40,60,80,1433.465753587896,1018.0732055798737,1012.1448915335325,-596.7523435255102,13.040517135219261
41,61,81,1441.7951478334421,1024.4296199123567,1014.8683461999545,-597.5028182788692,12.9059133284577
42,62,82,1420.6444594517752,1013.8932742142526,1013.3786534956583,-606.6274682581357,11.563855824058692
43,63,83,1423.8532527320517,1014.0051587637483,1015.1604978408345,-605.3124038725311,12.686680993277832
44,64,84,1435.0314622642518,1021.825892399155,1017.4298549951949,-604.224285130098,10.244847751923999
45,65,85,1424.298411996043,1014.4511650050837,1017.1210517325803,-607.273804741621,9.93198082888091
46,66,86,1422.065406878949,1015.6671642983707,1017.7196591885595,-611.3214166079811,9.85668289214209
47,67,87,1422.0351010322493,1017.0330822127183,1013.7121308515693,-608.7101120320385,10.235502143078406
48,68,88,1423.9308430773526,1026.133018529758,1010.8360062922474,-613.0381817446528,8.55969158433561
49,69,89,1430.0945341249703,1035.7215547550582,1001.1236385034701,-606.750659133558,11.54783159389467
50,70,90,1424.2716180181742,1036.4961588443566,1005.7909182120488,-618.0154590382313,7.6313326353567845
51,71,91,1421.3954499736574,1032.2665700797313,1005.6741251847848,-616.5452452908587,7.756425519107211
52,72,92,1407.3573366606302,1017.44296276568,1012.056243755774,-622.1418698608238,5.45289624357747
53,73,93,1395.6968754598377,1011.0377374913777,1006.1553958983184,-621.4962579298583,4.588919669601751
54,74,94,1397.3464398182168,1015.8251535187036,1006.7785967308924,-625.2573104313792,4.049934965254238
55,75,95,1388.7663364090404,1019.8690292631863,994.8981265410953,-626.0008193952413,1.3327100879068894
56,76,96,1387.5538332598805,1024.651802890539,997.6522567358915,-634.7502263665499,2.480240566192606
57,77,97,1383.2803515413002,1019.5119955087073,999.5696270031069,-635.801270970514,0.6975108963227967
58,78,98,1385.7131662969814,1016.4581818353506,1002.7199103495095,-633.4649258878787,0.9161609861027955
59,79,99,1387.5101941902176,1011.4974400050648,1018.0441746761526,-642.0314204909998,-0.7639375938903186
60,80,100,1386.3254670968308,1012.1448915335325,1016.4517589519767,-642.2711833886783,0.2727219627172417
61,81,101,1388.3037720246057,1014.8683461999545,1004.8858063250702,-631.4503805004192,3.558470814349107
62,82,102,1391.0855895111222,1013.3786534956583,1003.2695035953415,-625.5625675798776,7.006073971023056
63,83,103,1392.313371210043,1015.1604978408345,1005.1861014210435,-628.0332280518351,7.629340960870081
64,84,104,1390.3168863706424,1017.4298549951949,999.3320877478156,-626.4450563723681,6.084494159675728
65,85,105,1402.6371174983785,1017.1210517325803,1009.3144405966199,-623.7983748308218,8.73643586198466
66,86,106,1403.461876052968,1017.7196591885595,1009.9585934362935,-624.2163765718851,9.425394833527662
67,87,107,1398.9821501764545,1013.7121308515693,1006.385467472014,-621.115448147129,9.265577516771259
68,88,108,1395.0869869543717,1010.8360062922474,1005.0527164836727,-620.8017358215484,9.413741793124814
69,89,109,1387.0007527464904,1001.1236385034701,999.9402669879653,-614.063152744945,12.395393653852807
70,90,110,1394.9387226543004,1005.7909182120488,1004.9665586186804,-615.8187541764289,11.022719090606302
71,91,111,1398.2971518028403,1005.6741251847848,1004.1375090342042,-611.5144824161487,9.588841780027451
72,92,112,1402.4155130454142,1012.056243755774,1005.5117233614897,-615.1524540718494,8.924210008490263
73,93,113,1393.0045606456924,1006.1553958983184,997.5224029893461,-610.6732382419721,9.947207914689784
74,94,114,1396.2907958586634,1006.7785967308924,999.2102300491842,-609.6980309214132,10.853721382336403
75,95,115,1391.4684175847406,994.8981265410953,1012.3500175214697,-615.7797264778244,11.093229140775406
76,96,116,1398.1348872891401,997.6522567358915,1012.9791058750209,-612.4964753217721,10.890238839969584
77,97,117,1394.1483300741793,999.5696270031069,1008.8146236917344,-614.235920620662,9.35752362821745
78,98,118,1401.4080757180684,1002.7199103495095,1010.5826720059521,-611.8945066373933,13.848006144791839
79,99,119,1399.9621646227101,1018.0441746761526,1005.8684836247885,-623.9504936782309,9.250097676854011
80,100,120,1396.4168189830834,1016.4517589519767,997.638487181933,-617.6734271508262,10.121033686439091
81,101,121,1385.6722621708354,1004.8858063250702,1002.8758520388103,-622.0893961930451,3.6949375041609755
82,102,122,1382.0399847200697,1003.2695035953415,1001.8977483731377,-623.1272672484095,4.874801601368176
83,103,123,1383.4602254245985,1005.1861014210435,1002.6392276257967,-624.3651036222416,4.04140476531154
84,104,124,1376.7200231914367,999.3320877478156,1005.8965709611975,-628.5086355175765,4.445042623937525
85,105,125,1382.8024195270536,1009.3144405966199,1002.2911789328246,-628.8032000023909,5.5357450957837955
86,106,126,1391.0946128739995,1009.9585934362935,1011.5363851672287,-630.4003657295227,5.831508172260328
87,107,127,1397.6037269960837,1006.385467472014,1019.4820794560251,-628.2638199319556,6.937206195025169
88,108,128,1395.3863912572149,1005.0527164836727,1021.964089134689,-631.6304143611467,5.459214044044302
89,109,129,1392.7443926235142,999.9402669879653,1018.6693929515993,-625.8652673160504,5.421957069580117
90,110,130,1394.158314343464,1004.9665586186804,1016.4542901774304,-627.2625344526468,6.079806967467903
91,111,131,1390.588935413886,1004.1375090342042,1011.6405918076034,-625.1891654279216,5.9837799479271325
92,112,132,1389.410258117859,1005.5117233614897,1007.8470607523352,-623.9485259959658,8.183842911562351
93,113,133,1384.4519399194298,997.5224029893461,1003.40618074661,-616.4766438165263,9.283337930748303
94,114,134,1385.363974722439,999.2102300491842,1006.2689973657838,-620.1152526925291,6.573406781394169
95,115,135,1389.375665650494,1012.3500175214697,1010.4732138376191,-633.4475657085948,4.40508909068069
96,116,136,1389.254651701326,1012.9791058750209,1005.794856653635,-629.5193108273297,6.515555859956294
97,117,137,1388.6905016056958,1008.8146236917344,1010.0907713299823,-630.2148934160209,7.818238351503396
98,118,138,1389.0113006039473,1010.5826720059521,1010.8679135036223,-632.4392849056271,6.1716116957851455
99,119,139,1391.138866265147,1005.8684836247885,1015.6115125979123,-630.3411299575537,6.703016642740863
100,120,140,1388.2955876480764,997.638487181933,1018.1918784370096,-627.5347779708661,6.6708973980790915
101,121,141,1395.8852752596122,1002.8758520388103,1022.1439995680968,-629.134576347295,2.6259652491035013
102,122,142,1398.3168147035126,1001.8977483731377,1023.4279011524733,-627.0088348220984,4.508749897550956
103,123,143,1399.2876366959758,1002.6392276257967,1021.3730256520395,-624.7246165818603,3.5788338578316825
104,124,144,1402.7541324743247,1005.8965709611975,1019.6773024931088,-622.8197409799816,3.244813119856758
105,125,145,1398.2432206064977,1002.2911789328246,1018.2961516433,-622.344109969627,4.572941233376923
106,126,146,1401.2818688486686,1011.5363851672287,1017.5687659069796,-627.8232822255395,2.364033131026531
107,127,147,1408.1235717067248,1019.4820794560251,1014.1963872006806,-625.554894949981,5.259319258689061
108,128,148,1414.6105012633789,1021.964089134689,1013.9302198649561,-621.2838077362662,4.9348995568979035
109,129,149,1408.920836854213,1018.6693929515993,1017.0443859048701,-626.7929420022565,5.222638887668836
110,130,150,1400.596460344665,1016.4542901774304,1007.0038355318782,-622.8616653646436,5.9974833022440635
111,131,151,1396.6465944166748,1011.6405918076034,1005.86780490156,-620.8618022924886,6.294718730137674
112,132,152,1399.5768156550027,1007.8470607523352,1012.3827576447773,-620.6530027421097,6.905149926712511
113,133,153,1395.3882127612583,1003.40618074661,1010.9174147975502,-618.9353827829018,8.05648882947753
114,134,154,1399.1138965582163,1006.2689973657838,1013.4444730486944,-620.5995738562619,5.793021362381523
115,135,155,1396.9465567481466,1010.4732138376191,1000.9324005766343,-614.4590576661069,7.166167155155449
116,136,156,1409.8913633087525,1005.794856653635,1003.972382033243,-599.8758753781256,9.55195152611293
117,137,157,1410.7441068373066,1010.0907713299823,1003.3800861760434,-602.7267506687192,9.94009169511105
118,138,158,1408.7919430698107,1010.8679135036223,1000.476091923215,-602.5520623570264,10.53296829528756
119,139,159,1413.129872713239,1015.6115125979123,990.0845918609452,-592.5662317456186,13.42643687072598
120,140,160,1418.9972134097316,1018.1918784370096,995.6020380093898,-594.7967030366679,14.416466919491427
121,141,161,1417.2863839146898,1022.1439995680968,993.2783133680657,-598.1359290214727,11.023716553137092
122,142,162,1411.8899779173366,1023.4279011524733,987.1876557317714,-598.725578966908,11.660350980647081
123,143,163,1414.6041375846473,1021.3730256520395,989.5014346765067,-596.270322743899,15.007705592917091
124,144,164,1410.4128969479357,1019.6773024931088,989.7570988699358,-599.0215044151089,13.461050739372695
125,145,165,1407.4967650650306,1018.2961516433,988.7193634644847,-599.5187500427542,13.95443771751502
126,146,166,1398.8862945434275,1017.5687659069796,984.8359512686346,-603.5184226321867,10.244053874129463
127,147,167,1388.1745956749446,1014.1963872006806,984.7094545357629,-610.731246061499,3.6479072322974844
128,148,168,1379.6830172045547,1013.9302198649561,983.8657978118852,-618.1130004722866,1.433685010199497
129,149,169,1379.9651547698786,1017.0443859048701,987.1457077186687,-624.2249388536602,0.9849397171884675
130,150,170,1376.6368497951817,1007.0038355318782,986.9256323252595,-617.2926180619561,-0.14536062980812403
131,151,171,1388.5204074126534,1005.86780490156,1001.6553660078135,-619.0027634967203,0.39147615118463364
132,152,172,1388.1996978788347,1012.3827576447773,997.5662536411415,-621.7493134070842,0.04913868056553383
133,153,173,1384.005518960017,1010.9174147975502,997.9074131608195,-624.8193089983527,1.0412053244521076
134,154,174,1379.0321228732591,1013.4444730486944,991.0812016156744,-625.4935517911097,0.1667203259935377
135,155,175,1386.7625486212146,1000.9324005766343,1004.9611247448028,-619.1309767002226,2.5574435801763684
136,156,176,1382.0802614580339,1003.972382033243,995.2700839422546,-617.1622045174636,2.013883111071209
137,157,177,1383.7014134860128,1003.3800861760434,999.8531651838006,-619.5318378738311,2.3797404864823193
138,158,178,1379.7234050234633,1000.476091923215,999.003038529615,-619.7557254293665,2.6425391538405165
139,159,179,1363.6838834791827,990.0845918609452,994.2153750965094,-620.616083478272,0.8160771263655988
140,160,180,1368.1449705716552,995.6020380093898,996.3610865210088,-623.8181539587433,0.7203154291053124
141,161,181,1367.055404225108,993.2783133680657,997.2998560299875,-623.5227651729451,-2.83653634773259
142,162,182,1364.0978905505372,987.1876557317714,1001.7901943435035,-624.8799595247378,-3.537195504531269
143,163,183,1361.5431034566259,989.5014346765067,994.2139754919826,-622.1723067118635,-0.8822480279657157
144,164,184,1363.229700137471,989.7570988699358,998.1308679592705,-624.6582666917354,-2.655105236173654
145,165,185,1359.9803773254494,988.7193634644847,999.9623635190355,-628.7013496580707,-1.9411543615301525
146,166,186,1352.7389191103116,984.8359512686346,995.1496166927312,-627.2466488510543,-0.43216614767538886
147,167,187,1351.8590120181589,984.7094545357629,992.8173314063474,-625.6677739239515,1.2747071938324552
148,168,188,1357.5301342765295,983.8657978118852,997.1453750298986,-623.4810385652543,1.581272854419808
149,169,189,1366.6302423505576,987.1457077186687,1004.5297658845243,-625.0452312526354,1.4076672190660702
150,170,190,1367.0602336142892,986.9256323252595,996.5056382875524,-616.3710369985226,5.117234306591172
151,171,191,1382.5102226029903,1001.6553660078135,990.7872674043871,-609.9324108092103,2.160073923386335
152,172,192,1383.4408283168664,997.5662536411415,995.2703515697696,-609.3957768940447,5.224822647906308
153,173,193,1389.504133504477,997.9074131608195,997.6760999058622,-606.0793795622046,6.21543154070514
154,174,194,1385.0507934468546,991.0812016156744,999.9783140398555,-606.0087222086754,5.445301803523421
155,175,195,1378.146964969714,1004.9611247448028,990.0007370024946,-616.8148967775835,5.548969334500043
156,176,196,1378.4793177665365,995.2700839422546,995.0816925326505,-611.8724587083686,9.053937632134307
157,177,197,1381.1381954821131,999.8531651838006,997.2204146082456,-615.9353843099329,6.486897585665247
158,178,198,1378.5081688109285,999.003038529615,996.7155083074738,-617.2103780261602,5.956370674591881
159,179,199,1382.3012024866082,994.2153750965094,998.7717321348683,-610.6859047447695,5.65447550754061
160,180,200,1381.0357792966238,996.3610865210088,1005.0256157609587,-620.3509229853437,4.887683774755715
161,181,201,1381.2254303802151,997.2998560299875,997.2971233111996,-613.371548960972,7.133191577597245
162,182,202,1388.228432113719,1001.7901943435035,995.8402585172519,-609.4020207470362,9.801764326997272
163,183,203,1378.154884611723,994.2139754919826,992.0129131349134,-608.0720040151732,-3.810284084961495
164,184,204,1382.0217830531874,998.1308679592705,1002.2653796008157,-618.3744645068987,5.111326893558839
165,185,205,1398.100791675457,999.9623635190355,1020.7314862322353,-622.5930580758138,7.117371122237046
166,186,206,1402.1608634394256,995.1496166927312,1023.6805565280822,-616.6693097813877,9.275199780050912
167,187,207,1402.2965168672645,992.8173314063474,1024.0343107517342,-614.5551252908172,10.241844130229538
168,188,208,1402.8726190541468,997.1453750298986,1020.6064201535628,-614.8791761293146,6.244571161271551
169,189,209,1398.5537223642955,1004.5297658845243,1014.1031165148299,-620.0791600350587,6.709344873672762
