Left,Mid,Right,Loss_likeli,Loss_AIC,Loss_BIC,Loss_eBIC
0,20,40,39.626248119009404,28.57358638790288,35.325920616209544,18.039341971217937
1,21,41,41.06893120650017,29.068931206500167,32.03505432942484,18.244946689352105
2,22,42,42.4514763460279,31.451476346027903,31.37003790883631,1.1980673606184382
3,23,43,40.95892865147505,30.95892865147505,30.952492035848593,-2.7985284495757696
4,24,44,48.172335768928406,35.172335768928406,36.92269189673425,-29.095992245216962
5,25,45,67.85166274750031,55.85166274750031,55.76902014093588,-30.149576468318173
6,26,46,70.61744946028955,57.61744946028955,56.69036712666809,-71.37660498021592
7,27,47,55.797236375585555,43.797236375585555,44.407740949581125,-43.69603235240015
8,28,48,82.93431420179888,63.934314201798884,60.93465852501811,-59.80652613394534
9,29,49,81.44944569489087,63.44944569489087,59.339885496824536,-70.53489587164427
10,30,50,57.6016316218421,39.6016316218421,39.92199048527391,-20.24450083153681
11,31,51,45.252226697513606,28.252226697513606,27.152447979166936,0.31298530380058764
12,32,52,27.91854459327078,9.91854459327078,7.927588899834177,-13.51510247023225
13,33,53,32.21278209867023,17.223900547962785,17.80096098322599,-10.659511190623448
14,34,54,36.91582169523525,18.91582169523531,16.38421455244702,-34.45818888607357
15,35,55,47.924384627149834,18.924384627149834,15.784217331189438,-79.3345881040816
16,36,56,52.90149918116924,20.901499181169243,10.861533839064919,-112.09777744980943
17,37,57,50.94703052333989,17.94703052333989,7.409199044458546,-84.7808693459092
18,38,58,50.94751478331955,23.947514783319548,17.43660089594016,-73.42815930718325
19,39,59,56.53339271499078,35.53339271499084,31.877424357070367,-58.035297324282055
20,40,60,61.790524661677466,47.790524661677466,47.63560083146581,-12.797870500116346
21,41,61,62.47765103804659,41.47765103804659,37.190390207738574,-8.228194013401662
22,42,62,56.61334998505686,40.61334998505686,38.31603441047082,-51.70120995143998
23,43,63,56.153609576878694,40.153609576878694,38.35587172609564,-8.309754148109505
24,44,64,48.79739960751749,30.79739960751749,29.497018943706507,-5.7335323613602895
25,45,65,51.635964801974865,35.635964801974865,32.17556328718251,7.973498083474169
26,46,66,55.07951479271247,33.43365324223362,33.804888275160124,-3.416748043212692
27,47,67,48.010319835168616,26.076192396988404,23.460230609253017,-61.075115267591514
28,48,68,67.24127189113949,46.24127189113949,42.59245753108473,-69.94713476458332
29,49,69,67.91923165141259,45.919231651412474,41.20450126735807,-73.71682944871327
30,50,70,61.37519276012512,37.375192760125174,37.07532063940141,-29.640665565837025
31,51,71,67.47514461996616,38.47514461996616,32.97100381663154,-95.58465337452049
32,52,72,66.31790649864388,44.317906498643765,37.0526231020101,-106.96391493048372
33,53,73,89.30682677377496,54.306826773775015,45.85898119512717,-137.82244178208987
34,54,74,100.54363498411601,66.54363498411601,59.141576952788,-127.87959099464774
35,55,75,98.90752397586152,57.38913579072698,54.00157424127667,-97.55561542701571
36,56,76,90.14223715837625,52.14223715837625,45.069150953087615,-137.52410284965924
37,57,77,88.67463525952621,54.67463525952621,46.06495277582769,-140.79608579560067
38,58,78,85.09983981902269,53.09983981902269,45.48588960887821,-101.30697140872758
39,59,79,85.5551717213225,57.555171721322495,49.027846044843045,-53.93267220423991
40,60,80,97.62783827194801,71.20108427104645,68.87076817980062,-89.98415597246515
41,61,81,98.964831772622,62.964831772622006,53.11294121379092,-137.66874409712545
42,62,82,79.92738597528961,50.92738597528967,43.07416622407618,-88.88788679268214
43,63,83,77.93419761229211,56.93419761229211,54.259802540800024,-33.43773135879974
44,64,84,83.17421748668454,62.17421748668454,58.08909431223515,-5.268752247233124
45,65,85,71.09864826323701,59.09864826323701,59.70915283723252,19.12695627656126
46,66,86,67.79642596870337,51.15056441822446,56.090571676715854,-8.904170838185337
47,67,87,64.10646721955095,45.17233978137074,45.25029255150184,-12.867456793068072
48,68,88,57.922657718247194,43.922657718247194,43.19085642840872,-35.6777808637363
49,69,89,76.7017106350931,64.70171063509304,59.04930815613852,-66.84656689963322
50,70,90,80.27772250535719,54.27772250535719,48.7707539989467,-64.34394145782176
51,71,91,55.55293649295504,34.55293649295504,27.793706719919328,-103.27335391452436
52,72,92,49.88372421517107,28.88372421517107,23.951331257487823,-105.62363906723658
53,73,93,78.51021480554414,59.66850046864943,51.52632078541751,-88.17036628787275
54,74,94,72.91144106515912,46.85349099798378,41.11565097812314,-63.74069092509751
55,75,95,64.69199195610332,39.173603770968896,35.573112051897795,-44.38825350803904
56,76,96,67.04683715419179,43.04683715419179,39.13156737070142,-44.04488650919711
57,77,97,66.21747616395464,42.21747616395464,34.42757196466641,-88.38714298735874
58,78,98,68.23783050046711,45.23783050046711,38.29236602823585,-75.87521337993189
59,79,99,46.90619165730368,22.90619165730368,15.80943463857534,-81.36726206118988
60,80,100,54.1088660905524,28.682112089650843,26.121404237161528,-68.1110475820708
61,81,101,70.77750388445298,36.77750388445298,26.881624828336044,-116.3539468013546
62,82,102,76.64764371532254,46.647643715322545,36.21711628565231,-55.3107906577909
63,83,103,77.77488544126942,54.77488544126942,48.71884471981673,-55.934608504938524
64,84,104,87.1185779622491,62.118577962249105,53.48423403590397,-76.04642483578937
65,85,105,83.27956889616979,59.27956889616979,50.44994392604161,-55.82506414066199
66,86,106,70.36024256432586,49.36024256432586,43.91469278563051,-58.21360720645225
67,87,107,61.584632366888,47.584632366888,45.62713209262529,-33.3417240313222
68,88,108,59.35448542481225,43.35448542481225,39.20093672946007,-2.3349176245685612
69,89,109,55.36813854743036,41.36813854743036,38.90346930619211,-29.326230224355868
70,90,110,43.72801774984606,32.72801774984606,32.31281970244652,5.852751218909702
71,91,111,63.81367359057617,50.81367359057617,47.80714971527493,-26.121249191618176
72,92,112,53.22048574336867,35.22048574336867,31.08854401545659,-53.52582145404699
73,93,113,55.403695389907284,53.56198105301257,55.4901300481954,23.377461014800133
74,94,114,70.63622208597701,65.57827201880173,67.15801034325654,-10.535869975881269
75,95,115,67.95068479071512,55.950684790715115,54.13517423275084,-24.977810676898685
76,96,116,73.00251909710119,63.002519097101185,61.489593632131005,-9.380629049789945
77,97,117,76.09887626700038,57.09887626700038,52.838023522437084,-66.12787880566862
78,98,118,64.33555273801386,49.33555273801386,47.06616454055853,-50.14017225029011
79,99,119,47.62345369339852,24.623453693398517,18.3711364017272,-71.40198821822662
80,100,120,56.652520712129046,30.652520712129046,25.1925930335496,-126.51278477545384
81,101,121,47.11367465273247,30.11367465273247,27.54170136228305,-48.21867236417506
82,102,122,56.001004567448035,35.001004567448035,30.090993139610703,-66.12555370452526
83,103,123,63.29133692364667,45.29133692364667,43.80406842775892,-109.91453988123465
84,104,124,61.68761705779741,40.68761705779741,37.16389999108003,-174.49789922392063
85,105,125,62.99112503936294,42.991125039362885,39.96527410942247,-122.30897451897977
86,106,126,62.50246699275942,36.50246699275942,30.64702807185887,-105.81308447113554
87,107,127,68.19933946396594,55.19933946396594,55.658551491464436,-92.98937792893321
88,108,128,74.26799044512677,57.26799044512677,54.69601715467729,-41.85365183854219
89,109,129,80.10082283550202,62.10082283550196,58.09202962249492,-85.57900406634735
90,110,130,77.8301461736936,65.83014617369366,64.68720306889907,-23.322719516307984
91,111,131,91.09192505261018,78.09192505261018,77.16484271898884,-48.58728886134588
92,112,132,67.95992911543289,53.95992911543283,54.96099577699442,-57.390642193382405
93,113,133,65.5115246672242,56.511524667224194,60.69506919323061,-25.77622976800012
94,114,134,85.52230152122962,74.52230152122962,77.0169665931221,2.8900919583304585
95,115,135,78.65255994560164,69.65255994560164,76.47422672011317,8.956009063569127
96,116,136,74.13787329065389,67.13787329065389,70.58428213881439,18.898520844984432
97,117,137,58.00674746483264,49.00674746483264,52.99454590007281,-29.305702010418372
98,118,138,63.978927831833005,59.978927831833005,65.66846048121897,-32.86055484809151
99,119,139,68.75440852566817,55.75440852566817,56.54564915131624,-26.96881997327614
100,120,140,79.52074633166438,57.46729442696483,54.246162453241425,-95.36664711813467
101,121,141,58.76705574924148,42.43805069799163,38.34122815892374,-46.50903427283572
102,122,142,65.97288032278271,44.972880322782714,36.8406092649592,-79.64014300112149
103,123,143,60.28402139663308,43.28402139663308,37.93945938394381,-72.15263133723636
104,124,144,58.54869246449152,42.54869246449152,40.23822746348708,-80.28904883379084
105,125,145,58.37676310587409,41.37676310587409,37.07192186402483,-73.03777563316555
106,126,146,55.35940404867671,36.692704687401715,33.73016930938638,-52.660295099817404
107,127,147,60.77171803044348,45.77171803044348,42.62931656141848,-50.69641062395203
108,128,148,57.731783803104065,41.99025601484078,38.33940026128852,-27.584768185389976
109,129,149,39.38931339640391,24.004379581150715,23.833759980014406,-20.03222633751932
110,130,150,53.71534336319564,34.29017875954355,31.28365488424231,-25.238361202976193
111,131,151,55.167030900462635,35.24133831711276,30.545934987697592,-48.7533552796084
112,132,152,65.78867773664024,45.78867773664024,38.60394372334014,-81.50641613570212
113,133,153,71.16267422148883,50.16267422148883,43.31760043268292,-44.89065141912761
114,134,154,61.402648171126714,43.40264817112666,38.460462563280885,-10.121277499929533
115,135,155,55.221511902068016,39.259163090219886,39.8864937369778,26.835582438714482
116,136,156,62.3490869640558,42.71956473724197,37.39634540669482,-27.80666254395021
117,137,157,53.82198971084409,37.341291896454436,35.242058253152095,-4.566335977687345
118,138,158,56.23100296678592,42.35685125045336,40.6477326196125,0.9157581287383891
119,139,159,61.1664655074041,39.1664655074041,33.88176498806945,-20.537393118525074
120,140,160,77.43029889362884,54.37684698892929,44.4195242533894,-40.23479078993387
121,141,161,74.32958432325421,49.0005792720043,42.569117787092125,-18.65243508282674
122,142,162,75.7673201401455,49.7673201401455,38.724490386086416,-50.391977969596496
123,143,163,93.21259900543362,67.15229060364868,52.71417263711578,-66.10128624171432
124,144,164,82.46739136217377,60.79165520875165,48.9970721663376,-59.280785319146844
125,145,165,83.44743469214029,60.44743469214029,46.84159705649881,-84.46035117740553
126,146,166,75.17266957580227,53.81209038895122,43.356901516634366,-49.47812046467118
127,147,167,74.21063214507342,50.09753079759457,38.012865921222954,-76.88091046383374
128,148,168,73.33800566825084,50.31310505558531,39.40886534880036,-44.43915330671496
129,149,169,56.055407841972624,43.74266086249128,39.75973176827529,11.895584352660308
130,150,170,55.37331323726346,43.94814863361137,40.3409077044156,-7.275855638854637
131,151,171,58.01118342413031,50.085490840780494,47.863580188576975,-3.5484287944015023
132,152,172,63.01245185391821,54.7029657400509,48.728572098726886,6.472832060094333
133,153,173,77.09622633698973,65.09622633698973,59.85779840212865,19.043429822182816
134,154,174,89.26349106560428,73.26349106560428,68.62389055075244,-15.552076078308119
135,155,175,80.6207825654526,58.98735591531943,56.58600222600626,-25.61944661051689
136,156,176,66.24392669396389,50.61440446715005,48.08989021092077,-1.077246016780805
137,157,177,64.99595321709762,46.51525540270791,44.30918275717772,-2.320136615753313
138,158,178,53.439068530009195,39.56491681367663,40.2254351044611,-18.666982210380866
139,159,179,55.75973891942624,33.75973891942624,31.03838328361303,-50.91602965648224
140,160,180,56.9400802891181,35.9400802891181,30.336921680720707,-58.74221431116109
141,161,181,57.10062307142266,32.10062307142266,30.565180347716023,-76.57662203142263
142,162,182,58.88705717851258,35.88705717851258,29.634739886841203,-78.86901529543093
143,163,183,54.27023076515502,39.27023076515502,39.42685769965942,-14.20708986225543
144,164,184,58.1749971001301,38.09096395244552,40.346359483269,-42.43180382337914
145,165,185,45.580167468814636,32.21229519317092,34.316398177497376,-51.327330054595905
146,166,186,45.95840868671985,30.95840868671985,31.262900421281643,-44.506438112860565
147,167,187,55.489489361932954,36.489489361932954,35.19153157376252,-55.571846403544555
148,168,188,51.657756094313925,32.657756094313925,30.96877134630074,-26.26875670533184
149,169,189,41.982755395261506,34.10203923531492,37.26519004512056,4.435686046678029
150,170,190,38.810302376112645,34.8103023761127,38.561322424142645,-10.301744071704093
151,171,191,40.72055125121943,35.88051894734542,43.46114943621899,-4.746632984465123
152,172,192,45.24273243121047,34.24273243121047,36.55583618880985,-21.504256460676288
153,173,193,36.1432859072051,20.143285907205097,22.305207227744802,-16.82984176432842
154,174,194,51.55576475202821,36.55576475202815,34.63295014485283,-79.49350340679769
155,175,195,44.04847203382502,21.377394195539864,18.76143240780459,-94.4669155174629
156,176,196,33.83632801087731,18.83632801087731,16.681033160071934,-54.91831577410903
157,177,197,24.557872805439274,4.557872805439274,0.21097973963708228,-34.668682133189805
158,178,198,20.41667960876356,-9.583320391236384,-17.934406279226778,-124.08155439390464
159,179,199,16.558776959729983,-14.44122304026996,-22.48627988802764,-112.55816127365574
160,180,200,19.195924828025,-10.804075171975,-17.768866698845386,-139.30126625571734
161,181,201,14.019650076972312,-16.980349923027575,-21.67041886443542,-181.18113807951295
162,182,202,21.56960281109616,-10.430397188903953,-14.232037905968696,-200.7870005775585
163,183,203,39.40237947028953,11.402379470289475,7.859335348932859,-131.91850297550252
164,184,204,66.74800603038705,32.663972882702524,31.646834502135675,-172.96752470879835
165,185,205,57.188992877325404,23.82112060168174,19.087063162988102,-171.53557357384477
166,186,206,62.46498652232958,28.464986522329582,24.855199102608026,-219.30372711207838
167,187,207,67.06248613060313,33.06248613060313,29.841713735257372,-182.38425785379366
168,188,208,74.67622103846674,38.67622103846679,34.76183659028413,-188.34118256711986
169,189,209,60.45354280380707,32.57282664386048,34.78956806540555,-177.2259595240298
