Left,Mid,Right,Loss_likeli,Loss_AIC,Loss_BIC,Loss_eBIC
0,20,40,53.38885787166856,42.38885787166856,41.417787040761255,-8.443819270807126
1,21,41,71.13000634767428,62.130006347674396,60.76837342920112,-18.394803129665434
2,22,42,55.42050512632767,47.42050512632767,46.57459792156135,-3.05151308937036
3,23,43,56.76363649097823,46.763636490978286,44.557563845448044,-24.62295430203335
4,24,44,62.780958612211464,52.780958612211464,51.4737562015502,-8.477702790879789
5,25,45,69.52667796304877,60.297517803833045,60.820045383256684,21.435816929349244
6,26,46,47.997367984785,38.211197294559724,38.38715128370342,-2.811223120890304
7,27,47,28.737484949664747,22.737484949664747,25.23231650962913,8.364111526349461
8,28,48,19.007851528915978,15.66394845552719,19.173672855612836,1.3739563751967125
9,29,49,21.454944432398577,9.45494443239852,9.045295864808281,-22.682531089770237
10,30,50,20.860273556571656,1.8602735565716557,-1.2317358661404114,-30.30210173747821
11,31,51,20.99473416386428,2.994734163864223,3.898306418043603,-50.38224427837724
12,32,52,21.175863862415326,1.1758638624153264,1.4730633973412068,-61.25499410121495
13,33,53,20.45284976164254,0.4528497616425966,-1.081944224956601,-87.2273295360377
14,34,54,24.309883950913047,3.309883950913104,1.8180238138983214,-47.49372632083464
15,35,55,19.566195527208606,-2.433804472791394,-6.541037119964244,-62.294695627259216
16,36,56,19.818985525546964,-1.1810144744531499,-4.693736902020078,-69.9382872754993
17,37,57,17.377492318625002,-5.622507681374998,-9.743982535966325,-63.40504860659303
18,38,58,22.002099806007777,-8.997900193992223,-12.888970854753211,-67.32019554957674
19,39,59,30.402149593685806,9.402149593685806,5.185285346408364,-41.956958252064624
20,40,60,31.601521420007316,15.601521420007373,13.527414266334858,-41.65246266973895
21,41,61,26.595479681613654,15.59547968161371,15.664129621546294,-24.74162077717233
22,42,62,22.767460817541746,13.767460817541746,14.485269440748311,-12.563850468461624
23,43,63,20.2060019655288,6.206001965528799,4.434479904850377,-49.488678893380325
24,44,64,20.300813682210446,11.300813682210446,13.264066130565993,-10.522819741033118
25,45,65,22.237818220839245,15.248066614910385,18.303913375504976,1.143162224797038
26,46,66,13.103863789967932,2.1038637899679316,6.5205555586878745,-8.026634757510351
27,47,67,27.134865039931697,12.134865039931697,11.255803385260378,-28.451612220755578
28,48,68,27.774993551039188,14.774993551039188,13.847911217417732,-43.72632655453913
29,49,69,22.804288875117777,10.804288875117777,12.200449193177292,-20.220722413115254
30,50,70,32.942576317831026,15.61053321366876,15.874464197384327,-46.64144489130979
31,51,71,28.190710716365857,9.34194770097929,11.279347440140555,-56.3696180331666
32,52,72,29.956421337374422,14.417777042388366,16.31395781401409,-60.452431129867136
33,53,73,38.48484536000774,18.48484536000774,16.226822762669144,-84.77932737946946
34,54,74,49.37575907988514,26.375759079885142,22.671346357184234,-83.91860139768721
35,55,75,56.35374290590073,36.35374290590073,34.0225737159376,-66.28833646002045
36,56,76,56.61082091959247,33.02499829205533,31.492745772445915,-103.71619553812013
37,57,77,64.33989273569063,36.24311556530597,29.491817348192626,-121.45178267637095
38,58,78,67.81048407703628,30.810484077036335,16.201746509367126,-147.94409021821843
39,59,79,50.0139224853088,23.01392248530874,9.86128389778412,-83.68748932536107
40,60,80,69.60539649188172,41.60539649188172,27.590019951881914,-116.07718537348819
41,61,81,76.75721163108608,49.75721163108608,37.38309037758938,-110.46173986181066
42,62,82,72.23406944266429,49.234069442664236,45.12383495153654,-100.67993519464551
43,63,83,85.42021330374865,56.420213303748596,46.14097842057549,-123.61989446037842
44,64,84,70.56572949889312,48.565729498893006,43.01028488915631,-110.4334591420303
45,65,85,60.215781182857995,39.226029576929136,32.55911372861374,-110.34658607692415
46,66,86,65.09532896154872,42.09532896154872,32.35453276429894,-123.93992671292972
47,67,87,51.03331006481676,25.03331006481676,12.917222458102628,-78.23013043934077
48,68,88,46.603230646160796,21.603230646160796,12.135696547647854,-66.8478298609358
49,69,89,49.745203125554326,25.745203125554326,23.285820578994844,-42.110220112711204
50,70,90,44.50164164945079,32.16959854528875,33.00388866771232,-6.859080710232774
51,71,91,44.993091932519064,34.144328917132725,34.684443544005376,0.8190256713635335
52,72,92,41.95346715054734,35.4148228555614,34.07333565613749,6.769426810893265
53,73,93,35.769690661033565,23.769690661033565,19.51628062372106,-21.911518826987844
54,74,94,33.502646327386174,25.502646327386174,26.236126679556605,-1.2408853154342978
55,75,95,27.044702769961305,18.044702769961305,20.292462330814487,-10.364670574394836
56,76,96,36.69207703457596,22.10625440703882,22.28220839618257,-45.99197086776246
57,77,97,43.074168147393266,23.977390977008668,22.508454009324396,-39.40695890213931
58,78,98,31.69215676913825,11.69215676913825,5.893717116957873,-63.159208787976695
59,79,99,21.344019927166187,2.344019927166187,-1.109502698457277,-56.71551507417712
60,80,100,35.65814636638254,14.658146366382539,8.662816450559035,-58.74813182019477
61,81,101,38.560710068615435,13.560710068615435,8.52191823521207,-83.8557964843169
62,82,102,46.20838582167221,23.20838582167221,22.642015045262724,-65.51573084353754
63,83,103,37.318895621497745,17.318895621497745,15.119120336469223,-112.29827770139013
64,84,104,32.908084543059545,5.908084543059545,-0.6028293443198436,-101.6910154361533
65,85,105,33.7376860862538,5.737686086253802,-1.9642411184626098,-137.9037554380659
66,86,106,26.25191105939831,2.251911059398253,-3.11197800793002,-133.11074201127747
67,87,107,29.45500019445302,6.455000194452964,0.8958300833415933,-57.673069273825945
68,88,108,29.54798587973312,7.547985879733233,3.132413105374326,-46.82412673406907
69,89,109,8.97212344472382,-10.275395844791547,-1.997694960459512,-6.147315468676993
70,90,110,10.814952521695886,-5.185047478304114,-6.058963864633711,-21.830873741013534
71,91,111,13.50217534497159,-2.4978246550284666,-4.2900066944549735,-19.718983047032907
72,92,112,19.46492601253692,6.464926012536921,5.235042402483714,-16.9582942158263
73,93,113,24.704692617267938,16.704692617267938,17.652659961708082,23.35021227003051
74,94,114,27.62848558940118,23.85419381836516,28.31855443518839,35.12275966585344
75,95,115,20.867377663144225,13.867377663144225,16.18692079539494,36.78657559344333
76,96,116,24.630698368380763,11.630698368380763,10.010468854199416,-37.95241392643561
77,97,117,30.500005468541417,13.500005468541417,10.581458587811994,-25.089906133108343
78,98,118,32.112619478440365,16.112619478440365,12.998791553928072,-52.79777784204123
79,99,119,21.43235357010576,2.432353570105761,-0.32802187495781254,-72.3424593737775
80,100,120,30.24123186151712,14.241231861517122,12.19428238529838,-86.86765624586542
81,101,121,22.96011348482864,5.960113484828639,3.8645299748013713,-56.459837529835795
82,102,122,24.406099153889727,6.406099153889727,4.193166105110436,-63.70467735393697
83,103,123,23.384631899985607,5.384631899985607,1.408000166271222,-92.05067084354118
84,104,124,26.648947908146738,4.648947908146738,-1.4520768370275619,-99.35590813576368
85,105,125,25.668876561102138,2.6688765611020244,-0.28833595813341617,-59.52522305960338
86,106,126,25.693428767869705,15.693428767869705,16.259944844579195,-44.849133064427974
87,107,127,31.018051214893376,16.018051214893376,14.441810197997938,-47.04734733152429
88,108,128,36.42934483645371,21.429344836453765,19.50653022927827,-60.98703235403343
89,109,129,34.12744421621039,20.879924926695026,23.891783190003707,-13.400872140850879
90,110,130,35.82819789787095,17.82819789787095,14.758358470644453,-52.21796934425504
91,111,131,24.179574741796614,3.179574741796614,-1.3838630957608302,-91.34444553834123
92,112,132,21.881013254008735,4.881013254008735,3.3487607343992067,-94.4547010401916
93,113,133,21.340454973813735,8.340454973813735,8.1853859954889,-54.81309432472267
94,114,134,24.593989430025317,15.819697658989298,18.83444836276749,-18.889488970754087
95,115,135,24.026422362546896,9.026422362546896,6.612850206898315,-50.86862880402589
96,116,136,27.03801886431063,11.03801886431063,7.577617349518391,-78.87732606397276
97,117,137,24.736445710218277,5.736445710218277,1.6467399906578066,-36.01735212206063
98,118,138,30.485762880853144,8.485762880853144,3.75855497063867,-80.59380837411209
99,119,139,27.206353708810298,1.305062598688437,-0.6750041473466126,-87.1984160322038
100,120,140,28.73789512020153,6.737895120201529,1.6765911458670644,-108.83037652352141
101,121,141,23.071412448431715,7.071412448431715,4.3041581141993674,-57.18693783105482
102,122,142,33.90821232253586,14.90821232253586,10.67854143121042,-33.89719585112141
103,123,143,30.970783653166336,10.970783653166336,7.106914394424166,-73.80013426884989
104,124,144,41.19586941669127,22.195869416691266,17.085749291103525,-65.60855150170073
105,125,145,37.13605092858154,16.040191198245452,14.337307548272065,-8.868699423251314
106,126,146,41.39605972875239,30.39605972875239,29.138072289965066,-27.788059809567926
107,127,147,42.417495932208,27.417495932208,22.722092602792827,-36.32309637816104
108,128,148,46.201591591628585,31.201591591628585,26.15961467193347,-41.688001376646866
109,129,149,55.28064639344103,35.28064639344103,27.749338789860985,-51.300955351003495
110,130,150,51.97095327956799,31.970953279567993,24.43964567598789,-53.74201214322352
111,131,151,66.04101579516282,44.04101579516282,35.86054950830862,-82.63899766802001
112,132,152,75.3314752210656,49.3314752210656,40.1992651579435,-128.8824165921668
113,133,153,51.06126504707777,23.061265047077768,14.032915475332516,-151.95226543580077
114,134,154,60.42304987780881,37.42304987780881,29.437864634737707,-90.73427802530966
115,135,155,56.74743524267575,32.74743524267569,24.610957453107517,-93.16795477436938
116,136,156,52.48774104091041,35.487741040910464,30.836326208781202,-94.72100763042386
117,137,157,53.33985516164336,36.33985516164341,32.30346846208863,-48.60314619129997
118,138,158,59.02886845437399,35.02886845437399,27.845054768907858,-75.7467108854338
119,139,159,56.386257337163784,32.48496622704192,29.054700140595855,-61.62654387836869
120,140,160,52.9163568612035,34.91635686120355,28.03420794089743,-58.54085372275449
121,141,161,65.63133867783438,47.63133867783438,41.0957633478082,-68.44281542766748
122,142,162,65.09279361152164,47.09279361152164,40.93497372501338,-1.080036217085194
123,143,163,59.10274183372292,43.10274183372292,39.84404276096882,1.9521803994896345
124,144,164,59.83318742379447,47.83318742379447,45.51498307508575,-3.92358401155343
125,145,165,51.06909373405051,42.97323400371437,43.75435817884613,0.19928267194495675
126,146,166,70.75636298904647,61.756362989046465,60.815018831474276,-7.78793727520565
127,147,167,49.056459022633135,44.056459022633135,44.17722426219393,1.4915677447131657
128,148,168,44.24548198373549,39.24548198373549,37.736421486771405,-5.910722772306144
129,149,169,32.00773301772449,22.056289570172225,19.758301386094445,-29.340701321116626
130,150,170,33.747665792638884,25.74766579263894,17.802655299617527,-46.594170794899014
131,151,171,43.425764035600366,32.425764035600366,27.20612395947569,-57.56177008060058
132,152,172,67.40000217931902,54.40000217931902,48.960475918273346,-61.67779380521381
133,153,173,66.25008981843746,50.25008981843746,45.62863453955276,-11.636023893946685
134,154,174,37.80943226256937,26.052371808831424,24.148884256295275,12.711593974292214
135,155,175,40.62310335214295,32.10490872194629,30.54799475969014,2.961678865729027
136,156,176,44.161583702269354,33.47831123241741,31.423531133384245,-9.932531074530402
137,157,177,42.18377647017087,31.18377647017087,28.230571614875316,-2.6204132965428926
138,158,178,38.10178357194377,30.10178357194377,30.382451590268147,3.0727944406073675
139,159,179,39.452054312899634,31.452054312899634,31.26151822975811,-26.33558665623741
140,160,180,24.01746993356778,15.017469933567781,15.042131376214456,-69.8702637102192
141,161,181,30.118350726990343,19.118350726990286,17.454132715523087,-80.47751692363363
142,162,182,33.21572571676586,21.21572571676586,18.36049438796158,-26.446472590593316
143,163,183,31.88194201580893,20.88194201580893,18.524576823781672,-37.03661655633687
144,164,184,23.048662183722854,9.048662183722854,5.890845761924652,-44.273791537887746
145,165,185,29.444619534519745,18.444619534519745,16.087254342492542,-34.697169569823586
146,166,186,17.494336115620968,6.494336115620968,4.136970923593765,-41.14258090480848
147,167,187,20.721886501833637,16.721886501833694,18.26196502415405,-34.239753920323096
148,168,188,27.243604772425897,19.243604772425954,18.37389857086623,-17.1008836194718
149,169,189,40.105369253460935,32.15392580590867,31.85547045726514,1.3495607775872713
150,170,190,41.365996246033376,31.36599624603332,28.466776419943244,3.382984292755509
151,171,191,39.489906802250516,25.489906802250516,21.292369609612365,-36.329787851948595
152,172,192,38.49894420720892,24.498944207208922,22.524780019331843,-42.25529596422291
153,173,193,32.12344494230513,23.123444942305184,21.2340334462084,-41.29898747211746
154,174,194,21.560031929701495,7.802971475963545,5.2503252401534155,-44.73572724972985
155,175,195,20.631675284725247,11.113480654528587,9.05870055549542,-44.1254825277249
156,176,196,15.229637650876896,6.546365181024953,5.48731735554577,-25.88716526167184
157,177,197,19.51913907539057,13.51913907539057,12.95795738668835,-14.399484572379833
158,178,198,23.18618706268694,13.18618706268694,13.040512714376632,-16.827514849030877
159,179,199,29.699497691151237,18.699497691151237,16.342132499124034,-35.46475258133546
160,180,200,30.541346699598705,19.54134669959859,16.837407917291557,-57.28250470337491
161,181,201,35.18426492562202,24.184264925622074,21.133752553034924,-51.001239038345034
162,182,202,22.558114557353633,13.558114557353633,11.50333445832041,-38.69500561269558
163,183,203,23.73570997009034,15.73570997009034,14.525369598114139,-38.257970773641205
164,184,204,29.399137475041073,16.399137475041073,12.893811695713453,-45.56653189060182
165,185,205,32.08463416363128,23.08463416363128,21.02985406459817,-45.25268452186094
166,186,206,35.199880455226776,25.199880455226776,20.087838743196244,-50.600655771055244
167,187,207,31.546389231423007,23.546389231423007,18.929769131773014,-54.222759411276
168,188,208,39.321600859725834,32.32160085972589,27.57338318785918,-27.77527245877559
169,189,209,32.94093149145982,23.94093149145982,19.850654302775126,-33.98058749836605
