Left,Mid,Right,Loss,Loss_left,Loss_right,gain,glasso
0,20,40,1293.2605357300363,970.5893668058578,947.2990469636175,-624.6278780394391,-6.9133388863489245
1,21,41,1294.88630189707,972.367785266782,948.1322623478493,-625.6137457175612,-3.243570559398677
2,22,42,1314.2940839403313,974.3938991667974,967.8668562322232,-627.9666714586892,-0.9424029395225944
3,23,43,1316.2167669144237,976.1299601872932,968.4570268600967,-628.3702201329661,-0.7446017154164792
4,24,44,1319.3885921138474,974.1561422530664,972.3230626375387,-627.0906127767578,-0.002038857589923282
5,25,45,1317.4163137737487,979.7837359668982,965.8789344925041,-628.2463566856536,-2.3319326865999983
6,26,46,1324.6730870648862,974.6856447118433,975.1775673775103,-625.1901250244673,-0.2206737391383058
7,27,47,1317.7813898389368,967.255252496173,975.1827969340787,-624.656659591315,-5.748952925185677
8,28,48,1304.2256458336415,947.0218841696881,974.5026508763917,-617.2988892124383,-8.827827829712305
9,29,49,1304.001826758744,957.9503203596589,966.8873975614806,-620.8358911623955,-10.749920565427942
10,30,50,1308.4249172094674,962.33924010155,960.5412921457732,-614.4556150378558,-7.275271604466752
11,31,51,1309.4353026081926,965.1150430357221,961.7421786363304,-617.4219190638601,-7.3049210392504165
12,32,52,1313.9912903828547,961.0024702314154,970.8805820251837,-617.8917618737444,-8.124652963829135
13,33,53,1320.114080531097,963.2523953033277,972.1487985175888,-615.2871132898194,-7.396514971344004
14,34,54,1325.5219012417956,964.3033620233813,975.3443343084405,-614.1257950900263,-9.582274956112315
15,35,55,1324.4644576814444,964.2529761699932,977.8093692356746,-617.5978877242233,-8.686892045891113
16,36,56,1330.4420695437839,961.8676356533535,978.6752385710805,-610.1008046806501,-10.071880111941482
17,37,57,1334.1040303672762,956.4181887523534,985.384929113823,-607.6990874989001,-6.71404567836737
18,38,58,1347.2386457095822,958.0375152565782,996.2168321240761,-607.0157016710721,-2.089045924917855
19,39,59,1337.323140953143,949.2724256417919,1000.4134291833742,-612.3627138720233,-7.114706715868465
20,40,60,1338.1891625408266,947.2990469636175,1003.9005160094098,-613.0104004322006,-7.582918679887825
21,41,61,1341.9184193027645,948.1322623478493,1007.5297038075839,-613.7435468526687,-5.123952180406491
22,42,62,1351.4395048142642,967.8668562322232,1010.1199774629038,-626.5473288808628,-1.0070687241795895
23,43,63,1352.6291982300372,968.4570268600967,1008.6721534229183,-624.4999820529779,-1.1221324390874088
24,44,64,1351.251367097951,972.3230626375387,1003.1611290588877,-624.2328245984754,-0.6201481726836846
25,45,65,1348.4932643055195,965.8789344925041,1002.468575777708,-619.8542459646926,-2.5570446206162387
26,46,66,1357.9260141969116,975.1775673775103,1010.580572694254,-627.8321258748526,-3.068388285666515
27,47,67,1357.9772544531843,975.1827969340787,1007.1628423600778,-624.3683848409723,-1.2084899806201292
28,48,68,1359.6759134251179,974.5026508763917,1008.9963628910162,-623.8231003422902,-0.22210332630982066
29,49,69,1349.8459244885266,966.8873975614806,1007.2840451690879,-624.3255182420419,-0.6115681838716682
30,50,70,1366.8260459734079,960.5412921457732,1014.611842310994,-608.3270884833594,3.4040229261034938
31,51,71,1368.745293867412,961.7421786363304,1013.2596878306032,-606.2565725995216,1.9176591635940667
32,52,72,1382.5691631319792,970.8805820251837,1017.1559501006279,-605.4673689938325,5.7360495899843045
33,53,73,1380.557523748698,972.1487985175888,1019.0135145377745,-610.6047893066655,3.9310510455304666
34,54,74,1384.7516257519464,975.3443343084405,1015.5243023851019,-606.1170109415959,2.760562843266939
35,55,75,1382.629929618161,977.8093692356746,1014.225202900589,-609.4046425181027,3.6074517214328807
36,56,76,1385.6582906976537,978.6752385710805,1012.6085219888644,-605.6254698622911,3.7213928266361336
37,57,77,1390.51341999458,985.384929113823,1000.2888304958192,-595.1603396150622,7.591552915800662
38,58,78,1390.975636706636,996.2168321240761,995.68334886396,-600.9245442814001,7.955946157940389
39,59,79,1389.5756755389848,1000.4134291833742,998.2529467596867,-609.090700404076,3.8245501963291417
40,60,80,1392.6373603806528,1003.9005160094098,991.0352115498574,-602.2983671786144,3.4806612888604604
41,61,81,1392.107358582794,1007.5297038075839,988.675412442748,-604.097757667538,3.3859025872210395
42,62,82,1380.7540324489903,1010.1199774629038,978.2047926910926,-607.570737705006,-2.5826153831308147
43,63,83,1388.5864234350113,1008.6721534229183,987.7582555896327,-607.8439855775398,-2.1467612636032527
44,64,84,1382.4959928590101,1003.1611290588877,986.8881520234785,-607.553288223356,-1.3156596542714851
45,65,85,1383.806462957566,1002.468575777708,986.1661910329246,-604.8283038530667,-0.24032585223062597
46,66,86,1383.7398584322727,1010.580572694254,987.3372997037327,-614.178013965714,-3.6159465497786414
47,67,87,1382.7336081643712,1007.1628423600778,990.3595436514323,-614.788777847139,-4.745484418613955
48,68,88,1399.5723155524583,1008.9963628910162,1002.2259859399484,-611.6500332785063,-0.3328080124749704
49,69,89,1398.0059855901568,1007.2840451690879,1004.7445626197598,-614.0226221986909,0.24707297589736754
50,70,90,1382.1082956447772,1014.611842310994,990.3481691856664,-622.8517158518832,0.26510869553681005
51,71,91,1375.8550556741184,1013.2596878306032,983.409925022608,-620.8145571790928,0.475334536577634
52,72,92,1369.2308444315763,1017.1559501006279,970.9308936606947,-618.8559993297463,-3.338577128901761
53,73,93,1373.910405532818,1019.0135145377745,979.3968082707507,-624.4999172757073,-1.7941736069134322
54,74,94,1368.8951649448582,1015.5243023851019,978.8432188671532,-625.4723563073969,-2.135990113508001
55,75,95,1372.7586619385697,1014.225202900589,982.7276798248847,-624.194220786904,-0.32298209518489784
56,76,96,1364.046229937277,1012.6085219888644,978.9754273878925,-627.5377194394798,-1.6623542402766134
57,77,97,1350.5292784257676,1000.2888304958192,973.3833266779768,-623.1428787480284,-7.820751790837903
58,78,98,1350.841711397608,995.68334886396,980.8602641544388,-625.701901620791,-5.7070084729999735
59,79,99,1368.9917867606928,998.2529467596867,992.8077446815265,-622.0689046805205,-1.84921100769634
60,80,100,1363.501465552385,991.0352115498574,993.3957909751878,-620.9295369726601,-3.532440164536979
61,81,101,1362.9000731920692,988.675412442748,996.6887840802752,-622.464123330954,-3.3288951504883926
62,82,102,1360.6157494596082,978.2047926910926,998.2575187152411,-615.8465619467256,-5.699016181686147
63,83,103,1365.2679966349058,987.7582555896327,997.3102956682476,-619.8005546229745,-4.863195867878858
64,84,104,1366.1888292250283,986.8881520234785,1001.344149227167,-622.0434720256171,-5.967782531119383
65,85,105,1371.1459164778375,986.1661910329246,1006.4664587538248,-621.4867333089119,-6.002569172249764
66,86,106,1376.368807297065,987.3372997037327,1008.3094831093285,-619.2779755159963,-3.5332284388857715
67,87,107,1381.870934134966,990.3595436514323,1009.8870763197167,-618.3756858361828,-3.223931845510265
68,88,108,1382.988102927866,1002.2259859399484,1008.7585741206356,-627.996457132718,1.0652242968855035
69,89,109,1385.128088031876,1004.7445626197598,1006.8726330775623,-626.4891076654462,1.3982279183054516
70,90,110,1375.1363179367204,990.3481691856664,1004.62406306837,-619.8359143173161,3.1087939749122597
71,91,111,1346.4570020843973,983.409925022608,986.5730336487584,-623.525956586969,9.767527625843286
72,92,112,1325.2176087269918,970.9308936606947,979.1634082302653,-624.8766931639682,5.085680328941294
73,93,113,1331.202741123166,979.3968082707507,986.3883950436491,-634.5824621912338,3.6584393142279623
74,94,114,1343.981302511028,978.8432188671532,991.3094301909609,-626.1713465470862,5.455733296363178
75,95,115,1341.7674172564466,982.7276798248847,992.1410514178416,-633.1013139862798,5.350153811665564
76,96,116,1348.6066169156877,978.9754273878925,998.8914085386482,-629.260219010853,2.275724015889182
77,97,117,1357.7702219904995,973.3833266779768,992.0958632111513,-607.7089678986285,-12.129689974957955
78,98,118,1357.8471718387748,980.8602641544388,998.2748989214185,-621.2879912370825,3.785155155842631
79,99,119,1351.557484381333,992.8077446815265,987.6745809419235,-628.9248412421168,0.08437719479752559
80,100,120,1353.0429478173223,993.3957909751878,990.5361897935036,-630.889032951369,-0.459620843970697
81,101,121,1357.5703537854804,996.6887840802752,992.2429954789048,-631.3614257736997,1.1519590184865365
82,102,122,1361.02068313565,998.2575187152411,992.8278735637647,-630.0647091433557,1.553233810742654
83,103,123,1357.6370049394982,997.3102956682476,988.7261325382512,-628.3994232670007,-1.0590022499504812
84,104,124,1357.2797132213566,1001.344149227167,983.379903147804,-627.4443391536145,-2.2477402296821083
85,105,125,1348.8709463141126,1006.4664587538248,978.4846986641112,-636.0802111038233,-4.632631330836261
86,106,126,1356.3458393080168,1008.3094831093285,977.4101365013381,-629.3737803026497,-4.475948317873986
87,107,127,1357.6389723543775,1009.8870763197167,974.6290618899652,-626.8771658553044,-1.693481677256159
88,108,128,1348.422545577143,1008.7585741206356,973.1769710511003,-633.5129995945929,-2.0427026524023404
89,109,129,1349.369982431998,1006.8726330775623,973.3086803633889,-630.8113310089532,-0.05093326182168312
90,110,130,1347.284626178809,1004.62406306837,971.5496021155559,-628.889039005117,1.791302470664732
91,111,131,1339.63173961466,986.5730336487584,966.1149739820555,-613.0562680161538,-1.610094266760143
92,112,132,1341.4799045628813,979.1634082302653,966.0066765736688,-603.6901802410528,6.016885977148718
93,113,133,1339.7211283879078,986.3883950436491,965.5771763854775,-612.2444430412188,3.748575061406882
94,114,134,1340.8755807197258,991.3094301909609,961.9809352672778,-612.4147847385129,4.901178147617429
95,115,135,1352.6552422047403,992.1410514178416,975.3689594881746,-614.854768701276,2.53221393688591
96,116,136,1353.1305044744938,998.8914085386482,973.9044724892876,-619.665376553442,5.17999006959019
97,117,137,1330.2107064308088,992.0958632111513,962.6816538722585,-624.5668106526009,19.46891489963764
98,118,138,1347.1892852857877,998.2748989214185,955.2002775388626,-606.2858911744934,8.404140029974997
99,119,139,1343.9360367977902,987.6745809419235,963.0098676531366,-606.7484117972699,7.272560860051954
100,120,140,1348.9102991729374,990.5361897935036,969.4748860418472,-611.1007766624134,9.494402861822437
101,121,141,1343.088596747365,992.2429954789048,963.3969879098627,-612.5513866414026,9.864139511249277
102,122,142,1354.725632802967,992.8278735637647,971.5035496115122,-609.6057903723099,9.252845454977546
103,123,143,1354.1665756355565,988.7261325382512,966.663599240236,-601.2231561429307,10.86812842274162
104,124,144,1353.328532125042,983.379903147804,974.1289894331119,-604.1803604558738,8.605575649666434
105,125,145,1354.9106259277671,978.4846986641112,977.9946499277897,-601.5687226641337,6.970300316415205
106,126,146,1348.6563547003714,977.4101365013381,972.7117928422599,-601.4655746432265,7.594082801432933
107,127,147,1340.5230240968478,974.6290618899652,967.9251068049502,-602.0311445980676,3.9354861107847228
108,128,148,1339.8297614556,973.1769710511003,974.8643020426478,-608.2115116381481,3.766458805551224
109,129,149,1333.0682995901814,973.3086803633889,968.9397341736893,-609.1801149468968,3.521165753804098
110,130,150,1336.0338502533104,971.5496021155559,973.1131620523714,-608.628913914617,3.3005453145329966
111,131,151,1330.1367685546195,966.1149739820555,972.6575534347146,-608.6357588621506,2.026142115166408
112,132,152,1324.04446722606,966.0066765736688,966.4804348746966,-608.4426442223053,3.0432864767344654
113,133,153,1342.2590492181348,965.5771763854775,981.4517399782682,-604.769867145611,2.0648156202631753
114,134,154,1335.3538908700223,961.9809352672778,985.0942163232808,-611.7212607205363,-0.5719131901537367
115,135,155,1339.3482904274242,975.3689594881746,977.7356099837009,-613.7562790444513,-6.298044045627535
116,136,156,1344.897629145928,973.9044724892876,980.9087509530646,-609.9155942964242,-3.8706009219035877
117,137,157,1334.2385444121328,962.6816538722585,987.2415487178835,-615.6846581780092,-5.221468308114254
118,138,158,1329.0894028662042,955.2002775388626,986.0528330859875,-612.1637077586458,-4.031931859217934
119,139,159,1340.1421692790268,963.0098676531366,994.7078259600198,-617.5755243341296,-5.887448196603145
120,140,160,1349.5299660787057,969.4748860418472,991.8575562696848,-611.8024762328262,-2.2389139498350232
121,141,161,1345.155400226768,963.3969879098627,998.206391139143,-616.4479788222375,-0.7518456948337189
122,142,162,1349.608687929287,971.5035496115122,994.8091760621892,-616.7040377444143,1.7776021103085213
123,143,163,1340.5878716863422,966.663599240236,995.8954154356854,-621.9711429895792,11.711560603921953
124,144,164,1350.7331328414748,974.1289894331119,999.4200054942514,-622.8158620858885,1.0045711222916225
125,145,165,1355.33053298,977.9946499277897,989.6013187507729,-612.2654356985627,5.469966120847971
126,146,166,1351.4261791265512,972.7117928422599,990.0548696631797,-611.3404833788884,6.810700655727828
127,147,167,1357.0751629521178,967.9251068049502,997.5971983035079,-608.4471421563403,3.575010830909946
128,148,168,1360.7660308154855,974.8643020426478,997.590255199659,-611.6885264268212,3.402587949330382
129,149,169,1359.6662069805316,968.9397341736893,1000.3363903387739,-609.6099175319316,3.674334638616301
130,150,170,1354.54761834711,973.1131620523714,996.3947139317544,-614.9602576370157,-0.2087522922458902
131,151,171,1355.8401480815332,972.6575534347146,1001.0613603186539,-617.8787656718353,-0.6255487572493621
132,152,172,1359.5552349000025,966.4804348746966,1006.11021034233,-613.0354103170241,-0.9734521764719375
133,153,173,1354.4955140034176,981.4517399782682,998.0612720908765,-625.0174980657271,-2.8851723004191854
134,154,174,1356.5207863321245,985.0942163232808,1001.6978002648762,-630.2712302560324,-3.1020414777264023
135,155,175,1356.5458438169235,977.7356099837009,1006.5021772381194,-627.6919434048968,-10.318332965007016
136,156,176,1360.1217402855646,980.9087509530646,1004.8644939846461,-625.6515046521461,-4.583576471760125
137,157,177,1368.7425940103967,987.2415487178835,1007.0691113006611,-625.568066008148,-3.131850432875126
138,158,178,1368.2809566401604,986.0528330859875,1005.5870314665418,-623.3589079123687,-2.4776588296090267
139,159,179,1377.0435795305575,994.7078259600198,1005.1452846445906,-622.8095310740528,6.4533035118785165
140,160,180,1368.2545889928774,991.8575562696848,1000.5803099888474,-624.1832772656549,5.1744193661025975
141,161,181,1370.4106084758523,998.206391139143,996.4328925319421,-624.2286751952329,5.846445363690691
142,162,182,1363.6542272648721,994.8091760621892,993.6722630549344,-624.8272118522514,3.6635927912259376
143,163,183,1365.4314050262067,995.8954154356854,985.4978373482274,-615.9618477577062,-6.4674466101597545
144,164,184,1365.2449171435337,999.4200054942514,982.8864922375496,-617.0615805882674,3.65421368259706
145,165,185,1360.845945550971,989.6013187507729,987.2488736233315,-616.0042468231334,3.1270107179915385
146,166,186,1361.410779141096,990.0548696631797,987.7311280119407,-616.3752185340243,3.0063198389740364
147,167,187,1363.7012087705048,997.5971983035079,989.0422235387124,-622.9382130717154,2.32286487891497
148,168,188,1368.490610073453,997.590255199659,990.3543686034097,-619.4540137296158,2.446223736186653
149,169,189,1373.038083542734,1000.3363903387739,993.2530384769303,-620.5513452729701,2.341482085660232
150,170,190,1374.683563950101,996.3947139317544,996.5838467638621,-618.2949967455156,2.01047349848875
151,171,191,1387.8492142105342,1001.0613603186539,1003.3539015035772,-616.5660476116968,2.7763807260580506
152,172,192,1390.9422825154277,1006.11021034233,1000.0147018539465,-615.1826296808488,4.72015242166492
153,173,193,1384.1841795120208,998.0612720908765,1002.9256568814728,-616.8027494603284,3.118102102107059
154,174,194,1382.3417240537183,1001.6978002648762,1000.0951929062555,-619.4512691174134,4.533466417186446
155,175,195,1380.2454999121192,1006.5021772381194,990.9957676005569,-617.252444926557,6.907835842221516
156,176,196,1392.1022672305692,1004.8644939846461,1002.2967500364241,-615.058976790501,10.944870234242671
157,177,197,1388.6178761574297,1007.0691113006611,993.7066389264237,-612.157874069655,11.404602134981701
158,178,198,1386.3209360695814,1005.5870314665418,991.1285926638707,-610.394688060831,12.208237758477935
159,179,199,1376.1773489829507,1005.1452846445906,986.7292483697838,-615.6971840314236,8.341012862106481
160,180,200,1365.7166414422845,1000.5803099888474,983.5531599638748,-618.4168285104377,7.727915255079097
161,181,201,1363.7816946477863,996.4328925319421,987.0607339319524,-619.7119318161083,5.944059917150753
162,182,202,1361.8938793455002,993.6722630549344,983.0440058604331,-614.8223895698673,2.9605537933611004
163,183,203,1359.4446969905657,985.4978373482274,994.0949054613598,-620.1480458190215,3.5534927293571172
164,184,204,1358.7785101144364,982.8864922375496,994.7432930471011,-618.8512751702144,4.2874815568078475
165,185,205,1357.9354988993932,987.2488736233315,988.022770602332,-617.3361453262703,4.649400448217648
166,186,206,1350.307516107821,987.7311280119407,984.70985677954,-622.1334686836599,2.6756775673947004
167,187,207,1350.7440667839599,989.0422235387124,989.2160057899808,-627.5141625447334,2.9999473977680964
168,188,208,1343.870107131505,990.3543686034097,981.7040492162301,-628.1883106881351,3.5926892178281378
169,189,209,1343.5811603100863,993.2530384769303,977.302080070736,-626.9739582375801,4.466537400271818
