Left,Mid,Right,Loss_likeli,Loss_AIC,Loss_BIC,Loss_eBIC
0,20,40,57.41865147300393,42.41865147300393,41.88213122694839,-33.036569547839576
1,21,41,51.69745619700649,36.96760993195096,39.569579053054554,-53.41557908624725
2,22,42,51.332060471581144,37.06994496239497,39.325340493218505,-31.48356355871806
3,23,43,35.515219847831474,19.51521984783153,19.52516925802695,-46.56720162932311
4,24,44,37.24209367806134,14.242093678061337,10.762365108629865,-46.999837165453414
5,25,45,35.26615270243303,9.334915899407065,8.306346644004975,-31.827970603387712
6,26,46,28.412875710157323,16.412875710157323,19.158063806661403,-9.27285712769799
7,27,47,33.13139482666554,20.1313948266656,22.670048395843878,-5.063204980782643
8,28,48,61.12767347333846,47.12767347333852,49.861608086299725,-5.914719837327311
9,29,49,62.61335651535637,47.61335651535637,51.04140222413025,13.819255187256886
10,30,50,46.07328805311744,31.073288053117437,32.962782939021736,-17.51029733350697
11,31,51,55.339131182189135,36.339131182189135,36.74459649398284,-11.726590463286584
12,32,52,38.901362822506655,22.901362822506712,22.831742988607175,-37.28778121898745
13,33,53,37.85456845430434,21.33706119089777,23.882716065585385,-53.02561386787693
14,34,54,37.88760711664389,17.905766997991975,20.211328646396055,-83.70142252506446
15,35,55,34.548448068879736,15.548448068879736,15.484630489020105,-87.0233678994174
16,36,56,27.94238887037926,6.942388870379261,7.674255065115972,-94.72134323627074
17,37,57,32.85240178274677,9.85240178274671,7.758967574435019,-92.6875494582215
18,38,58,33.60029002588186,17.60029002588186,19.817505115349377,-96.7892170572942
19,39,59,26.494772082813768,12.494772082813768,13.84241233465525,-72.54832707904757
20,40,60,41.16719969696504,21.167199696965042,18.834495947584514,-54.81823448984983
21,41,61,37.07828550785342,22.078285507853423,22.23491244235788,-51.223445743925595
22,42,62,48.2933421183518,30.03122660916563,31.681451954001204,-54.34367484979509
23,43,63,40.1354212420606,26.135421242060602,28.210781735768137,-97.45921132382364
24,44,64,45.24480016617758,24.244800166177583,21.76080387030015,-78.39569228865787
25,45,65,39.14087053081835,17.14087053081829,15.256160814268583,-75.30701555896621
26,46,66,47.73433810644258,30.73433810644258,29.20208558683305,-61.13991280355515
27,47,67,69.22461669638983,44.67947310768932,41.26306009018299,-33.78176940594051
28,48,68,78.14217062622737,58.14217062622731,55.43540605217487,-66.71206102860594
29,49,69,81.14631134807013,60.146311348070185,57.83748135675165,-23.290867967442523
30,50,70,86.27922018401443,65.43775840883694,60.332465937216625,-40.90944665117968
31,51,71,82.70915732121182,63.075701456448996,62.246164953619655,-26.875491191825745
32,52,72,84.09961489213003,61.099614892130035,55.193871190738605,-81.42636483105298
33,53,73,88.19238263872768,57.83887912387365,51.29097804471746,-78.51072313228383
34,54,74,93.37430955635449,56.37430955635455,45.256812566418944,-130.5496472923237
35,55,75,87.47864830011338,56.47864830011338,48.32284345590597,-137.39901544365398
36,56,76,90.15779452274865,55.20018888707716,49.38242218025778,-155.12848695435252
37,57,77,83.30277246940386,52.30277246940386,42.067526083516555,-115.1175490094513
38,58,78,92.2742684246864,59.2742684246864,48.175728925025396,-99.01546675011036
39,59,79,84.23457736081394,53.23457736081389,41.959610204086744,-116.55736874410945
40,60,80,105.35263040353368,61.35263040353368,44.64512423954545,-144.79423111071367
41,61,81,93.27422745321451,49.27422745321451,31.52700051838633,-125.33143129205155
42,62,82,92.47460203073814,55.4746020307382,41.55901164362888,-148.43150279568636
43,63,83,93.91419353790911,56.914193537909114,41.993455441266065,-123.55082942998365
44,64,84,104.07960311324166,60.07960311324166,40.94608181729359,-131.509707586412
45,65,85,118.73884568884228,71.73884568884239,52.555452288948004,-170.60244391025503
46,66,86,101.02549541181179,62.02549541181179,47.786805373858215,-157.9748258199129
47,67,87,69.3390654482497,44.79392185954919,40.68436166148285,-103.13311821026218
48,68,88,70.20693739661789,44.206937396617946,38.512976001903326,-113.94885620571642
49,69,89,69.53908466515418,45.53908466515418,44.162671395464486,-109.5239598028088
50,70,90,82.94771335141957,59.10625157624213,53.547081465130645,-92.00283134793938
51,71,91,43.65354256481123,34.02008670004841,38.0083501822719,-47.49273757467142
52,72,92,35.80917770148733,18.80917770148733,18.31664595271775,-51.74183479683495
53,73,93,38.03663051105934,18.683126996205374,19.684193657766855,-63.99139247165067
54,74,94,44.64376147900293,18.643761479002933,14.017008089520345,-108.42898744479919
55,75,95,44.93464539081731,15.934645390817423,11.200587952123783,-103.26697060588833
56,76,96,29.88600780984916,9.92840217417779,13.658069060693037,-27.36016366467436
57,77,97,23.570088763229705,3.5700887632297054,3.663400145809078,-56.34525453637002
58,78,98,15.248536231581738,-2.7514637684182617,2.4964629710747204,-21.81134430244788
59,79,99,18.726783389191553,-14.27321661080839,-14.760413971570529,-132.9590514649782
60,80,100,16.724249566098138,-25.27575043390175,-30.5903166159369,-167.5342516668071
61,81,101,3.2541876455762804,-33.74581235442372,-35.87790067201388,-159.62864942051328
62,82,102,8.633868804005658,-31.366131195994285,-35.33839151419545,-140.67904571802433
63,83,103,5.886371972804341,-38.11362802719566,-38.737292559320736,-109.7858237910732
64,84,104,7.501493354742138,-36.85581559686432,-34.21703828489399,-125.33691300953103
65,85,105,7.692096957261356,-47.307903042738644,-45.69784805743018,-178.78353526897467
66,86,106,15.986717865956393,-39.01328213404361,-50.12747547147001,-230.28697939874144
67,87,107,17.992711638906883,-30.00728836109306,-28.15305667025939,-179.5589087841878
68,88,108,5.323282853695332,-27.676717146304668,-26.80746563132095,-143.61406798298833
69,89,109,8.938776365511785,-27.061223634488215,-27.655725044461406,-201.3593839826675
70,90,110,16.181586660452524,-22.818413339547533,-25.253086750131615,-223.43145338092302
71,91,111,27.137770586354577,-7.862229413645423,-9.345159047961488,-202.9771606451087
72,92,112,26.16891628601354,-10.831083713986459,-14.696039982976458,-202.56139551287094
73,93,113,30.514721037220568,-9.485278962779375,-15.53698082266044,-172.05285836764403
74,94,114,33.6096159753921,-9.39038402460801,-13.216272776836263,-192.15141161299914
75,95,115,46.033723929497626,1.0337239294976825,-8.547029385108203,-179.7682270637265
76,96,116,52.410243321750386,14.4102433217505,5.195390652063907,-163.97675901589787
77,97,117,55.41527059636326,10.415270596363257,0.14137010119748084,-223.83853125849043
78,98,118,57.018789230155335,20.018789230155335,13.38124423892566,-177.7521276951445
79,99,119,72.63081685211932,34.630816852119324,30.96114162691231,-272.0019016491043
80,100,120,59.42890864441114,20.42890864441108,15.22164651158721,-234.82919500622063
81,101,121,64.8388065594612,26.838806559461204,20.823792086619846,-230.22503186090114
82,102,122,41.92919746088688,0.9291974608868259,-3.887502584371191,-195.77034830278967
83,103,123,31.232272486641364,-10.767727513358636,-8.316218230249888,-125.8975439527054
84,104,124,18.384133453757727,-16.97317549784873,-9.160455774325555,-109.329202746644
85,105,125,22.646468803252333,-25.353531196747667,-21.298134024840124,-162.97168178804236
86,106,126,23.66582876713926,-16.33417123286074,-19.6132843705019,-165.49958739466717
87,107,127,13.526161151655742,-26.473838848344258,-18.210662931334696,-101.23804480475508
88,108,128,19.88833914649308,-15.752895367819065,-9.55840889478543,-123.3968059119145
89,109,129,24.62459160324687,-8.375408396753187,-8.995253241561954,-171.24818626381364
90,110,130,12.368349854285668,-4.92400113673807,7.4260170094906925,-136.680534262273
91,111,131,14.310221134116489,-12.689778865883568,-6.922380715704776,-145.58778569623018
92,112,132,31.572190706363187,1.5721907063631306,7.740254987767912,-152.6363621812834
93,113,133,11.644206382200139,-15.355793617799804,-3.335939783818617,-144.01527726629433
94,114,134,-1.675426543122171,-28.67542654312217,-10.82904199970585,-85.31694123575153
95,115,135,16.280667003975623,-23.719332996024377,-27.056068818938797,-126.9772345967184
96,116,136,32.66359588824736,3.6635958882474142,3.434995123193403,-124.59996818505647
97,117,137,40.854200089547305,7.854200089547248,8.060149909345114,-172.35651229897803
98,118,138,52.21746853246759,22.217468532467592,18.718412908396886,-117.67851824262948
99,119,139,52.06049966520038,29.060499665200382,28.006786227728753,-158.19984267543805
100,120,140,61.46084984390359,35.46084984390359,32.9135379961009,-132.61100183332144
101,121,141,70.36634465006392,38.36634465006398,32.912511865924785,-100.37862778084457
102,122,142,64.51727062940313,32.51727062940313,26.289614780378542,-132.63263533239763
103,123,143,49.952565288705614,20.952565288705614,16.86189752582652,-102.6440880215913
104,124,144,50.40326244422397,27.40326244422397,24.616681055352387,-110.11381274490805
105,125,145,44.39301005443576,14.393010054435763,10.9492256507732,-108.65131542258007
106,126,146,35.69394756238739,11.693947562387507,9.791594204244234,-74.12887741051668
107,127,147,39.480716351730734,16.15350622025801,14.621253700648595,-40.3101150938578
108,128,148,57.155012258187526,26.51377774387538,23.79051190692894,-63.90167032822717
109,129,149,56.05957331772362,34.05957331772356,31.424758238182108,-76.50368710504199
110,130,150,54.94099985060279,36.64864885957911,36.86329939431175,-48.945584402061854
111,131,151,51.370612224915874,23.370612224915817,20.577688892835113,-55.29991228801066
112,132,152,53.26552648952713,25.265526489527133,19.62601605932082,-59.87091018063802
113,133,153,47.989838308849926,17.989838308849926,14.999723711581282,-64.35514408830386
114,134,154,50.246589337815124,18.257627415228967,17.481936058622978,-39.26624870604087
115,135,155,81.17286956610212,39.31180359277789,26.031737700955432,-109.99834789622685
116,136,156,73.04070949800189,36.04070949800189,26.01222766928265,-105.06615252897075
117,137,157,76.83063931222534,46.830639312225344,37.093259063115056,-112.22464478216807
118,138,158,79.22995150760028,49.229951507600276,39.73580234537951,-80.88779678833396
119,139,159,94.52015397882383,63.52015397882377,52.24518682209657,-87.39024680364025
120,140,160,106.69221973143897,76.69221973143897,66.24692634455084,-90.95639039245975
121,141,161,113.35249683069577,76.35249683069571,63.16469772226117,-89.19211968934087
122,142,162,108.457210185988,69.45721018598806,56.588144436041716,-115.53187104756739
123,143,163,98.35639789305469,66.35639789305469,48.779331319035805,-131.65728691803758
124,144,164,89.58464802874494,57.58464802874494,43.83187621793809,-109.20960459789876
125,145,165,74.76230426735822,38.76230426735822,26.003605838196563,-143.78839712297963
126,146,166,69.79804219204061,41.79804219204061,28.53047830372975,-100.87612229926935
127,147,167,80.53387763852197,45.20666750704925,30.978398905385006,-148.40493190131087
128,148,168,73.8640988811797,41.86409888117976,28.467913348319485,-134.48280369869462
129,149,169,68.21446888102741,39.214468881027415,30.108076015573943,-111.38328053355576
130,150,170,72.97644424591783,41.97644424591783,32.23377204511053,-140.74164869187564
131,151,171,80.8795287669999,44.8795287669999,34.14313046986422,-114.03460830777578
132,152,172,72.07303974185379,36.07303974185379,21.875682478165345,-132.47035310899798
133,153,173,54.87065310283208,20.870653102832193,12.269664814417638,-116.71739607733105
134,154,174,63.56328877202009,28.574326849433874,18.49037301004364,-95.0996870605162
135,155,175,61.435052529393715,38.573986556069485,35.157573538563156,-63.1138855088484
136,156,176,66.49930649591874,35.4993064959188,28.80459507814146,-62.412797921126185
137,157,177,54.20134472629377,23.20134472629377,15.04553988208636,-111.92621362595605
138,158,178,47.82362708724253,16.82362708724247,8.56447973964464,-110.15460343706889
139,159,179,58.95507970513063,29.955079705130572,23.48815431503715,-106.73220684086937
140,160,180,44.24742670382841,22.24742670382841,22.823614499646283,-127.2124822747578
141,161,181,38.703729461736714,11.70372946173677,13.256985452246,-119.5835671497224
142,162,182,57.32176006230412,18.32176006230418,16.863963700844124,-137.8301885589393
143,163,183,55.15440318195351,22.154403181953512,17.85489632811175,-121.19844205910135
144,164,184,56.404834203032635,18.404834203032692,12.655717436145778,-172.11935138369915
145,165,185,55.795291219183696,20.795291219183696,15.846625682067838,-221.2578955067322
146,166,186,48.94670350910843,21.946703509108374,21.32754065648851,-130.3621146066455
147,167,187,58.17634817065317,27.176348170653114,27.68488308344513,-201.52547498546141
148,168,188,49.38709042944134,13.387090429441287,10.713147477788311,-196.93805599056873
149,169,189,24.722623715524207,-6.277376284475849,-3.6893998300040494,-188.4819019990075
150,170,190,20.80661242196095,-10.19338757803905,-6.21911676244747,-197.86459842966553
151,171,191,36.38480684869063,8.384806848690687,14.89239684545305,-191.92780347706787
152,172,192,32.25625697198723,1.2562569719872272,4.900393832802251,-211.86589094406713
153,173,193,34.4531754009696,1.4531754009697124,6.5198496799711165,-156.3019775441037
154,174,194,42.989686536588806,14.98968653658892,20.110982172231388,-124.19489488808642
155,175,195,45.98994179305379,23.98994179305373,32.44500783963838,-103.25187503891925
156,176,196,24.883818460729287,8.88381846072923,19.979507737695826,-35.627849179564464
157,177,197,20.578629798893132,-10.421370201106924,-4.491062402330272,-64.36062570888112
158,178,198,14.38723954661225,-10.61276045338775,-4.691013587974112,-98.72533460372881
159,179,199,23.179683215523596,0.17968321552359612,7.443735944771106,-101.97129402829091
160,180,200,29.319447389652964,2.3194473896529644,5.604908355785369,-109.85918716773449
161,181,201,28.082262447096696,-3.9177375529031906,-2.7743707045990504,-117.09707232737253
162,182,202,42.300458545631614,7.300458545631614,3.0449401890756462,-146.99364609551515
163,183,203,57.72597686473421,25.725976864734207,21.92433614766935,-96.23783139094985
164,184,204,45.24596911751064,4.245969117510754,5.667593697292091,-209.94199799074215
165,185,205,49.666364685464714,11.666364685464714,15.290906680670332,-210.24941729001625
166,186,206,45.917647747711726,7.917647747711726,12.219165098944131,-147.84225357369587
167,187,207,63.35184282066689,28.35184282066689,31.720943450270397,-181.2065056015815
168,188,208,57.2649566135928,8.264956613592858,4.317357738038368,-183.626622789281
169,189,209,40.26832355521077,-9.731676444789287,-14.870288637680687,-228.1511630072904
