Left,Mid,Right,Loss,Loss_left,Loss_right,gain,glasso
0,20,40,1343.2367212435158,991.0680377725492,977.872340133262,-625.7036566622953,7.373715846250207
1,21,41,1350.5254013728072,993.2417531460894,983.8919926451052,-626.6083444183873,7.222173321465448
2,22,42,1348.5799755766043,993.7345335597921,980.9311287304872,-626.0856867136749,7.163198982876224
3,23,43,1350.5593597868237,990.3162973828191,984.1684358322291,-623.9253734282245,6.484340895890455
4,24,44,1352.526323679478,987.3263175980138,990.1350318543878,-624.9350257729234,7.5388287024192095
5,25,45,1355.9201546320462,986.3914889196983,992.3850536056611,-622.8563878933132,7.530959293380647
6,26,46,1362.9851240671244,991.3079955221176,994.4225518126001,-622.7454232675934,6.984627337458278
7,27,47,1365.0493228143537,992.7531673388057,994.7629512929701,-622.4667958174223,7.892596614285708
8,28,48,1366.4797339898214,1002.9650691573934,991.3614642234868,-627.8467993910588,3.3920765577340717
9,29,49,1362.2876347352653,997.6840967895571,995.3234662420726,-630.7199282963643,2.0622527672688875
10,30,50,1370.9287191940152,1000.2550103369321,1003.5535604958372,-632.8798516387542,2.1975861225702147
11,31,51,1374.3440852461736,997.622066359578,1007.7533295147066,-631.031310628111,3.083255639109211
12,32,52,1375.903439736975,999.3887741551594,1006.374907298914,-629.8602417170982,3.909680821613847
13,33,53,1367.6778020956767,993.9203402332894,1000.2601408971553,-626.5026790347679,3.1404305154784424
14,34,54,1370.9117793269552,990.90295155598,1003.5769471889885,-623.5681194180133,4.5817385734029585
15,35,55,1372.8676282344095,993.5758042125608,1006.6165413195874,-627.3247172977387,3.5864104976304816
16,36,56,1371.0835791728202,984.0460822087757,1017.1567397621515,-630.119242798107,4.002043552382702
17,37,57,1376.4738763663217,983.9539662243434,1016.8078379553012,-624.2879278133228,5.143248463562827
18,38,58,1384.9516629647028,985.4401943591427,1022.2234705127498,-622.7120019071897,9.56596882143117
19,39,59,1387.2961626542694,983.3999707114381,1025.4046228109305,-621.5084308680991,7.660232016438613
20,40,60,1385.3858673452637,977.872340133262,1029.194897096027,-621.6813698840253,9.030114270757167
21,41,61,1388.3656938802592,983.8919926451052,1023.6045637744346,-619.1308625392808,9.224095438050313
22,42,62,1389.4224220587123,980.9311287304872,1028.1101656027047,-619.6188722744796,8.525929533328167
23,43,63,1390.6634652980529,984.1684358322291,1027.4409183385824,-620.9458888727586,9.501967661602748
24,44,64,1390.8882668128929,990.1350318543878,1027.1799108372975,-626.4266758787924,6.027195903397683
25,45,65,1397.1174450434366,992.3850536056611,1030.1218824915381,-625.3894910537626,7.086745965948808
26,46,66,1401.4040893647048,994.4225518126001,1031.4887958179013,-624.5072582657967,7.8212945569367776
27,47,67,1401.4724413684676,994.7629512929701,1029.6994384904292,-622.9899484149319,8.241104301430823
28,48,68,1400.7284578443769,991.3614642234868,1031.4460049636539,-622.0790113427638,4.37298088561181
29,49,69,1403.4919516585796,995.3234662420726,1029.8810773739726,-621.7125919574655,3.319728689804265
30,50,70,1400.511274345735,1003.5535604958372,1013.566698277245,-616.6089844273472,5.294672949228698
31,51,71,1399.75107945752,1007.7533295147066,1007.1396758994258,-615.1419259566123,6.778656387536785
32,52,72,1405.9483206244377,1006.374907298914,1004.3155906419128,-604.7421773163892,8.235745421398747
33,53,73,1433.8977300980605,1000.2601408971553,1038.3578536776247,-604.7202644767194,15.562349789442806
34,54,74,1437.9129507663501,1003.5769471889885,1034.9153301199292,-600.5793265425675,17.151843559346958
35,55,75,1444.8675699122118,1006.6165413195874,1030.8911998637184,-592.640171271094,17.027568056833957
36,56,76,1441.7631428557784,1017.1567397621515,1019.0304237152767,-594.4240206216498,15.268222036287625
37,57,77,1442.9922710338396,1016.8078379553012,1020.023782119485,-593.8393490409467,17.114315404063404
38,58,78,1446.9327387324452,1022.2234705127498,1022.0762521571371,-597.3669839374418,14.186284068928899
39,59,79,1448.1928130954764,1025.4046228109305,1018.8740029301008,-596.0858126455548,14.418527309132514
40,60,80,1447.3828607490602,1029.194897096027,1015.2794704600467,-597.0915068070135,11.478718399676382
41,61,81,1441.7332285128434,1023.6045637744346,1016.5227447705824,-598.3940800321736,12.879464645971098
42,62,82,1449.2089182078757,1028.1101656027047,1018.9397113411326,-597.8409587359615,13.723205409119828
43,63,83,1446.3168524376483,1027.4409183385824,1016.135533638934,-597.2595995398681,16.086178225161916
44,64,84,1441.763766921026,1027.1799108372975,1015.0394453837179,-600.4555892999895,13.025430703525672
45,65,85,1439.4244781798195,1030.1218824915381,1009.4091926297456,-600.1065969414642,12.771589029051938
46,66,86,1438.8350232252774,1031.4887958179013,1007.5286383649907,-600.1824109576146,14.215534987042588
47,67,87,1431.918139260202,1029.6994384904292,1006.5547704172936,-604.3360696475208,12.220242655026368
48,68,88,1422.8034029743912,1031.4460049636539,1003.0854644248409,-611.7280664141035,8.311312981359151
49,69,89,1419.3770894870008,1029.8810773739726,1004.1476361813619,-614.6516240683336,7.690029111664785
50,70,90,1402.1504885806335,1013.566698277245,1000.9158724460735,-612.3320821426851,4.9203761908036086
51,71,91,1401.9347435288978,1007.1396758994258,1002.701173204797,-607.906105575325,8.61633054406252
52,72,92,1393.4669420530065,1004.3155906419128,1001.683777016726,-612.5324256056322,6.410504478835719
53,73,93,1391.090169970812,1038.3578536776247,968.0583365505656,-615.3260202573783,7.063067584680425
54,74,94,1396.7610052364348,1034.9153301199292,977.798336542117,-615.9526614256115,8.501879691728618
55,75,95,1391.6217604346148,1030.8911998637184,977.7782253471571,-617.0476647762607,8.81198324881052
56,76,96,1378.2348944897835,1019.0304237152767,977.2392559419249,-618.034785167418,7.135054415961804
57,77,97,1385.2477048488104,1020.023782119485,984.1728868916009,-618.9489641622754,8.22120935983844
58,78,98,1381.4088850776743,1022.0762521571371,981.2450557883055,-621.9124228677683,8.303194738947354
59,79,99,1382.1728856257696,1018.8740029301008,994.893475378203,-631.5945926825343,6.293178761484114
60,80,100,1387.3226477427384,1015.2794704600467,1001.0794980813895,-629.036320798698,4.562624376118947
61,81,101,1387.5263511239655,1016.5227447705824,999.8726222260999,-628.8690158727168,5.024975786769687
62,82,102,1389.3123413191165,1018.9397113411326,995.060987748006,-624.6883577700221,8.830734833268366
63,83,103,1388.664654152603,1016.135533638934,995.3566265824943,-622.8275060688254,10.564114102526219
64,84,104,1386.6973231433592,1015.0394453837179,987.4003978070499,-615.7425200474086,11.751464995795004
65,85,105,1375.2003947535197,1009.4091926297456,994.5445500475012,-628.753347923727,9.708718264423737
66,86,106,1377.9564246470436,1007.5286383649907,987.5205692312139,-617.0927829491611,11.90931877488083
67,87,107,1380.1530250394003,1006.5547704172936,982.9527382309491,-609.3544836088424,16.449229710792906
68,88,108,1377.2830059321764,1003.0854644248409,993.5559681638607,-619.3584266565254,11.406479832010518
69,89,109,1376.3105843327494,1004.1476361813619,993.9802592004085,-621.8173110490211,10.436360006724954
70,90,110,1375.32504567986,1000.9158724460735,995.502837051322,-621.0936638175353,9.67634249655464
71,91,111,1379.0940339229055,1002.701173204797,995.6477694800892,-619.2549087619807,11.473476152800686
72,92,112,1379.6202237948864,1001.683777016726,999.0871483753713,-621.1507015972109,9.862369500940076
73,93,113,1350.9420109695693,968.0583365505656,999.7664755606902,-616.8828011416865,8.11530387049902
74,94,114,1348.470942383517,977.798336542117,993.2964318933244,-622.6238260519244,1.9306053172773545
75,95,115,1350.493037068461,977.7782253471571,992.6757795301108,-619.9609678088068,-1.2583156808223066
76,96,116,1353.958578330285,977.2392559419249,996.7347227377327,-620.0154003493726,-6.088521342152831
77,97,117,1354.2034510027474,984.1728868916009,992.539846589904,-622.5092824787575,-25.14447648492728
78,98,118,1357.3112189770734,981.2450557883055,1001.0323300319639,-624.9661668431961,-16.081748583634976
79,99,119,1356.9086833691215,994.893475378203,991.3563426450871,-629.3411346541686,2.346517046400777
80,100,120,1361.214901814329,1001.0794980813895,991.4638275585701,-631.3284238256306,1.0175459907439972
81,101,121,1355.431284196084,999.8726222260999,992.0428513725016,-636.4841894025174,1.9480537561966003
82,102,122,1361.7647906582279,995.060987748006,999.8121071932117,-633.1083042829898,4.376105415339907
83,103,123,1363.6517049362508,995.3566265824943,1000.7567759433152,-632.4616975895588,4.354584743175337
84,104,124,1354.5867447462456,987.4003978070499,999.0804591443507,-631.8941122051551,2.8096703286646516
85,105,125,1352.7733763480894,994.5445500475012,995.2165385647465,-636.9877122641583,1.3185809166483295
86,106,126,1346.5624702265059,987.5205692312139,995.9090421697433,-636.8671411744513,5.960209424760478
87,107,127,1351.853300842139,982.9527382309491,996.9643413609072,-628.0637787497171,7.8670910757687125
88,108,128,1358.289982917015,993.5559681638607,995.9453809474635,-631.211366194309,8.750258854753838
89,109,129,1383.2488714301867,993.9802592004085,1007.7384174823972,-618.4698052526189,11.437471854895307
90,110,130,1387.9836870988856,995.502837051322,1016.3479323545705,-623.867082307007,10.617801427332665
91,111,131,1388.8294256242707,995.6477694800892,1015.4964075470066,-622.3147514028251,11.794194033695248
92,112,132,1396.5501717396974,999.0871483753713,1020.0774742437402,-622.6144508794141,9.680712544130529
93,113,133,1398.2874273876182,999.7664755606902,1022.4087906830982,-623.8878388561702,9.586348309923324
94,114,134,1390.7950106862072,993.2964318933244,1025.3555207388551,-627.8569419459723,9.184682197402708
95,115,135,1393.0831556204844,992.6757795301108,1032.2231756445822,-631.8157995542088,9.859713684753956
96,116,136,1395.8850502157884,996.7347227377327,1032.0463886380974,-632.8960611600417,14.312102085840024
97,117,137,1393.0673008451968,992.539846589904,1029.0770184292642,-628.5495641739712,35.93519598665944
98,118,138,1402.5920386963678,1001.0323300319639,1035.0175784662947,-633.4578698018906,25.4513905768697
99,119,139,1410.3287198197304,991.3563426450871,1033.9240699581624,-614.9516927835191,7.300276185070516
100,120,140,1405.9611988937327,991.4638275585701,1033.5149680013435,-619.0175966661809,9.484460288285618
101,121,141,1409.8506676342352,992.0428513725016,1035.8660943197578,-618.0582780580241,6.458086961638628
102,122,142,1410.6173130531329,999.8121071932117,1029.782488564968,-618.9772827050467,7.549439086184407
103,123,143,1418.5674259359234,1000.7567759433152,1038.3384230787958,-620.5277730861876,7.687823936876839
104,124,144,1424.8218399207558,999.0804591443507,1046.015258453408,-620.2738776770029,7.161670085569995
105,125,145,1422.8021348608354,995.2165385647465,1043.8630413755075,-616.2774450794186,8.468847180104376
106,126,146,1416.7477426950338,995.9090421697433,1038.7395776996948,-617.9008771744043,3.8644038343586544
107,127,147,1410.5511762709712,996.9643413609072,1036.6211377389795,-623.0343028289155,3.3341364095409745
108,128,148,1402.4428193597523,995.9453809474635,1033.726771725665,-627.2293333133762,3.410723300218365
109,129,149,1404.3304413326641,1007.7384174823972,1030.8159080786506,-634.2238842283837,3.1002638968748215
110,130,150,1405.8269376402918,1016.3479323545705,1026.2218639752075,-636.7428586894862,3.6066355195208644
111,131,151,1405.1587806663772,1015.4964075470066,1023.2115777094261,-633.5492045900555,6.580120893737103
112,132,152,1408.480206503295,1020.0774742437402,1014.533891565043,-626.1311593054882,7.529650051286239
113,133,153,1419.6255413391075,1022.4087906830982,1015.290468196062,-618.0737175400527,8.331820909452063
114,134,154,1419.953510266787,1025.3555207388551,1016.125077656832,-621.5270881289002,4.492196194332678
115,135,155,1410.0368893927812,1032.2231756445822,990.1484257214496,-612.3347119732507,8.17516412308919
116,136,156,1405.800628030134,1032.0463886380974,978.2015552049819,-604.4473158129451,12.224987999514497
117,137,157,1406.6837382557574,1029.0770184292642,975.4462009444273,-597.8394811179342,11.549355458272771
118,138,158,1403.3444399501875,1035.0175784662947,961.4312198714902,-593.1043583875974,8.625599330432806
119,139,159,1413.4510194100585,1033.9240699581624,976.525324890369,-596.998375438473,6.35494252369358
120,140,160,1407.9634129772257,1033.5149680013435,970.3840986936077,-595.9356537177255,7.406922097648248
121,141,161,1403.2653528475562,1035.8660943197578,966.624447181865,-599.2251886540666,5.865659552049124
122,142,162,1402.8117655400026,1029.782488564968,973.3264301765755,-600.2971532015408,4.45881121686773
123,143,163,1402.655851463625,1038.3384230787958,964.8303878001198,-600.5129594152907,0.9671862505706486
124,144,164,1403.7071313693816,1046.015258453408,959.7922516331961,-602.1003787172224,-1.7496663707723883
125,145,165,1392.0600995706427,1043.8630413755075,955.4109428772814,-607.2138846821463,-4.5039982880769
126,146,166,1388.5872939530846,1038.7395776996948,959.7446109225351,-609.8968946691452,-4.869239635330928
127,147,167,1384.8034319418764,1036.6211377389795,957.9754173332186,-609.7931231303216,-7.890262859366203
128,148,168,1402.3104292577978,1033.726771725665,982.1541911432939,-613.5705336111612,-0.5714987918224779
129,149,169,1397.177472592965,1030.8159080786506,980.5748329009898,-614.2132683866755,-0.41461267040222083
130,150,170,1395.9594979430913,1026.2218639752075,980.0942058483951,-610.3565718805112,-0.808325718462811
131,151,171,1401.2798414946678,1023.2115777094261,986.7943254756792,-608.7260616904375,3.5088829945513
132,152,172,1391.4061893996336,1014.533891565043,996.6466825262519,-619.7743846916612,6.3148378595117265
133,153,173,1394.7055126539071,1015.290468196062,998.663282238489,-619.2482377806439,4.972266353474311
134,154,174,1393.832280220482,1016.125077656832,996.5875053265643,-618.8803027629142,5.188384946391807
135,155,175,1402.4079517038265,990.1484257214496,1019.147969174195,-606.8884431918182,14.677308254380478
136,156,176,1385.6643802118342,978.2015552049819,1018.9339685771888,-611.4711435703366,13.161272899577057
137,157,177,1384.038350693064,975.4462009444273,1022.7307103318241,-614.1385605831872,11.222977006071119
138,158,178,1373.323927211953,961.4312198714902,1022.9531858108016,-611.0604784703387,8.781447174256073
139,159,179,1373.6426213496761,976.525324890369,1016.6069982343581,-619.4897017750509,5.5513050007336915
140,160,180,1371.3842000229745,970.3840986936077,1020.1907242134255,-619.1906228840587,7.801604007120545
141,161,181,1370.8167528686054,966.624447181865,1023.4420746345056,-619.2497689477652,8.499100235222386
142,162,182,1374.7450444630085,973.3264301765755,1020.7122597443581,-619.2936454579251,6.420614638134111
143,163,183,1371.5980589623903,964.8303878001198,1021.4417543138179,-614.6740831515474,5.243376590277194
144,164,184,1369.5888615491795,959.7922516331961,1023.5316326598277,-613.7350227438442,3.0682923978606595
145,165,185,1368.5394438861395,955.4109428772814,1024.1890237905513,-611.0605227816932,3.3040129277193273
146,166,186,1371.5735748847897,959.7446109225351,1024.687514985082,-612.8585510228277,2.256756383380548
147,167,187,1371.3188977086368,957.9754173332186,1027.9686135838695,-614.6251332084514,0.09958638567559319
148,168,188,1372.211180192665,982.1541911432939,1021.3489999380762,-631.2920108887049,0.7142280223389434
149,169,189,1369.6919713591292,980.5748329009898,1022.0737158861804,-632.9565774280409,1.6096337404408132
150,170,190,1369.4437345627327,980.0942058483951,1021.0759009949047,-631.7263722805671,1.9311749834846523
151,171,191,1369.439419828472,986.7943254756792,1014.4106283060173,-631.7655339532246,1.4486411802296288
152,172,192,1365.4731322966045,996.6466825262519,1002.9691523593542,-634.1427025890016,4.474949516903507
153,173,193,1372.9901838502378,998.663282238489,1002.0111316814503,-627.6842300697015,3.9584868993711098
154,174,194,1374.7846833908116,996.5875053265643,1001.4659801061247,-623.2688020418773,5.2436641580362675
155,175,195,1374.1233741799056,1019.147969174195,982.3917995446046,-627.4163945388941,7.097009400168417
156,176,196,1384.9868062261626,1018.9339685771888,997.7203858908032,-631.6675482418295,6.6195390513203165
157,177,197,1388.531633354724,1022.7307103318241,994.5055802419433,-628.7046572190434,5.0542427913235315
158,178,198,1388.5819198796116,1022.9531858108016,986.969931230592,-621.341197161782,9.026445673552075
159,179,199,1382.395572865379,1016.6069982343581,986.7881758494115,-620.9996012183906,9.462758997678065
160,180,200,1388.6366154877855,1020.1907242134255,994.8251527032778,-626.3792614289177,6.926790798693105
161,181,201,1391.7994286925855,1023.4420746345056,993.3071140738971,-624.9497600158172,7.237288838524023
162,182,202,1392.1601754098542,1020.7122597443581,996.1041245845952,-624.6562089190991,6.40579411504109
163,183,203,1391.9118406463401,1021.4417543138179,992.0646736040318,-621.5945872715095,6.869030291392278
164,184,204,1393.6382821647394,1023.5316326598277,992.348415476958,-622.2417659720463,6.882340325387986
165,185,205,1395.263512221345,1024.1890237905513,994.7106499377819,-623.6361615069882,7.638642612843455
166,186,206,1396.2643825233533,1024.687514985082,995.7007439714699,-624.1238764331986,8.048650082872086
167,187,207,1399.7725388792835,1027.9686135838695,998.0822993276386,-626.2783740322245,8.098427454950752
168,188,208,1392.0926669832759,1021.3489999380762,997.3319447248253,-626.5882776796257,5.415867919556604
169,189,209,1391.3885512766574,1022.0737158861804,1000.8720508005774,-631.5572154101005,5.861782624244597
