Left,Mid,Right,Loss_likeli,Loss_AIC,Loss_BIC,Loss_eBIC
0,20,40,6.370110858413284,-12.629889141586773,-8.572975719430701,-30.146175024912623
1,21,41,13.046502972862356,-8.9534970271377,-7.083329195872466,-43.04922496251652
2,22,42,14.912431226332501,-35.08756877366761,-39.5002193937612,-182.80061994366122
3,23,43,31.064280481314427,-3.9357195186854597,-3.685781201601799,-146.3896443418073
4,24,44,34.511980427052606,0.5119804270525492,-2.5525246121665077,-86.32751110241134
5,25,45,42.33482320136733,0.3348232013672714,-5.326316570947597,-140.64310668224118
6,26,46,43.8632789513307,-3.136721048669301,-12.326912275709105,-137.59195971955205
7,27,47,35.68720341443958,-10.312796585560477,-19.005121675823375,-143.26587957753816
8,28,48,20.21190759004969,-22.78809240995031,-26.174509596802523,-209.53476994997527
9,29,49,35.65361380013604,-6.346386199864014,-15.819835465258734,-135.89609959329005
10,30,50,30.034732177941294,-6.965267822058763,-14.989107174408332,-169.03806899976644
11,31,51,29.458268566844197,-1.5417314331557463,-8.65781550652332,-167.35707377538438
12,32,52,32.706302469003504,-2.2936975309964964,-9.109196581026595,-155.8837730087722
13,33,53,16.30507535226775,-14.69492464773225,-16.98688539525085,-85.28135622906564
14,34,54,18.67565733420639,-14.324342665793552,-17.182743332971768,-131.57419174377674
15,35,55,27.01279018660341,-4.9872098133964755,-9.828571301301281,-184.442519588428
16,36,56,28.245631826002978,-4.7543681739970225,-10.44016938895868,-181.06835489753541
17,37,57,25.434760317688472,-0.5652396823114714,-1.3796835787144346,-156.63924401595
18,38,58,36.38576832714068,11.385768327140681,9.286854625132833,-153.10600577986247
19,39,59,42.50087543017162,18.500875430171618,16.256148675362965,-100.13646393107058
20,40,60,40.71411396683243,12.714113966832542,7.784775484355919,-109.00741876835593
21,41,61,50.70570706330892,24.705707063308864,21.11867444466634,-125.18171745597112
22,42,62,68.8480468406949,32.848046840694906,24.975500034842298,-183.55123997587646
23,43,63,70.05812980130554,47.05812980130554,42.88525405131418,-93.36210286929168
24,44,64,64.50190034823197,42.50190034823197,40.21318509613741,-96.41867599009584
25,45,65,82.88709534135336,59.88709534135336,54.674498820521876,-92.22953678630597
26,46,66,87.95679014154138,58.956790141541376,50.041671456592326,-43.21461579028289
27,47,67,82.15026304230128,52.150263042301276,42.5007687546713,-67.30536749297585
28,48,68,49.62242928978026,26.838986120836353,23.315269054118858,-118.30513817720703
29,49,69,51.69839558414719,17.698395584147192,7.7024187393287775,-108.51250678704753
30,50,70,51.57985189410181,24.579851894101807,18.762085187282423,-111.7562400298483
31,51,71,51.923289695739186,25.9232896957393,21.643109896536657,-113.6263912911511
32,52,72,72.27028924288868,36.27028924288868,29.30349764636162,-146.37660250828276
33,53,73,77.80568817047964,44.55562327372877,42.2829895808494,-55.00982087857892
34,54,74,74.01868035405971,45.2932802249851,42.71280320815424,-42.358597650660386
35,55,75,96.91971757351615,49.91971757351621,36.423365537126756,-156.66411500703123
36,56,76,97.14983260227109,50.14983260227109,36.69622004771372,-211.45371253440464
37,57,77,97.10847065646612,41.108470656466125,22.129393651793862,-213.98742451619034
38,58,78,95.87550674771614,41.875506747716145,24.00164870903768,-214.2781266106316
39,59,79,94.66069602096667,40.66069602096661,24.139098765338872,-180.52776325606544
40,60,80,99.27118949315468,39.27118949315468,17.370413862974374,-281.4288752110514
41,61,81,85.2135185399959,29.213518539995903,12.769943359723243,-273.7014596935487
42,62,82,93.36609978936247,56.36609978936235,46.262818895333,-205.95210599067627
43,63,83,105.00317024638468,64.00317024638468,49.78254117590825,-225.75408645020048
44,64,84,93.21746089563271,52.21746089563271,41.36382749595964,-176.93643415772465
45,65,85,91.66827391329332,49.66827391329343,38.673430949227054,-167.3890987529113
46,66,86,86.30970110923249,46.30970110923249,34.34407005169646,-118.77690083468804
47,67,87,86.80132394280605,53.80132394280599,45.08424637680503,-91.81877782973027
48,68,88,55.53055197913358,34.74710881018973,33.951991968426114,-78.39424804947078
49,69,89,72.32935485358098,48.32935485358098,45.04490732793238,-94.00551873749862
50,70,90,60.426030610487715,30.426030610487715,23.461239083617215,-105.76150000629707
51,71,91,59.29977955978427,29.29977955978427,23.374708803753833,-95.71610165273398
52,72,92,70.87265189002636,40.87265189002636,36.68044908539571,-104.75024417387272
53,73,93,63.32967907074459,33.07961417399372,32.328485829516126,-57.945662519106804
54,74,94,57.63542366709771,37.9100235380231,42.87469223916128,-76.78037098589994
55,75,95,30.179850098493716,-5.820149901506284,-9.681091349989174,-112.89463143465832
56,76,96,28.122939651961133,-3.8770603480388672,-5.357224177301646,-127.81359665376135
57,77,97,24.716060466080876,-5.283939533919124,-5.77331953790997,-166.86268506222348
58,78,98,24.29601785401337,-13.703982145986629,-20.146246093433433,-172.66955170613426
59,79,99,15.031051768724694,-22.96894823127525,-26.67265703455155,-140.66899449070797
60,80,100,24.870029620333355,-17.1299703796667,-25.563698874221473,-210.14806195167955
61,81,101,35.73142182457332,1.7314218245733173,-3.759098346605356,-162.79345116679838
62,82,102,29.42133030514691,2.421330305146739,2.969502103780769,-165.11438374942975
63,83,103,32.517760522968445,2.5177605229685014,-0.9812951011023188,-179.45378082491038
64,84,104,42.690294874649794,15.690294874649794,14.579376112094337,-122.4540193724448
65,85,105,37.77303880985943,7.773038809859372,10.030634882996424,-122.57918851143711
66,86,106,38.91567756968357,12.915677569683567,14.52724880524056,-176.55644067734693
67,87,107,38.59805466529855,14.598054665298605,16.85878458412958,-118.29009645771441
68,88,108,52.859614461290334,25.859614461290334,24.893878018390524,-102.89501236326055
69,89,109,69.96822881546734,48.96822881546734,49.94996842238959,-110.09120192221951
70,90,110,57.33441018685198,32.33441018685198,33.404126788345934,-143.6356464811339
71,91,111,80.99404323811814,49.99404323811814,45.99712147727041,-208.00970650372676
72,92,112,75.10055455375061,42.10055455375061,38.494194880468854,-143.80652186439568
73,93,113,82.29216236978249,51.29216236978243,47.64181419921465,-170.66431525994835
74,94,114,83.48375163294571,53.48375163294577,51.024416779714784,-158.92288188449993
75,95,115,78.18710538403423,43.187105384034226,35.88857887481697,-128.0323409678657
76,96,116,88.30522678172491,58.30522678172491,53.76645038681431,-157.99205337256615
77,97,117,95.36724861215419,66.36724861215419,61.633191173460546,-136.04199997431328
78,98,118,119.57265354560889,86.57265354560889,80.54027874036728,-196.08813541021357
79,99,119,76.23496566776942,48.234965667769416,43.998774365852796,-149.3448187388501
80,100,120,82.12134393392216,48.12134393392216,38.818514269663865,-127.05843936136898
81,101,121,49.80949293109336,29.80949293109336,28.11543645237066,-35.01588093513362
82,102,122,45.39254429880765,27.39254429880765,26.52976029367494,-21.856986116721487
83,103,123,47.32570588384431,30.325705883844307,27.753732593394886,-39.49136593292815
84,104,124,51.881205042636395,40.88120504263645,42.336149343688874,-43.25885956541015
85,105,125,41.95807508726398,30.95807508726398,34.14588733971641,-80.02077320996864
86,106,126,38.0774948413644,19.07749484136434,24.482526797155742,-94.13528870118523
87,107,127,38.17818412771504,16.1781841277151,16.662057597860326,-122.12514629966813
88,108,128,55.07617163499265,25.076171634992647,21.230542420641996,-148.929357863066
89,109,129,57.44259745902929,32.44259745902923,30.39315174800356,-192.77031877680076
90,110,130,44.10001582672794,17.10001582672794,14.747985022708235,-162.87112749232153
91,111,131,59.23175943219468,25.23175943219462,18.354944899896054,-230.09468067208854
92,112,132,68.28573822833266,31.28573822833266,22.222178105143144,-163.5440325783951
93,113,133,81.44370543332673,47.44370543332673,38.83402294962832,-201.6235858483426
94,114,134,71.13032076397695,37.13032076397701,28.52063828027849,-148.5682427160492
95,115,135,48.87152047824975,22.87152047824975,23.172951512545183,-98.50994274515836
96,116,136,50.132939648248396,25.132939648248453,26.202656249742518,-110.93616847783642
97,117,137,52.49038655908305,29.49038655908305,31.20926184385121,-121.26254384900005
98,118,138,55.61171294669714,32.61171294669714,33.98401464118524,-97.67418017806347
99,119,139,28.919540314306232,3.919540314306232,6.375551276920191,-106.9679263221318
100,120,140,42.68371985198098,13.683719851981095,13.108545496646911,-98.56084132082867
101,121,141,18.977879611210653,-0.022120388789403478,5.366587484584329,-71.04385446664412
102,122,142,17.93287071524759,3.9328707152476454,14.141583932542403,-37.58576548649785
103,123,143,31.785826553022048,17.785826553022048,23.638923478503102,-55.669707361766086
104,124,144,30.93445281583854,20.93445281583854,31.90033475607038,-45.64675134257993
105,125,145,31.251845778910592,15.251845778910592,21.178139377746675,-48.29783016259921
106,126,146,36.45636386714125,11.456363867141249,15.07116473465203,-78.33543060549835
107,127,147,39.97030101600001,17.970301016000008,16.028159354185505,-71.8627309837882
108,128,148,60.34810389095878,29.348103890958782,24.658034949551052,-126.92987884614502
109,129,149,56.47232399332307,31.47232399332313,28.729731101737457,-144.20700980166077
110,130,150,68.79263330889847,39.79263330889842,32.63256073824505,-146.91328642512724
111,131,151,70.29501166637954,40.29501166637942,34.02336732006904,-177.2563795742683
112,132,152,67.1764131910428,37.39951145800865,35.60866234269122,-133.03303797835133
113,133,153,69.06837444470602,33.34571331186157,28.718959922379213,-189.4609259333448
114,134,154,59.484636053310965,27.484636053310965,21.637827823478233,-131.5581973284162
115,135,155,69.72502483767016,41.72502483767016,31.679237860557123,-97.32762209354985
116,136,156,97.8215723194524,58.096589708190436,46.50836089112602,-124.59980367439698
117,137,157,92.79228508996982,54.555072477513704,42.933531730506616,-138.17186263305382
118,138,158,98.2427869509753,58.2427869509753,45.734808198477936,-102.35544027660103
119,139,159,106.5338415483069,58.533841548306896,38.10200288581086,-149.8100090278848
120,140,160,108.0238787162055,57.02387871620556,36.1381624142183,-174.4460424485785
121,141,161,83.96728308244337,44.96728308244337,32.359560361864055,-114.72373385760181
122,142,162,78.1036480119227,40.1036480119227,28.15134512967336,-87.48936584683997
123,143,163,84.0328431519431,48.0328431519431,34.61511890161091,-117.7789497190904
124,144,164,74.13368676885545,41.133686768855455,31.63773421593703,-90.55862188571723
125,145,165,74.6505325272177,37.650532527217706,28.839220412711597,-66.87117456693693
126,146,166,62.33998986667427,29.339989866674273,20.094198477726763,-87.37609139601398
127,147,167,71.97515882415644,47.97515882415644,39.4921074443082,-61.9182422501442
128,148,168,69.48477901107543,46.48477901107543,38.84616735828422,-68.32278652814614
129,149,169,52.662528667745164,36.662528667745164,32.85555356267287,-68.749777038258
130,150,170,52.72377317321025,35.72377317321025,31.072358341081042,-68.51380463152668
131,151,171,46.9567173276954,29.9567173276954,25.30530249556614,-68.6349585932636
132,152,172,45.38109235568584,23.604190622651686,21.29081392791045,-77.13543668512648
133,153,173,44.75162322010698,23.028962087262585,21.906598709858258,-78.24474034963328
134,154,174,51.85837549163898,32.85837549163898,30.018091137107376,-33.24872810840429
135,155,175,44.746567258386506,36.74656725838656,35.971523369836405,-25.578122757445954
136,156,176,53.53262273682617,44.807640125564205,48.051915857384415,25.53339610449882
137,157,177,44.443434256044384,36.20622164358832,38.00936828820875,0.5715506837011617
138,158,178,45.1742294400546,29.17422944005466,30.00133233132499,-5.94653214318555
139,159,179,52.07088070328018,36.07088070328018,31.570758417647994,-10.701242132795073
140,160,180,41.70875578423778,25.70875578423778,22.248354269445485,-37.20590363742349
141,161,181,36.47262427646069,18.472624276460692,17.77316360557205,-32.23547877044848
142,162,182,29.310307211677923,13.310307211677923,11.630533277217921,-27.965384343450523
143,163,183,48.40915867969761,30.469797550424403,26.46754140156918,-42.308595566522285
144,164,184,34.53851124046321,21.41978481010608,19.084192613646337,-46.335914535477514
145,165,185,30.73150402306942,17.73150402306942,15.54420926451104,-34.486969318217575
146,166,186,35.24186457431665,19.24186457431665,16.083256069304866,-44.45422333906458
147,167,187,46.002845598781846,37.499040684848524,38.02156826427222,-21.999081692762275
148,168,188,61.028454300603244,52.028454300603244,51.01339497240997,-15.543789001391588
149,169,189,57.93710545261513,42.93710545261513,39.93137320681677,-47.80546234172732
150,170,190,56.845884003484514,45.845884003484514,44.52823958229726,-33.118727105043945
151,171,191,48.21086521810571,37.21086521810571,36.2397943871984,-27.674503637172393
152,172,192,69.58183202160217,57.58183202160217,56.45946864419784,-44.23199108346057
153,173,193,69.6186691892886,56.618669189288596,54.65186608482725,-44.83267841396764
154,174,194,71.96839986256975,58.968399862569754,56.65502316782846,-37.11825521560854
155,175,195,53.43157024734552,42.43157024734552,41.425765294087114,-36.702855649916955
156,176,196,54.11715743620152,50.11715743620152,51.59142879189329,19.622702760875427
157,177,197,45.4989850441176,41.4989850441176,44.16407246004985,7.445514513169655
158,178,198,44.303628442944614,36.303628442944614,35.78643525152836,-20.07276072689399
159,179,199,79.04697730809585,71.04697730809585,69.1399244550285,-4.104766537744354
160,180,200,74.25054967776998,65.37964773869908,58.258229277324176,-23.009541190846676
161,181,201,88.29359530339212,77.29359530339212,66.94744893552013,-45.339835329186826
162,182,202,78.49642088953112,68.49642088953112,59.40558066112612,-60.57256769122432
163,183,203,70.63494993670514,60.69558880743193,58.9433938013928,12.86092079828859
164,184,204,61.804616817624435,52.68589038726731,51.64288153839561,-3.199697288237644
165,185,205,55.44744151217293,45.447441512172986,43.190587920658004,-40.51446773785585
166,186,206,67.77815950228825,47.77815950228825,42.18643850233593,-80.99132063016691
167,187,207,64.21510521276161,48.71130029882829,46.09533851109302,-43.00899265932617
168,188,208,47.037529091610054,32.037529091610054,29.199814650419285,-40.43752102192502
169,189,209,42.44503618232312,20.445036182323065,16.91349304777509,-57.2835457164
