Left,Mid,Right,Loss,Loss_left,Loss_right,gain,glasso
0,20,40,1355.289001026144,1005.6398638161579,974.7478892468434,-625.0987520368574,-0.10232995627222863
1,21,41,1356.4543628362587,1012.2914065213197,969.7446115128928,-625.5816551979538,0.1548713885028974
2,22,42,1356.9795306049664,1010.1166567045514,971.241208758099,-624.378334857684,1.2246530012539552
3,23,43,1364.585150244502,1010.4939853985067,979.707500159717,-625.6163353137217,0.5479475099245974
4,24,44,1361.482521185931,1011.1064761653772,982.4781815948086,-632.1021365742547,-2.1215618806313614
5,25,45,1368.2601372659028,1010.0836470965407,989.5379677187848,-631.3614775494227,-0.99500045380762
6,26,46,1373.961004581298,1015.5756148582068,994.3079012544107,-635.9225115313195,-0.9606778835236582
7,27,47,1369.2558447294573,1009.0617735953069,991.260255150956,-631.0661840168057,-1.5063551846538985
8,28,48,1384.2909747412323,992.1119129216364,1016.2324803335721,-624.0534185139763,2.2617018222243814
9,29,49,1379.7593599014353,994.2263870618026,1010.7888974663924,-625.2559246267597,2.630200427829436
10,30,50,1376.63461708272,986.7803471420406,1015.6819081082849,-625.8276381676055,3.6970912901737165
11,31,51,1374.6609125816499,981.068502705497,1014.7313191238318,-621.1389092476788,4.865659421336204
12,32,52,1381.2851568099286,988.0292441434326,1016.1988043534282,-622.9428916869322,6.293218676035281
13,33,53,1384.1740730020836,990.0579466769576,1012.5432508295241,-618.4271245043981,9.31913322471064
14,34,54,1383.79688067828,993.242832651739,1009.6662874829875,-619.1122394564463,9.609876119765545
15,35,55,1381.30999539613,990.0263089789745,1011.2131317255756,-619.9294453084201,8.449601786838912
16,36,56,1383.368247166369,984.4516888063911,1017.4019926091742,-618.4854342491963,7.158868832624421
17,37,57,1381.6677845845247,985.7441790503209,1017.2630342589653,-621.3394287247615,6.63783131035575
18,38,58,1373.9815096815419,975.4616128679495,1016.6143661087187,-618.0944692951264,9.454383558341988
19,39,59,1372.6606196414841,978.7865895048775,1013.6571623180722,-619.7831321814656,9.602950383613233
20,40,60,1370.3897816472668,974.7478892468434,1011.9064612423588,-616.2645688419354,9.085778443273284
21,41,61,1367.1242357826322,969.7446115128928,1009.3461971555847,-611.9665728858454,9.607327418765863
22,42,62,1383.95111135386,971.241208758099,1021.5513681222121,-608.8414655264512,10.674844919002453
23,43,63,1383.0189164303151,979.707500159717,1019.3651476395382,-616.0537313689401,7.356410458485584
24,44,64,1374.7675485052014,982.4781815948086,1015.5123480688909,-623.222981158498,2.374934908020464
25,45,65,1383.3640832684673,989.5379677187848,1022.4811004633043,-628.6549849136218,0.3102543782592875
26,46,66,1385.3993985486309,994.3079012544107,1015.116661426044,-624.0251641318237,2.2889254008990747
27,47,67,1385.9999181368362,991.260255150956,1018.688342754351,-623.9486797684708,1.0580130226476285
28,48,68,1399.430693902512,1016.2324803335721,1011.2743629960239,-628.0761494270839,-0.10473255008855631
29,49,69,1389.5129077844012,1010.7888974663924,1006.433674857717,-627.7096645397082,-3.3932183172139503
30,50,70,1400.6800647035861,1015.6819081082849,1005.8534413731388,-620.8552847778376,-3.313632795286935
31,51,71,1403.3185577452243,1014.7313191238318,1003.8807366355438,-615.2934980141513,-2.6946821353151336
32,52,72,1399.6155873331904,1016.1988043534282,993.3502333417651,-609.933450362003,-2.286636365427057
33,53,73,1415.0944668386117,1012.5432508295241,1007.6410165892587,-605.0898005801712,8.974801043962884
34,54,74,1416.8630428674987,1009.6662874829875,1014.4968233030281,-607.300067918517,10.694451215483923
35,55,75,1423.370889216978,1011.2131317255756,1015.6723992875459,-603.5146417961437,11.922140395324277
36,56,76,1434.7061790558123,1017.4019926091742,1011.3330560718917,-594.0288696252537,11.477581756529275
37,57,77,1436.3112293829054,1017.2630342589653,1015.2681556260127,-596.2199605020726,11.246741389842214
38,58,78,1443.5295359037864,1016.6143661087187,1019.8384431199877,-592.92327332492,12.671608735944801
39,59,79,1439.363174200244,1013.6571623180722,1019.7695521468434,-594.0635402646717,13.584012599481639
40,60,80,1442.8911021786148,1011.9064612423588,1020.3205977192399,-589.3359567829839,13.101932040705037
41,61,81,1436.319997026756,1009.3461971555847,1015.2689563976944,-588.295156526523,13.98903993991928
42,62,82,1441.5499330033344,1021.5513681222121,1015.7517904026708,-595.7532255215485,11.875886374449465
43,63,83,1435.8424098516361,1019.3651476395382,1008.8373591330285,-592.3600969209306,13.282027755986746
44,64,84,1432.2893844094542,1015.5123480688909,1011.9592349098717,-595.1821985693084,13.746116022188971
45,65,85,1445.059956220002,1022.4811004633043,1010.8878558575785,-588.3090001008807,13.24597148014277
46,66,86,1424.3543000768018,1015.116661426044,1010.6511790138587,-601.4135403631008,7.746419958050069
47,67,87,1430.554345973081,1018.688342754351,1010.5300962931398,-598.66409307441,5.768839959341335
48,68,88,1412.1622107305398,1011.2743629960239,1009.0903548064603,-608.2025070719444,1.741573391558859
49,69,89,1414.1722351954659,1006.433674857717,1013.8975145920992,-606.1589542543504,1.6654690908397924
50,70,90,1408.3042392063787,1005.8534413731388,1009.2111759840236,-606.7603781507837,1.0850597884955278
51,71,91,1406.4923741925145,1003.8807366355438,1012.0435563800615,-609.4319188230909,-0.45994279489195833
52,72,92,1398.0334722093678,993.3502333417651,1014.5126594194835,-609.8294205518807,-2.686866232786997
53,73,93,1381.3263299982427,1007.6410165892587,994.7420676071768,-621.0567541981927,-1.7271722645974705
54,74,94,1383.0972598782198,1014.4968233030281,989.4536502451854,-620.8532136699937,-1.4284140412075885
55,75,95,1385.2407033695,1015.6723992875459,992.5390443996569,-622.9707403177028,0.09411294026210726
56,76,96,1377.4321000635216,1011.3330560718917,988.6331046274458,-622.5340606358161,-2.069641395024064
57,77,97,1375.8583271776524,1015.2681556260127,989.5067361361253,-628.9165645844855,-0.25467131749883265
58,78,98,1373.7665365069224,1019.8384431199877,976.4504978159017,-622.5224044289671,1.6077185585572806
59,79,99,1372.9046918757822,1019.7695521468434,980.3741722126316,-627.2390324836929,0.24005860402780854
60,80,100,1371.9005159834312,1020.3205977192399,975.6790433147278,-624.0991250505365,-1.2141746596506664
61,81,101,1377.9220526255176,1015.2689563976944,989.3056401525527,-626.6525439247293,-0.03918177793025279
62,82,102,1378.8148598454786,1015.7517904026708,985.7428937273405,-622.6798242845327,-0.2356181330050049
63,83,103,1377.4450423874412,1008.8373591330285,998.9700885904576,-630.362405336045,0.519953165681386
64,84,104,1385.3314637392032,1011.9592349098717,1003.5229798236716,-630.1507509943401,-0.8114287652362009
65,85,105,1390.3896166348584,1010.8878558575785,1009.530880295259,-630.0291195179791,-1.0688160571942262
66,86,106,1389.128244614189,1010.6511790138587,1006.337617229525,-627.8605516291946,-0.685618890578553
67,87,107,1381.81280817093,1010.5300962931398,1001.6329399277031,-630.3502280499129,-1.3429028115633628
68,88,108,1374.092587635054,1009.0903548064603,999.0757262772788,-634.073493448685,-0.6146389276832451
69,89,109,1379.1511609010727,1013.8975145920992,1000.8220207147117,-635.5683744057383,1.2599878074357775
70,90,110,1393.2153183942069,1009.2111759840236,1020.9172701333553,-636.913127723172,-1.007798335806001
71,91,111,1392.074464816128,1012.0435563800615,1018.7030629558224,-638.6721545197558,-0.6383916479708205
72,92,112,1394.0913464854652,1014.5126594194835,1017.9126651554263,-638.3339780894446,-1.1618975244005014
73,93,113,1382.9507369025368,994.7420676071768,1019.302807508248,-631.0941382128879,2.2662614597740003
74,94,114,1388.3133094602456,989.4536502451854,1025.1673045714674,-626.3076453564072,2.234239239312501
75,95,115,1386.008809773044,992.5390443996569,1024.071870948943,-630.6021055755557,2.967388906280007
76,96,116,1388.753269361779,988.6331046274458,1022.098304683248,-621.9781399489148,3.54286027428941
77,97,117,1401.4361262299453,989.5067361361253,1028.1773068047369,-616.2479167109168,8.384835252175321
78,98,118,1399.4986448699783,976.4504978159017,1029.4394915254925,-606.3913444714158,7.808862947224725
79,99,119,1404.0033373612196,980.3741722126316,1029.2776611572635,-605.6484960086755,8.707281765326229
80,100,120,1401.4062993117936,975.6790433147278,1028.096592097088,-602.3693361000221,8.462008975884714
81,101,121,1405.9761772813024,989.3056401525527,1021.2202772722294,-604.5497401434798,8.695752773978711
82,102,122,1403.9876835465093,985.7428937273405,1024.206042069942,-605.9612522507732,7.604123295195677
83,103,123,1400.283961371677,998.9700885904576,1013.4959416336376,-612.1820688524183,6.1082004745128415
84,104,124,1397.1396807029137,1003.5229798236716,1005.6009799339439,-611.9842790547018,8.711490702059564
85,105,125,1398.4407882603468,1009.530880295259,1005.2456197871638,-616.3357118220761,9.491874112961796
86,106,126,1402.521840758258,1006.337617229525,1009.358932580452,-613.1747090517192,10.456244268695059
87,107,127,1403.2727603756907,1001.6329399277031,1008.4393849587987,-606.799564510811,11.143987657635307
88,108,128,1401.2819919545782,999.0757262772788,1006.9553987121653,-604.749133034866,12.001974511178673
89,109,129,1393.8309495142544,1000.8220207147117,1003.5341357449993,-610.5252069454566,9.154724482923598
90,110,130,1393.7057865798884,1020.9172701333553,994.3565567833521,-621.568040336819,4.770739895898032
91,111,131,1389.6793526621345,1018.7030629558224,994.5841547462923,-623.60786503998,5.058785949408616
92,112,132,1389.4300896375403,1017.9126651554263,992.489312157084,-620.97188767497,6.610068028128012
93,113,133,1394.8997948914352,1019.302807508248,993.2392466051831,-617.6422592219958,9.03449394158929
94,114,134,1395.6682116983347,1025.1673045714674,990.2147596327375,-619.7138525058701,7.44999521124214
95,115,135,1397.3034581908014,1024.071870948943,993.1935615995966,-619.9619743577382,7.9285289825385235
96,116,136,1399.0210422936161,1022.098304683248,994.7659420504714,-617.8432044401034,5.594787101268707
97,117,137,1399.5960325054093,1028.1773068047369,979.8111334789728,-608.3924077783004,9.313756842126054
98,118,138,1390.324312019915,1029.4394915254925,977.2960439780416,-616.4112234836191,7.676466733753159
99,119,139,1386.936401092802,1029.2776611572635,973.027874308767,-615.3691343732285,7.124127333903516
100,120,140,1400.712300303876,1028.096592097088,988.6117763381731,-615.9960681313851,9.279200048712937
101,121,141,1395.0387767403877,1021.2202772722294,987.5150411602737,-613.6965416921153,8.759144748473204
102,122,142,1391.2501486344927,1024.206042069942,984.8814522332735,-617.8373456687227,6.385142745879989
103,123,143,1386.3525884117557,1013.4959416336376,991.0727727589039,-618.2161259807858,6.229969865483213
104,124,144,1377.256128280821,1005.6009799339439,992.3019527267915,-620.6468043799143,5.684553900735409
105,125,145,1391.158324642412,1005.2456197871638,1003.6153362859478,-617.7026314306995,8.890079879116001
106,126,146,1393.9036287686438,1009.358932580452,1001.3876436070524,-616.8429474188606,7.707526690023997
107,127,147,1395.763730861917,1008.4393849587987,1004.251573639353,-616.9272277362345,7.98710665512499
108,128,148,1396.03030527299,1006.9553987121653,1008.630283235891,-619.5553766750663,7.249506803196255
109,129,149,1392.4355718463235,1003.5341357449993,1007.3347788441014,-618.4333427427773,6.856776739565248
110,130,150,1383.0906984253502,994.3565567833521,1013.8300517473887,-625.0959101053904,2.5529097703904426
111,131,151,1373.3272422137686,994.5841547462923,1010.5839158856357,-631.8408284181594,0.7458402552440475
112,132,152,1381.6030003687615,992.489312157084,1020.2933955874806,-631.179707375803,2.38720397981308
113,133,153,1379.307287441255,993.2392466051831,1016.3583138942059,-630.2902730581341,2.4490900092902166
114,134,154,1388.297905880243,990.2147596327375,1018.3039239536638,-620.2207777061583,5.52518950458898
115,135,155,1392.3102168053852,993.1935615995966,1018.8041620782517,-619.687506872463,5.613073219900571
116,136,156,1388.7119095874136,994.7659420504714,1013.8924241285617,-619.9464565916196,4.404654131023449
117,137,157,1391.5401189224613,979.8111334789728,1015.1495053646163,-603.4205199211278,7.939015142320159
118,138,158,1385.029557824118,977.2960439780416,1011.6890696279454,-603.955555781869,7.707415716065952
119,139,159,1388.5041822550938,973.027874308767,1015.0816264078801,-599.6053184615532,9.643881909668721
120,140,160,1403.6805310019936,988.6117763381731,1016.3146349586857,-601.2458802948652,11.453953399571333
121,141,161,1404.1339527690363,987.5150411602737,1016.2173746224698,-599.598463013707,11.528265049385709
122,142,162,1407.8915265980131,984.8814522332735,1023.8484665614834,-600.8383921967438,11.387387469374403
123,143,163,1408.8746220764729,991.0727727589039,1018.6857966033574,-600.8839472857885,11.31691612135603
124,144,164,1409.9761525514048,992.3019527267915,1019.6316715470509,-601.9574717224375,13.381264019320042
125,145,165,1413.4106176027133,1003.6153362859478,1011.2011742419045,-601.4058929251389,14.459757417341166
126,146,166,1409.8601769478173,1001.3876436070524,1009.2784722755074,-600.8059389347425,14.143678909298956
127,147,167,1411.2131188162898,1004.251573639353,1005.3360917418822,-598.3745465649454,14.464238113501096
128,148,168,1409.030665366819,1008.630283235891,1003.9539300851563,-603.5535479542284,15.655152132430658
129,149,169,1412.8116374735819,1007.3347788441014,1008.1294087358583,-602.6525501063779,17.606904158913153
130,150,170,1407.921352648295,1013.8300517473887,1005.1507704015823,-611.0594695006762,13.651221433516184
131,151,171,1408.4560203699853,1010.5839158856357,1011.6327678307958,-613.7606633464463,13.327877588575575
132,152,172,1404.4154475488876,1020.2933955874806,998.5613754269034,-614.4393234654963,12.959972742059676
133,153,173,1395.168597943923,1016.3583138942059,999.6371050588391,-620.8268210091219,9.656425530989168
134,154,174,1392.7505670803832,1018.3039239536638,997.9540780759814,-623.507434949262,9.412618405006015
135,155,175,1388.6942910168295,1018.8041620782517,995.950319027692,-626.0601900891143,7.07942464228131
136,156,176,1381.1369506232772,1013.8924241285617,995.4039417797248,-628.1594152850093,7.854888429309881
137,157,177,1377.3431630850482,1015.1495053646163,995.3900243295124,-633.1963666090805,3.0129270617233033
138,158,178,1374.2216485798394,1011.6890696279454,996.8091118002851,-634.2765328483911,3.4566839254166553
139,159,179,1383.1462204395968,1015.0816264078801,1000.4274101580377,-632.3628161263209,5.627963324664734
140,160,180,1370.584902432638,1016.3146349586857,986.5634611006392,-632.2931936266868,5.42676320196415
141,161,181,1367.9820715369585,1016.2173746224698,981.9896145944585,-630.2249176799698,6.976979594611862
142,162,182,1372.904562786376,1023.8484665614834,980.7535007597401,-631.6974045348477,6.591040519483045
143,163,183,1375.877873044229,1018.6857966033574,980.412501859204,-623.2204254183323,8.879042659480547
144,164,184,1379.953548290626,1019.6316715470509,981.19752990749,-620.8756531639149,8.376040226297619
145,165,185,1369.5245655042163,1011.2011742419045,981.6170271671078,-623.293635904796,4.4947829421312235
146,166,186,1374.9873196161348,1009.2784722755074,995.4197050925688,-629.7108577519416,2.4197258943552242
147,167,187,1373.584350715049,1005.3360917418822,991.2855262396229,-623.0372672664562,4.192458745604654
148,168,188,1373.1200143236865,1003.9539300851563,992.6398646585001,-623.4737804199699,5.4886691217664065
149,169,189,1374.0578518076788,1008.1294087358583,991.4211413834167,-625.4926983115963,5.48444523676676
150,170,190,1376.2074644654863,1005.1507704015823,997.6672586080708,-626.6105645441669,2.617171739879609
151,171,191,1377.9798339736426,1011.6327678307958,994.1815124718494,-627.8344463290027,3.738447941631648
152,172,192,1367.3693077981393,998.5613754269034,992.649301535947,-623.8413691647111,2.2406203201019252
153,173,193,1365.4147688470862,999.6371050588391,989.5628088314967,-623.7851450432495,1.696013115473761
154,174,194,1361.3442203326751,997.9540780759814,984.6037976605595,-621.2136554038659,-0.8215298438598211
155,175,195,1361.6746608781714,995.950319027692,987.1888676299593,-621.46452577948,0.2207791617181556
156,176,196,1358.02767721035,995.4039417797248,984.1157967198803,-621.4920612892552,1.0137817789412793
157,177,197,1361.5514309812347,995.3900243295124,982.890589117406,-616.7291824656836,3.473331409270827
158,178,198,1364.1504412614377,996.8091118002851,988.8034438273553,-621.4621143662027,4.626896779172171
159,179,199,1357.1430404239202,1000.4274101580377,982.0617571300656,-625.3461268641831,4.661911811835353
160,180,200,1339.3839188848267,986.5634611006392,975.5792908692076,-622.7588330850201,2.4038383391525713
161,181,201,1337.3635595618227,981.9896145944585,976.2550165040149,-620.8810715366506,3.566393774709013
162,182,202,1329.3441399661365,980.7535007597401,966.4411844649569,-617.8505452585605,3.371505685104353
163,183,203,1320.8870083841807,980.412501859204,963.1633226363914,-622.6888161114148,-0.8134150380342362
164,184,204,1318.0442957819373,981.19752990749,959.1806254460912,-622.3338595716439,0.9922479617808904
165,185,205,1319.5356846579625,981.6170271671078,958.1447339931634,-620.2260765023088,2.6323543252354966
166,186,206,1328.7743863136081,995.4197050925688,956.8795927184178,-623.5249114973785,2.78379816052734
167,187,207,1332.7019550876562,991.2855262396229,964.4545259017308,-623.0380970536976,0.6046840167390428
168,188,208,1331.916338223361,992.6398646585001,961.0110446492217,-621.7345710843608,3.7093042913090812
169,189,209,1337.7400934110835,991.4211413834167,967.5162250732371,-621.1972730455702,6.342247081436312
