Left,Mid,Right,Loss,Loss_left,Loss_right,gain,glasso
0,20,40,1351.5107162236382,970.4685811841164,994.637229474152,-613.5950944346303,7.487893011150959
1,21,41,1340.3718991341639,956.4247500199555,997.3304093441172,-613.383260229909,6.508657109170258
2,22,42,1336.3687120157479,963.6591489433724,992.0379045974495,-619.3283415250739,6.472511218298564
3,23,43,1332.743017483488,956.3165444485185,994.5570953920487,-618.1306223570791,5.06436665291119
4,24,44,1326.096316501042,942.5789436017125,994.9032941677259,-611.3859212683963,5.5729838954289335
5,25,45,1348.6096730092295,943.9798011065266,1010.0045070645898,-605.374635161887,11.898619287141742
6,26,46,1346.033968098407,955.3808392030116,1008.3399062464284,-617.686777351033,10.651464710075402
7,27,47,1349.6573427001767,969.8116693823495,1000.2898693421646,-620.4441960243373,6.873564067941061
8,28,48,1345.4718222270476,966.9618126368,1002.9028413966089,-624.3928318063613,5.7879903261955405
9,29,49,1355.6558069569523,973.5329519592922,1007.6121105342522,-625.489255536592,4.050788826174994
10,30,50,1357.9283683564272,974.5259445226151,1010.4282125116556,-627.0257886778436,2.7058636577454536
11,31,51,1356.3019955620325,969.5063525539708,1011.048218103376,-624.2525750953143,2.7091018093248067
12,32,52,1361.282054770083,969.3506049606336,1017.5908928617571,-625.6594430523078,2.3150186113280142
13,33,53,1362.1532415638076,971.6090502616419,1018.0835504390399,-627.5393591368743,3.0705634448102046
14,34,54,1363.9739713056115,972.8127003461678,1011.364036285752,-620.2027653263085,3.625030376275504
15,35,55,1364.562790770597,974.3239452027785,1014.4259765760964,-624.1871310082779,3.5818744409998544
16,36,56,1357.9506381834499,977.7170663880842,1009.3411141478392,-629.1075423524735,2.161905426770886
17,37,57,1357.6482392872576,981.7805199545257,1005.6687165358012,-629.8009972030693,3.390412359313814
18,38,58,1358.052531407859,993.1700178927927,994.0650969436738,-629.1825834286074,1.8631936350120668
19,39,59,1359.9283890449692,1000.0755461324087,982.9018499772261,-623.0490070646656,5.503993998590886
20,40,60,1362.1649887264657,994.637229474152,992.1439937025234,-624.6162344502097,5.273254076981971
21,41,61,1363.797723418997,997.3304093441172,997.2666306538673,-630.7993165789876,3.651020009692388
22,42,62,1364.770775475748,992.0379045974495,1003.4240733659555,-630.6912024876569,2.828002130652294
23,43,63,1377.6777817298312,994.5570953920487,1020.6461961935285,-637.5255098557459,1.9014366135963883
24,44,64,1389.7310181629434,994.9032941677259,1030.3220308713533,-635.4943068761356,5.429146195241856
25,45,65,1396.8018099084238,1010.0045070645898,1014.7232333864144,-627.9259305425803,10.013522911266932
26,46,66,1401.9538889436258,1008.3399062464284,1023.4812855070213,-629.867302809824,7.57996629892375
27,47,67,1414.0921177470473,1000.2898693421646,1035.371843149044,-621.5695947441613,6.710708918049022
28,48,68,1416.3706609390163,1002.9028413966089,1034.230365223551,-620.7625456811436,7.123885865223201
29,49,69,1404.3316376878893,1007.6121105342522,1012.9968977282331,-616.277370574596,10.152849638400653
30,50,70,1413.2943512424895,1010.4282125116556,1025.847454909958,-622.9813161791242,10.151687944750392
31,51,71,1416.2790212550544,1011.048218103376,1024.4513830577607,-619.2205799060823,10.186293285500255
32,52,72,1415.789080469367,1017.5908928617571,1019.7108360000306,-621.5126483924205,9.919939044874695
33,53,73,1417.5236466180709,1018.0835504390399,1021.0024860076867,-621.5623898286558,9.99952375767782
34,54,74,1408.733585914606,1011.364036285752,1010.4082673442585,-613.0387177154046,11.959534124020934
35,55,75,1421.461809617404,1014.4259765760964,1005.1823993769456,-598.146566335638,14.626708135184572
36,56,76,1422.0777566574739,1009.3411141478392,1015.4032849131539,-602.6666424035193,13.722571901542096
37,57,77,1423.92374747965,1005.6687165358012,1014.0769046468508,-595.821873703002,13.666569531046434
38,58,78,1410.1400345318666,994.0650969436738,1018.4045982329876,-602.3296606447948,14.27759461585174
39,59,79,1390.1053737750944,982.9018499772261,1014.7493919260106,-607.5458681281423,5.774953139454851
40,60,80,1402.5840781432603,992.1439937025234,1014.1207140821898,-603.6806296414529,8.861842146907293
41,61,81,1405.3977011503753,997.2666306538673,1016.0417822632764,-607.9107117667686,9.892075745306443
42,62,82,1401.8767297373472,1003.4240733659555,1010.7261717984284,-612.2735154270365,9.692480162690572
43,63,83,1432.4526603801091,1020.6461961935285,1018.5497981131672,-606.7433339265865,9.700283724594101
44,64,84,1435.2376246277643,1030.3220308713533,1019.3197669394095,-614.4041731829986,10.760713391801573
45,65,85,1425.5478144291278,1014.7232333864144,1019.7691815713599,-608.9446005286466,9.64099886429426
46,66,86,1433.0407027023482,1023.4812855070213,1013.005604262411,-603.4461870670841,12.656812825795441
47,67,87,1430.2047639198272,1035.371843149044,1011.111680257532,-616.2787594867489,8.398010116142814
48,68,88,1431.8873876207465,1034.230365223551,1012.5185075308435,-614.8614851336481,8.392768509241137
49,69,89,1423.2317750304924,1012.9968977282331,1019.5553833805399,-609.3205060782807,11.207899944548444
50,70,90,1422.658687669481,1025.847454909958,1001.194462912288,-604.383230152765,11.194276523385042
51,71,91,1423.0341824314578,1024.4513830577607,1005.3490290800819,-606.7662297063848,10.740552417874596
52,72,92,1414.6888200227495,1019.7108360000306,1002.8103675828387,-607.8323835601198,11.188439859137134
53,73,93,1420.0917872278055,1021.0024860076867,1013.5687742748771,-614.4794730547583,8.04039147219737
54,74,94,1406.6783293695962,1010.4082673442585,1014.6912601108965,-618.4211980855589,9.906395828690165
55,75,95,1413.94250082191,1005.1823993769456,1024.957707027736,-616.1976055827715,10.372823190140593
56,76,96,1410.6996678403425,1015.4032849131539,1013.4622111105772,-618.1658281833886,8.09393942411532
57,77,97,1410.7425106111807,1014.0769046468508,1012.4768440910618,-615.811238126732,9.763946892309264
58,78,98,1408.4679236940005,1018.4045982329876,1015.0192108587488,-624.955885397736,7.136159906481225
59,79,99,1403.7081820468854,1014.7493919260106,1015.4448864748175,-626.4860963539427,5.661325270956013
60,80,100,1400.696503032184,1014.1207140821898,1008.3643459715604,-621.7885570215662,5.4751778179102075
61,81,101,1404.1504196179844,1016.0417822632764,1012.173614988755,-624.064977634047,7.298001963077013
62,82,102,1407.5629949191061,1010.7261717984284,1013.9786383513492,-617.1418152306715,10.151930427351658
63,83,103,1403.248285465102,1018.5497981131672,1011.3558017730777,-626.6573144211429,7.594547427015868
64,84,104,1406.0981338129368,1019.3197669394095,1015.119756277234,-628.3413894037067,4.6049028684436735
65,85,105,1404.889807209522,1019.7691815713599,1012.6346335039193,-627.5140078657573,4.531483457594504
66,86,106,1399.5919158409993,1013.005604262411,1012.2718452813839,-625.6855337027955,5.0093312303928315
67,87,107,1398.6354393480233,1011.111680257532,1012.6288347929926,-625.1050757025014,5.858857466354834
68,88,108,1399.2178121539941,1012.5185075308435,1006.1535433138104,-619.4542386906596,8.417913029310398
69,89,109,1395.3145257597666,1019.5553833805399,1004.4148513400794,-628.6557089608527,6.004644577363933
70,90,110,1394.6318316699198,1001.194462912288,1018.9186988978555,-625.4813301402237,7.857398789464014
71,91,111,1394.9630996163091,1005.3490290800819,1014.8425412492264,-625.2284707129993,8.785867138348749
72,92,112,1395.4722554274836,1002.8103675828387,1011.2435467031723,-618.5816588585276,9.014833240275038
73,93,113,1397.3935618825994,1013.5687742748771,1002.43919148321,-618.6144038754878,9.126637546919028
74,94,114,1399.9922444996014,1014.6912601108965,998.6821148196818,-613.381130430977,14.398482599915496
75,95,115,1401.3094120387375,1024.957707027736,994.034316615756,-617.6826116047544,9.807231733586264
76,96,116,1398.1009125190603,1013.4622111105772,1006.8066195124657,-622.1679181039826,7.52329367736661
77,97,117,1396.9456486681797,1012.4768440910618,1005.798494172965,-621.329689595847,7.577413648360903
78,98,118,1403.2364353135079,1015.0192108587488,1005.3768707752527,-617.1596463204935,8.823050953175539
79,99,119,1404.9206008305705,1015.4448864748175,1011.2299748299828,-621.7542604742298,6.128189798343101
80,100,120,1402.7972967560045,1008.3643459715604,1015.5172721652204,-621.0843213807764,6.650740105648424
81,101,121,1398.3274123712772,1012.173614988755,1007.7510277456067,-621.5972303630847,7.156238744379607
82,102,122,1400.3956511195734,1013.9786383513492,1007.7006386873148,-621.2836259190908,5.726779761797502
83,103,123,1396.494941755822,1011.3558017730777,1009.4937824607991,-624.3546424780548,2.7710419561869912
84,104,124,1397.6991912339108,1015.119756277234,1006.163278899322,-623.5838439426452,3.4717244887809784
85,105,125,1393.012937074826,1012.6346335039193,1001.755508374762,-621.3772048038554,3.1650310452677104
86,106,126,1395.8144488307885,1012.2718452813839,997.8934552136961,-614.3508516642914,7.4194888610138605
87,107,127,1393.1176079184643,1012.6288347929926,993.7490716918012,-613.2602985663295,9.335384379193101
88,108,128,1391.637086064281,1006.1535433138104,995.3706059899357,-609.8870632394651,11.79052655982673
89,109,129,1384.5107545451497,1004.4148513400794,997.0037810732326,-616.9078778681624,11.14798998136871
90,110,130,1384.4072742898527,1018.9186988978555,985.6934723565258,-620.2048969645286,5.7536068852203925
91,111,131,1384.6140450450066,1014.8425412492264,997.8780646577984,-628.1065608620183,6.742333709637023
92,112,132,1379.979956208068,1011.2435467031723,997.4592012855665,-628.7227917806708,5.161991607112668
93,113,133,1378.4878009721322,1002.43919148321,999.7070861267856,-623.6584766378635,7.5259594810443105
94,114,134,1383.2080370354038,998.6821148196818,1006.171491126357,-621.6455689106351,11.671845977026123
95,115,135,1370.1924550998067,994.034316615756,1002.7793679200121,-626.6212294359614,8.074281666391698
96,116,136,1374.8113295034268,1006.8066195124657,999.529572582886,-631.5248625919248,5.285533500935571
97,117,137,1376.4077363048932,1005.798494172965,1000.2523990814905,-629.6431569495621,5.754018003990609
98,118,138,1379.6817254816538,1005.3768707752527,1004.4298863031638,-630.1250315967627,5.33022073881034
99,119,139,1380.8149563204515,1011.2299748299828,998.4122843031425,-628.8273028126737,3.3745249883928636
100,120,140,1380.848290483482,1015.5172721652204,993.7710366425733,-628.4400183243117,4.699353728685196
101,121,141,1379.3716692797238,1007.7510277456067,998.7561083723854,-627.1354668382683,6.016753271066364
102,122,142,1380.9265912294925,1007.7006386873148,998.5743588854011,-625.3484063432236,5.12907332865052
103,123,143,1377.773362681023,1009.4937824607991,994.1305033780656,-625.8509231578416,1.8435714443101006
104,124,144,1377.1861265230314,1006.163278899322,990.5090841110441,-619.4862364873347,3.07132375424726
105,125,145,1378.5862568050056,1001.755508374762,996.2863283020258,-619.4555798717822,3.0315429794876536
106,126,146,1371.1472925230426,997.8934552136961,987.5764586345308,-614.3226213251844,-0.41966479365964915
107,127,147,1372.2414684658495,993.7490716918012,993.8042929737003,-615.311896199652,3.14229974863224
108,128,148,1383.6989097158316,995.3706059899357,997.8091256695151,-609.480821943619,5.028909128027067
109,129,149,1380.1478273762164,997.0037810732326,996.9085769306075,-613.7645306276238,5.279911381829834
110,130,150,1362.3090472453189,985.6934723565258,991.5354892228581,-614.919914334065,-1.0633321940883889
111,131,151,1369.9076123068166,997.8780646577984,985.7694013518935,-613.7398537028753,1.2781715419919237
112,132,152,1375.135128609838,997.4592012855665,991.7857400325033,-614.1098127082319,2.3933034888366365
113,133,153,1369.6864361248477,999.7070861267856,989.1705871518083,-619.1912371537462,12.539251764931805
114,134,154,1378.6286668640396,1006.171491126357,988.642801767508,-616.1856260298255,3.8769651366441167
115,135,155,1388.031599503604,1002.7793679200121,994.3168403842774,-609.0646088006856,6.769761589295854
116,136,156,1377.1538125436969,999.529572582886,991.804804550392,-614.1805645895811,5.167926308227834
117,137,157,1376.0126846041467,1000.2523990814905,985.1878201938054,-609.4275346711493,6.486572181811312
118,138,158,1378.0922125579882,1004.4298863031638,977.9375061982977,-604.2751799434732,5.417891378767536
119,139,159,1371.2260609906646,998.4122843031425,980.8048290460079,-607.9910523584858,5.849667110847122
120,140,160,1372.4846868188688,993.7710366425733,981.4642616801957,-602.7506115039002,6.127813513039541
121,141,161,1369.056461384047,998.7561083723854,972.8902624091821,-602.5899093975204,6.296695378417098
122,142,162,1361.615379778847,998.5743588854011,964.1329649139172,-601.0919440204714,6.4199504036554345
123,143,163,1355.7047505860155,994.1305033780656,964.6197407682491,-603.0454935602993,7.116700262057975
124,144,164,1353.1982636627683,990.5090841110441,967.1604616403265,-604.4712820886023,8.698370371691226
125,145,165,1355.5855780716813,996.2863283020258,966.5356944067372,-607.2364446370818,9.256790318328854
126,146,166,1355.363363584212,987.5764586345308,969.3274462123557,-601.5405412626744,-1.718091221637792
127,147,167,1348.8007162690583,993.8042929737003,966.5096541434089,-611.5132308480509,-2.103343278267971
128,148,168,1344.3872438788126,997.8091256695151,963.8800454915038,-617.3019272822062,-3.7228236716450738
129,149,169,1348.7853275508155,996.9085769306075,969.8190526215278,-617.9423020013198,1.8952428624745608
130,150,170,1342.3823220839345,991.5354892228581,965.8181005483792,-614.9712676873028,0.48624356142283887
131,151,171,1338.811806833131,985.7694013518935,968.4819301531159,-615.4395246718784,-1.4223032894661856
132,152,172,1340.0314251460518,991.7857400325033,960.8991998783127,-612.6535147647642,-5.525880803201744
133,153,173,1344.3219669218338,989.1705871518083,961.1797634257528,-606.0283836557273,-17.545901204751885
134,154,174,1338.0915648319497,988.642801767508,963.798727174485,-614.3499641100434,-8.86184694324129
135,155,175,1339.641188688926,994.3168403842774,956.9837181916946,-611.6593698870461,-4.966922037655422
136,156,176,1346.0786195365831,991.804804550392,964.9097348606397,-610.6359198744485,-1.055631275927567
137,157,177,1351.5046870691792,985.1878201938054,976.5877886064795,-610.2709217311055,2.262203812089865
138,158,178,1342.9635653948599,977.9375061982977,975.5770797676971,-610.5510205711348,0.21937992674168072
139,159,179,1344.1648121667804,980.8048290460079,976.4535697780561,-613.0935866572836,-1.0674305979415522
140,160,180,1347.034944090465,981.4642616801957,985.8708093896071,-620.3001269793378,1.8044754335089692
141,161,181,1336.282880802553,972.8902624091821,984.2629347322722,-620.8703163389011,0.41149177747456633
142,162,182,1328.209825826863,964.1329649139172,982.7020389091077,-618.6251779961622,0.39991961355497097
143,163,183,1333.4753269937905,964.6197407682491,987.1557425814465,-618.3001563559051,1.116223399812725
144,164,184,1337.2684658069493,967.1604616403265,993.8920443149442,-623.7840401483213,2.6061057216779773
145,165,185,1334.9642994708356,966.5356944067372,987.2635125428569,-618.8349074787584,1.2836660071781125
146,166,186,1330.1841302816892,969.3274462123557,984.285162232022,-623.4284781626884,8.618342352396212
147,167,187,1336.2714844801833,966.5096541434089,995.9903570880119,-626.2285267512375,7.025686316947372
148,168,188,1336.754953853634,963.8800454915038,999.688943766713,-626.8140354045827,4.42968631735539
149,169,189,1348.2741835778975,969.8190526215278,1000.9835938169177,-622.5284628605482,5.561792041282615
150,170,190,1351.9057252566654,965.8181005483792,1006.612050611026,-620.52442590274,6.483880125235146
151,171,191,1350.2279150756426,968.4819301531159,1006.4675972920372,-624.7216123695105,5.035824894142706
152,172,192,1337.8019411412406,960.8991998783127,1005.2460369414462,-628.3432956785182,1.21948862580075
153,173,193,1339.7460060566927,961.1797634257528,1001.810892039166,-623.244649408226,-1.3853565471911224
154,174,194,1346.6465022434222,963.798727174485,1012.3186952727539,-629.4709202038166,0.2075782020611996
155,175,195,1342.8494525081273,956.9837181916946,1010.939462547467,-625.0737282310342,1.835276819344699
156,176,196,1346.089987138499,964.9097348606397,1007.4147003238265,-626.2344480459672,-0.5615862920919881
157,177,197,1346.3674000042836,976.5877886064795,997.5366714734137,-627.7570600756096,1.1755125669908466
158,178,198,1347.5907947855121,975.5770797676971,999.0028714750863,-626.9891564572713,0.9247657000822755
159,179,199,1356.5483809279112,976.4535697780561,1000.0902993697988,-619.9954882199436,1.8087303732656892
160,180,200,1358.0224798008844,985.8708093896071,983.8904765492712,-611.7388061379938,3.5851027157066255
161,181,201,1361.057704918835,984.2629347322722,989.9359605287116,-613.1411903421488,3.802302425415519
162,182,202,1362.0578315414368,982.7020389091077,995.9450787834886,-616.5892861511595,3.24610352170248
163,183,203,1363.3785499431608,987.1557425814465,997.4538565535158,-621.2310491918015,2.9968206915680184
164,184,204,1367.8768221115506,993.8920443149442,995.2303006719251,-621.2455228753188,2.342174251494498
165,185,205,1362.9038259284425,987.2635125428569,994.475977528133,-618.8356641425473,2.3945039356063944
166,186,206,1363.9851630872945,984.285162232022,997.9292264700721,-618.2292256147996,2.6608951597277155
167,187,207,1365.7825301404791,995.9903570880119,993.5785561204461,-623.7863830679789,2.0820876836396565
168,188,208,1369.2210576751595,999.688943766713,991.8032541555676,-622.2711402471211,1.0185287846142046
169,189,209,1366.838692101786,1000.9835938169177,993.7988037385536,-627.9437054536854,1.488256600941213
