Left,Mid,Right,Loss,Loss_left,Loss_right,gain,glasso
0,20,40,1356.1003514623374,980.9166905830235,1001.1576239141293,-625.9739630348156,1.9733953564426656
1,21,41,1357.8912371491933,981.9839233281809,1001.3701968226326,-625.4628830016202,2.5032384027836088
2,22,42,1361.0910977345004,983.679017576838,997.2820989003282,-619.8700187426657,4.631223298998748
3,23,43,1366.1303292238929,986.6835492372531,1006.6032477470914,-627.1564677604517,1.4485593452849344
4,24,44,1357.1451279112885,977.5238221974137,1006.5561614498839,-626.934855736009,-1.6396253378620713
5,25,45,1359.3027602823126,978.7775282604171,1004.324092213691,-623.7988601917955,-3.133102582897891
6,26,46,1359.3431929063227,981.6263230113399,999.878600749,-622.1617308540172,-3.4710309129426378
7,27,47,1360.1948911935033,981.3790603337769,1002.1882713733653,-623.372440513639,-4.132178840186839
8,28,48,1359.7846089723453,978.3561791235927,1004.9748109121174,-623.5463810633648,-3.140501632931091
9,29,49,1366.8680089142197,976.8817820379123,1009.9495382292224,-619.9633113529151,-1.9190685801177096
10,30,50,1364.5028694555808,975.9876733060277,1010.5015482861179,-621.9863521365646,-0.8725214639484875
11,31,51,1364.1960728380714,978.4963116894722,1005.7719380536953,-620.0721769050961,1.8540188842224552
12,32,52,1341.8512627262294,948.655625788452,1005.8245164485351,-612.6288795107575,3.2169279780870284
13,33,53,1353.2849623373663,963.4188512606004,1008.6802608850007,-618.8141498082348,6.184993851082027
14,34,54,1347.2568605287672,958.3191537131365,1006.0344971501197,-617.096790334489,5.1000116328398235
15,35,55,1351.1338249788428,962.2652082031119,1005.1944500712509,-616.3258332955202,4.9333710882315245
16,36,56,1350.4003340839624,965.683719263896,1001.7946416320178,-617.0780268119513,3.148751066726277
17,37,57,1352.7396351241819,982.2046031563775,999.5332938148258,-628.9982618470215,1.5721779345875575
18,38,58,1352.380222619151,991.8713918283875,992.6535127611371,-632.1446819703735,2.18135616200766
19,39,59,1355.2299071784755,997.2994732998555,991.6944087226811,-633.7639748440611,0.750334191054435
20,40,60,1358.5543255608736,1001.1576239141293,988.0661286245133,-630.669426977769,1.6059209158383965
21,41,61,1355.459150698269,1001.3701968226326,985.3429191488708,-631.2539652732344,2.8803991364663943
22,42,62,1355.7011719319426,997.2820989003282,982.8327294105522,-624.413656378938,2.0844914449320413
23,43,63,1364.4796062214104,1006.6032477470914,981.6878452426922,-623.811486768373,2.2553587750870747
24,44,64,1376.8998975161344,1006.5561614498839,991.3691432208502,-621.0254071545996,2.348656725720275
25,45,65,1385.7317759702723,1004.324092213691,999.7322886233495,-618.3246048667681,2.9902854481935037
26,46,66,1381.056996022296,999.878600749,1001.7712357500061,-620.5928404767101,2.2188100593507443
27,47,67,1390.9600312476969,1002.1882713733653,1005.6264064574116,-616.85464658308,4.980929118014842
28,48,68,1390.128942838334,1004.9748109121174,997.9691313866845,-612.8149994604678,4.254448574210414
29,49,69,1397.8353773260014,1009.9495382292224,988.7709593416072,-600.8851202448282,10.73577413308351
30,50,70,1406.8491106516065,1010.5015482861179,990.2922399637436,-593.9446775982549,13.507955328512026
31,51,71,1422.9310774009973,1005.7719380536953,1009.6695706572912,-592.5104313099891,12.961529364024159
32,52,72,1431.4345942825112,1005.8245164485351,1016.4337201063206,-590.8236422723444,15.612016365967065
33,53,73,1427.8609899802768,1008.6802608850007,1012.1353724630053,-592.9546433677292,8.171638784990705
34,54,74,1419.981458870022,1006.0344971501197,1005.722843049241,-591.7758813293387,-0.32138710052413444
35,55,75,1416.8568313076698,1005.1944500712509,1002.9356487408018,-591.2732675043828,-0.9745243095607066
36,56,76,1420.2123348219457,1001.7946416320178,1010.0810988406922,-591.6634056507644,-0.4743309524262713
37,57,77,1420.2690542537384,999.5332938148258,1019.2592910964095,-598.5235306574968,-19.594771332386017
38,58,78,1412.8865590235046,992.6535127611371,1027.6462303056444,-607.4131840432769,2.7466091029504014
39,59,79,1409.1400504849257,991.6944087226811,1026.981083488801,-609.5354417265564,2.011232317791837
40,60,80,1406.181698970343,988.0661286245133,1025.1962444360502,-607.0806740902206,1.4062625292099256
41,61,81,1406.8672136671933,985.3429191488708,1026.3703343318707,-604.8460398135483,2.80145459787434
42,62,82,1407.3709007667885,982.8327294105522,1026.2985963984054,-601.7604250421691,5.3684977403343055
43,63,83,1402.0344079506795,981.6878452426922,1035.2828964225077,-614.9363337145205,0.5708391680477689
44,64,84,1405.5790400011908,991.3691432208502,1031.7400127211554,-617.5301159408148,-0.045349212277074
45,65,85,1402.2698400816398,999.7322886233495,1027.0241218418,-624.4865703835098,-0.8005036185971903
46,66,86,1408.0180040721698,1001.7712357500061,1031.904817728419,-625.6580494062553,-0.5826471798418424
47,67,87,1400.704408101757,1005.6264064574116,1027.6132420509957,-632.5352404066502,-3.302145013970062
48,68,88,1402.6738027345546,997.9691313866845,1030.4833140178634,-625.7786426699934,-3.1930096279138525
49,69,89,1388.6419934555356,988.7709593416072,1024.849362334725,-624.9783282207964,-2.367527489204008
50,70,90,1385.8748951877926,990.2922399637436,1020.6725343105908,-625.0898790865417,-1.6053204620691304
51,71,91,1367.6445831625508,1009.6695706572912,1000.3237751669681,-642.3487626617084,4.061325643934879
52,72,92,1393.6243925092904,1016.4337201063206,1012.7681561627078,-635.577483759738,1.7928817058813138
53,73,93,1398.6504797774392,1012.1353724630053,1024.5477629020888,-638.032655587655,3.6660493638232765
54,74,94,1391.2854787424853,1005.722843049241,1024.0144572045397,-638.4518215112953,8.125219565000066
55,75,95,1386.5104052238507,1002.9356487408018,1024.0126842485893,-640.4379277655403,9.031002191148104
56,76,96,1391.2288806341573,1010.0810988406922,1024.246665839711,-643.098884046246,7.998954790530547
57,77,97,1388.7472434677359,1019.2592910964095,1018.0138392336097,-648.5258868622834,22.65605636591647
58,78,98,1410.8278442104693,1027.6462303056444,1016.1933394685942,-633.0117255637692,0.47162760873948173
59,79,99,1418.6057462630401,1026.981083488801,1018.8776781613394,-627.2530153871003,2.6752701857160446
60,80,100,1414.443725016934,1025.1962444360502,1017.4542542988886,-628.2067737180048,2.514381734795961
61,81,101,1413.793527050741,1026.3703343318707,1012.6852333912956,-625.2620406724254,3.635916741752908
62,82,102,1409.1267717755352,1026.2985963984054,1000.1538746900902,-617.3256993129605,5.9623697477906035
63,83,103,1408.6379930111027,1035.2828964225077,992.360074257962,-619.004977669367,7.268946591059034
64,84,104,1412.716860904478,1031.7400127211554,998.6561331691065,-617.6792849857839,7.5001679445961145
65,85,105,1410.6742844779337,1027.0241218418,999.1262664034027,-615.476103767269,8.481896639599654
66,86,106,1412.6592493509525,1031.904817728419,1004.7143870253356,-623.959955402802,6.815502761865218
67,87,107,1411.2074880143205,1027.6132420509957,1006.032119247594,-622.4378732842692,5.715021356382749
68,88,108,1413.6016765331633,1030.4833140178634,1003.023692102993,-619.9053295876931,5.644258399835053
69,89,109,1409.2212000195348,1024.849362334725,1002.7815686125654,-618.4097309277556,6.870904302905274
70,90,110,1414.4435611066929,1020.6725343105908,1009.8618312866533,-616.0908044905514,9.390651915964895
71,91,111,1404.6432303112697,1000.3237751669681,1017.698311672618,-613.3788565283164,5.075091512152767
72,92,112,1405.155970349503,1012.7681561627078,1016.877650765302,-624.4898365785068,5.6077812156012214
73,93,113,1397.663834101185,1024.5477629020888,1002.3964779814278,-629.2804067823315,3.4067107311727796
74,94,114,1411.4314117619401,1024.0144572045397,1015.6422756655011,-628.2253211081006,4.917307403915515
75,95,115,1413.8156954086705,1024.0126842485893,1016.1824325453915,-626.3794213853103,5.021057573697362
76,96,116,1409.3968689908957,1024.246665839711,1012.1480579764482,-626.9978548252636,6.776522948878778
77,97,117,1401.488783839783,1018.0138392336097,1014.1493701198274,-630.6744255136541,4.8437315044072875
78,98,118,1406.5994395498096,1016.1933394685942,1014.6248116809961,-624.2187115997808,3.060891527825788
79,99,119,1400.8242961344677,1018.8776781613394,1007.066560241228,-625.1199422680997,3.5382507861228305
80,100,120,1402.6615774894674,1017.4542542988886,1005.3204105064356,-620.1130873158568,5.99273382895683
81,101,121,1370.804896492571,1012.6852333912956,994.4974439932253,-636.3777808919499,-0.2937427937220036
82,102,122,1369.4272187802906,1000.1538746900902,1003.694627735403,-634.4212836452027,0.1238144916735564
83,103,123,1370.9464318895111,992.360074257962,1007.4982448801325,-628.9118872485833,0.4052419178492528
84,104,124,1378.6544018677293,998.6561331691065,1015.3703325524632,-635.3720638538405,0.0952208114459836
85,105,125,1382.167812780735,999.1262664034027,1016.3623059899338,-633.3207596126017,2.0624496908729952
86,106,126,1400.711116263707,1004.7143870253356,1023.1667879203807,-627.1700586820093,8.144003676745683
87,107,127,1404.3285925636624,1006.032119247594,1023.1425112959572,-624.8460379798889,9.561397115392197
88,108,128,1402.8346088738895,1003.023692102993,1023.6111687559653,-623.8002519850688,9.631752439386105
89,109,129,1405.6058057204255,1002.7815686125654,1025.1729965237782,-622.3487594159183,10.950305233966787
90,110,130,1405.4255237682264,1009.8618312866533,1020.1762916433274,-624.6125991617544,9.448509631451657
91,111,131,1408.5510842229082,1017.698311672618,1018.4446333174791,-627.5918607671888,7.762502060003499
92,112,132,1413.3254245972498,1016.877650765302,1024.215881395239,-627.7681075632911,8.653952322902342
93,113,133,1404.047390910258,1002.3964779814278,1024.4433162844548,-622.7924033556246,14.892918601210567
94,114,134,1400.1462158541017,1015.6422756655011,1013.7480420761399,-629.2441018875393,7.440124389370908
95,115,135,1400.94767092631,1016.1824325453915,1011.243790958503,-626.4785525775847,6.349090728888427
96,116,136,1394.6237248192674,1012.1480579764482,1011.6091873965208,-629.1335205537016,9.396543045313024
97,117,137,1392.9353718752764,1014.1493701198274,1012.1279220719289,-633.3419203164799,7.154910014565871
98,118,138,1397.5297094102802,1014.6248116809961,1015.3619669950594,-632.4570692657753,6.649576393613074
99,119,139,1392.326131978368,1007.066560241228,1015.6422957996559,-630.3827240625158,8.763671026771135
100,120,140,1400.0469711021424,1005.3204105064356,1024.4249566484455,-629.6983960527386,9.082484535548929
101,121,141,1402.2130967946505,994.4974439932253,1021.6788259536766,-613.9631731522513,13.728192465040138
102,122,142,1415.9320613021741,1003.694627735403,1025.4294275725376,-613.1919940057664,16.345358465918025
103,123,143,1421.2047040915918,1007.4982448801325,1024.173255054595,-610.4667958431357,19.475694231739453
104,124,144,1429.1729845133646,1015.3703325524632,1023.8767699928903,-610.074118031989,16.993714512515794
105,125,145,1428.0553096768544,1016.3623059899338,1021.533062002001,-609.8400583150803,15.505498533274931
106,126,146,1415.5442410493997,1023.1667879203807,1011.312945946391,-618.935492817372,10.627221450263164
107,127,147,1424.9326559044123,1023.1425112959572,1023.1913607902973,-621.4012161818421,10.987494271295873
108,128,148,1421.989631653029,1023.6111687559653,1024.2849578992361,-625.9064950021725,10.139589184233955
109,129,149,1421.4208645969438,1025.1729965237782,1008.4228056864849,-612.1749376133193,14.314530737672499
110,130,150,1416.2352181898411,1020.1762916433274,999.149764992517,-603.0908384460033,14.159050812890428
111,131,151,1424.7636531487578,1018.4446333174791,1003.0470085671043,-596.7279887358254,17.156260440280676
112,132,152,1425.6316626424905,1024.215881395239,995.3877487938738,-593.9719675466222,14.662403212161735
113,133,153,1426.6478800074117,1024.4433162844548,985.8853949280744,-583.6808312051176,15.94770464709768
114,134,154,1422.6428690471444,1013.7480420761399,1009.4982344109815,-600.603407439977,12.590162681480024
115,135,155,1420.3765961976778,1011.243790958503,1005.7392374401566,-596.6064322009818,11.119780434681275
116,136,156,1419.7127075676672,1011.6091873965208,1007.3670216053151,-599.2635014341688,11.240805424537257
117,137,157,1422.8302127782563,1012.1279220719289,1013.1891989853402,-602.4869082790128,11.95024976774971
118,138,158,1424.8372497830442,1015.3619669950594,1012.9195537570247,-603.44427096904,11.984920975598243
119,139,159,1423.2275667799759,1015.6422957996559,1008.2390722849896,-600.6538013046697,12.292214045894184
120,140,160,1428.5848129907586,1024.4249566484455,1007.9656924503537,-603.8058361080407,10.464499587433465
121,141,161,1431.0404101345323,1021.6788259536766,1014.0795101467703,-604.7179259659144,10.64224444190529
122,142,162,1425.901111187113,1025.4294275725376,1000.2592801605738,-599.7875965459984,15.518282393803247
123,143,163,1414.3550713378913,1024.173255054595,996.884410155559,-606.7025938722627,11.353468584243274
124,144,164,1407.245952593632,1023.8767699928903,994.2479414687908,-610.8787588680493,8.818358404338255
125,145,165,1406.3722157444681,1021.533062002001,998.2268569974658,-613.3877032549985,7.126740989612813
126,146,166,1390.5688181737112,1011.312945946391,997.2305622329964,-617.9746900056762,3.054877310872598
127,147,167,1389.5175162486596,1023.1913607902973,993.8765031218005,-627.5503476634383,3.752142432804021
128,148,168,1393.0801673238436,1024.2849578992361,999.317219313906,-630.5220098892985,4.848338118662468
129,149,169,1384.7642236155982,1008.4228056864849,1003.6592482282567,-627.3178302991435,2.645353562973355
130,150,170,1389.4669545169495,999.149764992517,1005.4573265105269,-615.1401369860944,6.790873192532217
131,151,171,1384.4555020601163,1003.0470085671043,998.6094861159379,-617.2009926229259,3.3119805490566705
132,152,172,1376.7757553432386,995.3877487938738,997.3456731118392,-615.9576665624743,4.332101995850053
133,153,173,1362.0088043280612,985.8853949280744,999.6764506057594,-623.5530412057728,4.272170248101361
134,154,174,1383.6813971101947,1009.4982344109815,982.7838774633653,-608.6007147641521,7.5592601938703865
135,155,175,1383.7878649991594,1005.7392374401566,999.622561176514,-621.5739336175111,7.4127486773783176
136,156,176,1383.032046034922,1007.3670216053151,998.8880760690623,-623.2230516394554,9.892505375294036
137,157,177,1383.9745891516445,1013.1891989853402,997.8132671000785,-627.0278769337742,8.957794050240409
138,158,178,1388.670060854699,1012.9195537570247,997.2206645830339,-621.4701574853598,9.01935402629465
139,159,179,1389.8633419826426,1008.2390722849896,997.338144218257,-615.7138745206039,9.780791560088119
140,160,180,1383.504131238103,1007.9656924503537,996.9552927785394,-621.4168539907903,9.49341036941405
141,161,181,1381.3173491060318,1014.0795101467703,987.3219935440485,-620.084154584787,10.748106017670693
142,162,182,1361.5150153375469,1000.2592801605738,981.4921302695416,-620.2363950925685,6.712360518143896
143,163,183,1361.3705541587124,996.884410155559,987.7136804297081,-623.2275364265547,3.9603686111629486
144,164,184,1353.736901801371,994.2479414687908,980.8532237155184,-621.3642633829381,3.1129627508508975
145,165,185,1356.042602037188,998.2268569974658,980.1169250109704,-622.3011799712481,2.731695975151524
146,166,186,1360.3627499978656,997.2305622329964,981.862861233972,-618.7306734691028,3.929007261143852
147,167,187,1344.6123571902376,993.8765031218005,971.3678863933261,-620.632032324889,2.426977144837565
148,168,188,1353.862500177825,999.317219313906,975.0416177060267,-620.4963368421077,1.4803122741016068
149,169,189,1363.9252025874944,1003.6592482282567,986.1122766588566,-625.8463222996188,1.6412499911882605
150,170,190,1365.8841279946855,1005.4573265105269,989.2795506628698,-628.8527491787113,2.316457059335903
151,171,191,1370.801265095733,998.6094861159379,995.001187956889,-622.8094089770939,1.9206380728958266
152,172,192,1372.1510136543204,997.3456731118392,994.9587830295679,-620.1534424870867,2.2282105357296587
153,173,193,1372.610190603314,999.6764506057594,991.3367078199894,-618.4029678224347,3.140760544741738
154,174,194,1357.8458626905053,982.7838774633653,992.3531541060518,-617.2911688789118,-0.7150542992458213
155,175,195,1385.0186889228112,999.622561176514,998.5056477425258,-613.1095199962285,7.914049469034808
156,176,196,1380.5491196412172,998.8880760690623,998.5996507192995,-616.9386071471445,-10.825229491562027
157,177,197,1378.706727426154,997.8132671000785,996.4228080106737,-615.5293476845982,-17.421090346296296
158,178,198,1381.1316072724708,997.2206645830339,1002.4808653553225,-618.5699226658858,-17.563753472958638
159,179,199,1390.7347553771524,997.338144218257,1008.10748562764,-614.7108744687446,-13.647350274382916
160,180,200,1392.1931185865578,996.9552927785394,1001.5412638299762,-606.3034380219578,-84.45315440920194
161,181,201,1386.3828937297567,987.3219935440485,1004.3350572891972,-605.274157103489,-66.3342446530969
162,182,202,1388.4338992661783,981.4921302695416,1014.4054489841214,-607.4636799874847,15.841118219299801
163,183,203,1390.0822780403605,987.7136804297081,1012.0818571815295,-609.7132595708772,15.789002313216542
164,184,204,1393.9426434531142,980.8532237155184,1020.7070723705924,-607.6176526329966,18.155674157400313
165,185,205,1393.4398765484757,980.1169250109704,1018.4616261094627,-605.1386745719574,19.700700972892832
166,186,206,1395.718779212199,981.862861233972,1025.4284517391357,-611.5725337609088,16.68184426579478
167,187,207,1385.6425607501515,971.3678863933261,1018.7171813385229,-604.4425069816975,18.545567195917215
168,188,208,1382.816314033193,975.0416177060267,1012.8865364827132,-605.1118401555468,16.817986903417477
169,189,209,1380.417014968581,986.1122766588566,1015.7670602827022,-621.4623219729779,13.128252866028674
