Left,Mid,Right,Loss_likeli,Loss_AIC,Loss_BIC,Loss_eBIC
0,20,40,46.83437714907001,44.248489741109495,43.418297374033386,36.6159026107091
1,21,41,52.620271798784756,46.92863208259416,47.139286991468566,33.534497464819935
2,22,42,56.677297837717276,51.09625342003841,49.79314017222828,29.38595588225536
3,23,43,58.06193651828886,52.06193651828886,49.27965002761812,20.97587724656961
4,24,44,51.54262125809345,44.19297809920096,41.22132258123702,14.011743527939757
5,25,45,45.82540215327066,38.9452959466592,37.451697536328254,17.04451324635528
6,26,46,44.92173964015063,36.179643131224225,35.07598242054695,14.668798130574032
7,27,47,50.35918524714509,41.48821523935948,40.341190419308475,13.443000602419204
8,28,48,67.34954360417652,51.34954360417652,43.825113650198205,-17.396439219720605
9,29,49,64.79172344281324,54.14400878562418,51.375587168503785,24.166008115206523
10,30,50,63.77340315632438,50.95940178435575,47.460992377961475,20.251413324664213
11,31,51,63.83987809321252,51.929609441329546,48.94241262066754,12.692821057682181
12,32,52,62.56944379328331,48.86626287925981,41.35408172158594,-13.065076385008524
13,33,53,73.00045045680753,56.69345758385259,53.71125342621082,-0.7079046803836491
14,34,54,71.51098366673011,50.66993614819245,47.35033023491246,-20.673617398330748
15,35,55,67.84461062825528,50.489528350013984,41.57086771262061,-57.0741895902147
16,36,56,75.81661301498497,51.1949867866785,39.29703323457136,-93.94498399577571
17,37,57,71.83918954709208,47.33200413044506,37.11315226667341,-58.12037441986695
18,38,58,74.70154494130418,51.49996703913041,40.892789715080994,-78.70916229319346
19,39,59,71.3097588746216,50.97251930010873,42.76151827361946,-60.95609078328391
20,40,60,76.1025811598887,56.51669375192819,49.82982587540505,-70.57433578723146
21,41,61,79.84949485787212,58.15785514168158,51.78772826069803,-28.42433000959045
22,42,62,83.9901244344839,65.99012443448396,58.69903864161154,-73.93450498873563
23,43,63,89.53446846254712,70.53446846254712,63.84760058602399,-40.36933323250196
24,44,64,70.93156218290369,54.93156218290369,50.55428524918062,-42.213411373442455
25,45,65,64.70781448894445,50.22753921618789,49.58651379100968,-12.872219228568952
26,46,66,58.03566251725482,47.15396347065064,47.090647918725494,-2.8187746075058158
27,47,67,61.839915555349535,46.941632892380426,46.15254905814618,-14.237109697749474
28,48,68,56.5645993098301,31.5645993098301,25.135792066289582,-94.73885027096071
29,49,69,61.776014978321996,37.16388015585028,26.39947619280474,-55.22926096708693
30,50,70,58.619528255084845,35.619528255084845,26.284606586731798,-64.69349678243623
31,51,71,67.1829793865387,44.15950365465437,34.11398853125979,-72.71928146974324
32,52,72,70.21893005748586,47.54054684510942,34.515171986453424,-54.60844128901067
33,53,73,72.78110698082241,41.781106980822415,37.89250393707812,-31.92258935484483
34,54,74,79.77299441152184,46.772994411521836,40.865243805407545,-71.29116500521889
35,55,75,83.52848917750237,48.528489177502365,34.91548388338731,-102.75317004016108
36,56,76,83.0266564948987,42.02665649489859,25.426454380121527,-130.5331671831167
37,57,77,81.60087761261093,41.60087761261093,26.787839838917648,-112.3889025263286
38,58,78,80.18480656949043,40.18480656949055,28.99693932161756,-155.34927182550052
39,59,79,79.32653490653627,42.32653490653627,28.410944519427062,-108.67158461035103
40,60,80,88.90807439309157,54.90807439309151,45.14674544520551,-109.92310770785207
41,61,81,90.8338798292184,61.833879829218404,53.408972849201746,-78.8739515263569
42,62,82,85.17708735126837,61.17708735126837,53.38718315198014,-79.03679739402412
43,63,83,102.8167009754456,80.81670097544554,74.3691026399913,-63.69948644130022
44,64,84,103.07562918795838,85.07562918795838,80.6194953996121,-41.66946580832416
45,65,85,94.07827921412542,78.07827921412542,75.4897777391252,0.21254282034681182
46,66,86,84.00973948988866,73.00973948988866,70.9989478881414,20.036477283438785
47,67,87,70.56705093189089,56.56705093189089,56.017236638725535,0.0006621193815590232
48,68,88,78.38375359438373,59.383753594383734,50.08740254813938,-65.09287419350187
49,69,89,87.97618741927539,68.97618741927539,61.349811337967594,-36.80263816622016
50,70,90,88.61435431731871,71.61435431731871,62.33902718012672,-37.49389209767628
51,71,91,77.5084342351596,57.5084342351596,51.57956722108531,-52.5115150484462
52,72,92,76.16764301898786,63.16764301898786,58.42825119228678,-4.91065095451404
53,73,93,53.703771666328294,35.70377166632824,30.456826456829504,-17.15993688644062
54,74,94,44.83685788604487,30.836857886044868,24.925038832254756,-40.61728807694226
55,75,95,38.90554158313705,21.90554158313705,16.06294954168459,-21.87947993784792
56,76,96,43.5737765237281,23.5737765237281,15.695895329867994,-34.92455125838944
57,77,97,47.27769252662961,29.277692526629608,22.742117196603544,-35.97651563065983
58,78,98,56.07078779965815,32.07078779965815,25.71067447601962,-66.89620926073042
59,79,99,49.45575872077768,25.45575872077768,16.279560160369556,-48.32729655495598
60,80,100,48.15206136425877,28.15206136425877,23.97456397013076,-38.86971791966039
61,81,101,40.561536929096974,24.561536929096974,22.131199557496757,-41.70802885614228
62,82,102,43.10808468743966,28.108084687439657,24.454668237283556,-37.58711115199242
63,83,103,38.74126609513621,28.74126609513621,28.268061401005923,-33.709555254817246
64,84,104,41.60758695549373,20.60758695549373,16.39072270821623,-114.17848264180634
65,85,105,24.701407761543123,9.701407761543123,9.24765766174039,-36.613498183651814
66,86,106,31.410244351124277,20.410244351124277,20.82546788133692,-47.442722104996164
67,87,107,29.464658437413732,15.464658437413732,12.999989196175477,-43.31168272009813
68,88,108,29.942124485229726,19.942124485229726,20.50864056193933,-42.8787401162665
69,89,109,32.832345362879096,22.832345362879096,23.745435029868702,-52.28235662333236
70,90,110,28.917113937120007,14.917113937120064,14.878459827841539,-71.66234237565573
71,91,111,27.029202324675282,15.029202324675225,16.89557389789661,-64.55808480192786
72,92,112,28.623100394606354,18.623100394606354,21.426703064173466,-53.35687937547061
73,93,113,53.271459744486265,41.271459744486265,42.57511149904178,-48.98959856210581
74,94,114,74.92198602822373,60.92198602822373,60.453785451639476,-76.8968447886316
75,95,115,72.01365553628557,52.01365553628557,49.93497253078823,-65.9974765643741
76,96,116,93.16025737558977,73.16025737558977,64.38258328694246,-64.39668137319222
77,97,117,98.81469370918842,75.81469370918842,73.61558874572603,-86.59374166356884
78,98,118,103.46346080282547,71.46346080282547,60.38377468988119,-110.53306646491001
79,99,119,102.89092507928194,67.89092507928194,55.66421414628667,-117.14435846574395
80,100,120,106.55066505883326,70.55066505883332,57.82608798906102,-115.64238523086976
81,101,121,101.50270938745052,67.50270938745052,57.150502324704235,-107.55746371192697
82,102,122,106.52207181359461,71.52207181359466,54.35636706614338,-136.08566707979446
83,103,123,82.34184464887124,53.341844648871245,37.35121502197592,-102.54688546218824
84,104,124,99.76090902881788,67.76090902881788,54.539432822653,-126.99690509095115
85,105,125,89.420440929611,61.420440929611004,52.76156310030751,-80.08015231143202
86,106,126,103.57467164573296,70.57467164573296,57.28380491371098,-150.86325934985382
87,107,127,115.80716535566819,79.80716535566819,62.65537268218452,-174.22944830798815
88,108,128,121.45867192774602,82.45867192774602,70.51000504216921,-148.7009706311104
89,109,129,108.33935258546995,73.33935258546995,56.55627532375371,-169.97205808217814
90,110,130,87.03348123151625,57.033481231516305,46.949527392126015,-169.23958256292883
91,111,131,91.03103649820082,61.03103649820082,49.90736188797064,-166.56546301171784
92,112,132,89.66111327939075,60.66111327939075,50.19294985711514,-134.54239553865068
93,113,133,90.6343986794534,59.6343986794534,51.74957022038893,-95.92730451061664
94,114,134,96.58587496370058,63.585874963700576,54.43433784593924,-123.45724114223242
95,115,135,94.68771943887441,59.68771943887441,50.1171690372384,-80.86966676656368
96,116,136,91.58777081624316,60.587770816243165,52.489759086845766,-60.994711390638486
97,117,137,103.95067812451805,73.95067812451805,71.15023891484122,-66.45234309658917
98,118,138,95.56469447880067,67.56469447880062,61.249061635204214,-97.80309947088278
99,119,139,93.7493239306412,68.7493239306412,63.927289497375796,-103.94981410973651
100,120,140,89.01648628803196,63.016486288031956,59.08288007910937,-67.66749606278995
101,121,141,89.94529666744131,66.94529666744131,64.85186245912968,-68.60093186528934
102,122,142,88.43077631644798,64.43077631644803,61.83947597135938,-63.02684980140782
103,123,143,88.86906737866127,65.86906737866127,61.498654251375854,-4.317716901470021
104,124,144,81.83071192954327,70.83071192954333,72.63054841283372,-8.03590915862128
105,125,145,78.88335868602587,63.88335868602587,63.00026484969044,-16.142217214787593
106,126,146,97.13756339411452,72.13756339411452,66.96895537056906,-118.29576072626514
107,127,147,93.99216168810835,66.99216168810835,61.17439498128897,-124.93767266029704
108,128,148,87.77794543048617,59.77794543048617,55.38524759113625,-103.28870906890518
109,129,149,75.79534347688741,50.79534347688741,45.28016186306195,-118.88375738496927
110,130,150,61.54818101672896,43.54818101672902,39.43862081866263,-77.94651679462515
111,131,151,58.004567967891546,39.00456796789149,38.094328336448996,-66.80993843462261
112,132,152,73.65931001049387,38.65931001049387,24.699731126098754,-141.52901644603526
113,133,153,58.90375701362575,27.90375701362575,18.821138493525268,-90.23542423852973
114,134,154,66.43113361835856,37.43113361835856,27.775677371838697,-75.75221079652738
115,135,155,67.39621178967963,34.396211789679626,27.09282728712367,-94.4427043268264
116,136,156,71.27161851835837,46.271618518358366,37.82297962485376,-55.40209235398561
117,137,157,84.37483942591223,57.37483942591223,48.71179484474936,-46.52173184179105
118,138,158,74.33512549848092,53.239505048299975,40.98813267265808,-83.02498333604291
119,139,159,77.81470473291881,58.81470473291881,50.51654440760086,-85.85489578600118
120,140,160,95.97692708843141,60.97692708843141,47.562680368983024,-198.08010947441574
121,141,161,91.76843514499251,50.76843514499251,31.542187862020228,-215.6225511830097
122,142,162,92.54770390086964,54.54770390086969,40.447043566533125,-201.55673298357374
123,143,163,90.34639357010326,57.34639357010326,44.39742479223173,-177.32104190304585
124,144,164,86.50735236823971,51.50735236823971,42.05154874944219,-167.3594087104467
125,145,165,101.81441079293847,59.814410792938475,43.131269915181974,-197.288722416395
126,146,166,102.14498860167794,61.14498860167794,45.23793366746071,-229.90042211521654
127,147,167,94.56691425542681,52.56691425542681,36.85514036499251,-166.98526901377932
128,148,168,87.71013787827411,49.71013787827411,36.33640212522789,-188.07338680476107
129,149,169,86.31940773687757,50.319407736877565,38.634551437945106,-167.8410313893071
130,150,170,78.66557063581479,46.66557063581479,37.318752474270354,-192.19067321975479
131,151,171,67.01752989638902,34.017529896388965,28.909753072308376,-159.14354832270556
132,152,172,47.61978885158544,29.61978885158544,29.322538146598845,-80.12664452839238
133,153,173,39.51462044947078,27.51462044947084,32.125938816629855,-43.264334768829144
134,154,174,41.02965641167424,34.029656411674296,38.446417486767984,24.372679673955417
135,155,175,28.582749650079734,15.582749650079847,21.702423785863516,-2.157376362228206
136,156,176,33.227200023155206,22.227200023155206,24.808555567902317,3.7712015229225244
137,157,177,32.03687026626284,14.036870266262838,16.783789663581615,-20.31512258510304
138,158,178,34.607227659551654,22.607227659551654,23.72731402281414,-38.21134147261603
139,159,179,56.15256216625954,36.1525621662596,32.43356405575918,-47.8452624536867
140,160,180,51.9447157438434,25.13943689744349,19.580266786332118,-96.17784202706764
141,161,181,65.03407516386562,33.034075163865566,22.722485705757663,-135.23170261470307
142,162,182,58.5156949482473,31.515694948247358,25.290742823500295,-105.7398083357823
143,163,183,58.90066914535396,32.90066914535396,27.81265483915422,-150.1869697581286
144,164,184,52.153447194993134,26.396153716373533,22.071985419885095,-95.86587358741076
145,165,185,61.647482324861585,33.560669637116064,28.543354160067622,-119.30021678083233
146,166,186,67.92583567500526,34.279797363474245,29.15517783721475,-164.14055322509762
147,167,187,63.26559111178017,25.265591111780168,19.012370613549365,-124.98238679413487
148,168,188,68.27502105239591,27.275021052395914,15.069275297265222,-140.903035584515
149,169,189,62.67221154263774,27.67221154263774,18.9112365124422,-165.60344852918604
150,170,190,44.952232365526015,11.952232365526015,6.112591276181661,-166.57151478756725
151,171,191,43.67404294115636,10.674042941156245,4.295094545634697,-180.19444647001023
152,172,192,36.980624619067214,17.98062461906727,13.719771874503863,-41.79195473385653
153,173,193,41.465022204356444,21.465022204356444,16.359729732736128,-45.50630870756197
154,174,194,38.43910756923128,23.439107569231282,20.47657219121595,-38.82954384390109
155,175,195,41.607934618998684,26.607934618998684,23.991972831263297,-54.12823606477275
156,176,196,45.9335685840216,25.9335685840216,20.382687962135606,-36.64055598087691
157,177,197,46.32254115333325,25.322541153333248,19.84478793253038,-45.53551556843536
158,178,198,41.750839199112306,27.750839199112306,25.44917815686108,-39.76018562505101
159,179,199,40.758649673520836,24.758649673520836,19.2188066170487,-20.984340505870023
160,180,200,39.45888865565769,30.653609809257887,30.980977634495616,19.749817782034995
161,181,201,31.726195771775224,29.628711487858766,31.436528913534914,24.793229593061824
162,182,202,38.41939976146392,37.956342502036364,39.77989117228566,47.99025024975731
163,183,203,34.682292364905834,32.682292364905834,33.65131430659443,22.6872527720422
164,184,204,35.6930679641203,34.9357744855007,36.81993498339756,26.711101334665955
165,185,205,43.50722704619557,40.00168255851696,41.885843056413876,30.678461928141985
166,186,206,51.89615316252849,39.88103570669438,39.43418688393268,3.590335429166714
167,187,207,54.34136839833286,35.34136839833286,31.26955910298551,-26.32098622846121
168,188,208,67.37032271409294,48.370322714092936,41.57245452357654,-18.771977948729273
169,189,209,66.05435085864627,51.75731707753897,49.702536978505805,-15.676824976933005
